0	0	0
0	0	0
0	0	0
0	0	0
0	0	0
0	0	0
0	0	0
0	0	0
0	0	0
0	0	0
0	0	0
0	0	0
0	0	0
0	0	0
0	0	0
0	0	0
0	0	0
0	0	0
0	0	0
0	0	0
0	0	0
0	0	0
0	0	0
0	0	0
0	0	0
0	0	0
0	0	0
0	0	0
0	0	0
0	0	0
0	0	0
0	0	0
0	0	0
0	0	0
0	0	0
0	0	0
0	0	0
0	0	0
0	0	0
0	0	0
0	0	0
0	0.025	0.00114226
0.000698771	0.025	0.0011415
0.00139754	0.025	0.00113922
0.00209631	0.025	0.00113541
0.00279508	0.025	0.00113008
0.00349386	0.025	0.00112322
0.00419263	0.025	0.00111486
0.0048914	0.025	0.00110498
0.00559017	0.025	0.0010936
0.00628894	0.025	0.00108073
0.00698771	0.025	0.00106637
0.00768648	0.025	0.00105054
0.00838525	0.025	0.00103323
0.00908403	0.025	0.00101447
0.0097828	0.025	0.000994255
0.0104816	0.025	0.000972607
0.0111803	0.025	0.000949535
0.0118791	0.025	0.00092505
0.0125779	0.025	0.000899164
0.0132767	0.025	0.000871889
0.0139754	0.025	0.000843238
0.0146742	0.025	0.000813224
0.015373	0.025	0.000781858
0.0160717	0.025	0.000749154
0.0167705	0.025	0.000715124
0.0174693	0.025	0.000679781
0.0181681	0.025	0.000643136
0.0188668	0.025	0.000605202
0.0195656	0.025	0.000565992
0.0202644	0.025	0.000525516
0.0209631	0.025	0.000483788
0.0216619	0.025	0.000440817
0.0223607	0.025	0.000396616
0.0230595	0.025	0.000351196
0.0237582	0.025	0.000304568
0.024457	0.025	0.000256741
0.0251558	0.025	0.000207728
0.0258545	0.025	0.000157537
0.0265533	0.025	0.000106179
0.0272521	0.025	5.36634e-05
0.0279508	0.025	0
0	0.05	0.00362037
0.00139754	0.05	0.00361802
0.00279508	0.05	0.00361093
0.00419263	0.05	0.00359912
0.00559017	0.05	0.00358258
0.00698771	0.05	0.00356133
0.00838525	0.05	0.00353538
0.0097828	0.05	0.00350473
0.0111803	0.05	0.00346939
0.0125779	0.05	0.0034294
0.0139754	0.05	0.00338475
0.015373	0.05	0.00333547
0.0167705	0.05	0.00328158
0.0181681	0.05	0.00322309
0.0195656	0.05	0.00316004
0.0209631	0.05	0.00309244
0.0223607	0.05	0.00302031
0.0237582	0.05	0.00294369
0.0251558	0.05	0.00286259
0.0265533	0.05	0.00277705
0.0279508	0.05	0.00268708
0.0293484	0.05	0.00259272
0.0307459	0.05	0.00249398
0.0321435	0.05	0.00239091
0.033541	0.05	0.00228352
0.0349386	0.05	0.00217184
0.0363361	0.05	0.0020559
0.0377336	0.05	0.00193573
0.0391312	0.05	0.00181135
0.0405287	0.05	0.00168278
0.0419263	0.05	0.00155007
0.0433238	0.05	0.00141322
0.0447214	0.05	0.00127227
0.0461189	0.05	0.00112724
0.0475164	0.05	0.000978165
0.048914	0.05	0.000825061
0.0503115	0.05	0.000667955
0.0517091	0.05	0.000506871
0.0531066	0.05	0.000341835
0.0545042	0.05	0.00017287
0.0559017	0.05	0
0	0.075	0.00699018
0.00209631	0.075	0.00698564
0.00419263	0.075	0.00697198
0.00628894	0.075	0.00694922
0.00838525	0.075	0.00691735
0.0104816	0.075	0.0068764
0.0125779	0.075	0.00682638
0.0146742	0.075	0.00676731
0.0167705	0.075	0.00669921
0.0188668	0.075	0.0066221
0.0209631	0.075	0.00653603
0.0230595	0.075	0.00644102
0.0251558	0.075	0.0063371
0.0272521	0.075	0.00622431
0.0293484	0.075	0.0061027
0.0314447	0.075	0.0059723
0.033541	0.075	0.00583315
0.0356373	0.075	0.0056853
0.0377336	0.075	0.0055288
0.03983	0.075	0.0053637
0.0419263	0.075	0.00519004
0.0440226	0.075	0.00500787
0.0461189	0.075	0.00481724
0.0482152	0.075	0.00461821
0.0503115	0.075	0.00441083
0.0524078	0.075	0.00419515
0.0545042	0.075	0.00397121
0.0566005	0.075	0.00373909
0.0586968	0.075	0.00349882
0.0607931	0.075	0.00325046
0.0628894	0.075	0.00299407
0.0649857	0.075	0.0027297
0.067082	0.075	0.0024574
0.0691784	0.075	0.00217723
0.0712747	0.075	0.00188924
0.073371	0.075	0.00159347
0.0754673	0.075	0.00129
0.0775636	0.075	0.000978862
0.0796599	0.075	0.000660115
0.0817562	0.075	0.00033381
0.0838525	0.075	0
0	0.1	0.011033
0.00279508	0.1	0.0110259
0.00559017	0.1	0.0110043
0.00838525	0.1	0.0109683
0.0111803	0.1	0.0109179
0.0139754	0.1	0.0108532
0.0167705	0.1	0.0107742
0.0195656	0.1	0.0106808
0.0223607	0.1	0.0105732
0.0251558	0.1	0.0104514
0.0279508	0.1	0.0103154
0.0307459	0.1	0.0101653
0.033541	0.1	0.0100011
0.0363361	0.1	0.00982284
0.0391312	0.1	0.00963069
0.0419263	0.1	0.00942465
0.0447214	0.1	0.0092048
0.0475164	0.1	0.00897122
0.0503115	0.1	0.00872398
0.0531066	0.1	0.00846315
0.0559017	0.1	0.00818882
0.0586968	0.1	0.00790106
0.0614919	0.1	0.00759997
0.064287	0.1	0.00728563
0.067082	0.1	0.00695812
0.0698771	0.1	0.00661753
0.0726722	0.1	0.00626395
0.0754673	0.1	0.00589746
0.0782624	0.1	0.00551817
0.0810575	0.1	0.00512615
0.0838525	0.1	0.00472149
0.0866476	0.1	0.0043043
0.0894427	0.1	0.00387465
0.0922378	0.1	0.00343264
0.0950329	0.1	0.00297836
0.097828	0.1	0.0025119
0.100623	0.1	0.00203334
0.103418	0.1	0.00154279
0.106213	0.1	0.00104032
0.109008	0.1	0.000526028
0.111803	0.1	0
0	0.125	0.0156044
0.00349386	0.125	0.0155942
0.00698771	0.125	0.0155636
0.0104816	0.125	0.0155126
0.0139754	0.125	0.0154413
0.0174693	0.125	0.0153495
0.0209631	0.125	0.0152375
0.024457	0.125	0.0151053
0.0279508	0.125	0.0149528
0.0314447	0.125	0.0147801
0.0349386	0.125	0.0145874
0.0384324	0.125	0.0143747
0.0419263	0.125	0.0141421
0.0454201	0.125	0.0138896
0.048914	0.125	0.0136174
0.0524078	0.125	0.0133255
0.0559017	0.125	0.0130142
0.0593956	0.125	0.0126833
0.0628894	0.125	0.0123332
0.0663833	0.125	0.0119639
0.0698771	0.125	0.0115755
0.073371	0.125	0.0111681
0.0768648	0.125	0.0107419
0.0803587	0.125	0.0102969
0.0838525	0.125	0.00983344
0.0873464	0.125	0.00935149
0.0908403	0.125	0.00885122
0.0943341	0.125	0.00833277
0.097828	0.125	0.00779627
0.101322	0.125	0.00724186
0.104816	0.125	0.00666967
0.10831	0.125	0.00607984
0.111803	0.125	0.00547251
0.115297	0.125	0.0048478
0.118791	0.125	0.00420587
0.122285	0.125	0.00354684
0.125779	0.125	0.00287085
0.129273	0.125	0.00217804
0.132767	0.125	0.00146853
0.13626	0.125	0.000742477
0.139754	0.125	0
0	0.15	0.0205967
0.00419263	0.15	0.0205833
0.00838525	0.15	0.0205428
0.0125779	0.15	0.0204753
0.0167705	0.15	0.0203809
0.0209631	0.15	0.0202596
0.0251558	0.15	0.0201114
0.0293484	0.15	0.0199364
0.033541	0.15	0.0197347
0.0377336	0.15	0.0195064
0.0419263	0.15	0.0192515
0.0461189	0.15	0.0189701
0.0503115	0.15	0.0186625
0.0545042	0.15	0.0183286
0.0586968	0.15	0.0179687
0.0628894	0.15	0.0175828
0.067082	0.15	0.0171711
0.0712747	0.15	0.0167338
0.0754673	0.15	0.016271
0.0796599	0.15	0.0157829
0.0838525	0.15	0.0152696
0.0880452	0.15	0.0147313
0.0922378	0.15	0.0141682
0.0964304	0.15	0.0135805
0.100623	0.15	0.0129683
0.104816	0.15	0.0123318
0.109008	0.15	0.0116713
0.113201	0.15	0.0109868
0.117394	0.15	0.0102786
0.121586	0.15	0.0095469
0.125779	0.15	0.00879185
0.129971	0.15	0.00801366
0.134164	0.15	0.00721252
0.138357	0.15	0.00638861
0.142549	0.15	0.00554214
0.146742	0.15	0.00467328
0.150935	0.15	0.00378224
0.155127	0.15	0.0028692
0.15932	0.15	0.00193436
0.163512	0.15	0.000977894
0.167705	0.15	0
0	0.175	0.0259251
0.0048914	0.175	0.025908
0.0097828	0.175	0.025857
0.0146742	0.175	0.0257718
0.0195656	0.175	0.0256527
0.024457	0.175	0.0254996
0.0293484	0.175	0.0253126
0.0342398	0.175	0.0250919
0.0391312	0.175	0.0248374
0.0440226	0.175	0.0245493
0.048914	0.175	0.0242278
0.0538054	0.175	0.0238729
0.0586968	0.175	0.0234849
0.0635882	0.175	0.0230638
0.0684796	0.175	0.0226099
0.073371	0.175	0.0221234
0.0782624	0.175	0.0216043
0.0831538	0.175	0.021053
0.0880452	0.175	0.0204696
0.0929366	0.175	0.0198544
0.097828	0.175	0.0192075
0.102719	0.175	0.0185292
0.107611	0.175	0.0178198
0.112502	0.175	0.0170794
0.117394	0.175	0.0163083
0.122285	0.175	0.0155067
0.127176	0.175	0.014675
0.132068	0.175	0.0138133
0.136959	0.175	0.0129218
0.141851	0.175	0.012001
0.146742	0.175	0.0110509
0.151633	0.175	0.0100718
0.156525	0.175	0.0090641
0.161416	0.175	0.00802794
0.166308	0.175	0.00696359
0.171199	0.175	0.00587132
0.17609	0.175	0.00475138
0.180982	0.175	0.00360402
0.185873	0.175	0.00242951
0.190765	0.175	0.00122808
0.195656	0.175	0
0	0.2	0.0315191
0.00559017	0.2	0.0314984
0.0111803	0.2	0.0314361
0.0167705	0.2	0.0313324
0.0223607	0.2	0.0311872
0.0279508	0.2	0.0310006
0.033541	0.2	0.0307727
0.0391312	0.2	0.0305036
0.0447214	0.2	0.0301935
0.0503115	0.2	0.0298424
0.0559017	0.2	0.0294506
0.0614919	0.2	0.0290182
0.067082	0.2	0.0285454
0.0726722	0.2	0.0280324
0.0782624	0.2	0.0274795
0.0838525	0.2	0.0268869
0.0894427	0.2	0.0262547
0.0950329	0.2	0.0255833
0.100623	0.2	0.024873
0.106213	0.2	0.0241239
0.111803	0.2	0.0233365
0.117394	0.2	0.0225109
0.122984	0.2	0.0216475
0.128574	0.2	0.0207466
0.134164	0.2	0.0198084
0.139754	0.2	0.0188334
0.145344	0.2	0.0178218
0.150935	0.2	0.0167739
0.156525	0.2	0.0156901
0.162115	0.2	0.0145706
0.167705	0.2	0.0134159
0.173295	0.2	0.0122262
0.178885	0.2	0.0110019
0.184476	0.2	0.00974326
0.190066	0.2	0.00845066
0.195656	0.2	0.00712441
0.201246	0.2	0.00576485
0.206836	0.2	0.0043723
0.212426	0.2	0.0029471
0.218017	0.2	0.00148955
0.223607	0.2	0
0	0.225	0.0373195
0.00628894	0.225	0.0372949
0.0125779	0.225	0.037221
0.0188668	0.225	0.0370978
0.0251558	0.225	0.0369254
0.0314447	0.225	0.0367038
0.0377336	0.225	0.0364333
0.0440226	0.225	0.0361139
0.0503115	0.225	0.0357457
0.0566005	0.225	0.0353291
0.0628894	0.225	0.034864
0.0691784	0.225	0.0343509
0.0754673	0.225	0.0337898
0.0817562	0.225	0.0331812
0.0880452	0.225	0.0325251
0.0943341	0.225	0.031822
0.100623	0.225	0.0310722
0.106912	0.225	0.0302759
0.113201	0.225	0.0294335
0.11949	0.225	0.0285453
0.125779	0.225	0.0276117
0.132068	0.225	0.026633
0.138357	0.225	0.0256096
0.144646	0.225	0.024542
0.150935	0.225	0.0234304
0.157224	0.225	0.0222753
0.163512	0.225	0.021077
0.169801	0.225	0.019836
0.17609	0.225	0.0185527
0.182379	0.225	0.0172274
0.188668	0.225	0.0158606
0.194957	0.225	0.0144528
0.201246	0.225	0.0130042
0.207535	0.225	0.0115153
0.213824	0.225	0.00998659
0.220113	0.225	0.00841841
0.226402	0.225	0.00681117
0.232691	0.225	0.00516531
0.23898	0.225	0.00348122
0.245269	0.225	0.00175931
0.251558	0.225	0
0	0.25	0.0432747
0.00698771	0.25	0.043246
0.0139754	0.25	0.0431601
0.0209631	0.25	0.0430168
0.0279508	0.25	0.0428163
0.0349386	0.25	0.0425587
0.0419263	0.25	0.0422441
0.048914	0.25	0.0418727
0.0559017	0.25	0.0414447
0.0628894	0.25	0.0409603
0.0698771	0.25	0.0404197
0.0768648	0.25	0.0398232
0.0838525	0.25	0.0391711
0.0908403	0.25	0.0384637
0.097828	0.25	0.0377014
0.104816	0.25	0.0368844
0.111803	0.25	0.0360132
0.118791	0.25	0.0350882
0.125779	0.25	0.0341097
0.132767	0.25	0.0330782
0.139754	0.25	0.0319941
0.146742	0.25	0.0308578
0.15373	0.25	0.0296698
0.160717	0.25	0.0284306
0.167705	0.25	0.0271407
0.174693	0.25	0.0258004
0.181681	0.25	0.0244104
0.188668	0.25	0.022971
0.195656	0.25	0.0214829
0.202644	0.25	0.0199464
0.209631	0.25	0.018362
0.216619	0.25	0.0167304
0.223607	0.25	0.015052
0.230595	0.25	0.0133272
0.237582	0.25	0.0115567
0.24457	0.25	0.00974086
0.251558	0.25	0.00788024
0.258545	0.25	0.00597534
0.265533	0.25	0.00402667
0.272521	0.25	0.00203472
0.279508	0.25	0
0	0.275	0.0493393
0.00768648	0.275	0.0493066
0.015373	0.275	0.0492083
0.0230595	0.275	0.0490444
0.0307459	0.275	0.0488152
0.0384324	0.275	0.0485206
0.0461189	0.275	0.0481609
0.0538054	0.275	0.0477362
0.0614919	0.275	0.0472468
0.0691784	0.275	0.046693
0.0768648	0.275	0.046075
0.0845513	0.275	0.0453932
0.0922378	0.275	0.0446478
0.0999243	0.275	0.0438393
0.107611	0.275	0.0429682
0.115297	0.275	0.0420347
0.122984	0.275	0.0410394
0.13067	0.275	0.0399827
0.138357	0.275	0.038865
0.146043	0.275	0.037687
0.15373	0.275	0.0364492
0.161416	0.275	0.0351519
0.169103	0.275	0.0337959
0.176789	0.275	0.0323816
0.184476	0.275	0.0309097
0.192162	0.275	0.0293807
0.199849	0.275	0.0277951
0.207535	0.275	0.0261536
0.215222	0.275	0.0244568
0.222908	0.275	0.0227052
0.230595	0.275	0.0208996
0.238281	0.275	0.0190404
0.245967	0.275	0.0171283
0.253654	0.275	0.0151639
0.26134	0.275	0.0131478
0.269027	0.275	0.0110806
0.276713	0.275	0.00896299
0.2844	0.275	0.00679551
0.292086	0.275	0.00457878
0.299773	0.275	0.00231341
0.307459	0.275	0
0	0.3	0.0554732
0.00838525	0.3	0.0554362
0.0167705	0.3	0.0553253
0.0251558	0.3	0.0551405
0.033541	0.3	0.0548819
0.0419263	0.3	0.0545497
0.0503115	0.3	0.054144
0.0586968	0.3	0.0536651
0.067082	0.3	0.0531132
0.0754673	0.3	0.0524887
0.0838525	0.3	0.0517919
0.0922378	0.3	0.0510231
0.100623	0.3	0.0501829
0.109008	0.3	0.0492716
0.117394	0.3	0.0482897
0.125779	0.3	0.0472377
0.134164	0.3	0.0461162
0.142549	0.3	0.0449257
0.150935	0.3	0.0436667
0.15932	0.3	0.04234
0.167705	0.3	0.040946
0.17609	0.3	0.0394854
0.184476	0.3	0.0379589
0.192861	0.3	0.0363671
0.201246	0.3	0.0347107
0.209631	0.3	0.0329904
0.218017	0.3	0.0312068
0.226402	0.3	0.0293608
0.234787	0.3	0.0274529
0.243172	0.3	0.0254839
0.251558	0.3	0.0234546
0.259943	0.3	0.0213656
0.268328	0.3	0.0192176
0.276713	0.3	0.0170115
0.285099	0.3	0.0147479
0.293484	0.3	0.0124275
0.301869	0.3	0.0100511
0.310254	0.3	0.00761948
0.31864	0.3	0.00513325
0.327025	0.3	0.00259318
0.33541	0.3	0
0	0.325	0.06164
0.00908403	0.325	0.0615988
0.0181681	0.325	0.0614751
0.0272521	0.325	0.0612691
0.0363361	0.325	0.0609807
0.0454201	0.325	0.0606103
0.0545042	0.325	0.060158
0.0635882	0.325	0.0596241
0.0726722	0.325	0.0590088
0.0817562	0.325	0.0583127
0.0908403	0.325	0.057536
0.0999243	0.325	0.0566793
0.109008	0.325	0.055743
0.118092	0.325	0.0547275
0.127176	0.325	0.0536336
0.13626	0.325	0.0524618
0.145344	0.325	0.0512126
0.154428	0.325	0.0498868
0.163512	0.325	0.048485
0.172596	0.325	0.0470079
0.181681	0.325	0.0454563
0.190765	0.325	0.0438308
0.199849	0.325	0.0421323
0.208933	0.325	0.0403615
0.218017	0.325	0.0385192
0.227101	0.325	0.0366062
0.236185	0.325	0.0346233
0.245269	0.325	0.0325715
0.254353	0.325	0.0304514
0.263437	0.325	0.0282639
0.272521	0.325	0.0260099
0.281605	0.325	0.0236902
0.290689	0.325	0.0213058
0.299773	0.325	0.0188574
0.308857	0.325	0.0163458
0.317941	0.325	0.0137721
0.327025	0.325	0.011137
0.336109	0.325	0.00844136
0.345193	0.325	0.00568608
0.354277	0.325	0.00287201
0.363361	0.325	0
0	0.35	0.0678069
0.0097828	0.35	0.0677614
0.0195656	0.35	0.0676249
0.0293484	0.35	0.0673973
0.0391312	0.35	0.067079
0.048914	0.35	0.0666699
0.0586968	0.35	0.0661706
0.0684796	0.35	0.0655811
0.0782624	0.35	0.064902
0.0880452	0.35	0.0641335
0.097828	0.35	0.0632763
0.107611	0.35	0.0623308
0.117394	0.35	0.0612976
0.127176	0.35	0.0601772
0.136959	0.35	0.0589704
0.146742	0.35	0.0576777
0.156525	0.35	0.0563001
0.166308	0.35	0.0548381
0.17609	0.35	0.0532925
0.185873	0.35	0.0516643
0.195656	0.35	0.0499542
0.205439	0.35	0.0481631
0.215222	0.35	0.0462918
0.225004	0.35	0.0443414
0.234787	0.35	0.0423126
0.24457	0.35	0.0402065
0.254353	0.35	0.038024
0.264136	0.35	0.0357661
0.273918	0.35	0.0334337
0.283701	0.35	0.0310278
0.293484	0.35	0.0285495
0.303267	0.35	0.0259996
0.31305	0.35	0.0233793
0.322832	0.35	0.0206895
0.332615	0.35	0.0179312
0.342398	0.35	0.0151054
0.352181	0.35	0.0122132
0.361964	0.35	0.00925558
0.371746	0.35	0.00623348
0.381529	0.35	0.00314796
0.391312	0.35	0
0	0.375	0.073944
0.0104816	0.375	0.0738942
0.0209631	0.375	0.0737447
0.0314447	0.375	0.0734955
0.0419263	0.375	0.0731469
0.0524078	0.375	0.0726991
0.0628894	0.375	0.0721523
0.073371	0.375	0.071507
0.0838525	0.375	0.0707635
0.0943341	0.375	0.0699224
0.104816	0.375	0.0689841
0.115297	0.375	0.0679494
0.125779	0.375	0.0668188
0.13626	0.375	0.065593
0.146742	0.375	0.0642728
0.157224	0.375	0.0628589
0.167705	0.375	0.0613523
0.178187	0.375	0.0597537
0.188668	0.375	0.0580641
0.19915	0.375	0.0562844
0.209631	0.375	0.0544157
0.220113	0.375	0.0524588
0.230595	0.375	0.0504148
0.241076	0.375	0.0482849
0.251558	0.375	0.0460699
0.262039	0.375	0.0437711
0.272521	0.375	0.0413895
0.283002	0.375	0.0389263
0.293484	0.375	0.0363826
0.303965	0.375	0.0337595
0.314447	0.375	0.0310582
0.324929	0.375	0.0282798
0.33541	0.375	0.0254255
0.345892	0.375	0.0224965
0.356373	0.375	0.019494
0.366855	0.375	0.016419
0.377336	0.375	0.0132729
0.387818	0.375	0.0100568
0.3983	0.375	0.00677179
0.408781	0.375	0.00341914
0.419263	0.375	0
0	0.4	0.0800239
0.0111803	0.4	0.0799697
0.0223607	0.4	0.0798072
0.033541	0.4	0.0795363
0.0447214	0.4	0.0791573
0.0559017	0.4	0.0786705
0.067082	0.4	0.0780761
0.0782624	0.4	0.0773747
0.0894427	0.4	0.0765667
0.100623	0.4	0.0756527
0.111803	0.4	0.0746332
0.122984	0.4	0.073509
0.134164	0.4	0.0722808
0.145344	0.4	0.0709494
0.156525	0.4	0.0695156
0.167705	0.4	0.0679804
0.178885	0.4	0.0663448
0.190066	0.4	0.0646097
0.201246	0.4	0.0627762
0.212426	0.4	0.0608453
0.223607	0.4	0.0588182
0.234787	0.4	0.0566961
0.245967	0.4	0.05448
0.257148	0.4	0.0521713
0.268328	0.4	0.0497711
0.279508	0.4	0.0472808
0.290689	0.4	0.0447015
0.301869	0.4	0.0420346
0.31305	0.4	0.0392814
0.32423	0.4	0.0364433
0.33541	0.4	0.0335214
0.346591	0.4	0.0305173
0.357771	0.4	0.0274322
0.368951	0.4	0.0242674
0.380132	0.4	0.0210245
0.391312	0.4	0.0177046
0.402492	0.4	0.0143092
0.413673	0.4	0.0108397
0.424853	0.4	0.00729744
0.436033	0.4	0.00368374
0.447214	0.4	0
0	0.425	0.0860212
0.0118791	0.425	0.0859627
0.0237582	0.425	0.0857871
0.0356373	0.425	0.0854944
0.0475164	0.425	0.085085
0.0593956	0.425	0.0845591
0.0712747	0.425	0.0839172
0.0831538	0.425	0.0831596
0.0950329	0.425	0.0822869
0.106912	0.425	0.0812999
0.118791	0.425	0.0801991
0.13067	0.425	0.0789854
0.142549	0.425	0.0776596
0.154428	0.425	0.0762226
0.166308	0.425	0.0746755
0.178187	0.425	0.0730192
0.190066	0.425	0.0712548
0.201945	0.425	0.0693836
0.213824	0.425	0.0674066
0.225703	0.425	0.0653252
0.237582	0.425	0.0631406
0.249461	0.425	0.0608541
0.26134	0.425	0.0584672
0.27322	0.425	0.0559811
0.285099	0.425	0.0533973
0.296978	0.425	0.0507172
0.308857	0.425	0.0479424
0.320736	0.425	0.0450743
0.332615	0.425	0.0421143
0.344494	0.425	0.0390641
0.356373	0.425	0.0359252
0.368252	0.425	0.0326991
0.380132	0.425	0.0293873
0.392011	0.425	0.0259915
0.40389	0.425	0.0225132
0.415769	0.425	0.018954
0.427648	0.425	0.0153155
0.439527	0.425	0.0115993
0.451406	0.425	0.00780686
0.463285	0.425	0.00393992
0.475164	0.425	0
0	0.45	0.0919128
0.0125779	0.45	0.0918499
0.0251558	0.45	0.0916612
0.0377336	0.45	0.0913467
0.0503115	0.45	0.0909068
0.0628894	0.45	0.0903419
0.0754673	0.45	0.0896522
0.0880452	0.45	0.0888384
0.100623	0.45	0.0879012
0.113201	0.45	0.0868411
0.125779	0.45	0.0856591
0.138357	0.45	0.084356
0.150935	0.45	0.0829328
0.163512	0.45	0.0813905
0.17609	0.45	0.0797303
0.188668	0.45	0.0779533
0.201246	0.45	0.0760608
0.213824	0.45	0.0740541
0.226402	0.45	0.0719345
0.23898	0.45	0.0697035
0.251558	0.45	0.0673626
0.264136	0.45	0.0649132
0.276713	0.45	0.0623569
0.289291	0.45	0.0596953
0.301869	0.45	0.0569301
0.314447	0.45	0.0540628
0.327025	0.45	0.0510951
0.339603	0.45	0.0480288
0.352181	0.45	0.0448657
0.364759	0.45	0.0416073
0.377336	0.45	0.0382556
0.389914	0.45	0.0348123
0.402492	0.45	0.0312792
0.41507	0.45	0.0276581
0.427648	0.45	0.0239508
0.440226	0.45	0.0201592
0.452804	0.45	0.016285
0.465382	0.45	0.0123302
0.47796	0.45	0.00829651
0.490537	0.45	0.00418584
0.503115	0.45	0
0	0.475	0.0976769
0.0132767	0.475	0.0976096
0.0265533	0.475	0.0974078
0.03983	0.475	0.0970716
0.0531066	0.475	0.0966012
0.0663833	0.475	0.0959971
0.0796599	0.475	0.0952598
0.0929366	0.475	0.0943899
0.106213	0.475	0.093388
0.11949	0.475	0.0922551
0.132767	0.475	0.090992
0.146043	0.475	0.0895997
0.15932	0.475	0.0880794
0.172596	0.475	0.0864321
0.185873	0.475	0.0846593
0.19915	0.475	0.0827622
0.212426	0.475	0.0807423
0.225703	0.475	0.078601
0.23898	0.475	0.0763399
0.252256	0.475	0.0739606
0.265533	0.475	0.0714648
0.27881	0.475	0.0688542
0.292086	0.475	0.0661306
0.305363	0.475	0.0632959
0.31864	0.475	0.0603517
0.331916	0.475	0.0573002
0.345193	0.475	0.0541431
0.35847	0.475	0.0508824
0.371746	0.475	0.0475202
0.385023	0.475	0.0440584
0.3983	0.475	0.0404991
0.411576	0.475	0.0368443
0.424853	0.475	0.0330961
0.43813	0.475	0.0292566
0.451406	0.475	0.0253278
0.464683	0.475	0.0213119
0.47796	0.475	0.017211
0.491236	0.475	0.0130273
0.504513	0.475	0.00876276
0.517789	0.475	0.00441962
0.531066	0.475	0
0	0.5	0.103294
0.0139754	0.5	0.103222
0.0279508	0.5	0.103007
0.0419263	0.5	0.102649
0.0559017	0.5	0.102148
0.0698771	0.5	0.101505
0.0838525	0.5	0.10072
0.097828	0.5	0.099794
0.111803	0.5	0.0987276
0.125779	0.5	0.0975219
0.139754	0.5	0.0961779
0.15373	0.5	0.0946966
0.167705	0.5	0.0930795
0.181681	0.5	0.0913277
0.195656	0.5	0.0894429
0.209631	0.5	0.0874263
0.223607	0.5	0.0852798
0.237582	0.5	0.083005
0.251558	0.5	0.0806036
0.265533	0.5	0.0780775
0.279508	0.5	0.0754285
0.293484	0.5	0.0726588
0.307459	0.5	0.0697702
0.321435	0.5	0.0667649
0.33541	0.5	0.0636449
0.349386	0.5	0.0604125
0.363361	0.5	0.0570698
0.377336	0.5	0.0536192
0.391312	0.5	0.0500627
0.405287	0.5	0.0464029
0.419263	0.5	0.0426419
0.433238	0.5	0.0387822
0.447214	0.5	0.0348262
0.461189	0.5	0.0307762
0.475164	0.5	0.0266346
0.48914	0.5	0.022404
0.503115	0.5	0.0180867
0.517091	0.5	0.0136851
0.531066	0.5	0.00920188
0.545042	0.5	0.00463934
0.559017	0.5	0
0	0.525	0.108744
0.0146742	0.525	0.108668
0.0293484	0.525	0.10844
0.0440226	0.525	0.10806
0.0586968	0.525	0.107529
0.073371	0.525	0.106847
0.0880452	0.525	0.106014
0.102719	0.525	0.105032
0.117394	0.525	0.103901
0.132068	0.525	0.102623
0.146742	0.525	0.101198
0.161416	0.525	0.0996281
0.17609	0.525	0.0979144
0.190765	0.525	0.0960586
0.205439	0.525	0.0940622
0.220113	0.525	0.091927
0.234787	0.525	0.0896548
0.249461	0.525	0.0872475
0.264136	0.525	0.0847071
0.27881	0.525	0.0820358
0.293484	0.525	0.0792356
0.308158	0.525	0.0763089
0.322832	0.525	0.0732579
0.337507	0.525	0.0700849
0.352181	0.525	0.0667925
0.366855	0.525	0.0633831
0.381529	0.525	0.0598591
0.396203	0.525	0.0562233
0.410877	0.525	0.0524781
0.425552	0.525	0.0486262
0.440226	0.525	0.0446703
0.4549	0.525	0.0406132
0.469574	0.525	0.0364575
0.484248	0.525	0.032206
0.498923	0.525	0.0278615
0.513597	0.525	0.0234268
0.528271	0.525	0.0189048
0.542945	0.525	0.0142982
0.557619	0.525	0.00960998
0.572294	0.525	0.00484296
0.586968	0.525	0
0	0.55	0.114011
0.015373	0.55	0.113931
0.0307459	0.55	0.11369
0.0461189	0.55	0.113288
0.0614919	0.55	0.112726
0.0768648	0.55	0.112005
0.0922378	0.55	0.111125
0.107611	0.55	0.110086
0.122984	0.55	0.108891
0.138357	0.55	0.10754
0.15373	0.55	0.106035
0.169103	0.55	0.104376
0.184476	0.55	0.102566
0.199849	0.55	0.100607
0.215222	0.55	0.0984995
0.230595	0.55	0.0962462
0.245967	0.55	0.0938492
0.26134	0.55	0.0913106
0.276713	0.55	0.0886326
0.292086	0.55	0.0858177
0.307459	0.55	0.0828682
0.322832	0.55	0.0797868
0.338205	0.55	0.0765761
0.353578	0.55	0.0732387
0.368951	0.55	0.0697774
0.384324	0.55	0.0661951
0.399697	0.55	0.0624946
0.41507	0.55	0.0586788
0.430443	0.55	0.0547508
0.445816	0.55	0.0507136
0.461189	0.55	0.0465702
0.476562	0.55	0.0423238
0.491935	0.55	0.0379775
0.507308	0.55	0.0335346
0.522681	0.55	0.0289982
0.538054	0.55	0.0243715
0.553427	0.55	0.0196579
0.5688	0.55	0.0148606
0.584173	0.55	0.00998301
0.599546	0.55	0.00502835
0.614919	0.55	0
0	0.575	0.119079
0.0160717	0.575	0.118995
0.0321435	0.575	0.11874
0.0482152	0.575	0.118317
0.064287	0.575	0.117724
0.0803587	0.575	0.116963
0.0964304	0.575	0.116035
0.112502	0.575	0.114941
0.128574	0.575	0.113681
0.144646	0.575	0.112257
0.160717	0.575	0.110671
0.176789	0.575	0.108924
0.192861	0.575	0.107018
0.208933	0.575	0.104955
0.225004	0.575	0.102737
0.241076	0.575	0.100367
0.257148	0.575	0.0978458
0.27322	0.575	0.0951768
0.289291	0.575	0.0923626
0.305363	0.575	0.0894057
0.321435	0.575	0.0863089
0.337507	0.575	0.0830752
0.353578	0.575	0.0797075
0.36965	0.575	0.0762089
0.385722	0.575	0.0725826
0.401793	0.575	0.0688317
0.417865	0.575	0.0649596
0.433937	0.575	0.0609697
0.450009	0.575	0.0568653
0.46608	0.575	0.0526499
0.482152	0.575	0.0483271
0.498224	0.575	0.0439005
0.514296	0.575	0.0393737
0.530367	0.575	0.0347503
0.546439	0.575	0.0300341
0.562511	0.575	0.0252288
0.578583	0.575	0.0203383
0.594654	0.575	0.0153663
0.610726	0.575	0.0103166
0.626798	0.575	0.00519326
0.64287	0.575	0
0	0.6	0.123933
0.0167705	0.6	0.123844
0.033541	0.6	0.123576
0.0503115	0.6	0.123131
0.067082	0.6	0.122507
0.0838525	0.6	0.121707
0.100623	0.6	0.120731
0.117394	0.6	0.11958
0.134164	0.6	0.118255
0.150935	0.6	0.116759
0.167705	0.6	0.115092
0.184476	0.6	0.113256
0.201246	0.6	0.111254
0.218017	0.6	0.109088
0.234787	0.6	0.10676
0.251558	0.6	0.104272
0.268328	0.6	0.101628
0.285099	0.6	0.0988292
0.301869	0.6	0.0958798
0.31864	0.6	0.0927824
0.33541	0.6	0.0895402
0.352181	0.6	0.0861565
0.368951	0.6	0.0826347
0.385722	0.6	0.0789783
0.402492	0.6	0.0751908
0.419263	0.6	0.0712759
0.436033	0.6	0.0672375
0.452804	0.6	0.0630794
0.469574	0.6	0.0588054
0.486345	0.6	0.0544197
0.503115	0.6	0.0499262
0.519886	0.6	0.045329
0.536656	0.6	0.0406325
0.553427	0.6	0.0358408
0.570197	0.6	0.0309581
0.586968	0.6	0.025989
0.603738	0.6	0.0209376
0.620509	0.6	0.0158086
0.637279	0.6	0.0106063
0.65405	0.6	0.00533525
0.67082	0.6	0
0	0.625	0.128559
0.0174693	0.625	0.128465
0.0349386	0.625	0.128184
0.0524078	0.625	0.127716
0.0698771	0.625	0.127062
0.0873464	0.625	0.126222
0.104816	0.625	0.125197
0.122285	0.625	0.123989
0.139754	0.625	0.122599
0.157224	0.625	0.121029
0.174693	0.625	0.119281
0.192162	0.625	0.117356
0.209631	0.625	0.115258
0.227101	0.625	0.112988
0.24457	0.625	0.11055
0.262039	0.625	0.107945
0.279508	0.625	0.105178
0.296978	0.625	0.102251
0.314447	0.625	0.0991673
0.331916	0.625	0.0959308
0.349386	0.625	0.0925449
0.366855	0.625	0.0890135
0.384324	0.625	0.0853402
0.401793	0.625	0.0815292
0.419263	0.625	0.0775845
0.436732	0.625	0.0735103
0.454201	0.625	0.069311
0.471671	0.625	0.0649909
0.48914	0.625	0.0605546
0.506609	0.625	0.0560066
0.524078	0.625	0.0513517
0.541548	0.625	0.0465945
0.559017	0.625	0.04174
0.576486	0.625	0.036793
0.593956	0.625	0.0317584
0.611425	0.625	0.0266415
0.628894	0.625	0.0214471
0.646363	0.625	0.0161805
0.663833	0.625	0.010847
0.681302	0.625	0.0054517
0.698771	0.625	0
0	0.65	0.132943
0.0181681	0.65	0.132845
0.0363361	0.65	0.132551
0.0545042	0.65	0.13206
0.0726722	0.65	0.131374
0.0908403	0.65	0.130494
0.109008	0.65	0.12942
0.127176	0.65	0.128155
0.145344	0.65	0.126699
0.163512	0.65	0.125055
0.181681	0.65	0.123225
0.199849	0.65	0.121211
0.218017	0.65	0.119015
0.236185	0.65	0.116642
0.254353	0.65	0.114093
0.272521	0.65	0.111371
0.290689	0.65	0.108481
0.308857	0.65	0.105425
0.327025	0.65	0.102208
0.345193	0.65	0.0988338
0.363361	0.65	0.0953058
0.381529	0.65	0.0916285
0.399697	0.65	0.0878063
0.417865	0.65	0.0838439
0.436033	0.65	0.0797459
0.454201	0.65	0.075517
0.472369	0.65	0.0711623
0.490537	0.65	0.0666868
0.508705	0.65	0.0620956
0.526874	0.65	0.057394
0.545042	0.65	0.0525874
0.56321	0.65	0.0476813
0.581378	0.65	0.0426813
0.599546	0.65	0.0375931
0.617714	0.65	0.0324224
0.635882	0.65	0.0271751
0.65405	0.65	0.0218572
0.672218	0.65	0.0164745
0.690386	0.65	0.0110333
0.708554	0.65	0.00553976
0.726722	0.65	0
0	0.675	0.137075
0.0188668	0.675	0.136973
0.0377336	0.675	0.136664
0.0566005	0.675	0.136151
0.0754673	0.675	0.135433
0.0943341	0.675	0.134512
0.113201	0.675	0.133388
0.132068	0.675	0.132064
0.150935	0.675	0.130542
0.169801	0.675	0.128823
0.188668	0.675	0.12691
0.207535	0.675	0.124805
0.226402	0.675	0.122512
0.245269	0.675	0.120033
0.264136	0.675	0.117373
0.283002	0.675	0.114534
0.301869	0.675	0.11152
0.320736	0.675	0.108337
0.339603	0.675	0.104986
0.35847	0.675	0.101474
0.377336	0.675	0.0978053
0.396203	0.675	0.0939839
0.41507	0.675	0.0900151
0.433937	0.675	0.0859043
0.452804	0.675	0.0816566
0.471671	0.675	0.0772777
0.490537	0.675	0.0727731
0.509404	0.675	0.0681486
0.528271	0.675	0.0634102
0.547138	0.675	0.0585639
0.566005	0.675	0.053616
0.584872	0.675	0.0485728
0.603738	0.675	0.0434407
0.622605	0.675	0.0382264
0.641472	0.675	0.0329366
0.660339	0.675	0.0275779
0.679206	0.675	0.0221575
0.698072	0.675	0.0166823
0.716939	0.675	0.0111595
0.735806	0.675	0.00559629
0.754673	0.675	0
0	0.7	0.140944
0.0195656	0.7	0.140836
0.0391312	0.7	0.140514
0.0586968	0.7	0.139977
0.0782624	0.7	0.139226
0.097828	0.7	0.138263
0.117394	0.7	0.137089
0.136959	0.7	0.135706
0.156525	0.7	0.134115
0.17609	0.7	0.13232
0.195656	0.7	0.130322
0.215222	0.7	0.128126
0.234787	0.7	0.125733
0.254353	0.7	0.123149
0.273918	0.7	0.120376
0.293484	0.7	0.117418
0.31305	0.7	0.114281
0.332615	0.7	0.110968
0.352181	0.7	0.107484
0.371746	0.7	0.103835
0.391312	0.7	0.100026
0.410877	0.7	0.0960617
0.430443	0.7	0.0919483
0.450009	0.7	0.0876916
0.469574	0.7	0.0832979
0.48914	0.7	0.0787732
0.508705	0.7	0.0741241
0.528271	0.7	0.0693573
0.547837	0.7	0.0644795
0.567402	0.7	0.0594978
0.586968	0.7	0.0544193
0.606533	0.7	0.0492513
0.626099	0.7	0.0440013
0.645665	0.7	0.038677
0.66523	0.7	0.0332862
0.684796	0.7	0.0278368
0.704361	0.7	0.022337
0.723927	0.7	0.0167949
0.743493	0.7	0.011219
0.763058	0.7	0.00561782
0.782624	0.7	0
0	0.725	0.144538
0.0202644	0.725	0.144426
0.0405287	0.725	0.144089
0.0607931	0.725	0.143528
0.0810575	0.725	0.142744
0.101322	0.725	0.141738
0.121586	0.725	0.140512
0.141851	0.725	0.139068
0.162115	0.725	0.137407
0.182379	0.725	0.135534
0.202644	0.725	0.13345
0.222908	0.725	0.13116
0.243172	0.725	0.128667
0.263437	0.725	0.125974
0.283701	0.725	0.123087
0.303965	0.725	0.120009
0.32423	0.725	0.116746
0.344494	0.725	0.113304
0.364759	0.725	0.109686
0.385023	0.725	0.105899
0.405287	0.725	0.10195
0.425552	0.725	0.0978435
0.445816	0.725	0.0935869
0.46608	0.725	0.0891867
0.486345	0.725	0.08465
0.506609	0.725	0.0799837
0.526874	0.725	0.0751955
0.547138	0.725	0.0702928
0.567402	0.725	0.0652835
0.587667	0.725	0.0601757
0.607931	0.725	0.0549776
0.628195	0.725	0.0496978
0.64846	0.725	0.0443448
0.668724	0.725	0.0389277
0.688988	0.725	0.0334554
0.709253	0.725	0.0279374
0.729517	0.725	0.0223831
0.749782	0.725	0.0168022
0.770046	0.725	0.0112046
0.79031	0.725	0.00560048
0.810575	0.725	0
0	0.75	0.14785
0.0209631	0.75	0.147733
0.0419263	0.75	0.147381
0.0628894	0.75	0.146795
0.0838525	0.75	0.145977
0.104816	0.75	0.144927
0.125779	0.75	0.143647
0.146742	0.75	0.14214
0.167705	0.75	0.140408
0.188668	0.75	0.138454
0.209631	0.75	0.136282
0.230595	0.75	0.133896
0.251558	0.75	0.131299
0.272521	0.75	0.128496
0.293484	0.75	0.125492
0.314447	0.75	0.122292
0.33541	0.75	0.118902
0.356373	0.75	0.115327
0.377336	0.75	0.111574
0.3983	0.75	0.107649
0.419263	0.75	0.103559
0.440226	0.75	0.0993106
0.461189	0.75	0.0949117
0.482152	0.75	0.0903697
0.503115	0.75	0.0856926
0.524078	0.75	0.0808885
0.545042	0.75	0.075966
0.566005	0.75	0.0709338
0.586968	0.75	0.0658008
0.607931	0.75	0.0605764
0.628894	0.75	0.0552702
0.649857	0.75	0.0498919
0.67082	0.75	0.0444516
0.691784	0.75	0.0389597
0.712747	0.75	0.0334269
0.73371	0.75	0.027864
0.754673	0.75	0.0222823
0.775636	0.75	0.0166932
0.796599	0.75	0.0111084
0.817562	0.75	0.00553989
0.838525	0.75	0
0	0.775	0.150871
0.0216619	0.775	0.150749
0.0433238	0.775	0.150381
0.0649857	0.775	0.14977
0.0866476	0.775	0.148915
0.10831	0.775	0.14782
0.129971	0.775	0.146484
0.151633	0.775	0.144912
0.173295	0.775	0.143106
0.194957	0.775	0.141069
0.216619	0.775	0.138806
0.238281	0.775	0.13632
0.259943	0.775	0.133617
0.281605	0.775	0.1307
0.303267	0.775	0.127577
0.324929	0.775	0.124252
0.346591	0.775	0.120731
0.368252	0.775	0.117022
0.389914	0.775	0.113131
0.411576	0.775	0.109066
0.433238	0.775	0.104834
0.4549	0.775	0.100444
0.476562	0.775	0.0959026
0.498224	0.775	0.0912199
0.519886	0.775	0.0864045
0.541548	0.775	0.0814659
0.56321	0.775	0.0764137
0.584872	0.775	0.0712579
0.606533	0.775	0.0660089
0.628195	0.775	0.0606774
0.649857	0.775	0.0552745
0.671519	0.775	0.0498115
0.693181	0.775	0.0443002
0.714843	0.775	0.0387527
0.736505	0.775	0.0331814
0.758167	0.775	0.0275992
0.779829	0.775	0.0220193
0.801491	0.775	0.0164552
0.823153	0.775	0.010921
0.844814	0.775	0.00543105
0.866476	0.775	0
0	0.8	0.153594
0.0223607	0.8	0.153466
0.0447214	0.8	0.153082
0.067082	0.8	0.152444
0.0894427	0.8	0.151552
0.111803	0.8	0.150409
0.134164	0.8	0.149015
0.156525	0.8	0.147376
0.178885	0.8	0.145492
0.201246	0.8	0.14337
0.223607	0.8	0.141011
0.245967	0.8	0.138423
0.268328	0.8	0.135609
0.290689	0.8	0.132575
0.31305	0.8	0.129328
0.33541	0.8	0.125874
0.357771	0.8	0.122219
0.380132	0.8	0.118373
0.402492	0.8	0.114341
0.424853	0.8	0.110133
0.447214	0.8	0.105757
0.469574	0.8	0.101223
0.491935	0.8	0.0965389
0.514296	0.8	0.0917157
0.536656	0.8	0.0867635
0.559017	0.8	0.0816928
0.581378	0.8	0.0765149
0.603738	0.8	0.0712411
0.626099	0.8	0.0658834
0.64846	0.8	0.0604542
0.67082	0.8	0.0549662
0.693181	0.8	0.0494326
0.715542	0.8	0.0438671
0.737902	0.8	0.0382839
0.760263	0.8	0.0326976
0.782624	0.8	0.0271233
0.804984	0.8	0.0215768
0.827345	0.8	0.0160742
0.849706	0.8	0.0106322
0.872067	0.8	0.00526818
0.894427	0.8	0
0	0.825	0.156011
0.0230595	0.825	0.155878
0.0461189	0.825	0.155477
0.0691784	0.825	0.154811
0.0922378	0.825	0.15388
0.115297	0.825	0.152686
0.138357	0.825	0.151232
0.161416	0.825	0.149522
0.184476	0.825	0.147558
0.207535	0.825	0.145345
0.230595	0.825	0.142888
0.253654	0.825	0.140192
0.276713	0.825	0.137263
0.299773	0.825	0.134107
0.322832	0.825	0.130731
0.345892	0.825	0.127143
0.368951	0.825	0.123351
0.392011	0.825	0.119362
0.41507	0.825	0.115185
0.43813	0.825	0.110831
0.461189	0.825	0.106308
0.484248	0.825	0.101627
0.507308	0.825	0.0967991
0.530367	0.825	0.0918349
0.553427	0.825	0.0867462
0.576486	0.825	0.0815453
0.599546	0.825	0.0762449
0.622605	0.825	0.070858
0.645665	0.825	0.0653985
0.668724	0.825	0.0598805
0.691784	0.825	0.0543189
0.714843	0.825	0.0487289
0.737902	0.825	0.0431265
0.760962	0.825	0.0375284
0.784021	0.825	0.0319518
0.807081	0.825	0.0264145
0.83014	0.825	0.0209353
0.8532	0.825	0.0155336
0.876259	0.825	0.0102296
0.899319	0.825	0.00504445
0.922378	0.825	0
0	0.85	0.158118
0.0237582	0.85	0.157978
0.0475164	0.85	0.15756
0.0712747	0.85	0.156864
0.0950329	0.85	0.155892
0.118791	0.85	0.154645
0.142549	0.85	0.153128
0.166308	0.85	0.151343
0.190066	0.85	0.149294
0.213824	0.85	0.146986
0.237582	0.85	0.144425
0.26134	0.85	0.141617
0.285099	0.85	0.138567
0.308857	0.85	0.135283
0.332615	0.85	0.131774
0.356373	0.85	0.128046
0.380132	0.85	0.124109
0.40389	0.85	0.119973
0.427648	0.85	0.115646
0.451406	0.85	0.111141
0.475164	0.85	0.106467
0.498923	0.85	0.101636
0.522681	0.85	0.0966609
0.546439	0.85	0.0915538
0.570197	0.85	0.0863281
0.593956	0.85	0.0809978
0.617714	0.85	0.0755772
0.641472	0.85	0.0700814
0.66523	0.85	0.0645262
0.688988	0.85	0.0589279
0.712747	0.85	0.0533038
0.736505	0.85	0.0476715
0.760263	0.85	0.0420499
0.784021	0.85	0.0364582
0.80778	0.85	0.030917
0.831538	0.85	0.0254475
0.855296	0.85	0.0200721
0.879054	0.85	0.0148143
0.902812	0.85	0.00969886
0.926571	0.85	0.00475168
0.950329	0.85	0
0	0.875	0.159909
0.024457	0.875	0.159763
0.048914	0.875	0.159326
0.073371	0.875	0.158598
0.097828	0.875	0.157582
0.122285	0.875	0.15628
0.146742	0.875	0.154695
0.171199	0.875	0.152831
0.195656	0.875	0.150693
0.220113	0.875	0.148285
0.24457	0.875	0.145614
0.269027	0.875	0.142687
0.293484	0.875	0.13951
0.317941	0.875	0.136092
0.342398	0.875	0.132442
0.366855	0.875	0.128568
0.391312	0.875	0.12448
0.415769	0.875	0.120189
0.440226	0.875	0.115706
0.464683	0.875	0.111043
0.48914	0.875	0.106213
0.513597	0.875	0.101227
0.538054	0.875	0.0961009
0.562511	0.875	0.090848
0.586968	0.875	0.0854835
0.611425	0.875	0.0800232
0.635882	0.875	0.0744836
0.660339	0.875	0.068882
0.684796	0.875	0.0632363
0.709253	0.875	0.0575655
0.73371	0.875	0.0518894
0.758167	0.875	0.0462286
0.782624	0.875	0.0406051
0.807081	0.875	0.0350417
0.831538	0.875	0.0295626
0.855995	0.875	0.0241932
0.880452	0.875	0.0189607
0.904909	0.875	0.0138935
0.929366	0.875	0.00902241
0.953823	0.875	0.00437976
0.97828	0.875	0
0	0.9	0.16138
0.0251558	0.9	0.161227
0.0503115	0.9	0.16077
0.0754673	0.9	0.160009
0.100623	0.9	0.158947
0.125779	0.9	0.157585
0.150935	0.9	0.155928
0.17609	0.9	0.15398
0.201246	0.9	0.151747
0.226402	0.9	0.149233
0.251558	0.9	0.146446
0.276713	0.9	0.143392
0.301869	0.9	0.140081
0.327025	0.9	0.136521
0.352181	0.9	0.132722
0.377336	0.9	0.128693
0.402492	0.9	0.124446
0.427648	0.9	0.119993
0.452804	0.9	0.115346
0.47796	0.9	0.110519
0.503115	0.9	0.105524
0.528271	0.9	0.100378
0.553427	0.9	0.095095
0.578583	0.9	0.0896917
0.603738	0.9	0.084185
0.628894	0.9	0.078593
0.65405	0.9	0.0729342
0.679206	0.9	0.0672284
0.704361	0.9	0.0614962
0.729517	0.9	0.0557594
0.754673	0.9	0.0500409
0.779829	0.9	0.0443647
0.804984	0.9	0.0387565
0.83014	0.9	0.0332431
0.855296	0.9	0.0278533
0.880452	0.9	0.0226177
0.905608	0.9	0.0175693
0.930763	0.9	0.0127435
0.955919	0.9	0.00817855
0.981075	0.9	0.00391601
1.00623	0.9	0
0	0.925	0.162527
0.0258545	0.925	0.162368
0.0517091	0.925	0.161889
0.0775636	0.925	0.161092
0.103418	0.925	0.15998
0.129273	0.925	0.158555
0.155127	0.925	0.156822
0.180982	0.925	0.154785
0.206836	0.925	0.152449
0.232691	0.925	0.149822
0.258545	0.925	0.146911
0.2844	0.925	0.143724
0.310254	0.925	0.14027
0.336109	0.925	0.136558
0.361964	0.925	0.132601
0.387818	0.925	0.128408
0.413673	0.925	0.123993
0.439527	0.925	0.119368
0.465382	0.925	0.114547
0.491236	0.925	0.109546
0.517091	0.925	0.10438
0.542945	0.925	0.0990643
0.5688	0.925	0.0936176
0.594654	0.925	0.0880578
0.620509	0.925	0.0824041
0.646363	0.925	0.0766767
0.672218	0.925	0.0708968
0.698072	0.925	0.0650869
0.723927	0.925	0.0592706
0.749782	0.925	0.0534728
0.775636	0.925	0.04772
0.801491	0.925	0.0420402
0.827345	0.925	0.0364632
0.8532	0.925	0.0310209
0.879054	0.925	0.0257475
0.904909	0.925	0.0206801
0.930763	0.925	0.0158593
0.956618	0.925	0.0113294
0.982472	0.925	0.00713974
1.00833	0.925	0.0033442
1.03418	0.925	0
0	0.95	0.163349
0.0265533	0.95	0.163181
0.0531066	0.95	0.16268
0.0796599	0.95	0.161845
0.106213	0.95	0.160679
0.132767	0.95	0.159187
0.15932	0.95	0.157371
0.185873	0.95	0.155238
0.212426	0.95	0.152794
0.23898	0.95	0.150046
0.265533	0.95	0.147002
0.292086	0.95	0.143672
0.31864	0.95	0.140065
0.345193	0.95	0.136192
0.371746	0.95	0.132065
0.3983	0.95	0.127698
0.424853	0.95	0.123103
0.451406	0.95	0.118295
0.47796	0.95	0.11329
0.504513	0.95	0.108105
0.531066	0.95	0.102756
0.557619	0.95	0.0972619
0.584173	0.95	0.0916425
0.610726	0.95	0.0859181
0.637279	0.95	0.0801104
0.663833	0.95	0.074242
0.690386	0.95	0.0683371
0.716939	0.95	0.0624211
0.743493	0.95	0.056521
0.770046	0.95	0.0506652
0.796599	0.95	0.0448842
0.823153	0.95	0.0392105
0.849706	0.95	0.0336789
0.876259	0.95	0.0283271
0.902812	0.95	0.023196
0.929366	0.95	0.018331
0.955919	0.95	0.0137824
0.982472	0.95	0.00960727
1.00903	0.95	0.00587049
1.03558	0.95	0.00264377
1.06213	0.95	0
0	0.975	0.163842
0.0272521	0.975	0.163667
0.0545042	0.975	0.16314
0.0817562	0.975	0.162264
0.109008	0.975	0.161042
0.13626	0.975	0.159476
0.163512	0.975	0.157572
0.190765	0.975	0.155337
0.218017	0.975	0.152776
0.245269	0.975	0.149898
0.272521	0.975	0.146711
0.299773	0.975	0.143227
0.327025	0.975	0.139456
0.354277	0.975	0.13541
0.381529	0.975	0.131103
0.408781	0.975	0.126548
0.436033	0.975	0.121761
0.463285	0.975	0.116758
0.490537	0.975	0.111556
0.517789	0.975	0.106173
0.545042	0.975	0.100629
0.572294	0.975	0.0949453
0.599546	0.975	0.0891421
0.626798	0.975	0.0832429
0.65405	0.975	0.077272
0.681302	0.975	0.0712548
0.708554	0.975	0.0652185
0.735806	0.975	0.0591919
0.763058	0.975	0.0532055
0.79031	0.975	0.0472919
0.817562	0.975	0.0414859
0.844814	0.975	0.0358251
0.872067	0.975	0.0303499
0.899319	0.975	0.0251049
0.926571	0.975	0.0201392
0.953823	0.975	0.0155084
0.981075	0.975	0.0112767
1.00833	0.975	0.0075196
1.03558	0.975	0.00432529
1.06283	0.975	0.00179039
1.09008	0.975	0
0	1	0.164006
0.0279508	1	0.163822
0.0559017	1	0.163269
0.0838525	1	0.162349
0.111803	1	0.161064
0.139754	1	0.15942
0.167705	1	0.157422
0.195656	1	0.155075
0.223607	1	0.152388
0.251558	1	0.14937
0.279508	1	0.146031
0.307459	1	0.142381
0.33541	1	0.138434
0.363361	1	0.134202
0.391312	1	0.1297
0.419263	1	0.124944
0.447214	1	0.11995
0.475164	1	0.114737
0.503115	1	0.109323
0.531066	1	0.103729
0.559017	1	0.0979765
0.586968	1	0.092088
0.614919	1	0.0860877
0.64287	1	0.0800011
0.67082	1	0.0738552
0.698771	1	0.0676787
0.726722	1	0.0615018
0.754673	1	0.055357
0.782624	1	0.0492787
0.810575	1	0.0433038
0.838525	1	0.0374721
0.866476	1	0.0318264
0.894427	1	0.0264138
0.922378	1	0.0212863
0.950329	1	0.016503
0.97828	1	0.0121333
1.00623	1	0.00826154
1.03418	1	0.00499187
1.06213	1	0.00244926
1.09008	1	0.000762498
1.11803	1	0
