3.3553	0
3.06606	10
2.91638	20
2.80056	30
2.70296	40
2.6177	50
2.54188	60
2.47378	70
2.41222	80
2.35631	90
2.30533	100
2.2587	110
2.2159	120
2.17651	130
2.14015	140
2.10649	150
2.07526	160
2.04619	170
2.01907	180
1.9937	190
1.96991	200
1.94754	210
1.92645	220
1.90653	230
1.88767	240
1.86977	250
1.85274	260
1.8365	270
1.821	280
1.80616	290
1.79193	300
1.77826	310
1.7651	320
1.75242	330
1.74017	340
1.72833	350
1.71687	360
1.70575	370
1.69496	380
1.68446	390
1.67425	400
1.6643	410
1.65459	420
1.64512	430
1.63585	440
1.6268	450
1.61793	460
1.60924	470
1.60072	480
1.59236	490
1.58415	500
1.57609	510
1.56816	520
1.56036	530
1.55269	540
1.54514	550
1.53769	560
1.53036	570
1.52312	580
1.51599	590
1.50895	600
1.50199	610
1.49513	620
1.48835	630
1.48164	640
1.47502	650
1.46847	660
1.46199	670
1.45558	680
1.44923	690
1.44295	700
1.43673	710
1.43057	720
1.42447	730
1.41843	740
1.41244	750
1.4065	760
1.40062	770
1.39479	780
1.389	790
1.38326	800
1.37757	810
1.37192	820
1.36632	830
1.36076	840
1.35524	850
1.34976	860
1.34432	870
1.33892	880
1.33356	890
1.32823	900
1.32294	910
1.31769	920
1.31247	930
1.30728	940
1.30213	950
1.29701	960
1.29192	970
1.28687	980
1.28184	990
1.27684	1000
1.27188	1010
1.26694	1020
1.26203	1030
1.25716	1040
1.2523	1050
1.24748	1060
1.24268	1070
1.23791	1080
1.23316	1090
1.22845	1100
1.22375	1110
1.21908	1120
1.21444	1130
1.20982	1140
1.20522	1150
1.20065	1160
1.1961	1170
1.19157	1180
1.18707	1190
1.18258	1200
1.17812	1210
1.17369	1220
1.16927	1230
1.16488	1240
1.1605	1250
1.15615	1260
1.15182	1270
1.1475	1280
1.14321	1290
1.13894	1300
1.13469	1310
1.13046	1320
1.12624	1330
1.12205	1340
1.11788	1350
1.11372	1360
1.10958	1370
1.10546	1380
1.10136	1390
1.09728	1400
1.09322	1410
1.08917	1420
1.08514	1430
1.08113	1440
1.07714	1450
1.07316	1460
1.0692	1470
1.06526	1480
1.06133	1490
1.05742	1500
1.05353	1510
1.04966	1520
1.0458	1530
1.04195	1540
1.03812	1550
1.03431	1560
1.03052	1570
1.02674	1580
1.02297	1590
1.01923	1600
1.01549	1610
1.01177	1620
1.00807	1630
1.00438	1640
1.00071	1650
0.997054	1660
0.993411	1670
0.989783	1680
0.986169	1690
0.98257	1700
0.978986	1710
0.975416	1720
0.97186	1730
0.968318	1740
0.96479	1750
0.961277	1760
0.957777	1770
0.954291	1780
0.950819	1790
0.947361	1800
0.943916	1810
0.940485	1820
0.937067	1830
0.933663	1840
0.930272	1850
0.926894	1860
0.92353	1870
0.920178	1880
0.91684	1890
0.913514	1900
0.910202	1910
0.906902	1920
0.903615	1930
0.90034	1940
0.897079	1950
0.89383	1960
0.890593	1970
0.887369	1980
0.884157	1990
0.880957	2000
0.87777	2010
0.874595	2020
0.871432	2030
0.868281	2040
0.865142	2050
0.862015	2060
0.8589	2070
0.855797	2080
0.852705	2090
0.849625	2100
0.846557	2110
0.843501	2120
0.840456	2130
0.837423	2140
0.834401	2150
0.83139	2160
0.828391	2170
0.825403	2180
0.822426	2190
0.819461	2200
0.816507	2210
0.813563	2220
0.810631	2230
0.80771	2240
0.8048	2250
0.8019	2260
0.799012	2270
0.796134	2280
0.793267	2290
0.790411	2300
0.787565	2310
0.78473	2320
0.781906	2330
0.779092	2340
0.776288	2350
0.773495	2360
0.770712	2370
0.76794	2380
0.765178	2390
0.762426	2400
0.759685	2410
0.756953	2420
0.754232	2430
0.75152	2440
0.748819	2450
0.746128	2460
0.743447	2470
0.740775	2480
0.738114	2490
0.735462	2500
0.73282	2510
0.730188	2520
0.727566	2530
0.724953	2540
0.72235	2550
0.719756	2560
0.717172	2570
0.714597	2580
0.712032	2590
0.709477	2600
0.70693	2610
0.704393	2620
0.701866	2630
0.699347	2640
0.696838	2650
0.694338	2660
0.691848	2670
0.689366	2680
0.686893	2690
0.68443	2700
0.681976	2710
0.67953	2720
0.677093	2730
0.674666	2740
0.672247	2750
0.669837	2760
0.667436	2770
0.665044	2780
0.66266	2790
0.660285	2800
0.657919	2810
0.655561	2820
0.653212	2830
0.650872	2840
0.64854	2850
0.646217	2860
0.643902	2870
0.641595	2880
0.639297	2890
0.637007	2900
0.634726	2910
0.632453	2920
0.630188	2930
0.627931	2940
0.625683	2950
0.623442	2960
0.62121	2970
0.618986	2980
0.61677	2990
0.614563	3000
0.612363	3010
0.610171	3020
0.607987	3030
0.605811	3040
0.603643	3050
0.601482	3060
0.59933	3070
0.597185	3080
0.595049	3090
0.592919	3100
0.590798	3110
0.588684	3120
0.586578	3130
0.58448	3140
0.582389	3150
0.580306	3160
0.57823	3170
0.576162	3180
0.574101	3190
0.572048	3200
0.570002	3210
0.567964	3220
0.565932	3230
0.563909	3240
0.561892	3250
0.559883	3260
0.557881	3270
0.555887	3280
0.553899	3290
0.551919	3300
0.549946	3310
0.54798	3320
0.546021	3330
0.544069	3340
0.542124	3350
0.540186	3360
0.538256	3370
0.536332	3380
0.534415	3390
0.532505	3400
0.530602	3410
0.528706	3420
0.526816	3430
0.524934	3440
0.523058	3450
0.521189	3460
0.519327	3470
0.517471	3480
0.515622	3490
0.51378	3500
0.511944	3510
0.510115	3520
0.508293	3530
0.506477	3540
0.504668	3550
0.502865	3560
0.501068	3570
0.499279	3580
0.497495	3590
0.495718	3600
0.493948	3610
0.492183	3620
0.490425	3630
0.488674	3640
0.486929	3650
0.48519	3660
0.483457	3670
0.48173	3680
0.48001	3690
0.478296	3700
0.476588	3710
0.474886	3720
0.47319	3730
0.471501	3740
0.469817	3750
0.46814	3760
0.466468	3770
0.464803	3780
0.463143	3790
0.46149	3800
0.459842	3810
0.4582	3820
0.456564	3830
0.454935	3840
0.45331	3850
0.451692	3860
0.45008	3870
0.448473	3880
0.446872	3890
0.445277	3900
0.443688	3910
0.442104	3920
0.440526	3930
0.438954	3940
0.437387	3950
0.435826	3960
0.43427	3970
0.43272	3980
0.431176	3990
0.429637	4000
0.428104	4010
0.426576	4020
0.425053	4030
0.423537	4040
0.422025	4050
0.420519	4060
0.419018	4070
0.417523	4080
0.416033	4090
0.414549	4100
0.413069	4110
0.411595	4120
0.410127	4130
0.408663	4140
0.407205	4150
0.405752	4160
0.404305	4170
0.402862	4180
0.401425	4190
0.399992	4200
0.398565	4210
0.397143	4220
0.395726	4230
0.394314	4240
0.392908	4250
0.391506	4260
0.390109	4270
0.388717	4280
0.387331	4290
0.385949	4300
0.384572	4310
0.3832	4320
0.381833	4330
0.380471	4340
0.379114	4350
0.377762	4360
0.376414	4370
0.375071	4380
0.373733	4390
0.3724	4400
0.371072	4410
0.369748	4420
0.368429	4430
0.367115	4440
0.365806	4450
0.364501	4460
0.363201	4470
0.361906	4480
0.360615	4490
0.359329	4500
0.358047	4510
0.35677	4520
0.355497	4530
0.35423	4540
0.352966	4550
0.351707	4560
0.350453	4570
0.349203	4580
0.347958	4590
0.346717	4600
0.34548	4610
0.344248	4620
0.343021	4630
0.341797	4640
0.340578	4650
0.339364	4660
0.338154	4670
0.336948	4680
0.335746	4690
0.334549	4700
0.333356	4710
0.332167	4720
0.330983	4730
0.329802	4740
0.328626	4750
0.327454	4760
0.326287	4770
0.325123	4780
0.323964	4790
0.322809	4800
0.321658	4810
0.320511	4820
0.319368	4830
0.318229	4840
0.317094	4850
0.315964	4860
0.314837	4870
0.313715	4880
0.312596	4890
0.311482	4900
0.310371	4910
0.309264	4920
0.308162	4930
0.307063	4940
0.305968	4950
0.304877	4960
0.30379	4970
0.302707	4980
0.301628	4990
0.300552	5000
0.299481	5010
0.298413	5020
0.297349	5030
0.296289	5040
0.295233	5050
0.29418	5060
0.293131	5070
0.292086	5080
0.291045	5090
0.290007	5100
0.288973	5110
0.287943	5120
0.286917	5130
0.285894	5140
0.284875	5150
0.283859	5160
0.282847	5170
0.281839	5180
0.280834	5190
0.279833	5200
0.278835	5210
0.277841	5220
0.276851	5230
0.275864	5240
0.27488	5250
0.273901	5260
0.272924	5270
0.271951	5280
0.270982	5290
0.270016	5300
0.269053	5310
0.268094	5320
0.267138	5330
0.266186	5340
0.265237	5350
0.264292	5360
0.26335	5370
0.262411	5380
0.261475	5390
0.260543	5400
0.259615	5410
0.258689	5420
0.257767	5430
0.256848	5440
0.255933	5450
0.25502	5460
0.254111	5470
0.253206	5480
0.252303	5490
0.251404	5500
0.250508	5510
0.249615	5520
0.248725	5530
0.247838	5540
0.246955	5550
0.246075	5560
0.245198	5570
0.244324	5580
0.243453	5590
0.242585	5600
0.24172	5610
0.240859	5620
0.24	5630
0.239145	5640
0.238292	5650
0.237443	5660
0.236597	5670
0.235753	5680
0.234913	5690
0.234076	5700
0.233242	5710
0.23241	5720
0.231582	5730
0.230756	5740
0.229934	5750
0.229114	5760
0.228298	5770
0.227484	5780
0.226673	5790
0.225865	5800
0.22506	5810
0.224258	5820
0.223459	5830
0.222663	5840
0.221869	5850
0.221078	5860
0.22029	5870
0.219505	5880
0.218723	5890
0.217943	5900
0.217166	5910
0.216392	5920
0.215621	5930
0.214853	5940
0.214087	5950
0.213324	5960
0.212564	5970
0.211806	5980
0.211051	5990
0.210299	6000
0.20955	6010
0.208803	6020
0.208059	6030
0.207317	6040
0.206578	6050
0.205842	6060
0.205108	6070
0.204377	6080
0.203649	6090
0.202923	6100
0.2022	6110
0.201479	6120
0.200761	6130
0.200046	6140
0.199333	6150
0.198622	6160
0.197914	6170
0.197209	6180
0.196506	6190
0.195806	6200
0.195108	6210
0.194413	6220
0.19372	6230
0.19303	6240
0.192342	6250
0.191656	6260
0.190973	6270
0.190293	6280
0.189614	6290
0.188939	6300
0.188265	6310
0.187594	6320
0.186926	6330
0.18626	6340
0.185596	6350
0.184934	6360
0.184275	6370
0.183619	6380
0.182964	6390
0.182312	6400
0.181663	6410
0.181015	6420
0.18037	6430
0.179727	6440
0.179087	6450
0.178449	6460
0.177813	6470
0.177179	6480
0.176548	6490
0.175918	6500
0.175291	6510
0.174667	6520
0.174044	6530
0.173424	6540
0.172806	6550
0.17219	6560
0.171577	6570
0.170965	6580
0.170356	6590
0.169749	6600
0.169144	6610
0.168541	6620
0.16794	6630
0.167342	6640
0.166746	6650
0.166151	6660
0.165559	6670
0.164969	6680
0.164381	6690
0.163796	6700
0.163212	6710
0.16263	6720
0.162051	6730
0.161473	6740
0.160898	6750
0.160324	6760
0.159753	6770
0.159184	6780
0.158617	6790
0.158051	6800
0.157488	6810
0.156927	6820
0.156368	6830
0.15581	6840
0.155255	6850
0.154702	6860
0.154151	6870
0.153601	6880
0.153054	6890
0.152509	6900
0.151965	6910
0.151424	6920
0.150884	6930
0.150346	6940
0.149811	6950
0.149277	6960
0.148745	6970
0.148215	6980
0.147686	6990
0.14716	7000
0.146636	7010
0.146113	7020
0.145593	7030
0.145074	7040
0.144557	7050
0.144042	7060
0.143528	7070
0.143017	7080
0.142507	7090
0.141999	7100
0.141493	7110
0.140989	7120
0.140487	7130
0.139986	7140
0.139487	7150
0.13899	7160
0.138495	7170
0.138001	7180
0.13751	7190
0.13702	7200
0.136531	7210
0.136045	7220
0.13556	7230
0.135077	7240
0.134596	7250
0.134116	7260
0.133638	7270
0.133162	7280
0.132687	7290
0.132215	7300
0.131744	7310
0.131274	7320
0.130806	7330
0.13034	7340
0.129876	7350
0.129413	7360
0.128952	7370
0.128492	7380
0.128034	7390
0.127578	7400
0.127123	7410
0.12667	7420
0.126219	7430
0.125769	7440
0.125321	7450
0.124875	7460
0.12443	7470
0.123986	7480
0.123544	7490
0.123104	7500
0.122666	7510
0.122228	7520
0.121793	7530
0.121359	7540
0.120926	7550
0.120496	7560
0.120066	7570
0.119638	7580
0.119212	7590
0.118787	7600
0.118364	7610
0.117942	7620
0.117522	7630
0.117103	7640
0.116686	7650
0.11627	7660
0.115856	7670
0.115443	7680
0.115031	7690
0.114622	7700
0.114213	7710
0.113806	7720
0.113401	7730
0.112997	7740
0.112594	7750
0.112193	7760
0.111793	7770
0.111395	7780
0.110998	7790
0.110602	7800
0.110208	7810
0.109815	7820
0.109424	7830
0.109034	7840
0.108646	7850
0.108258	7860
0.107873	7870
0.107488	7880
0.107105	7890
0.106724	7900
0.106343	7910
0.105964	7920
0.105587	7930
0.105211	7940
0.104836	7950
0.104462	7960
0.10409	7970
0.103719	7980
0.103349	7990
0.102981	8000
0.102614	8010
0.102248	8020
0.101884	8030
0.101521	8040
0.101159	8050
0.100799	8060
0.10044	8070
0.100082	8080
0.0997252	8090
0.0993698	8100
0.0990157	8110
0.0986629	8120
0.0983113	8130
0.097961	8140
0.097612	8150
0.0972641	8160
0.0969176	8170
0.0965722	8180
0.0962281	8190
0.0958852	8200
0.0955435	8210
0.0952031	8220
0.0948639	8230
0.0945258	8240
0.094189	8250
0.0938534	8260
0.093519	8270
0.0931857	8280
0.0928537	8290
0.0925228	8300
0.0921931	8310
0.0918646	8320
0.0915373	8330
0.0912111	8340
0.0908861	8350
0.0905622	8360
0.0902395	8370
0.089918	8380
0.0895976	8390
0.0892783	8400
0.0889602	8410
0.0886432	8420
0.0883274	8430
0.0880126	8440
0.087699	8450
0.0873865	8460
0.0870751	8470
0.0867649	8480
0.0864557	8490
0.0861476	8500
0.0858407	8510
0.0855348	8520
0.08523	8530
0.0849263	8540
0.0846237	8550
0.0843222	8560
0.0840217	8570
0.0837223	8580
0.083424	8590
0.0831267	8600
0.0828305	8610
0.0825354	8620
0.0822413	8630
0.0819482	8640
0.0816562	8650
0.0813653	8660
0.0810753	8670
0.0807864	8680
0.0804986	8690
0.0802117	8700
0.0799259	8710
0.0796411	8720
0.0793573	8730
0.0790746	8740
0.0787928	8750
0.0785121	8760
0.0782323	8770
0.0779535	8780
0.0776758	8790
0.077399	8800
0.0771232	8810
0.0768484	8820
0.0765746	8830
0.0763017	8840
0.0760298	8850
0.0757589	8860
0.075489	8870
0.07522	8880
0.074952	8890
0.0746849	8900
0.0744188	8910
0.0741536	8920
0.0738894	8930
0.0736261	8940
0.0733637	8950
0.0731023	8960
0.0728418	8970
0.0725823	8980
0.0723237	8990
0.0720659	9000
0.0718092	9010
0.0715533	9020
0.0712983	9030
0.0710443	9040
0.0707911	9050
0.0705389	9060
0.0702875	9070
0.0700371	9080
0.0697875	9090
0.0695389	9100
0.0692911	9110
0.0690442	9120
0.0687982	9130
0.068553	9140
0.0683087	9150
0.0680653	9160
0.0678228	9170
0.0675811	9180
0.0673403	9190
0.0671004	9200
0.0668613	9210
0.066623	9220
0.0663857	9230
0.0661491	9240
0.0659134	9250
0.0656785	9260
0.0654445	9270
0.0652113	9280
0.064979	9290
0.0647474	9300
0.0645167	9310
0.0642868	9320
0.0640578	9330
0.0638295	9340
0.0636021	9350
0.0633754	9360
0.0631496	9370
0.0629246	9380
0.0627004	9390
0.062477	9400
0.0622544	9410
0.0620325	9420
0.0618115	9430
0.0615912	9440
0.0613718	9450
0.0611531	9460
0.0609352	9470
0.0607181	9480
0.0605017	9490
0.0602861	9500
0.0600713	9510
0.0598573	9520
0.059644	9530
0.0594315	9540
0.0592197	9550
0.0590087	9560
0.0587984	9570
0.0585889	9580
0.0583802	9590
0.0581721	9600
0.0579649	9610
0.0577583	9620
0.0575525	9630
0.0573474	9640
0.0571431	9650
0.0569395	9660
0.0567366	9670
0.0565344	9680
0.056333	9690
0.0561323	9700
0.0559323	9710
0.055733	9720
0.0555344	9730
0.0553365	9740
0.0551393	9750
0.0549428	9760
0.0547471	9770
0.054552	9780
0.0543576	9790
0.0541639	9800
0.0539709	9810
0.0537786	9820
0.053587	9830
0.0533961	9840
0.0532058	9850
0.0530162	9860
0.0528273	9870
0.0526391	9880
0.0524515	9890
0.0522646	9900
0.0520784	9910
0.0518928	9920
0.0517079	9930
0.0515237	9940
0.0513401	9950
0.0511571	9960
0.0509749	9970
0.0507932	9980
0.0506122	9990
0.0504319	10000
0.0502522	10010
0.0500731	10020
0.0498947	10030
0.0497169	10040
0.0495398	10050
0.0493633	10060
0.0491874	10070
0.0490121	10080
0.0488375	10090
0.0486634	10100
0.04849	10110
0.0483173	10120
0.0481451	10130
0.0479736	10140
0.0478026	10150
0.0476323	10160
0.0474626	10170
0.0472934	10180
0.0471249	10190
0.046957	10200
0.0467897	10210
0.046623	10220
0.0464568	10230
0.0462913	10240
0.0461264	10250
0.045962	10260
0.0457982	10270
0.0456351	10280
0.0454724	10290
0.0453104	10300
0.045149	10310
0.0449881	10320
0.0448278	10330
0.0446681	10340
0.0445089	10350
0.0443503	10360
0.0441923	10370
0.0440348	10380
0.0438779	10390
0.0437216	10400
0.0435658	10410
0.0434105	10420
0.0432559	10430
0.0431017	10440
0.0429482	10450
0.0427951	10460
0.0426426	10470
0.0424907	10480
0.0423393	10490
0.0421884	10500
0.0420381	10510
0.0418883	10520
0.0417391	10530
0.0415903	10540
0.0414421	10550
0.0412945	10560
0.0411473	10570
0.0410007	10580
0.0408546	10590
0.0407091	10600
0.040564	10610
0.0404195	10620
0.0402754	10630
0.0401319	10640
0.0399889	10650
0.0398464	10660
0.0397045	10670
0.039563	10680
0.039422	10690
0.0392816	10700
0.0391416	10710
0.0390021	10720
0.0388631	10730
0.0387247	10740
0.0385867	10750
0.0384492	10760
0.0383122	10770
0.0381757	10780
0.0380396	10790
0.0379041	10800
0.037769	10810
0.0376345	10820
0.0375004	10830
0.0373668	10840
0.0372336	10850
0.0371009	10860
0.0369687	10870
0.036837	10880
0.0367058	10890
0.036575	10900
0.0364446	10910
0.0363148	10920
0.0361854	10930
0.0360565	10940
0.035928	10950
0.0358	10960
0.0356724	10970
0.0355453	10980
0.0354186	10990
0.0352924	11000
0.0351667	11010
0.0350414	11020
0.0349165	11030
0.0347921	11040
0.0346681	11050
0.0345446	11060
0.0344215	11070
0.0342989	11080
0.0341767	11090
0.0340549	11100
0.0339335	11110
0.0338126	11120
0.0336921	11130
0.0335721	11140
0.0334525	11150
0.0333333	11160
0.0332145	11170
0.0330961	11180
0.0329782	11190
0.0328607	11200
0.0327436	11210
0.0326269	11220
0.0325107	11230
0.0323949	11240
0.0322794	11250
0.0321644	11260
0.0320498	11270
0.0319356	11280
0.0318218	11290
0.0317084	11300
0.0315954	11310
0.0314829	11320
0.0313707	11330
0.0312589	11340
0.0311475	11350
0.0310365	11360
0.0309259	11370
0.0308158	11380
0.0307059	11390
0.0305965	11400
0.0304875	11410
0.0303789	11420
0.0302706	11430
0.0301628	11440
0.0300553	11450
0.0299482	11460
0.0298415	11470
0.0297352	11480
0.0296292	11490
0.0295236	11500
0.0294184	11510
0.0293136	11520
0.0292092	11530
0.0291051	11540
0.0290014	11550
0.0288981	11560
0.0287951	11570
0.0286925	11580
0.0285902	11590
0.0284884	11600
0.0283869	11610
0.0282857	11620
0.0281849	11630
0.0280845	11640
0.0279844	11650
0.0278847	11660
0.0277854	11670
0.0276864	11680
0.0275877	11690
0.0274894	11700
0.0273915	11710
0.0272939	11720
0.0271966	11730
0.0270997	11740
0.0270031	11750
0.0269069	11760
0.026811	11770
0.0267155	11780
0.0266203	11790
0.0265255	11800
0.026431	11810
0.0263368	11820
0.0262429	11830
0.0261494	11840
0.0260563	11850
0.0259634	11860
0.0258709	11870
0.0257787	11880
0.0256869	11890
0.0255953	11900
0.0255041	11910
0.0254133	11920
0.0253227	11930
0.0252325	11940
0.0251426	11950
0.025053	11960
0.0249637	11970
0.0248748	11980
0.0247861	11990
0.0246978	12000
0.0246098	12010
0.0245221	12020
0.0244347	12030
0.0243477	12040
0.0242609	12050
0.0241745	12060
0.0240883	12070
0.0240025	12080
0.023917	12090
0.0238318	12100
0.0237468	12110
0.0236622	12120
0.0235779	12130
0.0234939	12140
0.0234102	12150
0.0233268	12160
0.0232437	12170
0.0231608	12180
0.0230783	12190
0.0229961	12200
0.0229141	12210
0.0228325	12220
0.0227511	12230
0.0226701	12240
0.0225893	12250
0.0225088	12260
0.0224286	12270
0.0223487	12280
0.0222691	12290
0.0221897	12300
0.0221106	12310
0.0220319	12320
0.0219534	12330
0.0218751	12340
0.0217972	12350
0.0217195	12360
0.0216421	12370
0.021565	12380
0.0214882	12390
0.0214116	12400
0.0213353	12410
0.0212593	12420
0.0211835	12430
0.0211081	12440
0.0210329	12450
0.0209579	12460
0.0208832	12470
0.0208088	12480
0.0207347	12490
0.0206608	12500
0.0205872	12510
0.0205138	12520
0.0204407	12530
0.0203679	12540
0.0202953	12550
0.020223	12560
0.0201509	12570
0.0200791	12580
0.0200076	12590
0.0199363	12600
0.0198653	12610
0.0197945	12620
0.019724	12630
0.0196537	12640
0.0195837	12650
0.0195139	12660
0.0194443	12670
0.0193751	12680
0.019306	12690
0.0192372	12700
0.0191687	12710
0.0191004	12720
0.0190323	12730
0.0189645	12740
0.0188969	12750
0.0188296	12760
0.0187625	12770
0.0186957	12780
0.018629	12790
0.0185627	12800
0.0184965	12810
0.0184306	12820
0.0183649	12830
0.0182995	12840
0.0182343	12850
0.0181693	12860
0.0181046	12870
0.0180401	12880
0.0179758	12890
0.0179117	12900
0.0178479	12910
0.0177843	12920
0.017721	12930
0.0176578	12940
0.0175949	12950
0.0175322	12960
0.0174697	12970
0.0174075	12980
0.0173455	12990
0.0172837	13000
0.0172221	13010
0.0171607	13020
0.0170996	13030
0.0170386	13040
0.0169779	13050
0.0169174	13060
0.0168571	13070
0.0167971	13080
0.0167372	13090
0.0166776	13100
0.0166182	13110
0.016559	13120
0.0165	13130
0.0164412	13140
0.0163826	13150
0.0163242	13160
0.016266	13170
0.0162081	13180
0.0161503	13190
0.0160928	13200
0.0160354	13210
0.0159783	13220
0.0159214	13230
0.0158646	13240
0.0158081	13250
0.0157518	13260
0.0156957	13270
0.0156397	13280
0.015584	13290
0.0155285	13300
0.0154731	13310
0.015418	13320
0.0153631	13330
0.0153083	13340
0.0152538	13350
0.0151994	13360
0.0151453	13370
0.0150913	13380
0.0150375	13390
0.014984	13400
0.0149306	13410
0.0148774	13420
0.0148244	13430
0.0147715	13440
0.0147189	13450
0.0146665	13460
0.0146142	13470
0.0145621	13480
0.0145102	13490
0.0144585	13500
0.014407	13510
0.0143557	13520
0.0143045	13530
0.0142536	13540
0.0142028	13550
0.0141522	13560
0.0141017	13570
0.0140515	13580
0.0140014	13590
0.0139515	13600
0.0139018	13610
0.0138523	13620
0.0138029	13630
0.0137538	13640
0.0137047	13650
0.0136559	13660
0.0136073	13670
0.0135588	13680
0.0135105	13690
0.0134623	13700
0.0134143	13710
0.0133666	13720
0.0133189	13730
0.0132715	13740
0.0132242	13750
0.0131771	13760
0.0131301	13770
0.0130833	13780
0.0130367	13790
0.0129903	13800
0.012944	13810
0.0128978	13820
0.0128519	13830
0.0128061	13840
0.0127605	13850
0.012715	13860
0.0126697	13870
0.0126245	13880
0.0125796	13890
0.0125347	13900
0.0124901	13910
0.0124456	13920
0.0124012	13930
0.012357	13940
0.012313	13950
0.0122691	13960
0.0122254	13970
0.0121819	13980
0.0121385	13990
0.0120952	14000
0.0120521	14010
0.0120092	14020
0.0119664	14030
0.0119237	14040
0.0118812	14050
0.0118389	14060
0.0117967	14070
0.0117547	14080
0.0117128	14090
0.0116711	14100
0.0116295	14110
0.011588	14120
0.0115468	14130
0.0115056	14140
0.0114646	14150
0.0114238	14160
0.0113831	14170
0.0113425	14180
0.0113021	14190
0.0112618	14200
0.0112217	14210
0.0111817	14220
0.0111419	14230
0.0111022	14240
0.0110626	14250
0.0110232	14260
0.0109839	14270
0.0109448	14280
0.0109058	14290
0.0108669	14300
0.0108282	14310
0.0107896	14320
0.0107512	14330
0.0107129	14340
0.0106747	14350
0.0106367	14360
0.0105988	14370
0.010561	14380
0.0105234	14390
0.0104859	14400
0.0104485	14410
0.0104113	14420
0.0103742	14430
0.0103372	14440
0.0103004	14450
0.0102637	14460
0.0102271	14470
0.0101907	14480
0.0101543	14490
0.0101182	14500
0.0100821	14510
0.0100462	14520
0.0100104	14530
0.00997472	14540
0.00993918	14550
0.00990377	14560
0.00986848	14570
0.00983332	14580
0.00979828	14590
0.00976337	14600
0.00972858	14610
0.00969391	14620
0.00965937	14630
0.00962495	14640
0.00959066	14650
0.00955648	14660
0.00952243	14670
0.0094885	14680
0.00945469	14690
0.00942101	14700
0.00938744	14710
0.00935399	14720
0.00932066	14730
0.00928745	14740
0.00925435	14750
0.00922138	14760
0.00918852	14770
0.00915578	14780
0.00912316	14790
0.00909065	14800
0.00905826	14810
0.00902598	14820
0.00899382	14830
0.00896178	14840
0.00892984	14850
0.00889803	14860
0.00886632	14870
0.00883473	14880
0.00880325	14890
0.00877188	14900
0.00874063	14910
0.00870948	14920
0.00867845	14930
0.00864753	14940
0.00861671	14950
0.00858601	14960
0.00855542	14970
0.00852493	14980
0.00849456	14990
0.00846429	15000
0.00843413	15010
0.00840408	15020
0.00837413	15030
0.00834429	15040
0.00831456	15050
0.00828494	15060
0.00825542	15070
0.008226	15080
0.00819669	15090
0.00816748	15100
0.00813838	15110
0.00810938	15120
0.00808049	15130
0.0080517	15140
0.00802301	15150
0.00799442	15160
0.00796593	15170
0.00793755	15180
0.00790927	15190
0.00788109	15200
0.007853	15210
0.00782502	15220
0.00779714	15230
0.00776936	15240
0.00774167	15250
0.00771409	15260
0.0076866	15270
0.00765921	15280
0.00763192	15290
0.00760473	15300
0.00757763	15310
0.00755063	15320
0.00752373	15330
0.00749692	15340
0.00747021	15350
0.00744359	15360
0.00741707	15370
0.00739064	15380
0.0073643	15390
0.00733806	15400
0.00731192	15410
0.00728586	15420
0.0072599	15430
0.00723404	15440
0.00720826	15450
0.00718258	15460
0.00715698	15470
0.00713148	15480
0.00710607	15490
0.00708075	15500
0.00705552	15510
0.00703038	15520
0.00700533	15530
0.00698037	15540
0.0069555	15550
0.00693071	15560
0.00690602	15570
0.00688141	15580
0.00685689	15590
0.00683246	15600
0.00680811	15610
0.00678386	15620
0.00675968	15630
0.0067356	15640
0.0067116	15650
0.00668768	15660
0.00666385	15670
0.00664011	15680
0.00661645	15690
0.00659287	15700
0.00656938	15710
0.00654597	15720
0.00652265	15730
0.00649941	15740
0.00647625	15750
0.00645317	15760
0.00643018	15770
0.00640727	15780
0.00638444	15790
0.00636169	15800
0.00633902	15810
0.00631644	15820
0.00629393	15830
0.0062715	15840
0.00624916	15850
0.00622689	15860
0.0062047	15870
0.00618259	15880
0.00616056	15890
0.00613861	15900
0.00611674	15910
0.00609495	15920
0.00607323	15930
0.00605159	15940
0.00603003	15950
0.00600854	15960
0.00598713	15970
0.0059658	15980
0.00594454	15990
0.00592336	16000
0.00590225	16010
0.00588122	16020
0.00586027	16030
0.00583939	16040
0.00581858	16050
0.00579785	16060
0.00577719	16070
0.0057566	16080
0.00573609	16090
0.00571565	16100
0.00569529	16110
0.00567499	16120
0.00565477	16130
0.00563462	16140
0.00561455	16150
0.00559454	16160
0.00557461	16170
0.00555474	16180
0.00553495	16190
0.00551523	16200
0.00549558	16210
0.005476	16220
0.00545648	16230
0.00543704	16240
0.00541767	16250
0.00539836	16260
0.00537913	16270
0.00535996	16280
0.00534086	16290
0.00532183	16300
0.00530287	16310
0.00528398	16320
0.00526515	16330
0.00524639	16340
0.00522769	16350
0.00520907	16360
0.00519051	16370
0.00517201	16380
0.00515358	16390
0.00513522	16400
0.00511692	16410
0.00509869	16420
0.00508052	16430
0.00506242	16440
0.00504438	16450
0.00502641	16460
0.0050085	16470
0.00499065	16480
0.00497287	16490
0.00495515	16500
0.00493749	16510
0.0049199	16520
0.00490237	16530
0.0048849	16540
0.0048675	16550
0.00485015	16560
0.00483287	16570
0.00481565	16580
0.00479849	16590
0.00478139	16600
0.00476436	16610
0.00474738	16620
0.00473047	16630
0.00471361	16640
0.00469681	16650
0.00468008	16660
0.0046634	16670
0.00464679	16680
0.00463023	16690
0.00461373	16700
0.00459729	16710
0.00458091	16720
0.00456459	16730
0.00454832	16740
0.00453212	16750
0.00451597	16760
0.00449988	16770
0.00448384	16780
0.00446787	16790
0.00445195	16800
0.00443608	16810
0.00442028	16820
0.00440453	16830
0.00438883	16840
0.0043732	16850
0.00435761	16860
0.00434209	16870
0.00432662	16880
0.0043112	16890
0.00429584	16900
0.00428053	16910
0.00426528	16920
0.00425008	16930
0.00423494	16940
0.00421985	16950
0.00420481	16960
0.00418983	16970
0.0041749	16980
0.00416002	16990
0.0041452	17000
0.00413043	17010
0.00411571	17020
0.00410105	17030
0.00408644	17040
0.00407188	17050
0.00405737	17060
0.00404291	17070
0.0040285	17080
0.00401415	17090
0.00399985	17100
0.00398559	17110
0.00397139	17120
0.00395724	17130
0.00394314	17140
0.00392909	17150
0.00391509	17160
0.00390114	17170
0.00388724	17180
0.00387339	17190
0.00385959	17200
0.00384584	17210
0.00383213	17220
0.00381848	17230
0.00380487	17240
0.00379132	17250
0.00377781	17260
0.00376435	17270
0.00375093	17280
0.00373757	17290
0.00372425	17300
0.00371098	17310
0.00369776	17320
0.00368458	17330
0.00367145	17340
0.00365837	17350
0.00364534	17360
0.00363235	17370
0.0036194	17380
0.00360651	17390
0.00359366	17400
0.00358085	17410
0.00356809	17420
0.00355538	17430
0.00354271	17440
0.00353009	17450
0.00351751	17460
0.00350498	17470
0.00349249	17480
0.00348004	17490
0.00346764	17500
0.00345529	17510
0.00344298	17520
0.00343071	17530
0.00341848	17540
0.0034063	17550
0.00339417	17560
0.00338207	17570
0.00337002	17580
0.00335801	17590
0.00334605	17600
0.00333413	17610
0.00332225	17620
0.00331041	17630
0.00329861	17640
0.00328686	17650
0.00327515	17660
0.00326348	17670
0.00325185	17680
0.00324026	17690
0.00322872	17700
0.00321721	17710
0.00320575	17720
0.00319433	17730
0.00318294	17740
0.0031716	17750
0.0031603	17760
0.00314904	17770
0.00313782	17780
0.00312664	17790
0.0031155	17800
0.0031044	17810
0.00309334	17820
0.00308231	17830
0.00307133	17840
0.00306039	17850
0.00304948	17860
0.00303862	17870
0.00302779	17880
0.003017	17890
0.00300625	17900
0.00299554	17910
0.00298487	17920
0.00297423	17930
0.00296363	17940
0.00295307	17950
0.00294255	17960
0.00293207	17970
0.00292162	17980
0.00291121	17990
0.00290084	18000
0.0028905	18010
0.0028802	18020
0.00286994	18030
0.00285971	18040
0.00284952	18050
0.00283937	18060
0.00282925	18070
0.00281917	18080
0.00280913	18090
0.00279912	18100
0.00278914	18110
0.0027792	18120
0.0027693	18130
0.00275943	18140
0.0027496	18150
0.0027398	18160
0.00273004	18170
0.00272031	18180
0.00271062	18190
0.00270096	18200
0.00269134	18210
0.00268175	18220
0.00267219	18230
0.00266267	18240
0.00265318	18250
0.00264373	18260
0.00263431	18270
0.00262492	18280
0.00261557	18290
0.00260625	18300
0.00259697	18310
0.00258771	18320
0.00257849	18330
0.0025693	18340
0.00256015	18350
0.00255103	18360
0.00254194	18370
0.00253288	18380
0.00252385	18390
0.00251486	18400
0.0025059	18410
0.00249697	18420
0.00248808	18430
0.00247921	18440
0.00247038	18450
0.00246157	18460
0.0024528	18470
0.00244406	18480
0.00243535	18490
0.00242668	18500
0.00241803	18510
0.00240941	18520
0.00240083	18530
0.00239227	18540
0.00238375	18550
0.00237526	18560
0.00236679	18570
0.00235836	18580
0.00234996	18590
0.00234158	18600
0.00233324	18610
0.00232493	18620
0.00231664	18630
0.00230839	18640
0.00230016	18650
0.00229197	18660
0.0022838	18670
0.00227566	18680
0.00226755	18690
0.00225947	18700
0.00225142	18710
0.0022434	18720
0.00223541	18730
0.00222744	18740
0.00221951	18750
0.0022116	18760
0.00220372	18770
0.00219587	18780
0.00218804	18790
0.00218024	18800
0.00217248	18810
0.00216474	18820
0.00215702	18830
0.00214934	18840
0.00214168	18850
0.00213405	18860
0.00212644	18870
0.00211887	18880
0.00211132	18890
0.00210379	18900
0.0020963	18910
0.00208883	18920
0.00208138	18930
0.00207397	18940
0.00206658	18950
0.00205921	18960
0.00205188	18970
0.00204457	18980
0.00203728	18990
0.00203002	19000
0.00202279	19010
0.00201558	19020
0.0020084	19030
0.00200124	19040
0.00199411	19050
0.00198701	19060
0.00197993	19070
0.00197287	19080
0.00196584	19090
0.00195884	19100
0.00195186	19110
0.0019449	19120
0.00193797	19130
0.00193107	19140
0.00192419	19150
0.00191733	19160
0.0019105	19170
0.00190369	19180
0.00189691	19190
0.00189015	19200
0.00188341	19210
0.0018767	19220
0.00187002	19230
0.00186335	19240
0.00185671	19250
0.0018501	19260
0.00184351	19270
0.00183694	19280
0.00183039	19290
0.00182387	19300
0.00181737	19310
0.0018109	19320
0.00180444	19330
0.00179801	19340
0.00179161	19350
0.00178522	19360
0.00177886	19370
0.00177252	19380
0.00176621	19390
0.00175992	19400
0.00175364	19410
0.0017474	19420
0.00174117	19430
0.00173497	19440
0.00172878	19450
0.00172262	19460
0.00171649	19470
0.00171037	19480
0.00170428	19490
0.0016982	19500
0.00169215	19510
0.00168612	19520
0.00168011	19530
0.00167413	19540
0.00166816	19550
0.00166222	19560
0.0016563	19570
0.00165039	19580
0.00164451	19590
0.00163865	19600
0.00163282	19610
0.001627	19620
0.0016212	19630
0.00161542	19640
0.00160967	19650
0.00160393	19660
0.00159822	19670
0.00159252	19680
0.00158685	19690
0.00158119	19700
0.00157556	19710
0.00156995	19720
0.00156435	19730
0.00155878	19740
0.00155322	19750
0.00154769	19760
0.00154217	19770
0.00153668	19780
0.0015312	19790
0.00152575	19800
0.00152031	19810
0.00151489	19820
0.0015095	19830
0.00150412	19840
0.00149876	19850
0.00149342	19860
0.0014881	19870
0.00148279	19880
0.00147751	19890
0.00147225	19900
0.001467	19910
0.00146177	19920
0.00145656	19930
0.00145137	19940
0.0014462	19950
0.00144105	19960
0.00143592	19970
0.0014308	19980
0.0014257	19990
0.00142062	20000
0.00141556	20010
0.00141052	20020
0.00140549	20030
0.00140048	20040
0.00139549	20050
0.00139052	20060
0.00138556	20070
0.00138063	20080
0.00137571	20090
0.00137081	20100
0.00136592	20110
0.00136105	20120
0.00135621	20130
0.00135137	20140
0.00134656	20150
0.00134176	20160
0.00133698	20170
0.00133221	20180
0.00132747	20190
0.00132274	20200
0.00131802	20210
0.00131333	20220
0.00130865	20230
0.00130399	20240
0.00129934	20250
0.00129471	20260
0.0012901	20270
0.0012855	20280
0.00128092	20290
0.00127636	20300
0.00127181	20310
0.00126728	20320
0.00126276	20330
0.00125826	20340
0.00125378	20350
0.00124931	20360
0.00124486	20370
0.00124042	20380
0.001236	20390
0.0012316	20400
0.00122721	20410
0.00122284	20420
0.00121848	20430
0.00121414	20440
0.00120981	20450
0.0012055	20460
0.00120121	20470
0.00119693	20480
0.00119266	20490
0.00118841	20500
0.00118418	20510
0.00117996	20520
0.00117575	20530
0.00117156	20540
0.00116739	20550
0.00116323	20560
0.00115909	20570
0.00115496	20580
0.00115084	20590
0.00114674	20600
0.00114265	20610
0.00113858	20620
0.00113453	20630
0.00113048	20640
0.00112645	20650
0.00112244	20660
0.00111844	20670
0.00111446	20680
0.00111049	20690
0.00110653	20700
0.00110259	20710
0.00109866	20720
0.00109474	20730
0.00109084	20740
0.00108695	20750
0.00108308	20760
0.00107922	20770
0.00107538	20780
0.00107155	20790
0.00106773	20800
0.00106392	20810
0.00106013	20820
0.00105635	20830
0.00105259	20840
0.00104884	20850
0.0010451	20860
0.00104138	20870
0.00103767	20880
0.00103397	20890
0.00103029	20900
0.00102662	20910
0.00102296	20920
0.00101931	20930
0.00101568	20940
0.00101206	20950
0.00100846	20960
0.00100486	20970
0.00100128	20980
0.000997714	20990
0.000994159	21000
0.000990617	21010
0.000987087	21020
0.00098357	21030
0.000980065	21040
0.000976573	21050
0.000973093	21060
0.000969626	21070
0.000966171	21080
0.000962729	21090
0.000959298	21100
0.00095588	21110
0.000952474	21120
0.00094908	21130
0.000945699	21140
0.000942329	21150
0.000938971	21160
0.000935626	21170
0.000932292	21180
0.00092897	21190
0.00092566	21200
0.000922361	21210
0.000919075	21220
0.0009158	21230
0.000912537	21240
0.000909286	21250
0.000906046	21260
0.000902817	21270
0.0008996	21280
0.000896395	21290
0.000893201	21300
0.000890018	21310
0.000886847	21320
0.000883687	21330
0.000880538	21340
0.000877401	21350
0.000874274	21360
0.000871159	21370
0.000868055	21380
0.000864962	21390
0.00086188	21400
0.000858809	21410
0.000855749	21420
0.0008527	21430
0.000849662	21440
0.000846634	21450
0.000843617	21460
0.000840612	21470
0.000837616	21480
0.000834632	21490
0.000831658	21500
0.000828694	21510
0.000825742	21520
0.000822799	21530
0.000819868	21540
0.000816946	21550
0.000814035	21560
0.000811135	21570
0.000808245	21580
0.000805365	21590
0.000802495	21600
0.000799636	21610
0.000796787	21620
0.000793947	21630
0.000791118	21640
0.0007883	21650
0.000785491	21660
0.000782692	21670
0.000779903	21680
0.000777124	21690
0.000774355	21700
0.000771596	21710
0.000768847	21720
0.000766107	21730
0.000763377	21740
0.000760657	21750
0.000757947	21760
0.000755246	21770
0.000752555	21780
0.000749874	21790
0.000747202	21800
0.000744539	21810
0.000741887	21820
0.000739243	21830
0.000736609	21840
0.000733984	21850
0.000731369	21860
0.000728763	21870
0.000726166	21880
0.000723579	21890
0.000721001	21900
0.000718432	21910
0.000715872	21920
0.000713321	21930
0.000710779	21940
0.000708247	21950
0.000705723	21960
0.000703209	21970
0.000700703	21980
0.000698206	21990
0.000695718	22000
0.000693239	22010
0.000690769	22020
0.000688308	22030
0.000685855	22040
0.000683412	22050
0.000680976	22060
0.00067855	22070
0.000676132	22080
0.000673723	22090
0.000671323	22100
0.00066893	22110
0.000666547	22120
0.000664172	22130
0.000661805	22140
0.000659447	22150
0.000657098	22160
0.000654756	22170
0.000652423	22180
0.000650099	22190
0.000647782	22200
0.000645474	22210
0.000643174	22220
0.000640882	22230
0.000638599	22240
0.000636323	22250
0.000634056	22260
0.000631797	22270
0.000629546	22280
0.000627302	22290
0.000625067	22300
0.00062284	22310
0.000620621	22320
0.000618409	22330
0.000616206	22340
0.00061401	22350
0.000611822	22360
0.000609642	22370
0.00060747	22380
0.000605306	22390
0.000603149	22400
0.000601	22410
0.000598858	22420
0.000596724	22430
0.000594598	22440
0.00059248	22450
0.000590368	22460
0.000588265	22470
0.000586169	22480
0.00058408	22490
0.000581999	22500
0.000579925	22510
0.000577859	22520
0.0005758	22530
0.000573748	22540
0.000571704	22550
0.000569667	22560
0.000567637	22570
0.000565614	22580
0.000563599	22590
0.000561591	22600
0.00055959	22610
0.000557596	22620
0.000555609	22630
0.000553629	22640
0.000551657	22650
0.000549691	22660
0.000547732	22670
0.000545781	22680
0.000543836	22690
0.000541898	22700
0.000539967	22710
0.000538043	22720
0.000536126	22730
0.000534216	22740
0.000532312	22750
0.000530416	22760
0.000528526	22770
0.000526643	22780
0.000524766	22790
0.000522896	22800
0.000521033	22810
0.000519177	22820
0.000517327	22830
0.000515483	22840
0.000513647	22850
0.000511816	22860
0.000509993	22870
0.000508176	22880
0.000506365	22890
0.000504561	22900
0.000502763	22910
0.000500971	22920
0.000499186	22930
0.000497408	22940
0.000495635	22950
0.000493869	22960
0.000492109	22970
0.000490356	22980
0.000488609	22990
0.000486868	23000
0.000485133	23010
0.000483404	23020
0.000481682	23030
0.000479966	23040
0.000478255	23050
0.000476551	23060
0.000474853	23070
0.000473161	23080
0.000471475	23090
0.000469795	23100
0.000468121	23110
0.000466453	23120
0.000464791	23130
0.000463135	23140
0.000461485	23150
0.000459841	23160
0.000458202	23170
0.00045657	23180
0.000454943	23190
0.000453322	23200
0.000451706	23210
0.000450097	23220
0.000448493	23230
0.000446895	23240
0.000445303	23250
0.000443716	23260
0.000442135	23270
0.00044056	23280
0.00043899	23290
0.000437426	23300
0.000435867	23310
0.000434314	23320
0.000432767	23330
0.000431224	23340
0.000429688	23350
0.000428157	23360
0.000426631	23370
0.000425111	23380
0.000423596	23390
0.000422087	23400
0.000420583	23410
0.000419085	23420
0.000417591	23430
0.000416103	23440
0.000414621	23450
0.000413143	23460
0.000411671	23470
0.000410204	23480
0.000408743	23490
0.000407286	23500
0.000405835	23510
0.000404389	23520
0.000402948	23530
0.000401512	23540
0.000400082	23550
0.000398656	23560
0.000397236	23570
0.00039582	23580
0.00039441	23590
0.000393005	23600
0.000391604	23610
0.000390209	23620
0.000388818	23630
0.000387433	23640
0.000386053	23650
0.000384677	23660
0.000383306	23670
0.000381941	23680
0.00038058	23690
0.000379224	23700
0.000377872	23710
0.000376526	23720
0.000375184	23730
0.000373847	23740
0.000372515	23750
0.000371188	23760
0.000369865	23770
0.000368548	23780
0.000367234	23790
0.000365926	23800
0.000364622	23810
0.000363323	23820
0.000362028	23830
0.000360738	23840
0.000359453	23850
0.000358172	23860
0.000356896	23870
0.000355624	23880
0.000354357	23890
0.000353094	23900
0.000351836	23910
0.000350583	23920
0.000349333	23930
0.000348089	23940
0.000346848	23950
0.000345613	23960
0.000344381	23970
0.000343154	23980
0.000341931	23990
0.000340713	24000
0.000339499	24010
0.000338289	24020
0.000337084	24030
0.000335883	24040
0.000334686	24050
0.000333493	24060
0.000332305	24070
0.000331121	24080
0.000329941	24090
0.000328766	24100
0.000327594	24110
0.000326427	24120
0.000325264	24130
0.000324105	24140
0.00032295	24150
0.000321799	24160
0.000320653	24170
0.00031951	24180
0.000318372	24190
0.000317237	24200
0.000316107	24210
0.000314981	24220
0.000313858	24230
0.00031274	24240
0.000311626	24250
0.000310515	24260
0.000309409	24270
0.000308306	24280
0.000307208	24290
0.000306113	24300
0.000305022	24310
0.000303936	24320
0.000302853	24330
0.000301773	24340
0.000300698	24350
0.000299627	24360
0.000298559	24370
0.000297495	24380
0.000296435	24390
0.000295379	24400
0.000294327	24410
0.000293278	24420
0.000292233	24430
0.000291192	24440
0.000290154	24450
0.00028912	24460
0.00028809	24470
0.000287063	24480
0.000286041	24490
0.000285021	24500
0.000284006	24510
0.000282994	24520
0.000281985	24530
0.000280981	24540
0.00027998	24550
0.000278982	24560
0.000277988	24570
0.000276997	24580
0.00027601	24590
0.000275027	24600
0.000274047	24610
0.00027307	24620
0.000272097	24630
0.000271128	24640
0.000270162	24650
0.000269199	24660
0.00026824	24670
0.000267284	24680
0.000266332	24690
0.000265383	24700
0.000264437	24710
0.000263495	24720
0.000262556	24730
0.000261621	24740
0.000260688	24750
0.00025976	24760
0.000258834	24770
0.000257912	24780
0.000256993	24790
0.000256077	24800
0.000255165	24810
0.000254255	24820
0.000253349	24830
0.000252447	24840
0.000251547	24850
0.000250651	24860
0.000249758	24870
0.000248868	24880
0.000247981	24890
0.000247098	24900
0.000246217	24910
0.00024534	24920
0.000244466	24930
0.000243595	24940
0.000242727	24950
0.000241862	24960
0.000241	24970
0.000240141	24980
0.000239286	24990
0.000238433	25000
0.000237583	25010
0.000236737	25020
0.000235893	25030
0.000235053	25040
0.000234215	25050
0.000233381	25060
0.000232549	25070
0.00023172	25080
0.000230895	25090
0.000230072	25100
0.000229252	25110
0.000228435	25120
0.000227622	25130
0.00022681	25140
0.000226002	25150
0.000225197	25160
0.000224395	25170
0.000223595	25180
0.000222798	25190
0.000222004	25200
0.000221213	25210
0.000220425	25220
0.00021964	25230
0.000218857	25240
0.000218077	25250
0.0002173	25260
0.000216526	25270
0.000215755	25280
0.000214986	25290
0.00021422	25300
0.000213456	25310
0.000212696	25320
0.000211938	25330
0.000211183	25340
0.00021043	25350
0.000209681	25360
0.000208933	25370
0.000208189	25380
0.000207447	25390
0.000206708	25400
0.000205971	25410
0.000205238	25420
0.000204506	25430
0.000203778	25440
0.000203051	25450
0.000202328	25460
0.000201607	25470
0.000200889	25480
0.000200173	25490
0.00019946	25500
0.000198749	25510
0.000198041	25520
0.000197335	25530
0.000196632	25540
0.000195931	25550
0.000195233	25560
0.000194538	25570
0.000193844	25580
0.000193154	25590
0.000192465	25600
0.00019178	25610
0.000191096	25620
0.000190415	25630
0.000189737	25640
0.000189061	25650
0.000188387	25660
0.000187716	25670
0.000187047	25680
0.000186381	25690
0.000185717	25700
0.000185055	25710
0.000184395	25720
0.000183738	25730
0.000183084	25740
0.000182431	25750
0.000181781	25760
0.000181134	25770
0.000180488	25780
0.000179845	25790
0.000179204	25800
0.000178566	25810
0.000177929	25820
0.000177295	25830
0.000176664	25840
0.000176034	25850
0.000175407	25860
0.000174782	25870
0.000174159	25880
0.000173539	25890
0.00017292	25900
0.000172304	25910
0.00017169	25920
0.000171078	25930
0.000170469	25940
0.000169861	25950
0.000169256	25960
0.000168653	25970
0.000168052	25980
0.000167453	25990
0.000166857	26000
0.000166262	26010
0.00016567	26020
0.000165079	26030
0.000164491	26040
0.000163905	26050
0.000163321	26060
0.000162739	26070
0.000162159	26080
0.000161582	26090
0.000161006	26100
0.000160432	26110
0.00015986	26120
0.000159291	26130
0.000158723	26140
0.000158158	26150
0.000157594	26160
0.000157033	26170
0.000156473	26180
0.000155916	26190
0.00015536	26200
0.000154806	26210
0.000154255	26220
0.000153705	26230
0.000153158	26240
0.000152612	26250
0.000152068	26260
0.000151526	26270
0.000150986	26280
0.000150448	26290
0.000149912	26300
0.000149378	26310
0.000148846	26320
0.000148315	26330
0.000147787	26340
0.00014726	26350
0.000146736	26360
0.000146213	26370
0.000145692	26380
0.000145173	26390
0.000144655	26400
0.00014414	26410
0.000143626	26420
0.000143115	26430
0.000142605	26440
0.000142097	26450
0.00014159	26460
0.000141086	26470
0.000140583	26480
0.000140082	26490
0.000139583	26500
0.000139086	26510
0.00013859	26520
0.000138096	26530
0.000137604	26540
0.000137114	26550
0.000136625	26560
0.000136139	26570
0.000135653	26580
0.00013517	26590
0.000134688	26600
0.000134209	26610
0.00013373	26620
0.000133254	26630
0.000132779	26640
0.000132306	26650
0.000131834	26660
0.000131365	26670
0.000130897	26680
0.00013043	26690
0.000129966	26700
0.000129502	26710
0.000129041	26720
0.000128581	26730
0.000128123	26740
0.000127667	26750
0.000127212	26760
0.000126758	26770
0.000126307	26780
0.000125857	26790
0.000125408	26800
0.000124961	26810
0.000124516	26820
0.000124072	26830
0.00012363	26840
0.00012319	26850
0.000122751	26860
0.000122313	26870
0.000121878	26880
0.000121443	26890
0.000121011	26900
0.000120579	26910
0.00012015	26920
0.000119722	26930
0.000119295	26940
0.00011887	26950
0.000118447	26960
0.000118024	26970
0.000117604	26980
0.000117185	26990
0.000116767	27000
0.000116351	27010
0.000115937	27020
0.000115524	27030
0.000115112	27040
0.000114702	27050
0.000114293	27060
0.000113886	27070
0.00011348	27080
0.000113076	27090
0.000112673	27100
0.000112271	27110
0.000111871	27120
0.000111473	27130
0.000111075	27140
0.00011068	27150
0.000110285	27160
0.000109892	27170
0.000109501	27180
0.000109111	27190
0.000108722	27200
0.000108334	27210
0.000107948	27220
0.000107564	27230
0.000107181	27240
0.000106799	27250
0.000106418	27260
0.000106039	27270
0.000105661	27280
0.000105285	27290
0.000104909	27300
0.000104536	27310
0.000104163	27320
0.000103792	27330
0.000103422	27340
0.000103054	27350
0.000102686	27360
0.000102321	27370
0.000101956	27380
0.000101593	27390
0.000101231	27400
0.00010087	27410
0.000100511	27420
0.000100152	27430
9.97956e-05	27440
9.944e-05	27450
9.90857e-05	27460
9.87327e-05	27470
9.83809e-05	27480
9.80303e-05	27490
9.7681e-05	27500
9.7333e-05	27510
9.69862e-05	27520
9.66406e-05	27530
9.62962e-05	27540
9.59531e-05	27550
9.56112e-05	27560
9.52705e-05	27570
9.49311e-05	27580
9.45928e-05	27590
9.42558e-05	27600
9.39199e-05	27610
9.35853e-05	27620
9.32518e-05	27630
9.29195e-05	27640
9.25885e-05	27650
9.22585e-05	27660
9.19298e-05	27670
9.16023e-05	27680
9.12759e-05	27690
9.09506e-05	27700
9.06266e-05	27710
9.03036e-05	27720
8.99819e-05	27730
8.96613e-05	27740
8.93418e-05	27750
8.90234e-05	27760
8.87062e-05	27770
8.83902e-05	27780
8.80752e-05	27790
8.77614e-05	27800
8.74487e-05	27810
8.71371e-05	27820
8.68266e-05	27830
8.65172e-05	27840
8.62089e-05	27850
8.59018e-05	27860
8.55957e-05	27870
8.52907e-05	27880
8.49868e-05	27890
8.4684e-05	27900
8.43822e-05	27910
8.40816e-05	27920
8.3782e-05	27930
8.34834e-05	27940
8.3186e-05	27950
8.28896e-05	27960
8.25942e-05	27970
8.22999e-05	27980
8.20067e-05	27990
8.17145e-05	28000
8.14233e-05	28010
8.11332e-05	28020
8.08441e-05	28030
8.0556e-05	28040
8.0269e-05	28050
7.9983e-05	28060
7.9698e-05	28070
7.9414e-05	28080
7.91311e-05	28090
7.88491e-05	28100
7.85681e-05	28110
7.82882e-05	28120
7.80092e-05	28130
7.77313e-05	28140
7.74543e-05	28150
7.71783e-05	28160
7.69033e-05	28170
7.66293e-05	28180
7.63563e-05	28190
7.60842e-05	28200
7.58131e-05	28210
7.5543e-05	28220
7.52738e-05	28230
7.50056e-05	28240
7.47383e-05	28250
7.4472e-05	28260
7.42067e-05	28270
7.39423e-05	28280
7.36788e-05	28290
7.34163e-05	28300
7.31547e-05	28310
7.2894e-05	28320
7.26343e-05	28330
7.23755e-05	28340
7.21176e-05	28350
7.18606e-05	28360
7.16046e-05	28370
7.13494e-05	28380
7.10952e-05	28390
7.08419e-05	28400
7.05894e-05	28410
7.03379e-05	28420
7.00873e-05	28430
6.98376e-05	28440
6.95887e-05	28450
6.93408e-05	28460
6.90937e-05	28470
6.88475e-05	28480
6.86022e-05	28490
6.83578e-05	28500
6.81142e-05	28510
6.78715e-05	28520
6.76296e-05	28530
6.73887e-05	28540
6.71486e-05	28550
6.69093e-05	28560
6.66709e-05	28570
6.64333e-05	28580
6.61966e-05	28590
6.59607e-05	28600
6.57257e-05	28610
6.54915e-05	28620
6.52582e-05	28630
6.50256e-05	28640
6.47939e-05	28650
6.45631e-05	28660
6.4333e-05	28670
6.41038e-05	28680
6.38754e-05	28690
6.36478e-05	28700
6.3421e-05	28710
6.3195e-05	28720
6.29698e-05	28730
6.27455e-05	28740
6.25219e-05	28750
6.22991e-05	28760
6.20771e-05	28770
6.1856e-05	28780
6.16355e-05	28790
6.14159e-05	28800
6.11971e-05	28810
6.0979e-05	28820
6.07618e-05	28830
6.05453e-05	28840
6.03295e-05	28850
6.01146e-05	28860
5.99004e-05	28870
5.96869e-05	28880
5.94743e-05	28890
5.92623e-05	28900
5.90512e-05	28910
5.88408e-05	28920
5.86311e-05	28930
5.84222e-05	28940
5.8214e-05	28950
5.80066e-05	28960
5.77999e-05	28970
5.7594e-05	28980
5.73888e-05	28990
5.71843e-05	29000
5.69805e-05	29010
5.67775e-05	29020
5.65752e-05	29030
5.63736e-05	29040
5.61727e-05	29050
5.59726e-05	29060
5.57731e-05	29070
5.55744e-05	29080
5.53764e-05	29090
5.51791e-05	29100
5.49825e-05	29110
5.47865e-05	29120
5.45913e-05	29130
5.43968e-05	29140
5.4203e-05	29150
5.40098e-05	29160
5.38174e-05	29170
5.36256e-05	29180
5.34346e-05	29190
5.32442e-05	29200
5.30545e-05	29210
5.28654e-05	29220
5.2677e-05	29230
5.24893e-05	29240
5.23023e-05	29250
5.2116e-05	29260
5.19303e-05	29270
5.17452e-05	29280
5.15608e-05	29290
5.13771e-05	29300
5.11941e-05	29310
5.10117e-05	29320
5.08299e-05	29330
5.06488e-05	29340
5.04683e-05	29350
5.02885e-05	29360
5.01093e-05	29370
4.99307e-05	29380
4.97528e-05	29390
4.95756e-05	29400
4.93989e-05	29410
4.92229e-05	29420
4.90475e-05	29430
4.88727e-05	29440
4.86986e-05	29450
4.85251e-05	29460
4.83522e-05	29470
4.81799e-05	29480
4.80082e-05	29490
4.78372e-05	29500
4.76667e-05	29510
4.74969e-05	29520
4.73276e-05	29530
4.7159e-05	29540
4.6991e-05	29550
4.68235e-05	29560
4.66567e-05	29570
4.64904e-05	29580
4.63248e-05	29590
4.61597e-05	29600
4.59952e-05	29610
4.58314e-05	29620
4.5668e-05	29630
4.55053e-05	29640
4.53432e-05	29650
4.51816e-05	29660
4.50206e-05	29670
4.48602e-05	29680
4.47004e-05	29690
4.45411e-05	29700
4.43824e-05	29710
4.42242e-05	29720
4.40667e-05	29730
4.39096e-05	29740
4.37532e-05	29750
4.35973e-05	29760
4.34419e-05	29770
4.32872e-05	29780
4.31329e-05	29790
4.29792e-05	29800
4.28261e-05	29810
4.26735e-05	29820
4.25214e-05	29830
4.23699e-05	29840
4.2219e-05	29850
4.20685e-05	29860
4.19186e-05	29870
4.17693e-05	29880
4.16204e-05	29890
4.14721e-05	29900
4.13244e-05	29910
4.11771e-05	29920
4.10304e-05	29930
4.08842e-05	29940
4.07385e-05	29950
4.05934e-05	29960
4.04487e-05	29970
4.03046e-05	29980
4.0161e-05	29990
4.00179e-05	30000
3.98753e-05	30010
3.97332e-05	30020
3.95916e-05	30030
3.94506e-05	30040
3.931e-05	30050
3.91699e-05	30060
3.90304e-05	30070
3.88913e-05	30080
3.87527e-05	30090
3.86146e-05	30100
3.8477e-05	30110
3.83399e-05	30120
3.82033e-05	30130
3.80672e-05	30140
3.79316e-05	30150
3.77964e-05	30160
3.76617e-05	30170
3.75275e-05	30180
3.73938e-05	30190
3.72606e-05	30200
3.71278e-05	30210
3.69955e-05	30220
3.68637e-05	30230
3.67324e-05	30240
3.66015e-05	30250
3.64711e-05	30260
3.63411e-05	30270
3.62116e-05	30280
3.60826e-05	30290
3.5954e-05	30300
3.58259e-05	30310
3.56983e-05	30320
3.55711e-05	30330
3.54443e-05	30340
3.5318e-05	30350
3.51922e-05	30360
3.50668e-05	30370
3.49418e-05	30380
3.48173e-05	30390
3.46933e-05	30400
3.45696e-05	30410
3.44465e-05	30420
3.43237e-05	30430
3.42014e-05	30440
3.40796e-05	30450
3.39581e-05	30460
3.38371e-05	30470
3.37166e-05	30480
3.35964e-05	30490
3.34767e-05	30500
3.33574e-05	30510
3.32386e-05	30520
3.31201e-05	30530
3.30021e-05	30540
3.28845e-05	30550
3.27674e-05	30560
3.26506e-05	30570
3.25343e-05	30580
3.24184e-05	30590
3.23028e-05	30600
3.21877e-05	30610
3.2073e-05	30620
3.19588e-05	30630
3.18449e-05	30640
3.17314e-05	30650
3.16184e-05	30660
3.15057e-05	30670
3.13934e-05	30680
3.12816e-05	30690
3.11701e-05	30700
3.10591e-05	30710
3.09484e-05	30720
3.08381e-05	30730
3.07282e-05	30740
3.06187e-05	30750
3.05096e-05	30760
3.04009e-05	30770
3.02926e-05	30780
3.01847e-05	30790
3.00771e-05	30800
2.99699e-05	30810
2.98632e-05	30820
2.97568e-05	30830
2.96507e-05	30840
2.95451e-05	30850
2.94398e-05	30860
2.93349e-05	30870
2.92304e-05	30880
2.91262e-05	30890
2.90224e-05	30900
2.8919e-05	30910
2.8816e-05	30920
2.87133e-05	30930
2.8611e-05	30940
2.85091e-05	30950
2.84075e-05	30960
2.83063e-05	30970
2.82054e-05	30980
2.81049e-05	30990
2.80048e-05	31000
2.7905e-05	31010
2.78055e-05	31020
2.77065e-05	31030
2.76077e-05	31040
2.75094e-05	31050
2.74113e-05	31060
2.73137e-05	31070
2.72164e-05	31080
2.71194e-05	31090
2.70227e-05	31100
2.69265e-05	31110
2.68305e-05	31120
2.67349e-05	31130
2.66397e-05	31140
2.65447e-05	31150
2.64502e-05	31160
2.63559e-05	31170
2.6262e-05	31180
2.61684e-05	31190
2.60752e-05	31200
2.59823e-05	31210
2.58897e-05	31220
2.57974e-05	31230
2.57055e-05	31240
2.56139e-05	31250
2.55227e-05	31260
2.54317e-05	31270
2.53411e-05	31280
2.52508e-05	31290
2.51608e-05	31300
2.50712e-05	31310
2.49818e-05	31320
2.48928e-05	31330
2.48041e-05	31340
2.47158e-05	31350
2.46277e-05	31360
2.45399e-05	31370
2.44525e-05	31380
2.43654e-05	31390
2.42786e-05	31400
2.4192e-05	31410
2.41058e-05	31420
2.40199e-05	31430
2.39344e-05	31440
2.38491e-05	31450
2.37641e-05	31460
2.36794e-05	31470
2.35951e-05	31480
2.3511e-05	31490
2.34272e-05	31500
2.33437e-05	31510
2.32606e-05	31520
2.31777e-05	31530
2.30951e-05	31540
2.30128e-05	31550
2.29308e-05	31560
2.28491e-05	31570
2.27677e-05	31580
2.26866e-05	31590
2.26057e-05	31600
2.25252e-05	31610
2.24449e-05	31620
2.23649e-05	31630
2.22852e-05	31640
2.22058e-05	31650
2.21267e-05	31660
2.20479e-05	31670
2.19693e-05	31680
2.1891e-05	31690
2.1813e-05	31700
2.17353e-05	31710
2.16579e-05	31720
2.15807e-05	31730
2.15038e-05	31740
2.14272e-05	31750
2.13508e-05	31760
2.12748e-05	31770
2.11989e-05	31780
2.11234e-05	31790
2.10481e-05	31800
2.09731e-05	31810
2.08984e-05	31820
2.0824e-05	31830
2.07498e-05	31840
2.06758e-05	31850
2.06021e-05	31860
2.05287e-05	31870
2.04556e-05	31880
2.03827e-05	31890
2.03101e-05	31900
2.02377e-05	31910
2.01656e-05	31920
2.00937e-05	31930
2.00221e-05	31940
1.99508e-05	31950
1.98797e-05	31960
1.98089e-05	31970
1.97383e-05	31980
1.9668e-05	31990
1.95979e-05	32000
1.95281e-05	32010
1.94585e-05	32020
1.93891e-05	32030
1.93201e-05	32040
1.92512e-05	32050
1.91826e-05	32060
1.91143e-05	32070
1.90462e-05	32080
1.89783e-05	32090
1.89107e-05	32100
1.88433e-05	32110
1.87762e-05	32120
1.87093e-05	32130
1.86426e-05	32140
1.85762e-05	32150
1.851e-05	32160
1.8444e-05	32170
1.83783e-05	32180
1.83128e-05	32190
1.82476e-05	32200
1.81825e-05	32210
1.81178e-05	32220
1.80532e-05	32230
1.79889e-05	32240
1.79248e-05	32250
1.78609e-05	32260
1.77973e-05	32270
1.77339e-05	32280
1.76707e-05	32290
1.76077e-05	32300
1.7545e-05	32310
1.74824e-05	32320
1.74202e-05	32330
1.73581e-05	32340
1.72962e-05	32350
1.72346e-05	32360
1.71732e-05	32370
1.7112e-05	32380
1.7051e-05	32390
1.69903e-05	32400
1.69297e-05	32410
1.68694e-05	32420
1.68093e-05	32430
1.67494e-05	32440
1.66897e-05	32450
1.66303e-05	32460
1.6571e-05	32470
1.6512e-05	32480
1.64531e-05	32490
1.63945e-05	32500
1.63361e-05	32510
1.62779e-05	32520
1.62199e-05	32530
1.61621e-05	32540
1.61045e-05	32550
1.60471e-05	32560
1.59899e-05	32570
1.5933e-05	32580
1.58762e-05	32590
1.58196e-05	32600
1.57632e-05	32610
1.57071e-05	32620
1.56511e-05	32630
1.55953e-05	32640
1.55398e-05	32650
1.54844e-05	32660
1.54292e-05	32670
1.53743e-05	32680
1.53195e-05	32690
1.52649e-05	32700
1.52105e-05	32710
1.51563e-05	32720
1.51023e-05	32730
1.50485e-05	32740
1.49949e-05	32750
1.49414e-05	32760
1.48882e-05	32770
1.48351e-05	32780
1.47823e-05	32790
1.47296e-05	32800
1.46771e-05	32810
1.46248e-05	32820
1.45727e-05	32830
1.45208e-05	32840
1.44691e-05	32850
1.44175e-05	32860
1.43661e-05	32870
1.43149e-05	32880
1.42639e-05	32890
1.42131e-05	32900
1.41625e-05	32910
1.4112e-05	32920
1.40617e-05	32930
1.40116e-05	32940
1.39617e-05	32950
1.39119e-05	32960
1.38624e-05	32970
1.3813e-05	32980
1.37638e-05	32990
1.37147e-05	33000
1.36659e-05	33010
1.36172e-05	33020
1.35686e-05	33030
1.35203e-05	33040
1.34721e-05	33050
1.34241e-05	33060
1.33763e-05	33070
1.33286e-05	33080
1.32811e-05	33090
1.32338e-05	33100
1.31866e-05	33110
1.31397e-05	33120
1.30928e-05	33130
1.30462e-05	33140
1.29997e-05	33150
1.29534e-05	33160
1.29072e-05	33170
1.28612e-05	33180
1.28154e-05	33190
1.27698e-05	33200
1.27243e-05	33210
1.26789e-05	33220
1.26337e-05	33230
1.25887e-05	33240
1.25439e-05	33250
1.24992e-05	33260
1.24546e-05	33270
1.24103e-05	33280
1.2366e-05	33290
1.2322e-05	33300
1.22781e-05	33310
1.22343e-05	33320
1.21907e-05	33330
1.21473e-05	33340
1.2104e-05	33350
1.20609e-05	33360
1.20179e-05	33370
1.19751e-05	33380
1.19324e-05	33390
1.18899e-05	33400
1.18475e-05	33410
1.18053e-05	33420
1.17632e-05	33430
1.17213e-05	33440
1.16796e-05	33450
1.1638e-05	33460
1.15965e-05	33470
1.15552e-05	33480
1.1514e-05	33490
1.1473e-05	33500
1.14321e-05	33510
1.13914e-05	33520
1.13508e-05	33530
1.13103e-05	33540
1.127e-05	33550
1.12299e-05	33560
1.11898e-05	33570
1.115e-05	33580
1.11102e-05	33590
1.10707e-05	33600
1.10312e-05	33610
1.09919e-05	33620
1.09527e-05	33630
1.09137e-05	33640
1.08748e-05	33650
1.08361e-05	33660
1.07975e-05	33670
1.0759e-05	33680
1.07207e-05	33690
1.06825e-05	33700
1.06444e-05	33710
1.06065e-05	33720
1.05687e-05	33730
1.0531e-05	33740
1.04935e-05	33750
1.04561e-05	33760
1.04188e-05	33770
1.03817e-05	33780
1.03447e-05	33790
1.03079e-05	33800
1.02711e-05	33810
1.02345e-05	33820
1.01981e-05	33830
1.01617e-05	33840
1.01255e-05	33850
1.00895e-05	33860
1.00535e-05	33870
1.00177e-05	33880
9.98199e-06	33890
9.94642e-06	33900
9.91098e-06	33910
9.87566e-06	33920
9.84047e-06	33930
9.80541e-06	33940
9.77047e-06	33950
9.73566e-06	33960
9.70097e-06	33970
9.6664e-06	33980
9.63196e-06	33990
9.59764e-06	34000
9.56344e-06	34010
9.52937e-06	34020
9.49541e-06	34030
9.46158e-06	34040
9.42787e-06	34050
9.39427e-06	34060
9.3608e-06	34070
9.32744e-06	34080
9.29421e-06	34090
9.26109e-06	34100
9.22809e-06	34110
9.19521e-06	34120
9.16245e-06	34130
9.1298e-06	34140
9.09727e-06	34150
9.06486e-06	34160
9.03256e-06	34170
9.00037e-06	34180
8.9683e-06	34190
8.93635e-06	34200
8.90451e-06	34210
8.87278e-06	34220
8.84116e-06	34230
8.80966e-06	34240
8.77827e-06	34250
8.74699e-06	34260
8.71582e-06	34270
8.68477e-06	34280
8.65382e-06	34290
8.62299e-06	34300
8.59226e-06	34310
8.56165e-06	34320
8.53114e-06	34330
8.50074e-06	34340
8.47045e-06	34350
8.44027e-06	34360
8.4102e-06	34370
8.38023e-06	34380
8.35037e-06	34390
8.32062e-06	34400
8.29097e-06	34410
8.26143e-06	34420
8.23199e-06	34430
8.20266e-06	34440
8.17343e-06	34450
8.14431e-06	34460
8.11529e-06	34470
8.08637e-06	34480
8.05756e-06	34490
8.02885e-06	34500
8.00024e-06	34510
7.97173e-06	34520
7.94333e-06	34530
7.91503e-06	34540
7.88682e-06	34550
7.85872e-06	34560
7.83072e-06	34570
7.80282e-06	34580
7.77502e-06	34590
7.74731e-06	34600
7.71971e-06	34610
7.6922e-06	34620
7.66479e-06	34630
7.63748e-06	34640
7.61027e-06	34650
7.58315e-06	34660
7.55613e-06	34670
7.52921e-06	34680
7.50238e-06	34690
7.47565e-06	34700
7.44901e-06	34710
7.42247e-06	34720
7.39602e-06	34730
7.36967e-06	34740
7.34341e-06	34750
7.31724e-06	34760
7.29117e-06	34770
7.26519e-06	34780
7.2393e-06	34790
7.21351e-06	34800
7.18781e-06	34810
7.16219e-06	34820
7.13667e-06	34830
7.11125e-06	34840
7.08591e-06	34850
7.06066e-06	34860
7.0355e-06	34870
7.01043e-06	34880
6.98545e-06	34890
6.96056e-06	34900
6.93576e-06	34910
6.91105e-06	34920
6.88642e-06	34930
6.86188e-06	34940
6.83743e-06	34950
6.81307e-06	34960
6.7888e-06	34970
6.76461e-06	34980
6.7405e-06	34990
6.71649e-06	35000
6.69255e-06	35010
6.66871e-06	35020
6.64495e-06	35030
6.62127e-06	35040
6.59768e-06	35050
6.57417e-06	35060
6.55074e-06	35070
6.5274e-06	35080
6.50414e-06	35090
6.48097e-06	35100
6.45787e-06	35110
6.43486e-06	35120
6.41194e-06	35130
6.38909e-06	35140
6.36632e-06	35150
6.34364e-06	35160
6.32104e-06	35170
6.29851e-06	35180
6.27607e-06	35190
6.25371e-06	35200
6.23142e-06	35210
6.20922e-06	35220
6.1871e-06	35230
6.16505e-06	35240
6.14308e-06	35250
6.1212e-06	35260
6.09938e-06	35270
6.07765e-06	35280
6.056e-06	35290
6.03442e-06	35300
6.01292e-06	35310
5.99149e-06	35320
5.97014e-06	35330
5.94887e-06	35340
5.92767e-06	35350
5.90655e-06	35360
5.88551e-06	35370
5.86453e-06	35380
5.84364e-06	35390
5.82282e-06	35400
5.80207e-06	35410
5.7814e-06	35420
5.7608e-06	35430
5.74027e-06	35440
5.71982e-06	35450
5.69943e-06	35460
5.67913e-06	35470
5.65889e-06	35480
5.63873e-06	35490
5.61864e-06	35500
5.59862e-06	35510
5.57867e-06	35520
5.55879e-06	35530
5.53898e-06	35540
5.51925e-06	35550
5.49958e-06	35560
5.47998e-06	35570
5.46046e-06	35580
5.441e-06	35590
5.42161e-06	35600
5.4023e-06	35610
5.38305e-06	35620
5.36387e-06	35630
5.34475e-06	35640
5.32571e-06	35650
5.30673e-06	35660
5.28782e-06	35670
5.26898e-06	35680
5.25021e-06	35690
5.2315e-06	35700
5.21286e-06	35710
5.19429e-06	35720
5.17578e-06	35730
5.15734e-06	35740
5.13896e-06	35750
5.12065e-06	35760
5.1024e-06	35770
5.08422e-06	35780
5.06611e-06	35790
5.04806e-06	35800
5.03007e-06	35810
5.01215e-06	35820
4.99429e-06	35830
4.97649e-06	35840
4.95876e-06	35850
4.94109e-06	35860
4.92348e-06	35870
4.90594e-06	35880
4.88846e-06	35890
4.87104e-06	35900
4.85369e-06	35910
4.83639e-06	35920
4.81916e-06	35930
4.80199e-06	35940
4.78488e-06	35950
4.76783e-06	35960
4.75084e-06	35970
4.73391e-06	35980
4.71704e-06	35990
4.70024e-06	36000
4.68349e-06	36010
4.6668e-06	36020
4.65017e-06	36030
4.6336e-06	36040
4.61709e-06	36050
4.60064e-06	36060
4.58425e-06	36070
4.56791e-06	36080
4.55164e-06	36090
4.53542e-06	36100
4.51926e-06	36110
4.50316e-06	36120
4.48711e-06	36130
4.47112e-06	36140
4.45519e-06	36150
4.43932e-06	36160
4.4235e-06	36170
4.40774e-06	36180
4.39203e-06	36190
4.37638e-06	36200
4.36079e-06	36210
4.34525e-06	36220
4.32977e-06	36230
4.31434e-06	36240
4.29897e-06	36250
4.28365e-06	36260
4.26839e-06	36270
4.25318e-06	36280
4.23802e-06	36290
4.22292e-06	36300
4.20787e-06	36310
4.19288e-06	36320
4.17794e-06	36330
4.16305e-06	36340
4.14822e-06	36350
4.13344e-06	36360
4.11871e-06	36370
4.10404e-06	36380
4.08941e-06	36390
4.07484e-06	36400
4.06032e-06	36410
4.04585e-06	36420
4.03144e-06	36430
4.01707e-06	36440
4.00276e-06	36450
3.9885e-06	36460
3.97429e-06	36470
3.96013e-06	36480
3.94601e-06	36490
3.93195e-06	36500
3.91794e-06	36510
3.90398e-06	36520
3.89007e-06	36530
3.87621e-06	36540
3.8624e-06	36550
3.84864e-06	36560
3.83493e-06	36570
3.82126e-06	36580
3.80764e-06	36590
3.79408e-06	36600
3.78056e-06	36610
3.76709e-06	36620
3.75367e-06	36630
3.74029e-06	36640
3.72696e-06	36650
3.71368e-06	36660
3.70045e-06	36670
3.68727e-06	36680
3.67413e-06	36690
3.66104e-06	36700
3.64799e-06	36710
3.63499e-06	36720
3.62204e-06	36730
3.60913e-06	36740
3.59627e-06	36750
3.58346e-06	36760
3.57069e-06	36770
3.55797e-06	36780
3.54529e-06	36790
3.53266e-06	36800
3.52007e-06	36810
3.50753e-06	36820
3.49503e-06	36830
3.48258e-06	36840
3.47017e-06	36850
3.4578e-06	36860
3.44548e-06	36870
3.43321e-06	36880
3.42097e-06	36890
3.40878e-06	36900
3.39664e-06	36910
3.38454e-06	36920
3.37248e-06	36930
3.36046e-06	36940
3.34849e-06	36950
3.33655e-06	36960
3.32467e-06	36970
3.31282e-06	36980
3.30101e-06	36990
3.28925e-06	37000
3.27753e-06	37010
3.26585e-06	37020
3.25422e-06	37030
3.24262e-06	37040
3.23107e-06	37050
3.21956e-06	37060
3.20808e-06	37070
3.19665e-06	37080
3.18526e-06	37090
3.17391e-06	37100
3.1626e-06	37110
3.15133e-06	37120
3.14011e-06	37130
3.12892e-06	37140
3.11777e-06	37150
3.10666e-06	37160
3.09559e-06	37170
3.08456e-06	37180
3.07357e-06	37190
3.06262e-06	37200
3.0517e-06	37210
3.04083e-06	37220
3.03e-06	37230
3.0192e-06	37240
3.00844e-06	37250
2.99772e-06	37260
2.98704e-06	37270
2.9764e-06	37280
2.96579e-06	37290
2.95522e-06	37300
2.94469e-06	37310
2.9342e-06	37320
2.92375e-06	37330
2.91333e-06	37340
2.90295e-06	37350
2.89261e-06	37360
2.8823e-06	37370
2.87203e-06	37380
2.86179e-06	37390
2.8516e-06	37400
2.84144e-06	37410
2.83131e-06	37420
2.82122e-06	37430
2.81117e-06	37440
2.80116e-06	37450
2.79117e-06	37460
2.78123e-06	37470
2.77132e-06	37480
2.76144e-06	37490
2.7516e-06	37500
2.7418e-06	37510
2.73203e-06	37520
2.7223e-06	37530
2.7126e-06	37540
2.70293e-06	37550
2.6933e-06	37560
2.6837e-06	37570
2.67414e-06	37580
2.66461e-06	37590
2.65512e-06	37600
2.64566e-06	37610
2.63623e-06	37620
2.62684e-06	37630
2.61748e-06	37640
2.60815e-06	37650
2.59886e-06	37660
2.5896e-06	37670
2.58037e-06	37680
2.57118e-06	37690
2.56201e-06	37700
2.55289e-06	37710
2.54379e-06	37720
2.53473e-06	37730
2.52569e-06	37740
2.51669e-06	37750
2.50773e-06	37760
2.49879e-06	37770
2.48989e-06	37780
2.48102e-06	37790
2.47218e-06	37800
2.46337e-06	37810
2.45459e-06	37820
2.44584e-06	37830
2.43713e-06	37840
2.42844e-06	37850
2.41979e-06	37860
2.41117e-06	37870
2.40258e-06	37880
2.39402e-06	37890
2.38549e-06	37900
2.37699e-06	37910
2.36852e-06	37920
2.36008e-06	37930
2.35167e-06	37940
2.34329e-06	37950
2.33494e-06	37960
2.32662e-06	37970
2.31833e-06	37980
2.31007e-06	37990
2.30184e-06	38000
2.29364e-06	38010
2.28546e-06	38020
2.27732e-06	38030
2.26921e-06	38040
2.26112e-06	38050
2.25306e-06	38060
2.24504e-06	38070
2.23704e-06	38080
2.22907e-06	38090
2.22112e-06	38100
2.21321e-06	38110
2.20532e-06	38120
2.19746e-06	38130
2.18963e-06	38140
2.18183e-06	38150
2.17406e-06	38160
2.16631e-06	38170
2.15859e-06	38180
2.1509e-06	38190
2.14324e-06	38200
2.1356e-06	38210
2.12799e-06	38220
2.12041e-06	38230
2.11285e-06	38240
2.10533e-06	38250
2.09782e-06	38260
2.09035e-06	38270
2.0829e-06	38280
2.07548e-06	38290
2.06808e-06	38300
2.06071e-06	38310
2.05337e-06	38320
2.04606e-06	38330
2.03877e-06	38340
2.0315e-06	38350
2.02426e-06	38360
2.01705e-06	38370
2.00986e-06	38380
2.0027e-06	38390
1.99556e-06	38400
1.98845e-06	38410
1.98137e-06	38420
1.97431e-06	38430
1.96727e-06	38440
1.96026e-06	38450
1.95328e-06	38460
1.94632e-06	38470
1.93939e-06	38480
1.93247e-06	38490
1.92559e-06	38500
1.91873e-06	38510
1.91189e-06	38520
1.90508e-06	38530
1.89829e-06	38540
1.89153e-06	38550
1.88479e-06	38560
1.87807e-06	38570
1.87138e-06	38580
1.86471e-06	38590
1.85807e-06	38600
1.85145e-06	38610
1.84485e-06	38620
1.83828e-06	38630
1.83173e-06	38640
1.8252e-06	38650
1.8187e-06	38660
1.81222e-06	38670
1.80576e-06	38680
1.79932e-06	38690
1.79291e-06	38700
1.78652e-06	38710
1.78016e-06	38720
1.77382e-06	38730
1.7675e-06	38740
1.7612e-06	38750
1.75492e-06	38760
1.74867e-06	38770
1.74244e-06	38780
1.73623e-06	38790
1.73004e-06	38800
1.72388e-06	38810
1.71774e-06	38820
1.71162e-06	38830
1.70552e-06	38840
1.69944e-06	38850
1.69338e-06	38860
1.68735e-06	38870
1.68134e-06	38880
1.67535e-06	38890
1.66938e-06	38900
1.66343e-06	38910
1.6575e-06	38920
1.6516e-06	38930
1.64571e-06	38940
1.63985e-06	38950
1.634e-06	38960
1.62818e-06	38970
1.62238e-06	38980
1.6166e-06	38990
1.61084e-06	39000
1.6051e-06	39010
1.59938e-06	39020
1.59368e-06	39030
1.588e-06	39040
1.58235e-06	39050
1.57671e-06	39060
1.57109e-06	39070
1.56549e-06	39080
1.55991e-06	39090
1.55435e-06	39100
1.54882e-06	39110
1.5433e-06	39120
1.5378e-06	39130
1.53232e-06	39140
1.52686e-06	39150
1.52142e-06	39160
1.516e-06	39170
1.5106e-06	39180
1.50521e-06	39190
1.49985e-06	39200
1.49451e-06	39210
1.48918e-06	39220
1.48387e-06	39230
1.47859e-06	39240
1.47332e-06	39250
1.46807e-06	39260
1.46284e-06	39270
1.45763e-06	39280
1.45243e-06	39290
1.44726e-06	39300
1.4421e-06	39310
1.43696e-06	39320
1.43184e-06	39330
1.42674e-06	39340
1.42166e-06	39350
1.41659e-06	39360
1.41154e-06	39370
1.40651e-06	39380
1.4015e-06	39390
1.39651e-06	39400
1.39153e-06	39410
1.38657e-06	39420
1.38163e-06	39430
1.37671e-06	39440
1.3718e-06	39450
1.36692e-06	39460
1.36205e-06	39470
1.35719e-06	39480
1.35236e-06	39490
1.34754e-06	39500
1.34274e-06	39510
1.33795e-06	39520
1.33319e-06	39530
1.32844e-06	39540
1.3237e-06	39550
1.31899e-06	39560
1.31429e-06	39570
1.3096e-06	39580
1.30494e-06	39590
1.30029e-06	39600
1.29565e-06	39610
1.29104e-06	39620
1.28644e-06	39630
1.28185e-06	39640
1.27729e-06	39650
1.27273e-06	39660
1.2682e-06	39670
1.26368e-06	39680
1.25918e-06	39690
1.25469e-06	39700
1.25022e-06	39710
1.24577e-06	39720
1.24133e-06	39730
1.2369e-06	39740
1.2325e-06	39750
1.2281e-06	39760
1.22373e-06	39770
1.21937e-06	39780
1.21502e-06	39790
1.21069e-06	39800
1.20638e-06	39810
1.20208e-06	39820
1.1978e-06	39830
1.19353e-06	39840
1.18928e-06	39850
1.18504e-06	39860
1.18082e-06	39870
1.17661e-06	39880
1.17242e-06	39890
1.16824e-06	39900
1.16408e-06	39910
1.15993e-06	39920
1.1558e-06	39930
1.15168e-06	39940
1.14758e-06	39950
1.14349e-06	39960
1.13941e-06	39970
1.13535e-06	39980
1.13131e-06	39990
1.12728e-06	40000
1.12326e-06	40010
1.11926e-06	40020
1.11527e-06	40030
1.11129e-06	40040
1.10733e-06	40050
1.10339e-06	40060
1.09946e-06	40070
1.09554e-06	40080
1.09164e-06	40090
1.08775e-06	40100
1.08387e-06	40110
1.08001e-06	40120
1.07616e-06	40130
1.07233e-06	40140
1.06851e-06	40150
1.0647e-06	40160
1.0609e-06	40170
1.05712e-06	40180
1.05336e-06	40190
1.0496e-06	40200
1.04586e-06	40210
1.04214e-06	40220
1.03842e-06	40230
1.03472e-06	40240
1.03104e-06	40250
1.02736e-06	40260
1.0237e-06	40270
1.02006e-06	40280
1.01642e-06	40290
1.0128e-06	40300
1.00919e-06	40310
1.00559e-06	40320
1.00201e-06	40330
9.98441e-07	40340
