2.26583e-05	0
2.18644e-05	10
2.1454e-05	20
2.11363e-05	30
2.08675e-05	40
2.06302e-05	50
2.04154e-05	60
2.02176e-05	70
2.00334e-05	80
1.98602e-05	90
1.96963e-05	100
1.95404e-05	110
1.93913e-05	120
1.92483e-05	130
1.91106e-05	140
1.89777e-05	150
1.88492e-05	160
1.87247e-05	170
1.86037e-05	180
1.84862e-05	190
1.83717e-05	200
1.82601e-05	210
1.81512e-05	220
1.80449e-05	230
1.79409e-05	240
1.78393e-05	250
1.77398e-05	260
1.76424e-05	270
1.7547e-05	280
1.74535e-05	290
1.73618e-05	300
1.72718e-05	310
1.71836e-05	320
1.70969e-05	330
1.70119e-05	340
1.69284e-05	350
1.68463e-05	360
1.67657e-05	370
1.66865e-05	380
1.66087e-05	390
1.65322e-05	400
1.64569e-05	410
1.6383e-05	420
1.63102e-05	430
1.62386e-05	440
1.61682e-05	450
1.6099e-05	460
1.60308e-05	470
1.59638e-05	480
1.58977e-05	490
1.58328e-05	500
1.57688e-05	510
1.57058e-05	520
1.56438e-05	530
1.55827e-05	540
1.55226e-05	550
1.54634e-05	560
1.5405e-05	570
1.53475e-05	580
1.52909e-05	590
1.52351e-05	600
1.51801e-05	610
1.5126e-05	620
1.50726e-05	630
1.502e-05	640
1.49681e-05	650
1.49169e-05	660
1.48665e-05	670
1.48168e-05	680
1.47678e-05	690
1.47195e-05	700
1.46718e-05	710
1.46248e-05	720
1.45785e-05	730
1.45327e-05	740
1.44876e-05	750
1.44431e-05	760
1.43992e-05	770
1.43559e-05	780
1.43132e-05	790
1.4271e-05	800
1.42293e-05	810
1.41882e-05	820
1.41477e-05	830
1.41076e-05	840
1.40681e-05	850
1.40291e-05	860
1.39905e-05	870
1.39525e-05	880
1.39149e-05	890
1.38778e-05	900
1.38412e-05	910
1.3805e-05	920
1.37692e-05	930
1.37339e-05	940
1.3699e-05	950
1.36646e-05	960
1.36305e-05	970
1.35969e-05	980
1.35636e-05	990
1.35308e-05	1000
1.34983e-05	1010
1.34662e-05	1020
1.34345e-05	1030
1.34031e-05	1040
1.33721e-05	1050
1.33414e-05	1060
1.33111e-05	1070
1.32812e-05	1080
1.32515e-05	1090
1.32222e-05	1100
1.31933e-05	1110
1.31646e-05	1120
1.31362e-05	1130
1.31082e-05	1140
1.30804e-05	1150
1.3053e-05	1160
1.30258e-05	1170
1.2999e-05	1180
1.29724e-05	1190
1.29461e-05	1200
1.292e-05	1210
1.28943e-05	1220
1.28688e-05	1230
1.28435e-05	1240
1.28185e-05	1250
1.27938e-05	1260
1.27693e-05	1270
1.27451e-05	1280
1.27211e-05	1290
1.26973e-05	1300
1.26737e-05	1310
1.26504e-05	1320
1.26273e-05	1330
1.26045e-05	1340
1.25818e-05	1350
1.25594e-05	1360
1.25371e-05	1370
1.25151e-05	1380
1.24933e-05	1390
1.24717e-05	1400
1.24503e-05	1410
1.2429e-05	1420
1.2408e-05	1430
1.23872e-05	1440
1.23665e-05	1450
1.2346e-05	1460
1.23257e-05	1470
1.23056e-05	1480
1.22856e-05	1490
1.22659e-05	1500
1.22463e-05	1510
1.22268e-05	1520
1.22075e-05	1530
1.21884e-05	1540
1.21695e-05	1550
1.21507e-05	1560
1.2132e-05	1570
1.21135e-05	1580
1.20952e-05	1590
1.2077e-05	1600
1.20589e-05	1610
1.2041e-05	1620
1.20232e-05	1630
1.20056e-05	1640
1.19881e-05	1650
1.19707e-05	1660
1.19535e-05	1670
1.19364e-05	1680
1.19194e-05	1690
1.19026e-05	1700
1.18859e-05	1710
1.18693e-05	1720
1.18528e-05	1730
1.18365e-05	1740
1.18202e-05	1750
1.18041e-05	1760
1.17881e-05	1770
1.17722e-05	1780
1.17565e-05	1790
1.17408e-05	1800
1.17252e-05	1810
1.17098e-05	1820
1.16945e-05	1830
1.16792e-05	1840
1.16641e-05	1850
1.1649e-05	1860
1.16341e-05	1870
1.16193e-05	1880
1.16045e-05	1890
1.15899e-05	1900
1.15753e-05	1910
1.15609e-05	1920
1.15465e-05	1930
1.15323e-05	1940
1.15181e-05	1950
1.1504e-05	1960
1.149e-05	1970
1.14761e-05	1980
1.14622e-05	1990
1.14485e-05	2000
1.14348e-05	2010
1.14212e-05	2020
1.14077e-05	2030
1.13943e-05	2040
1.13809e-05	2050
1.13677e-05	2060
1.13545e-05	2070
1.13414e-05	2080
1.13283e-05	2090
1.13153e-05	2100
1.13025e-05	2110
1.12896e-05	2120
1.12769e-05	2130
1.12642e-05	2140
1.12516e-05	2150
1.1239e-05	2160
1.12266e-05	2170
1.12142e-05	2180
1.12018e-05	2190
1.11895e-05	2200
1.11773e-05	2210
1.11652e-05	2220
1.11531e-05	2230
1.1141e-05	2240
1.11291e-05	2250
1.11172e-05	2260
1.11053e-05	2270
1.10935e-05	2280
1.10818e-05	2290
1.10702e-05	2300
1.10585e-05	2310
1.1047e-05	2320
1.10355e-05	2330
1.1024e-05	2340
1.10126e-05	2350
1.10013e-05	2360
1.099e-05	2370
1.09788e-05	2380
1.09676e-05	2390
1.09565e-05	2400
1.09454e-05	2410
1.09344e-05	2420
1.09234e-05	2430
1.09125e-05	2440
1.09016e-05	2450
1.08908e-05	2460
1.088e-05	2470
1.08693e-05	2480
1.08586e-05	2490
1.08479e-05	2500
1.08373e-05	2510
1.08268e-05	2520
1.08163e-05	2530
1.08058e-05	2540
1.07954e-05	2550
1.0785e-05	2560
1.07747e-05	2570
1.07644e-05	2580
1.07541e-05	2590
1.07439e-05	2600
1.07337e-05	2610
1.07236e-05	2620
1.07135e-05	2630
1.07035e-05	2640
1.06935e-05	2650
1.06835e-05	2660
1.06736e-05	2670
1.06637e-05	2680
1.06538e-05	2690
1.0644e-05	2700
1.06342e-05	2710
1.06245e-05	2720
1.06147e-05	2730
1.06051e-05	2740
1.05954e-05	2750
1.05858e-05	2760
1.05763e-05	2770
1.05667e-05	2780
1.05572e-05	2790
1.05477e-05	2800
1.05383e-05	2810
1.05289e-05	2820
1.05195e-05	2830
1.05102e-05	2840
1.05009e-05	2850
1.04916e-05	2860
1.04824e-05	2870
1.04732e-05	2880
1.0464e-05	2890
1.04549e-05	2900
1.04457e-05	2910
1.04366e-05	2920
1.04276e-05	2930
1.04186e-05	2940
1.04096e-05	2950
1.04006e-05	2960
1.03917e-05	2970
1.03827e-05	2980
1.03739e-05	2990
1.0365e-05	3000
1.03562e-05	3010
1.03474e-05	3020
1.03386e-05	3030
1.03298e-05	3040
1.03211e-05	3050
1.03124e-05	3060
1.03038e-05	3070
1.02951e-05	3080
1.02865e-05	3090
1.02779e-05	3100
1.02694e-05	3110
1.02608e-05	3120
1.02523e-05	3130
1.02438e-05	3140
1.02353e-05	3150
1.02269e-05	3160
1.02185e-05	3170
1.02101e-05	3180
1.02017e-05	3190
1.01934e-05	3200
1.0185e-05	3210
1.01767e-05	3220
1.01685e-05	3230
1.01602e-05	3240
1.0152e-05	3250
1.01438e-05	3260
1.01356e-05	3270
1.01274e-05	3280
1.01193e-05	3290
1.01112e-05	3300
1.01031e-05	3310
1.0095e-05	3320
1.00869e-05	3330
1.00789e-05	3340
1.00709e-05	3350
1.00629e-05	3360
1.00549e-05	3370
1.00469e-05	3380
1.0039e-05	3390
1.00311e-05	3400
1.00232e-05	3410
1.00153e-05	3420
1.00075e-05	3430
9.99963e-06	3440
9.99181e-06	3450
9.98401e-06	3460
9.97624e-06	3470
9.96848e-06	3480
9.96073e-06	3490
9.95301e-06	3500
9.94531e-06	3510
9.93762e-06	3520
9.92995e-06	3530
9.9223e-06	3540
9.91467e-06	3550
9.90706e-06	3560
9.89946e-06	3570
9.89188e-06	3580
9.88432e-06	3590
9.87677e-06	3600
9.86925e-06	3610
9.86174e-06	3620
9.85424e-06	3630
9.84677e-06	3640
9.83931e-06	3650
9.83186e-06	3660
9.82443e-06	3670
9.81702e-06	3680
9.80963e-06	3690
9.80225e-06	3700
9.79489e-06	3710
9.78754e-06	3720
9.78021e-06	3730
9.77289e-06	3740
9.76559e-06	3750
9.75831e-06	3760
9.75104e-06	3770
9.74378e-06	3780
9.73655e-06	3790
9.72932e-06	3800
9.72211e-06	3810
9.71492e-06	3820
9.70774e-06	3830
9.70057e-06	3840
9.69342e-06	3850
9.68629e-06	3860
9.67917e-06	3870
9.67206e-06	3880
9.66497e-06	3890
9.65789e-06	3900
9.65082e-06	3910
9.64377e-06	3920
9.63673e-06	3930
9.62971e-06	3940
9.6227e-06	3950
9.6157e-06	3960
9.60872e-06	3970
9.60175e-06	3980
9.59479e-06	3990
9.58785e-06	4000
9.58092e-06	4010
9.574e-06	4020
9.5671e-06	4030
9.56021e-06	4040
9.55333e-06	4050
9.54646e-06	4060
9.53961e-06	4070
9.53277e-06	4080
9.52594e-06	4090
9.51912e-06	4100
9.51232e-06	4110
9.50553e-06	4120
9.49875e-06	4130
9.49198e-06	4140
9.48523e-06	4150
9.47849e-06	4160
9.47176e-06	4170
9.46504e-06	4180
9.45833e-06	4190
9.45163e-06	4200
9.44495e-06	4210
9.43828e-06	4220
9.43162e-06	4230
9.42497e-06	4240
9.41833e-06	4250
9.4117e-06	4260
9.40509e-06	4270
9.39849e-06	4280
9.39189e-06	4290
9.38531e-06	4300
9.37874e-06	4310
9.37218e-06	4320
9.36563e-06	4330
9.35909e-06	4340
9.35257e-06	4350
9.34605e-06	4360
9.33954e-06	4370
9.33305e-06	4380
9.32656e-06	4390
9.32009e-06	4400
9.31362e-06	4410
9.30717e-06	4420
9.30073e-06	4430
9.29429e-06	4440
9.28787e-06	4450
9.28146e-06	4460
9.27506e-06	4470
9.26866e-06	4480
9.26228e-06	4490
9.25591e-06	4500
9.24955e-06	4510
9.24319e-06	4520
9.23685e-06	4530
9.23052e-06	4540
9.22419e-06	4550
9.21788e-06	4560
9.21157e-06	4570
9.20528e-06	4580
9.19899e-06	4590
9.19272e-06	4600
9.18645e-06	4610
9.18019e-06	4620
9.17395e-06	4630
9.16771e-06	4640
9.16148e-06	4650
9.15526e-06	4660
9.14905e-06	4670
9.14284e-06	4680
9.13665e-06	4690
9.13047e-06	4700
9.12429e-06	4710
9.11813e-06	4720
9.11197e-06	4730
9.10582e-06	4740
9.09968e-06	4750
9.09355e-06	4760
9.08743e-06	4770
9.08131e-06	4780
9.07521e-06	4790
9.06911e-06	4800
9.06302e-06	4810
9.05694e-06	4820
9.05087e-06	4830
9.04481e-06	4840
9.03875e-06	4850
9.03271e-06	4860
9.02667e-06	4870
9.02064e-06	4880
9.01462e-06	4890
9.00861e-06	4900
9.0026e-06	4910
8.99661e-06	4920
8.99062e-06	4930
8.98464e-06	4940
8.97866e-06	4950
8.9727e-06	4960
8.96674e-06	4970
8.96079e-06	4980
8.95485e-06	4990
8.94892e-06	5000
8.94299e-06	5010
8.93708e-06	5020
8.93117e-06	5030
8.92526e-06	5040
8.91937e-06	5050
8.91348e-06	5060
8.9076e-06	5070
8.90173e-06	5080
8.89587e-06	5090
8.89001e-06	5100
8.88416e-06	5110
8.87832e-06	5120
8.87248e-06	5130
8.86666e-06	5140
8.86084e-06	5150
8.85502e-06	5160
8.84922e-06	5170
8.84342e-06	5180
8.83763e-06	5190
8.83184e-06	5200
8.82607e-06	5210
8.8203e-06	5220
8.81454e-06	5230
8.80878e-06	5240
8.80303e-06	5250
8.79729e-06	5260
8.79156e-06	5270
8.78583e-06	5280
8.78011e-06	5290
8.7744e-06	5300
8.76869e-06	5310
8.76299e-06	5320
8.7573e-06	5330
8.75161e-06	5340
8.74593e-06	5350
8.74026e-06	5360
8.73459e-06	5370
8.72893e-06	5380
8.72328e-06	5390
8.71764e-06	5400
8.712e-06	5410
8.70636e-06	5420
8.70074e-06	5430
8.69512e-06	5440
8.68951e-06	5450
8.6839e-06	5460
8.6783e-06	5470
8.67271e-06	5480
8.66712e-06	5490
8.66154e-06	5500
8.65596e-06	5510
8.65039e-06	5520
8.64483e-06	5530
8.63928e-06	5540
8.63373e-06	5550
8.62818e-06	5560
8.62265e-06	5570
8.61712e-06	5580
8.61159e-06	5590
8.60607e-06	5600
8.60056e-06	5610
8.59506e-06	5620
8.58956e-06	5630
8.58406e-06	5640
8.57857e-06	5650
8.57309e-06	5660
8.56762e-06	5670
8.56215e-06	5680
8.55668e-06	5690
8.55123e-06	5700
8.54577e-06	5710
8.54033e-06	5720
8.53489e-06	5730
8.52945e-06	5740
8.52402e-06	5750
8.5186e-06	5760
8.51318e-06	5770
8.50777e-06	5780
8.50237e-06	5790
8.49697e-06	5800
8.49157e-06	5810
8.48619e-06	5820
8.4808e-06	5830
8.47543e-06	5840
8.47006e-06	5850
8.46469e-06	5860
8.45933e-06	5870
8.45398e-06	5880
8.44863e-06	5890
8.44328e-06	5900
8.43795e-06	5910
8.43261e-06	5920
8.42729e-06	5930
8.42197e-06	5940
8.41665e-06	5950
8.41134e-06	5960
8.40604e-06	5970
8.40074e-06	5980
8.39544e-06	5990
8.39015e-06	6000
8.38487e-06	6010
8.37959e-06	6020
8.37432e-06	6030
8.36905e-06	6040
8.36379e-06	6050
8.35853e-06	6060
8.35328e-06	6070
8.34804e-06	6080
8.3428e-06	6090
8.33756e-06	6100
8.33233e-06	6110
8.3271e-06	6120
8.32188e-06	6130
8.31667e-06	6140
8.31146e-06	6150
8.30625e-06	6160
8.30105e-06	6170
8.29586e-06	6180
8.29067e-06	6190
8.28549e-06	6200
8.28031e-06	6210
8.27513e-06	6220
8.26996e-06	6230
8.2648e-06	6240
8.25964e-06	6250
8.25448e-06	6260
8.24933e-06	6270
8.24419e-06	6280
8.23905e-06	6290
8.23392e-06	6300
8.22879e-06	6310
8.22366e-06	6320
8.21854e-06	6330
8.21343e-06	6340
8.20832e-06	6350
8.20321e-06	6360
8.19811e-06	6370
8.19301e-06	6380
8.18792e-06	6390
8.18284e-06	6400
8.17775e-06	6410
8.17268e-06	6420
8.16761e-06	6430
8.16254e-06	6440
8.15748e-06	6450
8.15242e-06	6460
8.14736e-06	6470
8.14232e-06	6480
8.13727e-06	6490
8.13223e-06	6500
8.1272e-06	6510
8.12217e-06	6520
8.11714e-06	6530
8.11212e-06	6540
8.10711e-06	6550
8.10209e-06	6560
8.09709e-06	6570
8.09208e-06	6580
8.08709e-06	6590
8.08209e-06	6600
8.0771e-06	6610
8.07212e-06	6620
8.06714e-06	6630
8.06216e-06	6640
8.05719e-06	6650
8.05223e-06	6660
8.04726e-06	6670
8.04231e-06	6680
8.03735e-06	6690
8.0324e-06	6700
8.02746e-06	6710
8.02252e-06	6720
8.01758e-06	6730
8.01265e-06	6740
8.00773e-06	6750
8.0028e-06	6760
7.99789e-06	6770
7.99297e-06	6780
7.98806e-06	6790
7.98316e-06	6800
7.97826e-06	6810
7.97336e-06	6820
7.96847e-06	6830
7.96358e-06	6840
7.95869e-06	6850
7.95381e-06	6860
7.94894e-06	6870
7.94407e-06	6880
7.9392e-06	6890
7.93434e-06	6900
7.92948e-06	6910
7.92462e-06	6920
7.91977e-06	6930
7.91493e-06	6940
7.91009e-06	6950
7.90525e-06	6960
7.90041e-06	6970
7.89559e-06	6980
7.89076e-06	6990
7.88594e-06	7000
7.88112e-06	7010
7.87631e-06	7020
7.8715e-06	7030
7.86669e-06	7040
7.86189e-06	7050
7.8571e-06	7060
7.8523e-06	7070
7.84751e-06	7080
7.84273e-06	7090
7.83795e-06	7100
7.83317e-06	7110
7.8284e-06	7120
7.82363e-06	7130
7.81886e-06	7140
7.8141e-06	7150
7.80935e-06	7160
7.80459e-06	7170
7.79984e-06	7180
7.7951e-06	7190
7.79036e-06	7200
7.78562e-06	7210
7.78089e-06	7220
7.77616e-06	7230
7.77143e-06	7240
7.76671e-06	7250
7.76199e-06	7260
7.75728e-06	7270
7.75257e-06	7280
7.74786e-06	7290
7.74316e-06	7300
7.73846e-06	7310
7.73377e-06	7320
7.72907e-06	7330
7.72439e-06	7340
7.7197e-06	7350
7.71502e-06	7360
7.71035e-06	7370
7.70568e-06	7380
7.70101e-06	7390
7.69634e-06	7400
7.69168e-06	7410
7.68703e-06	7420
7.68237e-06	7430
7.67772e-06	7440
7.67308e-06	7450
7.66844e-06	7460
7.6638e-06	7470
7.65916e-06	7480
7.65453e-06	7490
7.6499e-06	7500
7.64528e-06	7510
7.64066e-06	7520
7.63604e-06	7530
7.63143e-06	7540
7.62682e-06	7550
7.62222e-06	7560
7.61761e-06	7570
7.61302e-06	7580
7.60842e-06	7590
7.60383e-06	7600
7.59924e-06	7610
7.59466e-06	7620
7.59008e-06	7630
7.5855e-06	7640
7.58093e-06	7650
7.57636e-06	7660
7.5718e-06	7670
7.56723e-06	7680
7.56268e-06	7690
7.55812e-06	7700
7.55357e-06	7710
7.54902e-06	7720
7.54448e-06	7730
7.53993e-06	7740
7.5354e-06	7750
7.53086e-06	7760
7.52633e-06	7770
7.52181e-06	7780
7.51728e-06	7790
7.51276e-06	7800
7.50825e-06	7810
7.50373e-06	7820
7.49922e-06	7830
7.49472e-06	7840
7.49021e-06	7850
7.48572e-06	7860
7.48122e-06	7870
7.47673e-06	7880
7.47224e-06	7890
7.46775e-06	7900
7.46327e-06	7910
7.45879e-06	7920
7.45432e-06	7930
7.44984e-06	7940
7.44538e-06	7950
7.44091e-06	7960
7.43645e-06	7970
7.43199e-06	7980
7.42754e-06	7990
7.42308e-06	8000
7.41864e-06	8010
7.41419e-06	8020
7.40975e-06	8030
7.40531e-06	8040
7.40088e-06	8050
7.39644e-06	8060
7.39202e-06	8070
7.38759e-06	8080
7.38317e-06	8090
7.37875e-06	8100
7.37434e-06	8110
7.36992e-06	8120
7.36552e-06	8130
7.36111e-06	8140
7.35671e-06	8150
7.35231e-06	8160
7.34791e-06	8170
7.34352e-06	8180
7.33913e-06	8190
7.33475e-06	8200
7.33036e-06	8210
7.32599e-06	8220
7.32161e-06	8230
7.31724e-06	8240
7.31287e-06	8250
7.3085e-06	8260
7.30414e-06	8270
7.29978e-06	8280
7.29542e-06	8290
7.29107e-06	8300
7.28672e-06	8310
7.28237e-06	8320
7.27803e-06	8330
7.27369e-06	8340
7.26935e-06	8350
7.26501e-06	8360
7.26068e-06	8370
7.25635e-06	8380
7.25203e-06	8390
7.24771e-06	8400
7.24339e-06	8410
7.23907e-06	8420
7.23476e-06	8430
7.23045e-06	8440
7.22615e-06	8450
7.22184e-06	8460
7.21754e-06	8470
7.21325e-06	8480
7.20895e-06	8490
7.20466e-06	8500
7.20037e-06	8510
7.19609e-06	8520
7.19181e-06	8530
7.18753e-06	8540
7.18325e-06	8550
7.17898e-06	8560
7.17471e-06	8570
7.17045e-06	8580
7.16618e-06	8590
7.16192e-06	8600
7.15767e-06	8610
7.15341e-06	8620
7.14916e-06	8630
7.14492e-06	8640
7.14067e-06	8650
7.13643e-06	8660
7.13219e-06	8670
7.12795e-06	8680
7.12372e-06	8690
7.11949e-06	8700
7.11527e-06	8710
7.11104e-06	8720
7.10682e-06	8730
7.1026e-06	8740
7.09839e-06	8750
7.09418e-06	8760
7.08997e-06	8770
7.08576e-06	8780
7.08156e-06	8790
7.07736e-06	8800
7.07316e-06	8810
7.06897e-06	8820
7.06478e-06	8830
7.06059e-06	8840
7.05641e-06	8850
7.05222e-06	8860
7.04804e-06	8870
7.04387e-06	8880
7.0397e-06	8890
7.03552e-06	8900
7.03136e-06	8910
7.02719e-06	8920
7.02303e-06	8930
7.01887e-06	8940
7.01472e-06	8950
7.01056e-06	8960
7.00641e-06	8970
7.00227e-06	8980
6.99812e-06	8990
6.99398e-06	9000
6.98984e-06	9010
6.98571e-06	9020
6.98157e-06	9030
6.97744e-06	9040
6.97332e-06	9050
6.96919e-06	9060
6.96507e-06	9070
6.96095e-06	9080
6.95684e-06	9090
6.95273e-06	9100
6.94862e-06	9110
6.94451e-06	9120
6.9404e-06	9130
6.9363e-06	9140
6.9322e-06	9150
6.92811e-06	9160
6.92402e-06	9170
6.91993e-06	9180
6.91584e-06	9190
6.91175e-06	9200
6.90767e-06	9210
6.90359e-06	9220
6.89952e-06	9230
6.89544e-06	9240
6.89137e-06	9250
6.88731e-06	9260
6.88324e-06	9270
6.87918e-06	9280
6.87512e-06	9290
6.87106e-06	9300
6.86701e-06	9310
6.86296e-06	9320
6.85891e-06	9330
6.85486e-06	9340
6.85082e-06	9350
6.84678e-06	9360
6.84274e-06	9370
6.83871e-06	9380
6.83468e-06	9390
6.83065e-06	9400
6.82662e-06	9410
6.8226e-06	9420
6.81858e-06	9430
6.81456e-06	9440
6.81054e-06	9450
6.80653e-06	9460
6.80252e-06	9470
6.79851e-06	9480
6.79451e-06	9490
6.79051e-06	9500
6.78651e-06	9510
6.78251e-06	9520
6.77852e-06	9530
6.77453e-06	9540
6.77054e-06	9550
6.76655e-06	9560
6.76257e-06	9570
6.75859e-06	9580
6.75461e-06	9590
6.75064e-06	9600
6.74666e-06	9610
6.74269e-06	9620
6.73873e-06	9630
6.73476e-06	9640
6.7308e-06	9650
6.72684e-06	9660
6.72289e-06	9670
6.71893e-06	9680
6.71498e-06	9690
6.71103e-06	9700
6.70709e-06	9710
6.70314e-06	9720
6.6992e-06	9730
6.69527e-06	9740
6.69133e-06	9750
6.6874e-06	9760
6.68347e-06	9770
6.67954e-06	9780
6.67562e-06	9790
6.67169e-06	9800
6.66777e-06	9810
6.66386e-06	9820
6.65994e-06	9830
6.65603e-06	9840
6.65212e-06	9850
6.64821e-06	9860
6.64431e-06	9870
6.64041e-06	9880
6.63651e-06	9890
6.63261e-06	9900
6.62872e-06	9910
6.62483e-06	9920
6.62094e-06	9930
6.61705e-06	9940
6.61317e-06	9950
6.60929e-06	9960
6.60541e-06	9970
6.60154e-06	9980
6.59766e-06	9990
6.59379e-06	10000
6.58992e-06	10010
6.58606e-06	10020
6.5822e-06	10030
6.57834e-06	10040
6.57448e-06	10050
6.57062e-06	10060
6.56677e-06	10070
6.56292e-06	10080
6.55907e-06	10090
6.55523e-06	10100
6.55138e-06	10110
6.54754e-06	10120
6.54371e-06	10130
6.53987e-06	10140
6.53604e-06	10150
6.53221e-06	10160
6.52838e-06	10170
6.52455e-06	10180
6.52073e-06	10190
6.51691e-06	10200
6.51309e-06	10210
6.50928e-06	10220
6.50547e-06	10230
6.50166e-06	10240
6.49785e-06	10250
6.49404e-06	10260
6.49024e-06	10270
6.48644e-06	10280
6.48264e-06	10290
6.47885e-06	10300
6.47505e-06	10310
6.47126e-06	10320
6.46748e-06	10330
6.46369e-06	10340
6.45991e-06	10350
6.45613e-06	10360
6.45235e-06	10370
6.44857e-06	10380
6.4448e-06	10390
6.44103e-06	10400
6.43726e-06	10410
6.4335e-06	10420
6.42973e-06	10430
6.42597e-06	10440
6.42221e-06	10450
6.41846e-06	10460
6.4147e-06	10470
6.41095e-06	10480
6.4072e-06	10490
6.40346e-06	10500
6.39971e-06	10510
6.39597e-06	10520
6.39223e-06	10530
6.3885e-06	10540
6.38476e-06	10550
6.38103e-06	10560
6.3773e-06	10570
6.37357e-06	10580
6.36985e-06	10590
6.36613e-06	10600
6.36241e-06	10610
6.35869e-06	10620
6.35497e-06	10630
6.35126e-06	10640
6.34755e-06	10650
6.34384e-06	10660
6.34014e-06	10670
6.33643e-06	10680
6.33273e-06	10690
6.32903e-06	10700
6.32534e-06	10710
6.32164e-06	10720
6.31795e-06	10730
6.31426e-06	10740
6.31058e-06	10750
6.30689e-06	10760
6.30321e-06	10770
6.29953e-06	10780
6.29585e-06	10790
6.29218e-06	10800
6.28851e-06	10810
6.28484e-06	10820
6.28117e-06	10830
6.2775e-06	10840
6.27384e-06	10850
6.27018e-06	10860
6.26652e-06	10870
6.26286e-06	10880
6.25921e-06	10890
6.25556e-06	10900
6.25191e-06	10910
6.24826e-06	10920
6.24462e-06	10930
6.24098e-06	10940
6.23734e-06	10950
6.2337e-06	10960
6.23006e-06	10970
6.22643e-06	10980
6.2228e-06	10990
6.21917e-06	11000
6.21554e-06	11010
6.21192e-06	11020
6.2083e-06	11030
6.20468e-06	11040
6.20106e-06	11050
6.19745e-06	11060
6.19384e-06	11070
6.19023e-06	11080
6.18662e-06	11090
6.18301e-06	11100
6.17941e-06	11110
6.17581e-06	11120
6.17221e-06	11130
6.16861e-06	11140
6.16502e-06	11150
6.16143e-06	11160
6.15784e-06	11170
6.15425e-06	11180
6.15067e-06	11190
6.14708e-06	11200
6.1435e-06	11210
6.13993e-06	11220
6.13635e-06	11230
6.13278e-06	11240
6.1292e-06	11250
6.12564e-06	11260
6.12207e-06	11270
6.1185e-06	11280
6.11494e-06	11290
6.11138e-06	11300
6.10782e-06	11310
6.10427e-06	11320
6.10071e-06	11330
6.09716e-06	11340
6.09361e-06	11350
6.09007e-06	11360
6.08652e-06	11370
6.08298e-06	11380
6.07944e-06	11390
6.0759e-06	11400
6.07237e-06	11410
6.06883e-06	11420
6.0653e-06	11430
6.06177e-06	11440
6.05825e-06	11450
6.05472e-06	11460
6.0512e-06	11470
6.04768e-06	11480
6.04416e-06	11490
6.04065e-06	11500
6.03713e-06	11510
6.03362e-06	11520
6.03011e-06	11530
6.0266e-06	11540
6.0231e-06	11550
6.0196e-06	11560
6.0161e-06	11570
6.0126e-06	11580
6.0091e-06	11590
6.00561e-06	11600
6.00212e-06	11610
5.99863e-06	11620
5.99514e-06	11630
5.99166e-06	11640
5.98817e-06	11650
5.98469e-06	11660
5.98121e-06	11670
5.97774e-06	11680
5.97426e-06	11690
5.97079e-06	11700
5.96732e-06	11710
5.96385e-06	11720
5.96039e-06	11730
5.95692e-06	11740
5.95346e-06	11750
5.95e-06	11760
5.94655e-06	11770
5.94309e-06	11780
5.93964e-06	11790
5.93619e-06	11800
5.93274e-06	11810
5.92929e-06	11820
5.92585e-06	11830
5.92241e-06	11840
5.91897e-06	11850
5.91553e-06	11860
5.91209e-06	11870
5.90866e-06	11880
5.90523e-06	11890
5.9018e-06	11900
5.89837e-06	11910
5.89495e-06	11920
5.89153e-06	11930
5.8881e-06	11940
5.88469e-06	11950
5.88127e-06	11960
5.87786e-06	11970
5.87444e-06	11980
5.87103e-06	11990
5.86762e-06	12000
5.86422e-06	12010
5.86082e-06	12020
5.85741e-06	12030
5.85401e-06	12040
5.85062e-06	12050
5.84722e-06	12060
5.84383e-06	12070
5.84044e-06	12080
5.83705e-06	12090
5.83366e-06	12100
5.83028e-06	12110
5.82689e-06	12120
5.82351e-06	12130
5.82013e-06	12140
5.81676e-06	12150
5.81338e-06	12160
5.81001e-06	12170
5.80664e-06	12180
5.80327e-06	12190
5.79991e-06	12200
5.79654e-06	12210
5.79318e-06	12220
5.78982e-06	12230
5.78646e-06	12240
5.78311e-06	12250
5.77975e-06	12260
5.7764e-06	12270
5.77305e-06	12280
5.7697e-06	12290
5.76636e-06	12300
5.76301e-06	12310
5.75967e-06	12320
5.75633e-06	12330
5.753e-06	12340
5.74966e-06	12350
5.74633e-06	12360
5.743e-06	12370
5.73967e-06	12380
5.73634e-06	12390
5.73301e-06	12400
5.72969e-06	12410
5.72637e-06	12420
5.72305e-06	12430
5.71973e-06	12440
5.71642e-06	12450
5.71311e-06	12460
5.7098e-06	12470
5.70649e-06	12480
5.70318e-06	12490
5.69988e-06	12500
5.69657e-06	12510
5.69327e-06	12520
5.68997e-06	12530
5.68668e-06	12540
5.68338e-06	12550
5.68009e-06	12560
5.6768e-06	12570
5.67351e-06	12580
5.67022e-06	12590
5.66694e-06	12600
5.66366e-06	12610
5.66038e-06	12620
5.6571e-06	12630
5.65382e-06	12640
5.65055e-06	12650
5.64728e-06	12660
5.644e-06	12670
5.64074e-06	12680
5.63747e-06	12690
5.63421e-06	12700
5.63094e-06	12710
5.62768e-06	12720
5.62442e-06	12730
5.62117e-06	12740
5.61791e-06	12750
5.61466e-06	12760
5.61141e-06	12770
5.60816e-06	12780
5.60491e-06	12790
5.60167e-06	12800
5.59843e-06	12810
5.59519e-06	12820
5.59195e-06	12830
5.58871e-06	12840
5.58548e-06	12850
5.58224e-06	12860
5.57901e-06	12870
5.57578e-06	12880
5.57256e-06	12890
5.56933e-06	12900
5.56611e-06	12910
5.56289e-06	12920
5.55967e-06	12930
5.55645e-06	12940
5.55324e-06	12950
5.55002e-06	12960
5.54681e-06	12970
5.5436e-06	12980
5.54039e-06	12990
5.53719e-06	13000
5.53399e-06	13010
5.53078e-06	13020
5.52758e-06	13030
5.52439e-06	13040
5.52119e-06	13050
5.518e-06	13060
5.51481e-06	13070
5.51162e-06	13080
5.50843e-06	13090
5.50524e-06	13100
5.50206e-06	13110
5.49888e-06	13120
5.4957e-06	13130
5.49252e-06	13140
5.48934e-06	13150
5.48617e-06	13160
5.48299e-06	13170
5.47982e-06	13180
5.47665e-06	13190
5.47349e-06	13200
5.47032e-06	13210
5.46716e-06	13220
5.464e-06	13230
5.46084e-06	13240
5.45768e-06	13250
5.45453e-06	13260
5.45137e-06	13270
5.44822e-06	13280
5.44507e-06	13290
5.44193e-06	13300
5.43878e-06	13310
5.43564e-06	13320
5.43249e-06	13330
5.42935e-06	13340
5.42622e-06	13350
5.42308e-06	13360
5.41994e-06	13370
5.41681e-06	13380
5.41368e-06	13390
5.41055e-06	13400
5.40743e-06	13410
5.4043e-06	13420
5.40118e-06	13430
5.39806e-06	13440
5.39494e-06	13450
5.39182e-06	13460
5.38871e-06	13470
5.38559e-06	13480
5.38248e-06	13490
5.37937e-06	13500
5.37626e-06	13510
5.37316e-06	13520
5.37005e-06	13530
5.36695e-06	13540
5.36385e-06	13550
5.36075e-06	13560
5.35765e-06	13570
5.35456e-06	13580
5.35147e-06	13590
5.34837e-06	13600
5.34528e-06	13610
5.3422e-06	13620
5.33911e-06	13630
5.33603e-06	13640
5.33295e-06	13650
5.32987e-06	13660
5.32679e-06	13670
5.32371e-06	13680
5.32064e-06	13690
5.31756e-06	13700
5.31449e-06	13710
5.31142e-06	13720
5.30836e-06	13730
5.30529e-06	13740
5.30223e-06	13750
5.29917e-06	13760
5.29611e-06	13770
5.29305e-06	13780
5.28999e-06	13790
5.28694e-06	13800
5.28389e-06	13810
5.28084e-06	13820
5.27779e-06	13830
5.27474e-06	13840
5.2717e-06	13850
5.26865e-06	13860
5.26561e-06	13870
5.26257e-06	13880
5.25953e-06	13890
5.2565e-06	13900
5.25346e-06	13910
5.25043e-06	13920
5.2474e-06	13930
5.24437e-06	13940
5.24135e-06	13950
5.23832e-06	13960
5.2353e-06	13970
5.23228e-06	13980
5.22926e-06	13990
5.22624e-06	14000
5.22322e-06	14010
5.22021e-06	14020
5.2172e-06	14030
5.21419e-06	14040
5.21118e-06	14050
5.20817e-06	14060
5.20517e-06	14070
5.20216e-06	14080
5.19916e-06	14090
5.19616e-06	14100
5.19316e-06	14110
5.19017e-06	14120
5.18717e-06	14130
5.18418e-06	14140
5.18119e-06	14150
5.1782e-06	14160
5.17521e-06	14170
5.17223e-06	14180
5.16924e-06	14190
5.16626e-06	14200
5.16328e-06	14210
5.1603e-06	14220
5.15733e-06	14230
5.15435e-06	14240
5.15138e-06	14250
5.14841e-06	14260
5.14544e-06	14270
5.14247e-06	14280
5.13951e-06	14290
5.13654e-06	14300
5.13358e-06	14310
5.13062e-06	14320
5.12766e-06	14330
5.1247e-06	14340
5.12175e-06	14350
5.11879e-06	14360
5.11584e-06	14370
5.11289e-06	14380
5.10994e-06	14390
5.107e-06	14400
5.10405e-06	14410
5.10111e-06	14420
5.09817e-06	14430
5.09523e-06	14440
5.09229e-06	14450
5.08936e-06	14460
5.08642e-06	14470
5.08349e-06	14480
5.08056e-06	14490
5.07763e-06	14500
5.0747e-06	14510
5.07178e-06	14520
5.06885e-06	14530
5.06593e-06	14540
5.06301e-06	14550
5.06009e-06	14560
5.05718e-06	14570
5.05426e-06	14580
5.05135e-06	14590
5.04844e-06	14600
5.04553e-06	14610
5.04262e-06	14620
5.03971e-06	14630
5.03681e-06	14640
5.03391e-06	14650
5.031e-06	14660
5.02811e-06	14670
5.02521e-06	14680
5.02231e-06	14690
5.01942e-06	14700
5.01652e-06	14710
5.01363e-06	14720
5.01074e-06	14730
5.00786e-06	14740
5.00497e-06	14750
5.00209e-06	14760
4.99921e-06	14770
4.99633e-06	14780
4.99345e-06	14790
4.99057e-06	14800
4.98769e-06	14810
4.98482e-06	14820
4.98195e-06	14830
4.97908e-06	14840
4.97621e-06	14850
4.97334e-06	14860
4.97048e-06	14870
4.96761e-06	14880
4.96475e-06	14890
4.96189e-06	14900
4.95903e-06	14910
4.95618e-06	14920
4.95332e-06	14930
4.95047e-06	14940
4.94762e-06	14950
4.94477e-06	14960
4.94192e-06	14970
4.93907e-06	14980
4.93623e-06	14990
4.93339e-06	15000
4.93054e-06	15010
4.92771e-06	15020
4.92487e-06	15030
4.92203e-06	15040
4.9192e-06	15050
4.91636e-06	15060
4.91353e-06	15070
4.9107e-06	15080
4.90787e-06	15090
4.90505e-06	15100
4.90222e-06	15110
4.8994e-06	15120
4.89658e-06	15130
4.89376e-06	15140
4.89094e-06	15150
4.88813e-06	15160
4.88531e-06	15170
4.8825e-06	15180
4.87969e-06	15190
4.87688e-06	15200
4.87407e-06	15210
4.87126e-06	15220
4.86846e-06	15230
4.86566e-06	15240
4.86285e-06	15250
4.86005e-06	15260
4.85726e-06	15270
4.85446e-06	15280
4.85167e-06	15290
4.84887e-06	15300
4.84608e-06	15310
4.84329e-06	15320
4.8405e-06	15330
4.83772e-06	15340
4.83493e-06	15350
4.83215e-06	15360
4.82937e-06	15370
4.82659e-06	15380
4.82381e-06	15390
4.82103e-06	15400
4.81826e-06	15410
4.81549e-06	15420
4.81271e-06	15430
4.80994e-06	15440
4.80718e-06	15450
4.80441e-06	15460
4.80164e-06	15470
4.79888e-06	15480
4.79612e-06	15490
4.79336e-06	15500
4.7906e-06	15510
4.78784e-06	15520
4.78509e-06	15530
4.78234e-06	15540
4.77958e-06	15550
4.77683e-06	15560
4.77408e-06	15570
4.77134e-06	15580
4.76859e-06	15590
4.76585e-06	15600
4.76311e-06	15610
4.76036e-06	15620
4.75763e-06	15630
4.75489e-06	15640
4.75215e-06	15650
4.74942e-06	15660
4.74669e-06	15670
4.74396e-06	15680
4.74123e-06	15690
4.7385e-06	15700
4.73577e-06	15710
4.73305e-06	15720
4.73032e-06	15730
4.7276e-06	15740
4.72488e-06	15750
4.72217e-06	15760
4.71945e-06	15770
4.71673e-06	15780
4.71402e-06	15790
4.71131e-06	15800
4.7086e-06	15810
4.70589e-06	15820
4.70318e-06	15830
4.70048e-06	15840
4.69778e-06	15850
4.69507e-06	15860
4.69237e-06	15870
4.68967e-06	15880
4.68698e-06	15890
4.68428e-06	15900
4.68159e-06	15910
4.67889e-06	15920
4.6762e-06	15930
4.67351e-06	15940
4.67083e-06	15950
4.66814e-06	15960
4.66546e-06	15970
4.66277e-06	15980
4.66009e-06	15990
4.65741e-06	16000
4.65473e-06	16010
4.65206e-06	16020
4.64938e-06	16030
4.64671e-06	16040
4.64403e-06	16050
4.64136e-06	16060
4.6387e-06	16070
4.63603e-06	16080
4.63336e-06	16090
4.6307e-06	16100
4.62804e-06	16110
4.62537e-06	16120
4.62272e-06	16130
4.62006e-06	16140
4.6174e-06	16150
4.61475e-06	16160
4.61209e-06	16170
4.60944e-06	16180
4.60679e-06	16190
4.60414e-06	16200
4.6015e-06	16210
4.59885e-06	16220
4.59621e-06	16230
4.59356e-06	16240
4.59092e-06	16250
4.58828e-06	16260
4.58565e-06	16270
4.58301e-06	16280
4.58038e-06	16290
4.57774e-06	16300
4.57511e-06	16310
4.57248e-06	16320
4.56985e-06	16330
4.56723e-06	16340
4.5646e-06	16350
4.56198e-06	16360
4.55936e-06	16370
4.55674e-06	16380
4.55412e-06	16390
4.5515e-06	16400
4.54888e-06	16410
4.54627e-06	16420
4.54366e-06	16430
4.54104e-06	16440
4.53843e-06	16450
4.53583e-06	16460
4.53322e-06	16470
4.53061e-06	16480
4.52801e-06	16490
4.52541e-06	16500
4.52281e-06	16510
4.52021e-06	16520
4.51761e-06	16530
4.51501e-06	16540
4.51242e-06	16550
4.50983e-06	16560
4.50723e-06	16570
4.50464e-06	16580
4.50206e-06	16590
4.49947e-06	16600
4.49688e-06	16610
4.4943e-06	16620
4.49172e-06	16630
4.48914e-06	16640
4.48656e-06	16650
4.48398e-06	16660
4.4814e-06	16670
4.47883e-06	16680
4.47625e-06	16690
4.47368e-06	16700
4.47111e-06	16710
4.46854e-06	16720
4.46598e-06	16730
4.46341e-06	16740
4.46085e-06	16750
4.45828e-06	16760
4.45572e-06	16770
4.45316e-06	16780
4.4506e-06	16790
4.44805e-06	16800
4.44549e-06	16810
4.44294e-06	16820
4.44038e-06	16830
4.43783e-06	16840
4.43528e-06	16850
4.43274e-06	16860
4.43019e-06	16870
4.42765e-06	16880
4.4251e-06	16890
4.42256e-06	16900
4.42002e-06	16910
4.41748e-06	16920
4.41494e-06	16930
4.41241e-06	16940
4.40987e-06	16950
4.40734e-06	16960
4.40481e-06	16970
4.40228e-06	16980
4.39975e-06	16990
4.39722e-06	17000
4.3947e-06	17010
4.39217e-06	17020
4.38965e-06	17030
4.38713e-06	17040
4.38461e-06	17050
4.38209e-06	17060
4.37958e-06	17070
4.37706e-06	17080
4.37455e-06	17090
4.37203e-06	17100
4.36952e-06	17110
4.36701e-06	17120
4.36451e-06	17130
4.362e-06	17140
4.35949e-06	17150
4.35699e-06	17160
4.35449e-06	17170
4.35199e-06	17180
4.34949e-06	17190
4.34699e-06	17200
4.3445e-06	17210
4.342e-06	17220
4.33951e-06	17230
4.33702e-06	17240
4.33453e-06	17250
4.33204e-06	17260
4.32955e-06	17270
4.32706e-06	17280
4.32458e-06	17290
4.3221e-06	17300
4.31961e-06	17310
4.31713e-06	17320
4.31466e-06	17330
4.31218e-06	17340
4.3097e-06	17350
4.30723e-06	17360
4.30475e-06	17370
4.30228e-06	17380
4.29981e-06	17390
4.29734e-06	17400
4.29488e-06	17410
4.29241e-06	17420
4.28995e-06	17430
4.28748e-06	17440
4.28502e-06	17450
4.28256e-06	17460
4.2801e-06	17470
4.27765e-06	17480
4.27519e-06	17490
4.27274e-06	17500
4.27028e-06	17510
4.26783e-06	17520
4.26538e-06	17530
4.26294e-06	17540
4.26049e-06	17550
4.25804e-06	17560
4.2556e-06	17570
4.25316e-06	17580
4.25071e-06	17590
4.24827e-06	17600
4.24584e-06	17610
4.2434e-06	17620
4.24096e-06	17630
4.23853e-06	17640
4.2361e-06	17650
4.23366e-06	17660
4.23123e-06	17670
4.22881e-06	17680
4.22638e-06	17690
4.22395e-06	17700
4.22153e-06	17710
4.21911e-06	17720
4.21668e-06	17730
4.21426e-06	17740
4.21185e-06	17750
4.20943e-06	17760
4.20701e-06	17770
4.2046e-06	17780
4.20219e-06	17790
4.19977e-06	17800
4.19736e-06	17810
4.19495e-06	17820
4.19255e-06	17830
4.19014e-06	17840
4.18774e-06	17850
4.18533e-06	17860
4.18293e-06	17870
4.18053e-06	17880
4.17813e-06	17890
4.17573e-06	17900
4.17334e-06	17910
4.17094e-06	17920
4.16855e-06	17930
4.16616e-06	17940
4.16377e-06	17950
4.16138e-06	17960
4.15899e-06	17970
4.1566e-06	17980
4.15422e-06	17990
4.15184e-06	18000
4.14945e-06	18010
4.14707e-06	18020
4.14469e-06	18030
4.14232e-06	18040
4.13994e-06	18050
4.13756e-06	18060
4.13519e-06	18070
4.13282e-06	18080
4.13045e-06	18090
4.12808e-06	18100
4.12571e-06	18110
4.12334e-06	18120
4.12097e-06	18130
4.11861e-06	18140
4.11625e-06	18150
4.11389e-06	18160
4.11153e-06	18170
4.10917e-06	18180
4.10681e-06	18190
4.10445e-06	18200
4.1021e-06	18210
4.09975e-06	18220
4.09739e-06	18230
4.09504e-06	18240
4.09269e-06	18250
4.09035e-06	18260
4.088e-06	18270
4.08565e-06	18280
4.08331e-06	18290
4.08097e-06	18300
4.07863e-06	18310
4.07629e-06	18320
4.07395e-06	18330
4.07161e-06	18340
4.06928e-06	18350
4.06694e-06	18360
4.06461e-06	18370
4.06228e-06	18380
4.05995e-06	18390
4.05762e-06	18400
4.05529e-06	18410
4.05297e-06	18420
4.05064e-06	18430
4.04832e-06	18440
4.046e-06	18450
4.04368e-06	18460
4.04136e-06	18470
4.03904e-06	18480
4.03672e-06	18490
4.03441e-06	18500
4.03209e-06	18510
4.02978e-06	18520
4.02747e-06	18530
4.02516e-06	18540
4.02285e-06	18550
4.02054e-06	18560
4.01824e-06	18570
4.01593e-06	18580
4.01363e-06	18590
4.01133e-06	18600
4.00903e-06	18610
4.00673e-06	18620
4.00443e-06	18630
4.00213e-06	18640
3.99984e-06	18650
3.99755e-06	18660
3.99525e-06	18670
3.99296e-06	18680
3.99067e-06	18690
3.98838e-06	18700
3.9861e-06	18710
3.98381e-06	18720
3.98153e-06	18730
3.97924e-06	18740
3.97696e-06	18750
3.97468e-06	18760
3.9724e-06	18770
3.97012e-06	18780
3.96785e-06	18790
3.96557e-06	18800
3.9633e-06	18810
3.96103e-06	18820
3.95875e-06	18830
3.95648e-06	18840
3.95422e-06	18850
3.95195e-06	18860
3.94968e-06	18870
3.94742e-06	18880
3.94516e-06	18890
3.94289e-06	18900
3.94063e-06	18910
3.93837e-06	18920
3.93611e-06	18930
3.93386e-06	18940
3.9316e-06	18950
3.92935e-06	18960
3.9271e-06	18970
3.92484e-06	18980
3.92259e-06	18990
3.92034e-06	19000
3.9181e-06	19010
3.91585e-06	19020
3.91361e-06	19030
3.91136e-06	19040
3.90912e-06	19050
3.90688e-06	19060
3.90464e-06	19070
3.9024e-06	19080
3.90016e-06	19090
3.89793e-06	19100
3.89569e-06	19110
3.89346e-06	19120
3.89123e-06	19130
3.889e-06	19140
3.88677e-06	19150
3.88454e-06	19160
3.88231e-06	19170
3.88009e-06	19180
3.87786e-06	19190
3.87564e-06	19200
3.87342e-06	19210
3.8712e-06	19220
3.86898e-06	19230
3.86676e-06	19240
3.86454e-06	19250
3.86233e-06	19260
3.86012e-06	19270
3.8579e-06	19280
3.85569e-06	19290
3.85348e-06	19300
3.85127e-06	19310
3.84907e-06	19320
3.84686e-06	19330
3.84465e-06	19340
3.84245e-06	19350
3.84025e-06	19360
3.83805e-06	19370
3.83585e-06	19380
3.83365e-06	19390
3.83145e-06	19400
3.82925e-06	19410
3.82706e-06	19420
3.82487e-06	19430
3.82267e-06	19440
3.82048e-06	19450
3.81829e-06	19460
3.81611e-06	19470
3.81392e-06	19480
3.81173e-06	19490
3.80955e-06	19500
3.80736e-06	19510
3.80518e-06	19520
3.803e-06	19530
3.80082e-06	19540
3.79864e-06	19550
3.79647e-06	19560
3.79429e-06	19570
3.79212e-06	19580
3.78994e-06	19590
3.78777e-06	19600
3.7856e-06	19610
3.78343e-06	19620
3.78126e-06	19630
3.7791e-06	19640
3.77693e-06	19650
3.77477e-06	19660
3.7726e-06	19670
3.77044e-06	19680
3.76828e-06	19690
3.76612e-06	19700
3.76396e-06	19710
3.76181e-06	19720
3.75965e-06	19730
3.7575e-06	19740
3.75534e-06	19750
3.75319e-06	19760
3.75104e-06	19770
3.74889e-06	19780
3.74674e-06	19790
3.7446e-06	19800
3.74245e-06	19810
3.74031e-06	19820
3.73816e-06	19830
3.73602e-06	19840
3.73388e-06	19850
3.73174e-06	19860
3.7296e-06	19870
3.72747e-06	19880
3.72533e-06	19890
3.72319e-06	19900
3.72106e-06	19910
3.71893e-06	19920
3.7168e-06	19930
3.71467e-06	19940
3.71254e-06	19950
3.71041e-06	19960
3.70829e-06	19970
3.70616e-06	19980
3.70404e-06	19990
3.70192e-06	20000
3.6998e-06	20010
3.69768e-06	20020
3.69556e-06	20030
3.69344e-06	20040
3.69132e-06	20050
3.68921e-06	20060
3.6871e-06	20070
3.68498e-06	20080
3.68287e-06	20090
3.68076e-06	20100
3.67865e-06	20110
3.67655e-06	20120
3.67444e-06	20130
3.67234e-06	20140
3.67023e-06	20150
3.66813e-06	20160
3.66603e-06	20170
3.66393e-06	20180
3.66183e-06	20190
3.65973e-06	20200
3.65763e-06	20210
3.65554e-06	20220
3.65344e-06	20230
3.65135e-06	20240
3.64926e-06	20250
3.64717e-06	20260
3.64508e-06	20270
3.64299e-06	20280
3.64091e-06	20290
3.63882e-06	20300
3.63674e-06	20310
3.63465e-06	20320
3.63257e-06	20330
3.63049e-06	20340
3.62841e-06	20350
3.62633e-06	20360
3.62425e-06	20370
3.62218e-06	20380
3.6201e-06	20390
3.61803e-06	20400
3.61596e-06	20410
3.61389e-06	20420
3.61182e-06	20430
3.60975e-06	20440
3.60768e-06	20450
3.60561e-06	20460
3.60355e-06	20470
3.60148e-06	20480
3.59942e-06	20490
3.59736e-06	20500
3.5953e-06	20510
3.59324e-06	20520
3.59118e-06	20530
3.58912e-06	20540
3.58707e-06	20550
3.58501e-06	20560
3.58296e-06	20570
3.58091e-06	20580
3.57886e-06	20590
3.57681e-06	20600
3.57476e-06	20610
3.57271e-06	20620
3.57067e-06	20630
3.56862e-06	20640
3.56658e-06	20650
3.56453e-06	20660
3.56249e-06	20670
3.56045e-06	20680
3.55841e-06	20690
3.55638e-06	20700
3.55434e-06	20710
3.5523e-06	20720
3.55027e-06	20730
3.54824e-06	20740
3.5462e-06	20750
3.54417e-06	20760
3.54214e-06	20770
3.54011e-06	20780
3.53809e-06	20790
3.53606e-06	20800
3.53404e-06	20810
3.53201e-06	20820
3.52999e-06	20830
3.52797e-06	20840
3.52595e-06	20850
3.52393e-06	20860
3.52191e-06	20870
3.51989e-06	20880
3.51788e-06	20890
3.51586e-06	20900
3.51385e-06	20910
3.51184e-06	20920
3.50983e-06	20930
3.50782e-06	20940
3.50581e-06	20950
3.5038e-06	20960
3.50179e-06	20970
3.49979e-06	20980
3.49778e-06	20990
3.49578e-06	21000
3.49378e-06	21010
3.49178e-06	21020
3.48978e-06	21030
3.48778e-06	21040
3.48578e-06	21050
3.48379e-06	21060
3.48179e-06	21070
3.4798e-06	21080
3.47781e-06	21090
3.47582e-06	21100
3.47383e-06	21110
3.47184e-06	21120
3.46985e-06	21130
3.46786e-06	21140
3.46588e-06	21150
3.46389e-06	21160
3.46191e-06	21170
3.45993e-06	21180
3.45795e-06	21190
3.45597e-06	21200
3.45399e-06	21210
3.45201e-06	21220
3.45003e-06	21230
3.44806e-06	21240
3.44608e-06	21250
3.44411e-06	21260
3.44214e-06	21270
3.44017e-06	21280
3.4382e-06	21290
3.43623e-06	21300
3.43426e-06	21310
3.4323e-06	21320
3.43033e-06	21330
3.42837e-06	21340
3.4264e-06	21350
3.42444e-06	21360
3.42248e-06	21370
3.42052e-06	21380
3.41856e-06	21390
3.41661e-06	21400
3.41465e-06	21410
3.4127e-06	21420
3.41074e-06	21430
3.40879e-06	21440
3.40684e-06	21450
3.40489e-06	21460
3.40294e-06	21470
3.40099e-06	21480
3.39904e-06	21490
3.3971e-06	21500
3.39515e-06	21510
3.39321e-06	21520
3.39127e-06	21530
3.38932e-06	21540
3.38738e-06	21550
3.38544e-06	21560
3.38351e-06	21570
3.38157e-06	21580
3.37963e-06	21590
3.3777e-06	21600
3.37577e-06	21610
3.37383e-06	21620
3.3719e-06	21630
3.36997e-06	21640
3.36804e-06	21650
3.36611e-06	21660
3.36419e-06	21670
3.36226e-06	21680
3.36034e-06	21690
3.35841e-06	21700
3.35649e-06	21710
3.35457e-06	21720
3.35265e-06	21730
3.35073e-06	21740
3.34881e-06	21750
3.34689e-06	21760
3.34498e-06	21770
3.34306e-06	21780
3.34115e-06	21790
3.33924e-06	21800
3.33733e-06	21810
3.33542e-06	21820
3.33351e-06	21830
3.3316e-06	21840
3.32969e-06	21850
3.32779e-06	21860
3.32588e-06	21870
3.32398e-06	21880
3.32208e-06	21890
3.32017e-06	21900
3.31827e-06	21910
3.31637e-06	21920
3.31448e-06	21930
3.31258e-06	21940
3.31068e-06	21950
3.30879e-06	21960
3.30689e-06	21970
3.305e-06	21980
3.30311e-06	21990
3.30122e-06	22000
3.29933e-06	22010
3.29744e-06	22020
3.29555e-06	22030
3.29367e-06	22040
3.29178e-06	22050
3.2899e-06	22060
3.28802e-06	22070
3.28613e-06	22080
3.28425e-06	22090
3.28237e-06	22100
3.28049e-06	22110
3.27862e-06	22120
3.27674e-06	22130
3.27486e-06	22140
3.27299e-06	22150
3.27112e-06	22160
3.26925e-06	22170
3.26737e-06	22180
3.2655e-06	22190
3.26364e-06	22200
3.26177e-06	22210
3.2599e-06	22220
3.25803e-06	22230
3.25617e-06	22240
3.25431e-06	22250
3.25244e-06	22260
3.25058e-06	22270
3.24872e-06	22280
3.24686e-06	22290
3.24501e-06	22300
3.24315e-06	22310
3.24129e-06	22320
3.23944e-06	22330
3.23758e-06	22340
3.23573e-06	22350
3.23388e-06	22360
3.23203e-06	22370
3.23018e-06	22380
3.22833e-06	22390
3.22648e-06	22400
3.22464e-06	22410
3.22279e-06	22420
3.22095e-06	22430
3.2191e-06	22440
3.21726e-06	22450
3.21542e-06	22460
3.21358e-06	22470
3.21174e-06	22480
3.2099e-06	22490
3.20807e-06	22500
3.20623e-06	22510
3.2044e-06	22520
3.20256e-06	22530
3.20073e-06	22540
3.1989e-06	22550
3.19707e-06	22560
3.19524e-06	22570
3.19341e-06	22580
3.19158e-06	22590
3.18976e-06	22600
3.18793e-06	22610
3.18611e-06	22620
3.18428e-06	22630
3.18246e-06	22640
3.18064e-06	22650
3.17882e-06	22660
3.177e-06	22670
3.17518e-06	22680
3.17337e-06	22690
3.17155e-06	22700
3.16974e-06	22710
3.16792e-06	22720
3.16611e-06	22730
3.1643e-06	22740
3.16249e-06	22750
3.16068e-06	22760
3.15887e-06	22770
3.15706e-06	22780
3.15525e-06	22790
3.15345e-06	22800
3.15165e-06	22810
3.14984e-06	22820
3.14804e-06	22830
3.14624e-06	22840
3.14444e-06	22850
3.14264e-06	22860
3.14084e-06	22870
3.13904e-06	22880
3.13725e-06	22890
3.13545e-06	22900
3.13366e-06	22910
3.13187e-06	22920
3.13007e-06	22930
3.12828e-06	22940
3.12649e-06	22950
3.1247e-06	22960
3.12292e-06	22970
3.12113e-06	22980
3.11934e-06	22990
3.11756e-06	23000
3.11578e-06	23010
3.11399e-06	23020
3.11221e-06	23030
3.11043e-06	23040
3.10865e-06	23050
3.10687e-06	23060
3.10509e-06	23070
3.10332e-06	23080
3.10154e-06	23090
3.09977e-06	23100
3.09799e-06	23110
3.09622e-06	23120
3.09445e-06	23130
3.09268e-06	23140
3.09091e-06	23150
3.08914e-06	23160
3.08738e-06	23170
3.08561e-06	23180
3.08384e-06	23190
3.08208e-06	23200
3.08032e-06	23210
3.07855e-06	23220
3.07679e-06	23230
3.07503e-06	23240
3.07327e-06	23250
3.07152e-06	23260
3.06976e-06	23270
3.068e-06	23280
3.06625e-06	23290
3.06449e-06	23300
3.06274e-06	23310
3.06099e-06	23320
3.05924e-06	23330
3.05749e-06	23340
3.05574e-06	23350
3.05399e-06	23360
3.05224e-06	23370
3.0505e-06	23380
3.04875e-06	23390
3.04701e-06	23400
3.04526e-06	23410
3.04352e-06	23420
3.04178e-06	23430
3.04004e-06	23440
3.0383e-06	23450
3.03656e-06	23460
3.03483e-06	23470
3.03309e-06	23480
3.03135e-06	23490
3.02962e-06	23500
3.02789e-06	23510
3.02616e-06	23520
3.02442e-06	23530
3.02269e-06	23540
3.02096e-06	23550
3.01924e-06	23560
3.01751e-06	23570
3.01578e-06	23580
3.01406e-06	23590
3.01233e-06	23600
3.01061e-06	23610
3.00889e-06	23620
3.00717e-06	23630
3.00545e-06	23640
3.00373e-06	23650
3.00201e-06	23660
3.00029e-06	23670
2.99858e-06	23680
2.99686e-06	23690
2.99515e-06	23700
2.99343e-06	23710
2.99172e-06	23720
2.99001e-06	23730
2.9883e-06	23740
2.98659e-06	23750
2.98488e-06	23760
2.98318e-06	23770
2.98147e-06	23780
2.97976e-06	23790
2.97806e-06	23800
2.97636e-06	23810
2.97465e-06	23820
2.97295e-06	23830
2.97125e-06	23840
2.96955e-06	23850
2.96785e-06	23860
2.96616e-06	23870
2.96446e-06	23880
2.96276e-06	23890
2.96107e-06	23900
2.95937e-06	23910
2.95768e-06	23920
2.95599e-06	23930
2.9543e-06	23940
2.95261e-06	23950
2.95092e-06	23960
2.94923e-06	23970
2.94755e-06	23980
2.94586e-06	23990
2.94418e-06	24000
2.94249e-06	24010
2.94081e-06	24020
2.93913e-06	24030
2.93745e-06	24040
2.93577e-06	24050
2.93409e-06	24060
2.93241e-06	24070
2.93073e-06	24080
2.92905e-06	24090
2.92738e-06	24100
2.92571e-06	24110
2.92403e-06	24120
2.92236e-06	24130
2.92069e-06	24140
2.91902e-06	24150
2.91735e-06	24160
2.91568e-06	24170
2.91401e-06	24180
2.91235e-06	24190
2.91068e-06	24200
2.90902e-06	24210
2.90735e-06	24220
2.90569e-06	24230
2.90403e-06	24240
2.90237e-06	24250
2.90071e-06	24260
2.89905e-06	24270
2.89739e-06	24280
2.89573e-06	24290
2.89408e-06	24300
2.89242e-06	24310
2.89077e-06	24320
2.88911e-06	24330
2.88746e-06	24340
2.88581e-06	24350
2.88416e-06	24360
2.88251e-06	24370
2.88086e-06	24380
2.87921e-06	24390
2.87757e-06	24400
2.87592e-06	24410
2.87428e-06	24420
2.87263e-06	24430
2.87099e-06	24440
2.86935e-06	24450
2.86771e-06	24460
2.86607e-06	24470
2.86443e-06	24480
2.86279e-06	24490
2.86115e-06	24500
2.85952e-06	24510
2.85788e-06	24520
2.85625e-06	24530
2.85461e-06	24540
2.85298e-06	24550
2.85135e-06	24560
2.84972e-06	24570
2.84809e-06	24580
2.84646e-06	24590
2.84483e-06	24600
2.84321e-06	24610
2.84158e-06	24620
2.83995e-06	24630
2.83833e-06	24640
2.83671e-06	24650
2.83509e-06	24660
2.83346e-06	24670
2.83184e-06	24680
2.83022e-06	24690
2.82861e-06	24700
2.82699e-06	24710
2.82537e-06	24720
2.82376e-06	24730
2.82214e-06	24740
2.82053e-06	24750
2.81891e-06	24760
2.8173e-06	24770
2.81569e-06	24780
2.81408e-06	24790
2.81247e-06	24800
2.81086e-06	24810
2.80926e-06	24820
2.80765e-06	24830
2.80604e-06	24840
2.80444e-06	24850
2.80284e-06	24860
2.80123e-06	24870
2.79963e-06	24880
2.79803e-06	24890
2.79643e-06	24900
2.79483e-06	24910
2.79323e-06	24920
2.79164e-06	24930
2.79004e-06	24940
2.78844e-06	24950
2.78685e-06	24960
2.78526e-06	24970
2.78366e-06	24980
2.78207e-06	24990
2.78048e-06	25000
2.77889e-06	25010
2.7773e-06	25020
2.77571e-06	25030
2.77413e-06	25040
2.77254e-06	25050
2.77096e-06	25060
2.76937e-06	25070
2.76779e-06	25080
2.7662e-06	25090
2.76462e-06	25100
2.76304e-06	25110
2.76146e-06	25120
2.75988e-06	25130
2.75831e-06	25140
2.75673e-06	25150
2.75515e-06	25160
2.75358e-06	25170
2.752e-06	25180
2.75043e-06	25190
2.74886e-06	25200
2.74728e-06	25210
2.74571e-06	25220
2.74414e-06	25230
2.74257e-06	25240
2.74101e-06	25250
2.73944e-06	25260
2.73787e-06	25270
2.73631e-06	25280
2.73474e-06	25290
2.73318e-06	25300
2.73162e-06	25310
2.73005e-06	25320
2.72849e-06	25330
2.72693e-06	25340
2.72537e-06	25350
2.72382e-06	25360
2.72226e-06	25370
2.7207e-06	25380
2.71915e-06	25390
2.71759e-06	25400
2.71604e-06	25410
2.71449e-06	25420
2.71293e-06	25430
2.71138e-06	25440
2.70983e-06	25450
2.70828e-06	25460
2.70673e-06	25470
2.70519e-06	25480
2.70364e-06	25490
2.70209e-06	25500
2.70055e-06	25510
2.699e-06	25520
2.69746e-06	25530
2.69592e-06	25540
2.69438e-06	25550
2.69284e-06	25560
2.6913e-06	25570
2.68976e-06	25580
2.68822e-06	25590
2.68668e-06	25600
2.68515e-06	25610
2.68361e-06	25620
2.68208e-06	25630
2.68055e-06	25640
2.67901e-06	25650
2.67748e-06	25660
2.67595e-06	25670
2.67442e-06	25680
2.67289e-06	25690
2.67136e-06	25700
2.66984e-06	25710
2.66831e-06	25720
2.66678e-06	25730
2.66526e-06	25740
2.66374e-06	25750
2.66221e-06	25760
2.66069e-06	25770
2.65917e-06	25780
2.65765e-06	25790
2.65613e-06	25800
2.65461e-06	25810
2.65309e-06	25820
2.65158e-06	25830
2.65006e-06	25840
2.64855e-06	25850
2.64703e-06	25860
2.64552e-06	25870
2.64401e-06	25880
2.64249e-06	25890
2.64098e-06	25900
2.63947e-06	25910
2.63797e-06	25920
2.63646e-06	25930
2.63495e-06	25940
2.63344e-06	25950
2.63194e-06	25960
2.63043e-06	25970
2.62893e-06	25980
2.62743e-06	25990
2.62592e-06	26000
2.62442e-06	26010
2.62292e-06	26020
2.62142e-06	26030
2.61993e-06	26040
2.61843e-06	26050
2.61693e-06	26060
2.61543e-06	26070
2.61394e-06	26080
2.61244e-06	26090
2.61095e-06	26100
2.60946e-06	26110
2.60797e-06	26120
2.60648e-06	26130
2.60499e-06	26140
2.6035e-06	26150
2.60201e-06	26160
2.60052e-06	26170
2.59903e-06	26180
2.59755e-06	26190
2.59606e-06	26200
2.59458e-06	26210
2.5931e-06	26220
2.59161e-06	26230
2.59013e-06	26240
2.58865e-06	26250
2.58717e-06	26260
2.58569e-06	26270
2.58422e-06	26280
2.58274e-06	26290
2.58126e-06	26300
2.57979e-06	26310
2.57831e-06	26320
2.57684e-06	26330
2.57536e-06	26340
2.57389e-06	26350
2.57242e-06	26360
2.57095e-06	26370
2.56948e-06	26380
2.56801e-06	26390
2.56654e-06	26400
2.56508e-06	26410
2.56361e-06	26420
2.56214e-06	26430
2.56068e-06	26440
2.55922e-06	26450
2.55775e-06	26460
2.55629e-06	26470
2.55483e-06	26480
2.55337e-06	26490
2.55191e-06	26500
2.55045e-06	26510
2.54899e-06	26520
2.54754e-06	26530
2.54608e-06	26540
2.54462e-06	26550
2.54317e-06	26560
2.54172e-06	26570
2.54026e-06	26580
2.53881e-06	26590
2.53736e-06	26600
2.53591e-06	26610
2.53446e-06	26620
2.53301e-06	26630
2.53156e-06	26640
2.53012e-06	26650
2.52867e-06	26660
2.52723e-06	26670
2.52578e-06	26680
2.52434e-06	26690
2.52289e-06	26700
2.52145e-06	26710
2.52001e-06	26720
2.51857e-06	26730
2.51713e-06	26740
2.51569e-06	26750
2.51425e-06	26760
2.51282e-06	26770
2.51138e-06	26780
2.50994e-06	26790
2.50851e-06	26800
2.50708e-06	26810
2.50564e-06	26820
2.50421e-06	26830
2.50278e-06	26840
2.50135e-06	26850
2.49992e-06	26860
2.49849e-06	26870
2.49706e-06	26880
2.49563e-06	26890
2.49421e-06	26900
2.49278e-06	26910
2.49136e-06	26920
2.48993e-06	26930
2.48851e-06	26940
2.48709e-06	26950
2.48567e-06	26960
2.48425e-06	26970
2.48283e-06	26980
2.48141e-06	26990
2.47999e-06	27000
2.47857e-06	27010
2.47715e-06	27020
2.47574e-06	27030
2.47432e-06	27040
2.47291e-06	27050
2.4715e-06	27060
2.47008e-06	27070
2.46867e-06	27080
2.46726e-06	27090
2.46585e-06	27100
2.46444e-06	27110
2.46303e-06	27120
2.46162e-06	27130
2.46022e-06	27140
2.45881e-06	27150
2.45741e-06	27160
2.456e-06	27170
2.4546e-06	27180
2.45319e-06	27190
2.45179e-06	27200
2.45039e-06	27210
2.44899e-06	27220
2.44759e-06	27230
2.44619e-06	27240
2.44479e-06	27250
2.4434e-06	27260
2.442e-06	27270
2.4406e-06	27280
2.43921e-06	27290
2.43782e-06	27300
2.43642e-06	27310
2.43503e-06	27320
2.43364e-06	27330
2.43225e-06	27340
2.43086e-06	27350
2.42947e-06	27360
2.42808e-06	27370
2.42669e-06	27380
2.4253e-06	27390
2.42392e-06	27400
2.42253e-06	27410
2.42115e-06	27420
2.41976e-06	27430
2.41838e-06	27440
2.417e-06	27450
2.41562e-06	27460
2.41424e-06	27470
2.41286e-06	27480
2.41148e-06	27490
2.4101e-06	27500
2.40872e-06	27510
2.40735e-06	27520
2.40597e-06	27530
2.40459e-06	27540
2.40322e-06	27550
2.40185e-06	27560
2.40047e-06	27570
2.3991e-06	27580
2.39773e-06	27590
2.39636e-06	27600
2.39499e-06	27610
2.39362e-06	27620
2.39225e-06	27630
2.39089e-06	27640
2.38952e-06	27650
2.38816e-06	27660
2.38679e-06	27670
2.38543e-06	27680
2.38406e-06	27690
2.3827e-06	27700
2.38134e-06	27710
2.37998e-06	27720
2.37862e-06	27730
2.37726e-06	27740
2.3759e-06	27750
2.37454e-06	27760
2.37318e-06	27770
2.37183e-06	27780
2.37047e-06	27790
2.36912e-06	27800
2.36776e-06	27810
2.36641e-06	27820
2.36506e-06	27830
2.36371e-06	27840
2.36236e-06	27850
2.36101e-06	27860
2.35966e-06	27870
2.35831e-06	27880
2.35696e-06	27890
2.35561e-06	27900
2.35427e-06	27910
2.35292e-06	27920
2.35158e-06	27930
2.35023e-06	27940
2.34889e-06	27950
2.34755e-06	27960
2.34621e-06	27970
2.34487e-06	27980
2.34353e-06	27990
2.34219e-06	28000
2.34085e-06	28010
2.33951e-06	28020
2.33817e-06	28030
2.33684e-06	28040
2.3355e-06	28050
2.33417e-06	28060
2.33283e-06	28070
2.3315e-06	28080
2.33017e-06	28090
2.32884e-06	28100
2.3275e-06	28110
2.32617e-06	28120
2.32484e-06	28130
2.32352e-06	28140
2.32219e-06	28150
2.32086e-06	28160
2.31953e-06	28170
2.31821e-06	28180
2.31688e-06	28190
2.31556e-06	28200
2.31424e-06	28210
2.31291e-06	28220
2.31159e-06	28230
2.31027e-06	28240
2.30895e-06	28250
2.30763e-06	28260
2.30631e-06	28270
2.305e-06	28280
2.30368e-06	28290
2.30236e-06	28300
2.30105e-06	28310
2.29973e-06	28320
2.29842e-06	28330
2.2971e-06	28340
2.29579e-06	28350
2.29448e-06	28360
2.29317e-06	28370
2.29186e-06	28380
2.29055e-06	28390
2.28924e-06	28400
2.28793e-06	28410
2.28662e-06	28420
2.28532e-06	28430
2.28401e-06	28440
2.28271e-06	28450
2.2814e-06	28460
2.2801e-06	28470
2.27879e-06	28480
2.27749e-06	28490
2.27619e-06	28500
2.27489e-06	28510
2.27359e-06	28520
2.27229e-06	28530
2.27099e-06	28540
2.26969e-06	28550
2.2684e-06	28560
2.2671e-06	28570
2.26581e-06	28580
2.26451e-06	28590
2.26322e-06	28600
2.26192e-06	28610
2.26063e-06	28620
2.25934e-06	28630
2.25805e-06	28640
2.25676e-06	28650
2.25547e-06	28660
2.25418e-06	28670
2.25289e-06	28680
2.2516e-06	28690
2.25032e-06	28700
2.24903e-06	28710
2.24775e-06	28720
2.24646e-06	28730
2.24518e-06	28740
2.24389e-06	28750
2.24261e-06	28760
2.24133e-06	28770
2.24005e-06	28780
2.23877e-06	28790
2.23749e-06	28800
2.23621e-06	28810
2.23493e-06	28820
2.23366e-06	28830
2.23238e-06	28840
2.23111e-06	28850
2.22983e-06	28860
2.22856e-06	28870
2.22728e-06	28880
2.22601e-06	28890
2.22474e-06	28900
2.22347e-06	28910
2.2222e-06	28920
2.22093e-06	28930
2.21966e-06	28940
2.21839e-06	28950
2.21712e-06	28960
2.21585e-06	28970
2.21459e-06	28980
2.21332e-06	28990
2.21206e-06	29000
2.21079e-06	29010
2.20953e-06	29020
2.20827e-06	29030
2.20701e-06	29040
2.20575e-06	29050
2.20449e-06	29060
2.20323e-06	29070
2.20197e-06	29080
2.20071e-06	29090
2.19945e-06	29100
2.19819e-06	29110
2.19694e-06	29120
2.19568e-06	29130
2.19443e-06	29140
2.19317e-06	29150
2.19192e-06	29160
2.19067e-06	29170
2.18942e-06	29180
2.18817e-06	29190
2.18692e-06	29200
2.18567e-06	29210
2.18442e-06	29220
2.18317e-06	29230
2.18192e-06	29240
2.18067e-06	29250
2.17943e-06	29260
2.17818e-06	29270
2.17694e-06	29280
2.1757e-06	29290
2.17445e-06	29300
2.17321e-06	29310
2.17197e-06	29320
2.17073e-06	29330
2.16949e-06	29340
2.16825e-06	29350
2.16701e-06	29360
2.16577e-06	29370
2.16453e-06	29380
2.1633e-06	29390
2.16206e-06	29400
2.16082e-06	29410
2.15959e-06	29420
2.15836e-06	29430
2.15712e-06	29440
2.15589e-06	29450
2.15466e-06	29460
2.15343e-06	29470
2.1522e-06	29480
2.15097e-06	29490
2.14974e-06	29500
2.14851e-06	29510
2.14728e-06	29520
2.14605e-06	29530
2.14483e-06	29540
2.1436e-06	29550
2.14238e-06	29560
2.14115e-06	29570
2.13993e-06	29580
2.13871e-06	29590
2.13749e-06	29600
2.13626e-06	29610
2.13504e-06	29620
2.13382e-06	29630
2.1326e-06	29640
2.13139e-06	29650
2.13017e-06	29660
2.12895e-06	29670
2.12774e-06	29680
2.12652e-06	29690
2.1253e-06	29700
2.12409e-06	29710
2.12288e-06	29720
2.12166e-06	29730
2.12045e-06	29740
2.11924e-06	29750
2.11803e-06	29760
2.11682e-06	29770
2.11561e-06	29780
2.1144e-06	29790
2.11319e-06	29800
2.11199e-06	29810
2.11078e-06	29820
2.10957e-06	29830
2.10837e-06	29840
2.10716e-06	29850
2.10596e-06	29860
2.10476e-06	29870
2.10355e-06	29880
2.10235e-06	29890
2.10115e-06	29900
2.09995e-06	29910
2.09875e-06	29920
2.09755e-06	29930
2.09635e-06	29940
2.09515e-06	29950
2.09396e-06	29960
2.09276e-06	29970
2.09156e-06	29980
2.09037e-06	29990
2.08918e-06	30000
2.08798e-06	30010
2.08679e-06	30020
2.0856e-06	30030
2.08441e-06	30040
2.08321e-06	30050
2.08202e-06	30060
2.08083e-06	30070
2.07965e-06	30080
2.07846e-06	30090
2.07727e-06	30100
2.07608e-06	30110
2.0749e-06	30120
2.07371e-06	30130
2.07253e-06	30140
2.07134e-06	30150
2.07016e-06	30160
2.06898e-06	30170
2.06779e-06	30180
2.06661e-06	30190
2.06543e-06	30200
2.06425e-06	30210
2.06307e-06	30220
2.06189e-06	30230
2.06072e-06	30240
2.05954e-06	30250
2.05836e-06	30260
2.05719e-06	30270
2.05601e-06	30280
2.05484e-06	30290
2.05366e-06	30300
2.05249e-06	30310
2.05132e-06	30320
2.05014e-06	30330
2.04897e-06	30340
2.0478e-06	30350
2.04663e-06	30360
2.04546e-06	30370
2.04429e-06	30380
2.04313e-06	30390
2.04196e-06	30400
2.04079e-06	30410
2.03963e-06	30420
2.03846e-06	30430
2.0373e-06	30440
2.03613e-06	30450
2.03497e-06	30460
2.03381e-06	30470
2.03264e-06	30480
2.03148e-06	30490
2.03032e-06	30500
2.02916e-06	30510
2.028e-06	30520
2.02684e-06	30530
2.02569e-06	30540
2.02453e-06	30550
2.02337e-06	30560
2.02222e-06	30570
2.02106e-06	30580
2.01991e-06	30590
2.01875e-06	30600
2.0176e-06	30610
2.01645e-06	30620
2.01529e-06	30630
2.01414e-06	30640
2.01299e-06	30650
2.01184e-06	30660
2.01069e-06	30670
2.00954e-06	30680
2.0084e-06	30690
2.00725e-06	30700
2.0061e-06	30710
2.00496e-06	30720
2.00381e-06	30730
2.00267e-06	30740
2.00152e-06	30750
2.00038e-06	30760
1.99924e-06	30770
1.99809e-06	30780
1.99695e-06	30790
1.99581e-06	30800
1.99467e-06	30810
1.99353e-06	30820
1.99239e-06	30830
1.99125e-06	30840
1.99012e-06	30850
1.98898e-06	30860
1.98784e-06	30870
1.98671e-06	30880
1.98557e-06	30890
1.98444e-06	30900
1.9833e-06	30910
1.98217e-06	30920
1.98104e-06	30930
1.97991e-06	30940
1.97878e-06	30950
1.97765e-06	30960
1.97652e-06	30970
1.97539e-06	30980
1.97426e-06	30990
1.97313e-06	31000
1.972e-06	31010
1.97088e-06	31020
1.96975e-06	31030
1.96863e-06	31040
1.9675e-06	31050
1.96638e-06	31060
1.96525e-06	31070
1.96413e-06	31080
1.96301e-06	31090
1.96189e-06	31100
1.96077e-06	31110
1.95965e-06	31120
1.95853e-06	31130
1.95741e-06	31140
1.95629e-06	31150
1.95517e-06	31160
1.95405e-06	31170
1.95294e-06	31180
1.95182e-06	31190
1.95071e-06	31200
1.94959e-06	31210
1.94848e-06	31220
1.94737e-06	31230
1.94625e-06	31240
1.94514e-06	31250
1.94403e-06	31260
1.94292e-06	31270
1.94181e-06	31280
1.9407e-06	31290
1.93959e-06	31300
1.93848e-06	31310
1.93738e-06	31320
1.93627e-06	31330
1.93516e-06	31340
1.93406e-06	31350
1.93295e-06	31360
1.93185e-06	31370
1.93075e-06	31380
1.92964e-06	31390
1.92854e-06	31400
1.92744e-06	31410
1.92634e-06	31420
1.92524e-06	31430
1.92414e-06	31440
1.92304e-06	31450
1.92194e-06	31460
1.92084e-06	31470
1.91974e-06	31480
1.91865e-06	31490
1.91755e-06	31500
1.91646e-06	31510
1.91536e-06	31520
1.91427e-06	31530
1.91317e-06	31540
1.91208e-06	31550
1.91099e-06	31560
1.9099e-06	31570
1.90881e-06	31580
1.90772e-06	31590
1.90663e-06	31600
1.90554e-06	31610
1.90445e-06	31620
1.90336e-06	31630
1.90227e-06	31640
1.90119e-06	31650
1.9001e-06	31660
1.89901e-06	31670
1.89793e-06	31680
1.89685e-06	31690
1.89576e-06	31700
1.89468e-06	31710
1.8936e-06	31720
1.89251e-06	31730
1.89143e-06	31740
1.89035e-06	31750
1.88927e-06	31760
1.88819e-06	31770
1.88712e-06	31780
1.88604e-06	31790
1.88496e-06	31800
1.88388e-06	31810
1.88281e-06	31820
1.88173e-06	31830
1.88066e-06	31840
1.87958e-06	31850
1.87851e-06	31860
1.87744e-06	31870
1.87636e-06	31880
1.87529e-06	31890
1.87422e-06	31900
1.87315e-06	31910
1.87208e-06	31920
1.87101e-06	31930
1.86994e-06	31940
1.86887e-06	31950
1.8678e-06	31960
1.86674e-06	31970
1.86567e-06	31980
1.86461e-06	31990
1.86354e-06	32000
1.86248e-06	32010
1.86141e-06	32020
1.86035e-06	32030
1.85929e-06	32040
1.85822e-06	32050
1.85716e-06	32060
1.8561e-06	32070
1.85504e-06	32080
1.85398e-06	32090
1.85292e-06	32100
1.85186e-06	32110
1.85081e-06	32120
1.84975e-06	32130
1.84869e-06	32140
1.84764e-06	32150
1.84658e-06	32160
1.84553e-06	32170
1.84447e-06	32180
1.84342e-06	32190
1.84236e-06	32200
1.84131e-06	32210
1.84026e-06	32220
1.83921e-06	32230
1.83816e-06	32240
1.83711e-06	32250
1.83606e-06	32260
1.83501e-06	32270
1.83396e-06	32280
1.83291e-06	32290
1.83187e-06	32300
1.83082e-06	32310
1.82978e-06	32320
1.82873e-06	32330
1.82769e-06	32340
1.82664e-06	32350
1.8256e-06	32360
1.82456e-06	32370
1.82351e-06	32380
1.82247e-06	32390
1.82143e-06	32400
1.82039e-06	32410
1.81935e-06	32420
1.81831e-06	32430
1.81727e-06	32440
1.81623e-06	32450
1.8152e-06	32460
1.81416e-06	32470
1.81312e-06	32480
1.81209e-06	32490
1.81105e-06	32500
1.81002e-06	32510
1.80898e-06	32520
1.80795e-06	32530
1.80692e-06	32540
1.80589e-06	32550
1.80485e-06	32560
1.80382e-06	32570
1.80279e-06	32580
1.80176e-06	32590
1.80073e-06	32600
1.79971e-06	32610
1.79868e-06	32620
1.79765e-06	32630
1.79662e-06	32640
1.7956e-06	32650
1.79457e-06	32660
1.79355e-06	32670
1.79252e-06	32680
1.7915e-06	32690
1.79047e-06	32700
1.78945e-06	32710
1.78843e-06	32720
1.78741e-06	32730
1.78639e-06	32740
1.78537e-06	32750
1.78435e-06	32760
1.78333e-06	32770
1.78231e-06	32780
1.78129e-06	32790
1.78027e-06	32800
1.77926e-06	32810
1.77824e-06	32820
1.77722e-06	32830
1.77621e-06	32840
1.77519e-06	32850
1.77418e-06	32860
1.77317e-06	32870
1.77215e-06	32880
1.77114e-06	32890
1.77013e-06	32900
1.76912e-06	32910
1.76811e-06	32920
1.7671e-06	32930
1.76609e-06	32940
1.76508e-06	32950
1.76407e-06	32960
1.76306e-06	32970
1.76206e-06	32980
1.76105e-06	32990
1.76004e-06	33000
1.75904e-06	33010
1.75803e-06	33020
1.75703e-06	33030
1.75603e-06	33040
1.75502e-06	33050
1.75402e-06	33060
1.75302e-06	33070
1.75202e-06	33080
1.75102e-06	33090
1.75002e-06	33100
1.74902e-06	33110
1.74802e-06	33120
1.74702e-06	33130
1.74602e-06	33140
1.74502e-06	33150
1.74403e-06	33160
1.74303e-06	33170
1.74204e-06	33180
1.74104e-06	33190
1.74005e-06	33200
1.73905e-06	33210
1.73806e-06	33220
1.73707e-06	33230
1.73607e-06	33240
1.73508e-06	33250
1.73409e-06	33260
1.7331e-06	33270
1.73211e-06	33280
1.73112e-06	33290
1.73013e-06	33300
1.72914e-06	33310
1.72816e-06	33320
1.72717e-06	33330
1.72618e-06	33340
1.7252e-06	33350
1.72421e-06	33360
1.72323e-06	33370
1.72224e-06	33380
1.72126e-06	33390
1.72028e-06	33400
1.71929e-06	33410
1.71831e-06	33420
1.71733e-06	33430
1.71635e-06	33440
1.71537e-06	33450
1.71439e-06	33460
1.71341e-06	33470
1.71243e-06	33480
1.71145e-06	33490
1.71047e-06	33500
1.7095e-06	33510
1.70852e-06	33520
1.70755e-06	33530
1.70657e-06	33540
1.7056e-06	33550
1.70462e-06	33560
1.70365e-06	33570
1.70267e-06	33580
1.7017e-06	33590
1.70073e-06	33600
1.69976e-06	33610
1.69879e-06	33620
1.69782e-06	33630
1.69685e-06	33640
1.69588e-06	33650
1.69491e-06	33660
1.69394e-06	33670
1.69297e-06	33680
1.69201e-06	33690
1.69104e-06	33700
1.69007e-06	33710
1.68911e-06	33720
1.68814e-06	33730
1.68718e-06	33740
1.68622e-06	33750
1.68525e-06	33760
1.68429e-06	33770
1.68333e-06	33780
1.68237e-06	33790
1.68141e-06	33800
1.68045e-06	33810
1.67949e-06	33820
1.67853e-06	33830
1.67757e-06	33840
1.67661e-06	33850
1.67565e-06	33860
1.6747e-06	33870
1.67374e-06	33880
1.67278e-06	33890
1.67183e-06	33900
1.67087e-06	33910
1.66992e-06	33920
1.66896e-06	33930
1.66801e-06	33940
1.66706e-06	33950
1.66611e-06	33960
1.66515e-06	33970
1.6642e-06	33980
1.66325e-06	33990
1.6623e-06	34000
1.66135e-06	34010
1.6604e-06	34020
1.65946e-06	34030
1.65851e-06	34040
1.65756e-06	34050
1.65661e-06	34060
1.65567e-06	34070
1.65472e-06	34080
1.65378e-06	34090
1.65283e-06	34100
1.65189e-06	34110
1.65094e-06	34120
1.65e-06	34130
1.64906e-06	34140
1.64812e-06	34150
1.64718e-06	34160
1.64624e-06	34170
1.64529e-06	34180
1.64436e-06	34190
1.64342e-06	34200
1.64248e-06	34210
1.64154e-06	34220
1.6406e-06	34230
1.63966e-06	34240
1.63873e-06	34250
1.63779e-06	34260
1.63686e-06	34270
1.63592e-06	34280
1.63499e-06	34290
1.63405e-06	34300
1.63312e-06	34310
1.63219e-06	34320
1.63126e-06	34330
1.63032e-06	34340
1.62939e-06	34350
1.62846e-06	34360
1.62753e-06	34370
1.6266e-06	34380
1.62567e-06	34390
1.62474e-06	34400
1.62382e-06	34410
1.62289e-06	34420
1.62196e-06	34430
1.62104e-06	34440
1.62011e-06	34450
1.61918e-06	34460
1.61826e-06	34470
1.61734e-06	34480
1.61641e-06	34490
1.61549e-06	34500
1.61457e-06	34510
1.61364e-06	34520
1.61272e-06	34530
1.6118e-06	34540
1.61088e-06	34550
1.60996e-06	34560
1.60904e-06	34570
1.60812e-06	34580
1.6072e-06	34590
1.60628e-06	34600
1.60537e-06	34610
1.60445e-06	34620
1.60353e-06	34630
1.60262e-06	34640
1.6017e-06	34650
1.60079e-06	34660
1.59987e-06	34670
1.59896e-06	34680
1.59805e-06	34690
1.59713e-06	34700
1.59622e-06	34710
1.59531e-06	34720
1.5944e-06	34730
1.59349e-06	34740
1.59258e-06	34750
1.59167e-06	34760
1.59076e-06	34770
1.58985e-06	34780
1.58894e-06	34790
1.58804e-06	34800
1.58713e-06	34810
1.58622e-06	34820
1.58532e-06	34830
1.58441e-06	34840
1.58351e-06	34850
1.5826e-06	34860
1.5817e-06	34870
1.58079e-06	34880
1.57989e-06	34890
1.57899e-06	34900
1.57809e-06	34910
1.57719e-06	34920
1.57628e-06	34930
1.57538e-06	34940
1.57448e-06	34950
1.57359e-06	34960
1.57269e-06	34970
1.57179e-06	34980
1.57089e-06	34990
1.56999e-06	35000
1.5691e-06	35010
1.5682e-06	35020
1.5673e-06	35030
1.56641e-06	35040
1.56551e-06	35050
1.56462e-06	35060
1.56373e-06	35070
1.56283e-06	35080
1.56194e-06	35090
1.56105e-06	35100
1.56016e-06	35110
1.55927e-06	35120
1.55838e-06	35130
1.55749e-06	35140
1.5566e-06	35150
1.55571e-06	35160
1.55482e-06	35170
1.55393e-06	35180
1.55304e-06	35190
1.55216e-06	35200
1.55127e-06	35210
1.55038e-06	35220
1.5495e-06	35230
1.54861e-06	35240
1.54773e-06	35250
1.54684e-06	35260
1.54596e-06	35270
1.54508e-06	35280
1.5442e-06	35290
1.54331e-06	35300
1.54243e-06	35310
1.54155e-06	35320
1.54067e-06	35330
1.53979e-06	35340
1.53891e-06	35350
1.53803e-06	35360
1.53715e-06	35370
1.53628e-06	35380
1.5354e-06	35390
1.53452e-06	35400
1.53365e-06	35410
1.53277e-06	35420
1.53189e-06	35430
1.53102e-06	35440
1.53015e-06	35450
1.52927e-06	35460
1.5284e-06	35470
1.52752e-06	35480
1.52665e-06	35490
1.52578e-06	35500
1.52491e-06	35510
1.52404e-06	35520
1.52317e-06	35530
1.5223e-06	35540
1.52143e-06	35550
1.52056e-06	35560
1.51969e-06	35570
1.51882e-06	35580
1.51796e-06	35590
1.51709e-06	35600
1.51622e-06	35610
1.51536e-06	35620
1.51449e-06	35630
1.51363e-06	35640
1.51276e-06	35650
1.5119e-06	35660
1.51103e-06	35670
1.51017e-06	35680
1.50931e-06	35690
1.50845e-06	35700
1.50758e-06	35710
1.50672e-06	35720
1.50586e-06	35730
1.505e-06	35740
1.50414e-06	35750
1.50328e-06	35760
1.50243e-06	35770
1.50157e-06	35780
1.50071e-06	35790
1.49985e-06	35800
1.499e-06	35810
1.49814e-06	35820
1.49728e-06	35830
1.49643e-06	35840
1.49558e-06	35850
1.49472e-06	35860
1.49387e-06	35870
1.49301e-06	35880
1.49216e-06	35890
1.49131e-06	35900
1.49046e-06	35910
1.48961e-06	35920
1.48876e-06	35930
1.48791e-06	35940
1.48706e-06	35950
1.48621e-06	35960
1.48536e-06	35970
1.48451e-06	35980
1.48366e-06	35990
1.48281e-06	36000
1.48197e-06	36010
1.48112e-06	36020
1.48027e-06	36030
1.47943e-06	36040
1.47858e-06	36050
1.47774e-06	36060
1.4769e-06	36070
1.47605e-06	36080
1.47521e-06	36090
1.47437e-06	36100
1.47352e-06	36110
1.47268e-06	36120
1.47184e-06	36130
1.471e-06	36140
1.47016e-06	36150
1.46932e-06	36160
1.46848e-06	36170
1.46764e-06	36180
1.46681e-06	36190
1.46597e-06	36200
1.46513e-06	36210
1.46429e-06	36220
1.46346e-06	36230
1.46262e-06	36240
1.46179e-06	36250
1.46095e-06	36260
1.46012e-06	36270
1.45928e-06	36280
1.45845e-06	36290
1.45762e-06	36300
1.45678e-06	36310
1.45595e-06	36320
1.45512e-06	36330
1.45429e-06	36340
1.45346e-06	36350
1.45263e-06	36360
1.4518e-06	36370
1.45097e-06	36380
1.45014e-06	36390
1.44931e-06	36400
1.44849e-06	36410
1.44766e-06	36420
1.44683e-06	36430
1.44601e-06	36440
1.44518e-06	36450
1.44435e-06	36460
1.44353e-06	36470
1.44271e-06	36480
1.44188e-06	36490
1.44106e-06	36500
1.44023e-06	36510
1.43941e-06	36520
1.43859e-06	36530
1.43777e-06	36540
1.43695e-06	36550
1.43613e-06	36560
1.43531e-06	36570
1.43449e-06	36580
1.43367e-06	36590
1.43285e-06	36600
1.43203e-06	36610
1.43121e-06	36620
1.4304e-06	36630
1.42958e-06	36640
1.42876e-06	36650
1.42795e-06	36660
1.42713e-06	36670
1.42632e-06	36680
1.4255e-06	36690
1.42469e-06	36700
1.42387e-06	36710
1.42306e-06	36720
1.42225e-06	36730
1.42143e-06	36740
1.42062e-06	36750
1.41981e-06	36760
1.419e-06	36770
1.41819e-06	36780
1.41738e-06	36790
1.41657e-06	36800
1.41576e-06	36810
1.41495e-06	36820
1.41415e-06	36830
1.41334e-06	36840
1.41253e-06	36850
1.41172e-06	36860
1.41092e-06	36870
1.41011e-06	36880
1.40931e-06	36890
1.4085e-06	36900
1.4077e-06	36910
1.40689e-06	36920
1.40609e-06	36930
1.40529e-06	36940
1.40448e-06	36950
1.40368e-06	36960
1.40288e-06	36970
1.40208e-06	36980
1.40128e-06	36990
1.40048e-06	37000
1.39968e-06	37010
1.39888e-06	37020
1.39808e-06	37030
1.39728e-06	37040
1.39648e-06	37050
1.39569e-06	37060
1.39489e-06	37070
1.39409e-06	37080
1.3933e-06	37090
1.3925e-06	37100
1.39171e-06	37110
1.39091e-06	37120
1.39012e-06	37130
1.38932e-06	37140
1.38853e-06	37150
1.38774e-06	37160
1.38694e-06	37170
1.38615e-06	37180
1.38536e-06	37190
1.38457e-06	37200
1.38378e-06	37210
1.38299e-06	37220
1.3822e-06	37230
1.38141e-06	37240
1.38062e-06	37250
1.37983e-06	37260
1.37904e-06	37270
1.37826e-06	37280
1.37747e-06	37290
1.37668e-06	37300
1.3759e-06	37310
1.37511e-06	37320
1.37432e-06	37330
1.37354e-06	37340
1.37275e-06	37350
1.37197e-06	37360
1.37119e-06	37370
1.3704e-06	37380
1.36962e-06	37390
1.36884e-06	37400
1.36806e-06	37410
1.36728e-06	37420
1.3665e-06	37430
1.36572e-06	37440
1.36494e-06	37450
1.36416e-06	37460
1.36338e-06	37470
1.3626e-06	37480
1.36182e-06	37490
1.36104e-06	37500
1.36026e-06	37510
1.35949e-06	37520
1.35871e-06	37530
1.35794e-06	37540
1.35716e-06	37550
1.35638e-06	37560
1.35561e-06	37570
1.35484e-06	37580
1.35406e-06	37590
1.35329e-06	37600
1.35252e-06	37610
1.35174e-06	37620
1.35097e-06	37630
1.3502e-06	37640
1.34943e-06	37650
1.34866e-06	37660
1.34789e-06	37670
1.34712e-06	37680
1.34635e-06	37690
1.34558e-06	37700
1.34481e-06	37710
1.34404e-06	37720
1.34328e-06	37730
1.34251e-06	37740
1.34174e-06	37750
1.34098e-06	37760
1.34021e-06	37770
1.33945e-06	37780
1.33868e-06	37790
1.33792e-06	37800
1.33715e-06	37810
1.33639e-06	37820
1.33562e-06	37830
1.33486e-06	37840
1.3341e-06	37850
1.33334e-06	37860
1.33258e-06	37870
1.33182e-06	37880
1.33105e-06	37890
1.33029e-06	37900
1.32953e-06	37910
1.32878e-06	37920
1.32802e-06	37930
1.32726e-06	37940
1.3265e-06	37950
1.32574e-06	37960
1.32499e-06	37970
1.32423e-06	37980
1.32347e-06	37990
1.32272e-06	38000
1.32196e-06	38010
1.32121e-06	38020
1.32045e-06	38030
1.3197e-06	38040
1.31894e-06	38050
1.31819e-06	38060
1.31744e-06	38070
1.31669e-06	38080
1.31593e-06	38090
1.31518e-06	38100
1.31443e-06	38110
1.31368e-06	38120
1.31293e-06	38130
1.31218e-06	38140
1.31143e-06	38150
1.31068e-06	38160
1.30993e-06	38170
1.30919e-06	38180
1.30844e-06	38190
1.30769e-06	38200
1.30694e-06	38210
1.3062e-06	38220
1.30545e-06	38230
1.30471e-06	38240
1.30396e-06	38250
1.30322e-06	38260
1.30247e-06	38270
1.30173e-06	38280
1.30098e-06	38290
1.30024e-06	38300
1.2995e-06	38310
1.29876e-06	38320
1.29802e-06	38330
1.29727e-06	38340
1.29653e-06	38350
1.29579e-06	38360
1.29505e-06	38370
1.29431e-06	38380
1.29357e-06	38390
1.29284e-06	38400
1.2921e-06	38410
1.29136e-06	38420
1.29062e-06	38430
1.28988e-06	38440
1.28915e-06	38450
1.28841e-06	38460
1.28768e-06	38470
1.28694e-06	38480
1.28621e-06	38490
1.28547e-06	38500
1.28474e-06	38510
1.284e-06	38520
1.28327e-06	38530
1.28254e-06	38540
1.28181e-06	38550
1.28107e-06	38560
1.28034e-06	38570
1.27961e-06	38580
1.27888e-06	38590
1.27815e-06	38600
1.27742e-06	38610
1.27669e-06	38620
1.27596e-06	38630
1.27523e-06	38640
1.2745e-06	38650
1.27378e-06	38660
1.27305e-06	38670
1.27232e-06	38680
1.27159e-06	38690
1.27087e-06	38700
1.27014e-06	38710
1.26942e-06	38720
1.26869e-06	38730
1.26797e-06	38740
1.26724e-06	38750
1.26652e-06	38760
1.2658e-06	38770
1.26507e-06	38780
1.26435e-06	38790
1.26363e-06	38800
1.26291e-06	38810
1.26219e-06	38820
1.26147e-06	38830
1.26075e-06	38840
1.26003e-06	38850
1.25931e-06	38860
1.25859e-06	38870
1.25787e-06	38880
1.25715e-06	38890
1.25643e-06	38900
1.25571e-06	38910
1.255e-06	38920
1.25428e-06	38930
1.25356e-06	38940
1.25285e-06	38950
1.25213e-06	38960
1.25142e-06	38970
1.2507e-06	38980
1.24999e-06	38990
1.24928e-06	39000
1.24856e-06	39010
1.24785e-06	39020
1.24714e-06	39030
1.24642e-06	39040
1.24571e-06	39050
1.245e-06	39060
1.24429e-06	39070
1.24358e-06	39080
1.24287e-06	39090
1.24216e-06	39100
1.24145e-06	39110
1.24074e-06	39120
1.24003e-06	39130
1.23932e-06	39140
1.23862e-06	39150
1.23791e-06	39160
1.2372e-06	39170
1.2365e-06	39180
1.23579e-06	39190
1.23508e-06	39200
1.23438e-06	39210
1.23367e-06	39220
1.23297e-06	39230
1.23226e-06	39240
1.23156e-06	39250
1.23086e-06	39260
1.23016e-06	39270
1.22945e-06	39280
1.22875e-06	39290
1.22805e-06	39300
1.22735e-06	39310
1.22665e-06	39320
1.22595e-06	39330
1.22525e-06	39340
1.22455e-06	39350
1.22385e-06	39360
1.22315e-06	39370
1.22245e-06	39380
1.22175e-06	39390
1.22105e-06	39400
1.22036e-06	39410
1.21966e-06	39420
1.21896e-06	39430
1.21827e-06	39440
1.21757e-06	39450
1.21688e-06	39460
1.21618e-06	39470
1.21549e-06	39480
1.21479e-06	39490
1.2141e-06	39500
1.21341e-06	39510
1.21271e-06	39520
1.21202e-06	39530
1.21133e-06	39540
1.21064e-06	39550
1.20994e-06	39560
1.20925e-06	39570
1.20856e-06	39580
1.20787e-06	39590
1.20718e-06	39600
1.20649e-06	39610
1.2058e-06	39620
1.20512e-06	39630
1.20443e-06	39640
1.20374e-06	39650
1.20305e-06	39660
1.20237e-06	39670
1.20168e-06	39680
1.20099e-06	39690
1.20031e-06	39700
1.19962e-06	39710
1.19894e-06	39720
1.19825e-06	39730
1.19757e-06	39740
1.19688e-06	39750
1.1962e-06	39760
1.19552e-06	39770
1.19483e-06	39780
1.19415e-06	39790
1.19347e-06	39800
1.19279e-06	39810
1.19211e-06	39820
1.19143e-06	39830
1.19075e-06	39840
1.19007e-06	39850
1.18939e-06	39860
1.18871e-06	39870
1.18803e-06	39880
1.18735e-06	39890
1.18667e-06	39900
1.18599e-06	39910
1.18532e-06	39920
1.18464e-06	39930
1.18396e-06	39940
1.18329e-06	39950
1.18261e-06	39960
1.18194e-06	39970
1.18126e-06	39980
1.18059e-06	39990
1.17991e-06	40000
1.17924e-06	40010
1.17857e-06	40020
1.17789e-06	40030
1.17722e-06	40040
1.17655e-06	40050
1.17588e-06	40060
1.1752e-06	40070
1.17453e-06	40080
1.17386e-06	40090
1.17319e-06	40100
1.17252e-06	40110
1.17185e-06	40120
1.17118e-06	40130
1.17051e-06	40140
1.16985e-06	40150
1.16918e-06	40160
1.16851e-06	40170
1.16784e-06	40180
1.16718e-06	40190
1.16651e-06	40200
1.16584e-06	40210
1.16518e-06	40220
1.16451e-06	40230
1.16385e-06	40240
1.16318e-06	40250
1.16252e-06	40260
1.16185e-06	40270
1.16119e-06	40280
1.16053e-06	40290
1.15987e-06	40300
1.1592e-06	40310
1.15854e-06	40320
1.15788e-06	40330
1.15722e-06	40340
1.15656e-06	40350
1.1559e-06	40360
1.15524e-06	40370
1.15458e-06	40380
1.15392e-06	40390
1.15326e-06	40400
1.1526e-06	40410
1.15194e-06	40420
1.15128e-06	40430
1.15063e-06	40440
1.14997e-06	40450
1.14931e-06	40460
1.14866e-06	40470
1.148e-06	40480
1.14735e-06	40490
1.14669e-06	40500
1.14604e-06	40510
1.14538e-06	40520
1.14473e-06	40530
1.14407e-06	40540
1.14342e-06	40550
1.14277e-06	40560
1.14211e-06	40570
1.14146e-06	40580
1.14081e-06	40590
1.14016e-06	40600
1.13951e-06	40610
1.13886e-06	40620
1.13821e-06	40630
1.13756e-06	40640
1.13691e-06	40650
1.13626e-06	40660
1.13561e-06	40670
1.13496e-06	40680
1.13431e-06	40690
1.13366e-06	40700
1.13302e-06	40710
1.13237e-06	40720
1.13172e-06	40730
1.13108e-06	40740
1.13043e-06	40750
1.12979e-06	40760
1.12914e-06	40770
1.1285e-06	40780
1.12785e-06	40790
1.12721e-06	40800
1.12656e-06	40810
1.12592e-06	40820
1.12528e-06	40830
1.12463e-06	40840
1.12399e-06	40850
1.12335e-06	40860
1.12271e-06	40870
1.12207e-06	40880
1.12143e-06	40890
1.12079e-06	40900
1.12015e-06	40910
1.11951e-06	40920
1.11887e-06	40930
1.11823e-06	40940
1.11759e-06	40950
1.11695e-06	40960
1.11631e-06	40970
1.11568e-06	40980
1.11504e-06	40990
1.1144e-06	41000
1.11377e-06	41010
1.11313e-06	41020
1.11249e-06	41030
1.11186e-06	41040
1.11122e-06	41050
1.11059e-06	41060
1.10996e-06	41070
1.10932e-06	41080
1.10869e-06	41090
1.10806e-06	41100
1.10742e-06	41110
1.10679e-06	41120
1.10616e-06	41130
1.10553e-06	41140
1.1049e-06	41150
1.10426e-06	41160
1.10363e-06	41170
1.103e-06	41180
1.10237e-06	41190
1.10174e-06	41200
1.10111e-06	41210
1.10049e-06	41220
1.09986e-06	41230
1.09923e-06	41240
1.0986e-06	41250
1.09797e-06	41260
1.09735e-06	41270
1.09672e-06	41280
1.09609e-06	41290
1.09547e-06	41300
1.09484e-06	41310
1.09422e-06	41320
1.09359e-06	41330
1.09297e-06	41340
1.09234e-06	41350
1.09172e-06	41360
1.0911e-06	41370
1.09047e-06	41380
1.08985e-06	41390
1.08923e-06	41400
1.08861e-06	41410
1.08799e-06	41420
1.08736e-06	41430
1.08674e-06	41440
1.08612e-06	41450
1.0855e-06	41460
1.08488e-06	41470
1.08426e-06	41480
1.08364e-06	41490
1.08302e-06	41500
1.08241e-06	41510
1.08179e-06	41520
1.08117e-06	41530
1.08055e-06	41540
1.07994e-06	41550
1.07932e-06	41560
1.0787e-06	41570
1.07809e-06	41580
1.07747e-06	41590
1.07686e-06	41600
1.07624e-06	41610
1.07563e-06	41620
1.07501e-06	41630
1.0744e-06	41640
1.07379e-06	41650
1.07317e-06	41660
1.07256e-06	41670
1.07195e-06	41680
1.07133e-06	41690
1.07072e-06	41700
1.07011e-06	41710
1.0695e-06	41720
1.06889e-06	41730
1.06828e-06	41740
1.06767e-06	41750
1.06706e-06	41760
1.06645e-06	41770
1.06584e-06	41780
1.06523e-06	41790
1.06462e-06	41800
1.06402e-06	41810
1.06341e-06	41820
1.0628e-06	41830
1.06219e-06	41840
1.06159e-06	41850
1.06098e-06	41860
1.06038e-06	41870
1.05977e-06	41880
1.05917e-06	41890
1.05856e-06	41900
1.05796e-06	41910
1.05735e-06	41920
1.05675e-06	41930
1.05614e-06	41940
1.05554e-06	41950
1.05494e-06	41960
1.05434e-06	41970
1.05373e-06	41980
1.05313e-06	41990
1.05253e-06	42000
1.05193e-06	42010
1.05133e-06	42020
1.05073e-06	42030
1.05013e-06	42040
1.04953e-06	42050
1.04893e-06	42060
1.04833e-06	42070
1.04773e-06	42080
1.04713e-06	42090
1.04654e-06	42100
1.04594e-06	42110
1.04534e-06	42120
1.04474e-06	42130
1.04415e-06	42140
1.04355e-06	42150
1.04296e-06	42160
1.04236e-06	42170
1.04176e-06	42180
1.04117e-06	42190
1.04058e-06	42200
1.03998e-06	42210
1.03939e-06	42220
1.03879e-06	42230
1.0382e-06	42240
1.03761e-06	42250
1.03701e-06	42260
1.03642e-06	42270
1.03583e-06	42280
1.03524e-06	42290
1.03465e-06	42300
1.03406e-06	42310
1.03347e-06	42320
1.03288e-06	42330
1.03229e-06	42340
1.0317e-06	42350
1.03111e-06	42360
1.03052e-06	42370
1.02993e-06	42380
1.02934e-06	42390
1.02876e-06	42400
1.02817e-06	42410
1.02758e-06	42420
1.02699e-06	42430
1.02641e-06	42440
1.02582e-06	42450
1.02524e-06	42460
1.02465e-06	42470
1.02406e-06	42480
1.02348e-06	42490
1.0229e-06	42500
1.02231e-06	42510
1.02173e-06	42520
1.02114e-06	42530
1.02056e-06	42540
1.01998e-06	42550
1.0194e-06	42560
1.01881e-06	42570
1.01823e-06	42580
1.01765e-06	42590
1.01707e-06	42600
1.01649e-06	42610
1.01591e-06	42620
1.01533e-06	42630
1.01475e-06	42640
1.01417e-06	42650
1.01359e-06	42660
1.01301e-06	42670
1.01243e-06	42680
1.01185e-06	42690
1.01128e-06	42700
1.0107e-06	42710
1.01012e-06	42720
1.00955e-06	42730
1.00897e-06	42740
1.00839e-06	42750
1.00782e-06	42760
1.00724e-06	42770
1.00667e-06	42780
1.00609e-06	42790
1.00552e-06	42800
1.00494e-06	42810
1.00437e-06	42820
1.0038e-06	42830
1.00322e-06	42840
1.00265e-06	42850
1.00208e-06	42860
1.0015e-06	42870
1.00093e-06	42880
1.00036e-06	42890
9.9979e-07	42900
