0.00407139	0
0.00332295	10
0.00298433	20
0.00276788	30
0.00261464	40
0.00249792	50
0.00240356	60
0.00232362	70
0.00225349	80
0.00219035	90
0.00213242	100
0.00207853	110
0.00202787	120
0.00197987	130
0.00193411	140
0.00189028	150
0.00184815	160
0.00180751	170
0.00176822	180
0.00173016	190
0.00169323	200
0.00165735	210
0.00162246	220
0.00158848	230
0.00155537	240
0.00152309	250
0.0014916	260
0.00146086	270
0.00143084	280
0.00140152	290
0.00137286	300
0.00134485	310
0.00131747	320
0.00129069	330
0.0012645	340
0.00123887	350
0.0012138	360
0.00118927	370
0.00116526	380
0.00114175	390
0.00111875	400
0.00109623	410
0.00107418	420
0.00105258	430
0.00103144	440
0.00101074	450
0.000990461	460
0.000970603	470
0.000951153	480
0.000932102	490
0.000913441	500
0.000895162	510
0.000877256	520
0.000859714	530
0.00084253	540
0.000825694	550
0.0008092	560
0.00079304	570
0.000777207	580
0.000761694	590
0.000746494	600
0.000731601	610
0.000717009	620
0.00070271	630
0.000688699	640
0.00067497	650
0.000661516	660
0.000648333	670
0.000635415	680
0.000622756	690
0.00061035	700
0.000598193	710
0.00058628	720
0.000574605	730
0.000563164	740
0.000551952	750
0.000540964	760
0.000530196	770
0.000519643	780
0.000509301	790
0.000499165	800
0.000489232	810
0.000479497	820
0.000469957	830
0.000460606	840
0.000451443	850
0.000442462	860
0.00043366	870
0.000425034	880
0.000416579	890
0.000408294	900
0.000400173	910
0.000392214	920
0.000384414	930
0.000376769	940
0.000369276	950
0.000361933	960
0.000354736	970
0.000347682	980
0.000340768	990
0.000333993	1000
0.000327352	1010
0.000320843	1020
0.000314464	1030
0.000308211	1040
0.000302084	1050
0.000296078	1060
0.000290191	1070
0.000284422	1080
0.000278768	1090
0.000273226	1100
0.000267794	1110
0.00026247	1120
0.000257252	1130
0.000252139	1140
0.000247126	1150
0.000242214	1160
0.000237399	1170
0.00023268	1180
0.000228054	1190
0.000223521	1200
0.000219078	1210
0.000214723	1220
0.000210455	1230
0.000206272	1240
0.000202171	1250
0.000198153	1260
0.000194214	1270
0.000190354	1280
0.00018657	1290
0.000182862	1300
0.000179227	1310
0.000175665	1320
0.000172173	1330
0.000168751	1340
0.000165397	1350
0.000162109	1360
0.000158887	1370
0.000155729	1380
0.000152634	1390
0.0001496	1400
0.000146626	1410
0.000143712	1420
0.000140856	1430
0.000138056	1440
0.000135312	1450
0.000132623	1460
0.000129987	1470
0.000127403	1480
0.000124871	1490
0.000122389	1500
0.000119957	1510
0.000117572	1520
0.000115236	1530
0.000112945	1540
0.0001107	1550
0.0001085	1560
0.000106344	1570
0.00010423	1580
0.000102158	1590
0.000100128	1600
9.8138e-05	1610
9.61875e-05	1620
9.42757e-05	1630
9.2402e-05	1640
9.05655e-05	1650
8.87655e-05	1660
8.70013e-05	1670
8.52721e-05	1680
8.35773e-05	1690
8.19162e-05	1700
8.02881e-05	1710
7.86924e-05	1720
7.71284e-05	1730
7.55955e-05	1740
7.4093e-05	1750
7.26204e-05	1760
7.11771e-05	1770
6.97625e-05	1780
6.8376e-05	1790
6.7017e-05	1800
6.5685e-05	1810
6.43796e-05	1820
6.31e-05	1830
6.18459e-05	1840
6.06167e-05	1850
5.9412e-05	1860
5.82312e-05	1870
5.70739e-05	1880
5.59395e-05	1890
5.48278e-05	1900
5.37381e-05	1910
5.267e-05	1920
5.16232e-05	1930
5.05972e-05	1940
4.95916e-05	1950
4.8606e-05	1960
4.764e-05	1970
4.66931e-05	1980
4.57651e-05	1990
4.48556e-05	2000
4.39641e-05	2010
4.30903e-05	2020
4.22339e-05	2030
4.13945e-05	2040
4.05718e-05	2050
3.97655e-05	2060
3.89751e-05	2070
3.82005e-05	2080
3.74413e-05	2090
3.66972e-05	2100
3.59678e-05	2110
3.5253e-05	2120
3.45523e-05	2130
3.38656e-05	2140
3.31925e-05	2150
3.25329e-05	2160
3.18863e-05	2170
3.12525e-05	2180
3.06314e-05	2190
3.00226e-05	2200
2.94259e-05	2210
2.88411e-05	2220
2.82679e-05	2230
2.77061e-05	2240
2.71554e-05	2250
2.66157e-05	2260
2.60868e-05	2270
2.55683e-05	2280
2.50601e-05	2290
2.45621e-05	2300
2.40739e-05	2310
2.35955e-05	2320
2.31265e-05	2330
2.26669e-05	2340
2.22164e-05	2350
2.17748e-05	2360
2.13421e-05	2370
2.09179e-05	2380
2.05022e-05	2390
2.00947e-05	2400
1.96953e-05	2410
1.93039e-05	2420
1.89202e-05	2430
1.85442e-05	2440
1.81756e-05	2450
1.78144e-05	2460
1.74604e-05	2470
1.71133e-05	2480
1.67732e-05	2490
1.64399e-05	2500
1.61131e-05	2510
1.57929e-05	2520
1.5479e-05	2530
1.51714e-05	2540
1.48698e-05	2550
1.45743e-05	2560
1.42847e-05	2570
1.40008e-05	2580
1.37225e-05	2590
1.34498e-05	2600
1.31825e-05	2610
1.29205e-05	2620
1.26637e-05	2630
1.2412e-05	2640
1.21653e-05	2650
1.19235e-05	2660
1.16866e-05	2670
1.14543e-05	2680
1.12266e-05	2690
1.10035e-05	2700
1.07848e-05	2710
1.05705e-05	2720
1.03604e-05	2730
1.01545e-05	2740
9.95267e-06	2750
9.75487e-06	2760
9.56099e-06	2770
9.37097e-06	2780
9.18473e-06	2790
9.00219e-06	2800
8.82327e-06	2810
8.64791e-06	2820
8.47604e-06	2830
8.30758e-06	2840
8.14247e-06	2850
7.98065e-06	2860
7.82203e-06	2870
7.66657e-06	2880
7.5142e-06	2890
7.36486e-06	2900
7.21849e-06	2910
7.07503e-06	2920
6.93441e-06	2930
6.79659e-06	2940
6.66152e-06	2950
6.52912e-06	2960
6.39936e-06	2970
6.27217e-06	2980
6.14752e-06	2990
6.02534e-06	3000
5.90559e-06	3010
5.78822e-06	3020
5.67318e-06	3030
5.56043e-06	3040
5.44992e-06	3050
5.3416e-06	3060
5.23544e-06	3070
5.13139e-06	3080
5.0294e-06	3090
4.92945e-06	3100
4.83148e-06	3110
4.73545e-06	3120
4.64134e-06	3130
4.54909e-06	3140
4.45868e-06	3150
4.37007e-06	3160
4.28321e-06	3170
4.19809e-06	3180
4.11465e-06	3190
4.03288e-06	3200
3.95272e-06	3210
3.87417e-06	3220
3.79717e-06	3230
3.7217e-06	3240
3.64773e-06	3250
3.57524e-06	3260
3.50418e-06	3270
3.43454e-06	3280
3.36628e-06	3290
3.29937e-06	3300
3.2338e-06	3310
3.16953e-06	3320
3.10654e-06	3330
3.0448e-06	3340
2.98428e-06	3350
2.92497e-06	3360
2.86684e-06	3370
2.80986e-06	3380
2.75402e-06	3390
2.69928e-06	3400
2.64564e-06	3410
2.59305e-06	3420
2.54152e-06	3430
2.49101e-06	3440
2.4415e-06	3450
2.39298e-06	3460
2.34542e-06	3470
2.2988e-06	3480
2.25311e-06	3490
2.20834e-06	3500
2.16445e-06	3510
2.12143e-06	3520
2.07927e-06	3530
2.03794e-06	3540
1.99744e-06	3550
1.95774e-06	3560
1.91883e-06	3570
1.8807e-06	3580
1.84332e-06	3590
1.80668e-06	3600
1.77078e-06	3610
1.73558e-06	3620
1.70109e-06	3630
1.66728e-06	3640
1.63414e-06	3650
1.60167e-06	3660
1.56983e-06	3670
1.53863e-06	3680
1.50805e-06	3690
1.47808e-06	3700
1.44871e-06	3710
1.41991e-06	3720
1.39169e-06	3730
1.36403e-06	3740
1.33692e-06	3750
1.31035e-06	3760
1.28431e-06	3770
1.25879e-06	3780
1.23377e-06	3790
1.20925e-06	3800
1.18521e-06	3810
1.16166e-06	3820
1.13857e-06	3830
1.11594e-06	3840
1.09376e-06	3850
1.07203e-06	3860
1.05072e-06	3870
1.02984e-06	3880
1.00937e-06	3890
9.89309e-07	3900
