0	0	0
0.0208333	0	0
0.0416667	0	0
0.0625	0	0
0.0833333	0	0
0.104167	0	0
0.125	0	0
0.145833	0	0
0.166667	0	0
0.1875	0	0
0.208333	0	0
0.229167	0	0
0.25	0	0
0.270833	0	0
0.291667	0	0
0.3125	0	0
0.333333	0	0
0.354167	0	0
0.375	0	0
0.395833	0	0
0.416667	0	0
0.4375	0	0
0.458333	0	0
0.479167	0	0
0.5	0	0
0.520833	0	0
0.541667	0	0
0.5625	0	0
0.583333	0	0
0.604167	0	0
0.625	0	0
0.645833	0	0
0.666667	0	0
0.6875	0	0
0.708333	0	0
0.729167	0	0
0.75	0	0
0.770833	0	0
0.791667	0	0
0.8125	0	0
0.833333	0	0
0.854167	0	0
0.875	0	0
0.895833	0	0
0.916667	0	0
0.9375	0	0
0.958333	0	0
0.979167	0	0
1	0	0
0	0.0208333	0
0.0208333	0.0208333	6.64382e-05
0.0416667	0.0208333	0.000133257
0.0625	0.0208333	0.000200833
0.0833333	0.0208333	0.000269541
0.104167	0.0208333	0.00033974
0.125	0.0208333	0.000411773
0.145833	0.0208333	0.000485941
0.166667	0.0208333	0.000562487
0.1875	0.0208333	0.000641553
0.208333	0.0208333	0.000723129
0.229167	0.0208333	0.000806985
0.25	0.0208333	0.000892584
0.270833	0.0208333	0.000978995
0.291667	0.0208333	0.00106482
0.3125	0.0208333	0.00114819
0.333333	0.0208333	0.00122689
0.354167	0.0208333	0.00129857
0.375	0.0208333	0.00136112
0.395833	0.0208333	0.00141294
0.416667	0.0208333	0.00145308
0.4375	0.0208333	0.00148134
0.458333	0.0208333	0.00149825
0.479167	0.0208333	0.00150504
0.5	0.0208333	0.00150355
0.520833	0.0208333	0.00149604
0.541667	0.0208333	0.00148485
0.5625	0.0208333	0.001472
0.583333	0.0208333	0.00145883
0.604167	0.0208333	0.00144583
0.625	0.0208333	0.00143257
0.645833	0.0208333	0.00141773
0.666667	0.0208333	0.00139934
0.6875	0.0208333	0.00137509
0.708333	0.0208333	0.0013427
0.729167	0.0208333	0.00130032
0.75	0.0208333	0.00124667
0.770833	0.0208333	0.00118113
0.791667	0.0208333	0.00110381
0.8125	0.0208333	0.00101551
0.833333	0.0208333	0.000917662
0.854167	0.0208333	0.000812178
0.875	0.0208333	0.00070116
0.895833	0.0208333	0.00058658
0.916667	0.0208333	0.000470028
0.9375	0.0208333	0.000352617
0.958333	0.0208333	0.000234998
0.979167	0.0208333	0.00011745
1	0.0208333	0
0	0.0416667	0
0.0208333	0.0416667	0.000132496
0.0416667	0.0416667	0.000265755
0.0625	0.0416667	0.000400536
0.0833333	0.0416667	0.000537589
0.104167	0.0416667	0.000677648
0.125	0.0416667	0.000821409
0.145833	0.0416667	0.000969505
0.166667	0.0416667	0.00112246
0.1875	0.0416667	0.0012806
0.208333	0.0416667	0.00144398
0.229167	0.0416667	0.00161223
0.25	0.0416667	0.00178436
0.270833	0.0416667	0.00195857
0.291667	0.0416667	0.00213209
0.3125	0.0416667	0.00230107
0.333333	0.0416667	0.00246079
0.354167	0.0416667	0.00260626
0.375	0.0416667	0.00273297
0.395833	0.0416667	0.00283755
0.416667	0.0416667	0.00291805
0.4375	0.0416667	0.00297404
0.458333	0.0416667	0.00300662
0.479167	0.0416667	0.00301834
0.5	0.0416667	0.00301311
0.520833	0.0416667	0.00299576
0.541667	0.0416667	0.00297137
0.5625	0.0416667	0.00294431
0.583333	0.0416667	0.00291748
0.604167	0.0416667	0.00289193
0.625	0.0416667	0.00286671
0.645833	0.0416667	0.00283901
0.666667	0.0416667	0.00280456
0.6875	0.0416667	0.0027583
0.708333	0.0416667	0.0026954
0.729167	0.0416667	0.00261193
0.75	0.0416667	0.00250522
0.770833	0.0416667	0.00237404
0.791667	0.0416667	0.0022186
0.8125	0.0416667	0.00204056
0.833333	0.0416667	0.00184296
0.854167	0.0416667	0.00162989
0.875	0.0416667	0.00140588
0.895833	0.0416667	0.00117513
0.916667	0.0416667	0.000940916
0.9375	0.0416667	0.000705443
0.958333	0.0416667	0.000469924
0.979167	0.0416667	0.0002348
1	0.0416667	0
0	0.0625	0
0.0208333	0.0625	0.000197792
0.0416667	0.0625	0.000396732
0.0625	0.0625	0.000597965
0.0833333	0.0625	0.000802632
0.104167	0.0625	0.00101185
0.125	0.0625	0.00122671
0.145833	0.0625	0.00144822
0.166667	0.0625	0.00167723
0.1875	0.0625	0.0019144
0.208333	0.0625	0.00215996
0.229167	0.0625	0.00241359
0.25	0.0625	0.00267404
0.270833	0.0625	0.00293885
0.291667	0.0625	0.00320391
0.3125	0.0625	0.00346319
0.333333	0.0625	0.00370895
0.354167	0.0625	0.00393271
0.375	0.0625	0.00412695
0.395833	0.0625	0.00428624
0.416667	0.0625	0.00440753
0.4375	0.0625	0.00449016
0.458333	0.0625	0.00453585
0.479167	0.0625	0.00454862
0.5	0.0625	0.00453479
0.520833	0.0625	0.00450251
0.541667	0.0625	0.00446056
0.5625	0.0625	0.00441639
0.583333	0.0625	0.00437486
0.604167	0.0625	0.00433769
0.625	0.0625	0.00430332
0.645833	0.0625	0.00426706
0.666667	0.0625	0.00422157
0.6875	0.0625	0.00415815
0.708333	0.0625	0.00406867
0.729167	0.0625	0.00394676
0.75	0.0625	0.00378825
0.770833	0.0625	0.00359121
0.791667	0.0625	0.00335598
0.8125	0.0625	0.00308518
0.833333	0.0625	0.00278374
0.854167	0.0625	0.00245853
0.875	0.0625	0.00211735
0.895833	0.0625	0.00176714
0.916667	0.0625	0.00141306
0.9375	0.0625	0.00105831
0.958333	0.0625	0.000704456
0.979167	0.0625	0.000351827
1	0.0625	0
0	0.0833333	0
0.0208333	0.0833333	0.00026194
0.0416667	0.0833333	0.000525415
0.0625	0.0833333	0.000791962
0.0833333	0.0833333	0.00106312
0.104167	0.0833333	0.00134042
0.125	0.0833333	0.00162537
0.145833	0.0833333	0.00191941
0.166667	0.0833333	0.00222386
0.1875	0.0833333	0.0025398
0.208333	0.0833333	0.00286789
0.229167	0.0833333	0.00320811
0.25	0.0833333	0.00355937
0.270833	0.0833333	0.00391889
0.291667	0.0833333	0.0042815
0.3125	0.0833333	0.00463883
0.333333	0.0833333	0.00497912
0.354167	0.0833333	0.00528866
0.375	0.0833333	0.00555588
0.395833	0.0833333	0.00577293
0.416667	0.0833333	0.00593565
0.4375	0.0833333	0.00604324
0.458333	0.0833333	0.00609799
0.479167	0.0833333	0.00610548
0.5	0.0833333	0.00607491
0.520833	0.0833333	0.00601894
0.541667	0.0833333	0.00595197
0.5625	0.0833333	0.00588583
0.583333	0.0833333	0.00582788
0.604167	0.0833333	0.00578064
0.625	0.0833333	0.00574183
0.645833	0.0833333	0.00570433
0.666667	0.0833333	0.00565651
0.6875	0.0833333	0.00558406
0.708333	0.0833333	0.00547437
0.729167	0.0833333	0.0053182
0.75	0.0833333	0.00510981
0.770833	0.0833333	0.00484658
0.791667	0.0833333	0.00452893
0.8125	0.0833333	0.00416044
0.833333	0.0833333	0.00374827
0.854167	0.0833333	0.00330316
0.875	0.0833333	0.00283785
0.895833	0.0833333	0.00236303
0.916667	0.0833333	0.00188588
0.9375	0.0833333	0.0014103
0.958333	0.0833333	0.000937757
0.979167	0.0833333	0.000468053
1	0.0833333	0
0	0.104167	0
0.0208333	0.104167	0.000324553
0.0416667	0.104167	0.000651025
0.0625	0.104167	0.000981348
0.0833333	0.104167	0.00131747
0.104167	0.104167	0.00166134
0.125	0.104167	0.00201493
0.145833	0.104167	0.0023802
0.166667	0.104167	0.00275901
0.1875	0.104167	0.00315305
0.208333	0.104167	0.00356368
0.229167	0.104167	0.00399161
0.25	0.104167	0.00443643
0.270833	0.104167	0.00489584
0.291667	0.104167	0.00536436
0.3125	0.104167	0.00583153
0.333333	0.104167	0.00628004
0.354167	0.104167	0.00668694
0.375	0.104167	0.007035
0.395833	0.104167	0.00731394
0.416667	0.104167	0.00751892
0.4375	0.104167	0.00764914
0.458333	0.104167	0.00770738
0.479167	0.104167	0.00770043
0.5	0.104167	0.00764043
0.520833	0.104167	0.00754635
0.541667	0.104167	0.00744255
0.5625	0.104167	0.00734709
0.583333	0.104167	0.00727019
0.604167	0.104167	0.00721516
0.625	0.104167	0.00717904
0.645833	0.104167	0.00715194
0.666667	0.104167	0.00711606
0.6875	0.104167	0.00704722
0.708333	0.104167	0.00692655
0.729167	0.104167	0.00674187
0.75	0.104167	0.00648619
0.770833	0.104167	0.00615638
0.791667	0.104167	0.00575272
0.8125	0.104167	0.00527938
0.833333	0.104167	0.00474573
0.854167	0.104167	0.00416798
0.875	0.104167	0.00356785
0.895833	0.104167	0.00296125
0.916667	0.104167	0.00235711
0.9375	0.104167	0.00175925
0.958333	0.104167	0.00116822
0.979167	0.104167	0.000582629
1	0.104167	0
0	0.125	0
0.0208333	0.125	0.000385245
0.0416667	0.125	0.000772786
0.0625	0.125	0.00116494
0.0833333	0.125	0.00156405
0.104167	0.125	0.00197253
0.125	0.125	0.00239283
0.145833	0.125	0.00282745
0.166667	0.125	0.00327891
0.1875	0.125	0.00374971
0.208333	0.125	0.00424217
0.229167	0.125	0.0047582
0.25	0.125	0.00529891
0.270833	0.125	0.00586369
0.291667	0.125	0.00644859
0.3125	0.125	0.00704287
0.333333	0.125	0.00762256
0.354167	0.125	0.00814407
0.375	0.125	0.00858322
0.395833	0.125	0.00892891
0.416667	0.125	0.00917695
0.4375	0.125	0.00932703
0.458333	0.125	0.00938195
0.479167	0.125	0.00934841
0.5	0.125	0.00924004
0.520833	0.125	0.00908351
0.541667	0.125	0.00892477
0.5625	0.125	0.00878981
0.583333	0.125	0.00869062
0.604167	0.125	0.00863079
0.625	0.125	0.00860721
0.645833	0.125	0.00860834
0.666667	0.125	0.00860856
0.6875	0.125	0.00856221
0.708333	0.125	0.00844275
0.729167	0.125	0.00823654
0.75	0.125	0.00793669
0.770833	0.125	0.00754002
0.791667	0.125	0.0070462
0.8125	0.125	0.00645862
0.833333	0.125	0.00578731
0.854167	0.125	0.00505518
0.875	0.125	0.00430433
0.895833	0.125	0.00355701
0.916667	0.125	0.00282207
0.9375	0.125	0.00210136
0.958333	0.125	0.00139324
0.979167	0.125	0.000694245
1	0.125	0
0	0.145833	0
0.0208333	0.145833	0.000443641
0.0416667	0.145833	0.000889936
0.0625	0.145833	0.00134157
0.0833333	0.145833	0.00180128
0.104167	0.145833	0.00227191
0.125	0.145833	0.0027564
0.145833	0.145833	0.00325785
0.166667	0.145833	0.00377949
0.1875	0.145833	0.00432472
0.208333	0.145833	0.00489708
0.229167	0.145833	0.00550013
0.25	0.145833	0.0061373
0.270833	0.145833	0.00681141
0.291667	0.145833	0.00752344
0.3125	0.145833	0.00826879
0.333333	0.145833	0.00902326
0.354167	0.145833	0.00968356
0.375	0.145833	0.0102249
0.395833	0.145833	0.0106415
0.416667	0.145833	0.0109329
0.4375	0.145833	0.0111001
0.458333	0.145833	0.011145
0.479167	0.145833	0.0110712
0.5	0.145833	0.0108878
0.520833	0.145833	0.0106229
0.541667	0.145833	0.0103832
0.5625	0.145833	0.0101967
0.583333	0.145833	0.0100717
0.604167	0.145833	0.0100102
0.625	0.145833	0.0100107
0.645833	0.145833	0.0100656
0.666667	0.145833	0.0101477
0.6875	0.145833	0.0101503
0.708333	0.145833	0.0100457
0.729167	0.145833	0.00982486
0.75	0.145833	0.00948402
0.770833	0.145833	0.0090208
0.791667	0.145833	0.00843345
0.8125	0.145833	0.00772158
0.833333	0.145833	0.00688971
0.854167	0.145833	0.00596111
0.875	0.145833	0.00503728
0.895833	0.145833	0.0041404
0.916667	0.145833	0.00327278
0.9375	0.145833	0.00243089
0.958333	0.145833	0.00160914
0.979167	0.145833	0.000801108
1	0.145833	0
0	0.166667	0
0.0208333	0.166667	0.000499383
0.0416667	0.166667	0.00100175
0.0625	0.166667	0.00151012
0.0833333	0.166667	0.0020276
0.104167	0.166667	0.00255742
0.125	0.166667	0.00310302
0.145833	0.166667	0.00366805
0.166667	0.166667	0.00425646
0.1875	0.166667	0.00487261
0.208333	0.166667	0.00552129
0.229167	0.166667	0.00620794
0.25	0.166667	0.00693877
0.270833	0.166667	0.0077212
0.291667	0.166667	0.00856497
0.3125	0.166667	0.00948561
0.333333	0.166667	0.0105181
0.354167	0.166667	0.011342
0.375	0.166667	0.0119913
0.395833	0.166667	0.0124794
0.416667	0.166667	0.0128131
0.4375	0.166667	0.0129954
0.458333	0.166667	0.0130266
0.479167	0.166667	0.0129038
0.5	0.166667	0.0126171
0.520833	0.166667	0.0121369
0.541667	0.166667	0.0117885
0.5625	0.166667	0.0115423
0.583333	0.166667	0.0113893
0.604167	0.166667	0.0113275
0.625	0.166667	0.0113597
0.645833	0.166667	0.0114958
0.666667	0.166667	0.0117661
0.6875	0.166667	0.0118457
0.708333	0.166667	0.0117648
0.729167	0.166667	0.0115332
0.75	0.166667	0.0111537
0.770833	0.166667	0.0106257
0.791667	0.166667	0.00994521
0.8125	0.166667	0.00910456
0.833333	0.166667	0.00808883
0.854167	0.166667	0.00686225
0.875	0.166667	0.00574328
0.895833	0.166667	0.00469453
0.916667	0.166667	0.00369777
0.9375	0.166667	0.00274028
0.958333	0.166667	0.00181133
0.979167	0.166667	0.000901045
1	0.166667	0
0	0.1875	0
0.0208333	0.1875	0.000552144
0.0416667	0.1875	0.00110756
0.0625	0.1875	0.00166955
0.0833333	0.1875	0.00224156
0.104167	0.1875	0.00282717
0.125	0.1875	0.00343022
0.145833	0.1875	0.00405486
0.166667	0.1875	0.00470571
0.1875	0.1875	0.00538795
0.208333	0.1875	0.00610755
0.229167	0.1875	0.00687157
0.25	0.1875	0.00768862
0.270833	0.1875	0.00856967
0.291667	0.1875	0.00952963
0.3125	0.1875	0.0105905
0.333333	0.1875	0.0117876
0.354167	0.1875	0.012741
0.375	0.1875	0.0134847
0.395833	0.1875	0.0140378
0.416667	0.1875	0.0144107
0.4375	0.1875	0.0146078
0.458333	0.1875	0.0146284
0.479167	0.1875	0.014466
0.5	0.1875	0.0141059
0.520833	0.1875	0.0135192
0.541667	0.1875	0.0130915
0.5625	0.1875	0.0127946
0.583333	0.1875	0.0126156
0.604167	0.1875	0.0125508
0.625	0.1875	0.0126048
0.645833	0.1875	0.012792
0.666667	0.1875	0.0131412
0.6875	0.1875	0.0132676
0.708333	0.1875	0.0132006
0.729167	0.1875	0.0129553
0.75	0.1875	0.012538
0.770833	0.1875	0.011949
0.791667	0.1875	0.0111831
0.8125	0.1875	0.0102286
0.833333	0.1875	0.00906476
0.854167	0.1875	0.00765579
0.875	0.1875	0.00637907
0.895833	0.1875	0.00519667
0.916667	0.1875	0.00408347
0.9375	0.1875	0.00302113
0.958333	0.1875	0.00199485
0.979167	0.1875	0.000991744
1	0.1875	0
0	0.208333	0
0.0208333	0.208333	0.000601639
0.0416667	0.208333	0.00120678
0.0625	0.208333	0.00181898
0.0833333	0.208333	0.00244192
0.104167	0.208333	0.00307948
0.125	0.208333	0.00373581
0.145833	0.208333	0.00441548
0.166667	0.208333	0.00512357
0.1875	0.208333	0.00586593
0.208333	0.208333	0.00664938
0.229167	0.208333	0.00748217
0.25	0.208333	0.00837447
0.270833	0.208333	0.00933923
0.291667	0.208333	0.0103934
0.3125	0.208333	0.0115593
0.333333	0.208333	0.0128666
0.354167	0.208333	0.0139158
0.375	0.208333	0.0147348
0.395833	0.208333	0.0153424
0.416667	0.208333	0.01575
0.4375	0.208333	0.0159626
0.458333	0.208333	0.015979
0.479167	0.208333	0.015792
0.5	0.208333	0.0153873
0.520833	0.208333	0.0147425
0.541667	0.208333	0.0142636
0.5625	0.208333	0.0139293
0.583333	0.208333	0.0137276
0.604167	0.208333	0.0136552
0.625	0.208333	0.0137169
0.645833	0.208333	0.013926
0.666667	0.208333	0.014305
0.6875	0.208333	0.0144489
0.708333	0.208333	0.0143807
0.729167	0.208333	0.0141154
0.75	0.208333	0.01366
0.770833	0.208333	0.0130153
0.791667	0.208333	0.0121755
0.8125	0.208333	0.0111279
0.833333	0.208333	0.00985179
0.854167	0.208333	0.00831709
0.875	0.208333	0.00692054
0.895833	0.208333	0.0056296
0.916667	0.208333	0.00441832
0.9375	0.208333	0.00326593
0.958333	0.208333	0.00215518
0.979167	0.208333	0.00107108
1	0.208333	0
0	0.229167	0
0.0208333	0.229167	0.000647633
0.0416667	0.229167	0.00129894
0.0625	0.229167	0.00195766
0.0833333	0.229167	0.00262766
0.104167	0.229167	0.003313
0.125	0.229167	0.00401807
0.145833	0.229167	0.00474767
0.166667	0.229167	0.00550718
0.1875	0.229167	0.00630281
0.208333	0.229167	0.00714188
0.229167	0.229167	0.00803325
0.25	0.229167	0.00898786
0.270833	0.229167	0.0100194
0.291667	0.229167	0.0111452
0.3125	0.229167	0.0123868
0.333333	0.229167	0.0137697
0.354167	0.229167	0.0148869
0.375	0.229167	0.0157621
0.395833	0.229167	0.0164129
0.416667	0.229167	0.0168504
0.4375	0.229167	0.0170795
0.458333	0.229167	0.017099
0.479167	0.229167	0.0169018
0.5	0.229167	0.0164748
0.520833	0.229167	0.0157999
0.541667	0.229167	0.015291
0.5625	0.229167	0.0149313
0.583333	0.229167	0.0147104
0.604167	0.229167	0.0146256
0.625	0.229167	0.0146815
0.645833	0.229167	0.0148901
0.666667	0.229167	0.0152698
0.6875	0.229167	0.0154081
0.708333	0.229167	0.0153241
0.729167	0.229167	0.0150314
0.75	0.229167	0.0145373
0.770833	0.229167	0.0138427
0.791667	0.229167	0.0129417
0.8125	0.229167	0.0118218
0.833333	0.229167	0.0104634
0.854167	0.229167	0.00884025
0.875	0.229167	0.0073564
0.895833	0.229167	0.00598286
0.916667	0.229167	0.00469429
0.9375	0.229167	0.0034691
0.958333	0.229167	0.00228887
0.979167	0.229167	0.00113741
1	0.229167	0
0	0.25	0
0.0208333	0.25	0.000689952
0.0416667	0.25	0.00138369
0.0625	0.25	0.00208507
0.0833333	0.25	0.00279805
0.104167	0.25	0.00352681
0.125	0.25	0.00427581
0.145833	0.25	0.00504994
0.166667	0.25	0.00585466
0.1875	0.25	0.00669624
0.208333	0.25	0.00758209
0.229167	0.25	0.0085211
0.25	0.25	0.00952429
0.270833	0.25	0.0106053
0.291667	0.25	0.0117813
0.3125	0.25	0.013073
0.333333	0.25	0.0145043
0.354167	0.25	0.0156659
0.375	0.25	0.0165798
0.395833	0.25	0.0172626
0.416667	0.25	0.0177251
0.4375	0.25	0.017972
0.458333	0.25	0.0180017
0.479167	0.25	0.0178073
0.5	0.25	0.0173761
0.520833	0.25	0.0166914
0.541667	0.25	0.0161693
0.5625	0.25	0.0157943
0.583333	0.25	0.0155572
0.604167	0.25	0.0154553
0.625	0.25	0.0154934
0.645833	0.25	0.0156833
0.666667	0.25	0.0160421
0.6875	0.25	0.0161556
0.708333	0.25	0.0160421
0.729167	0.25	0.0157147
0.75	0.25	0.0151811
0.770833	0.25	0.0144423
0.791667	0.25	0.0134928
0.8125	0.25	0.0123202
0.833333	0.25	0.0109055
0.854167	0.25	0.00922417
0.875	0.25	0.00768194
0.895833	0.25	0.00625117
0.916667	0.25	0.00490686
0.9375	0.25	0.00362731
0.958333	0.25	0.00239377
0.979167	0.25	0.00118969
1	0.25	0
0	0.270833	0
0.0208333	0.270833	0.000728483
0.0416667	0.270833	0.00146081
0.0625	0.270833	0.00220087
0.0833333	0.270833	0.00295267
0.104167	0.270833	0.00372037
0.125	0.270833	0.00450843
0.145833	0.270833	0.00532162
0.166667	0.270833	0.00616528
0.1875	0.270833	0.00704543
0.208333	0.270833	0.00796911
0.229167	0.270833	0.00894479
0.25	0.270833	0.00998285
0.270833	0.270833	0.0110963
0.291667	0.270833	0.0123018
0.3125	0.270833	0.0136197
0.333333	0.270833	0.0150746
0.354167	0.270833	0.0162587
0.375	0.270833	0.0171944
0.395833	0.270833	0.0178986
0.416667	0.270833	0.0183816
0.4375	0.270833	0.0186475
0.458333	0.270833	0.0186946
0.479167	0.270833	0.0185155
0.5	0.270833	0.0180968
0.520833	0.270833	0.0174205
0.541667	0.270833	0.0169003
0.5625	0.270833	0.0165196
0.583333	0.270833	0.0162687
0.604167	0.270833	0.0161449
0.625	0.270833	0.0161536
0.645833	0.270833	0.0163074
0.666667	0.270833	0.0166255
0.6875	0.270833	0.0166963
0.708333	0.270833	0.0165398
0.729167	0.270833	0.0161703
0.75	0.270833	0.0155961
0.770833	0.270833	0.0148187
0.791667	0.270833	0.0138329
0.8125	0.270833	0.0126265
0.833333	0.270833	0.0111805
0.854167	0.270833	0.00946893
0.875	0.270833	0.00789602
0.895833	0.270833	0.00643301
0.916667	0.270833	0.00505467
0.9375	0.270833	0.00373952
0.958333	0.270833	0.00246921
0.979167	0.270833	0.0012276
1	0.270833	0
0	0.291667	0
0.0208333	0.291667	0.000763173
0.0416667	0.291667	0.00153019
0.0625	0.291667	0.00230493
0.0833333	0.291667	0.00309137
0.104167	0.291667	0.00389359
0.125	0.291667	0.0047159
0.145833	0.291667	0.00556284
0.166667	0.291667	0.0064394
0.1875	0.291667	0.00735107
0.208333	0.291667	0.00830415
0.229167	0.291667	0.00930609
0.25	0.291667	0.010366
0.270833	0.291667	0.0114954
0.291667	0.291667	0.0127097
0.3125	0.291667	0.0140293
0.333333	0.291667	0.0154818
0.354167	0.291667	0.0166657
0.375	0.291667	0.0176067
0.395833	0.291667	0.0183219
0.416667	0.291667	0.018821
0.4375	0.291667	0.0191077
0.458333	0.291667	0.0191797
0.479167	0.291667	0.0190292
0.5	0.291667	0.0186412
0.520833	0.291667	0.0179934
0.541667	0.291667	0.0174917
0.5625	0.291667	0.0171153
0.583333	0.291667	0.0168529
0.604167	0.291667	0.016702
0.625	0.291667	0.0166685
0.645833	0.291667	0.0167673
0.666667	0.291667	0.0170223
0.6875	0.291667	0.0170303
0.708333	0.291667	0.0168163
0.729167	0.291667	0.0163967
0.75	0.291667	0.0157804
0.770833	0.291667	0.0149695
0.791667	0.291667	0.0139594
0.8125	0.291667	0.0127385
0.833333	0.291667	0.0112869
0.854167	0.291667	0.00957505
0.875	0.291667	0.00800021
0.895833	0.291667	0.00653018
0.916667	0.291667	0.00513928
0.9375	0.291667	0.0038069
0.958333	0.291667	0.00251593
0.979167	0.291667	0.00125149
1	0.291667	0
0	0.3125	0
0.0208333	0.3125	0.000794018
0.0416667	0.3125	0.00159184
0.0625	0.3125	0.00239731
0.0833333	0.3125	0.00321428
0.104167	0.3125	0.00404673
0.125	0.3125	0.00489872
0.145833	0.3125	0.00577446
0.166667	0.3125	0.0066784
0.1875	0.3125	0.00761529
0.208333	0.3125	0.00859034
0.229167	0.3125	0.00960943
0.25	0.3125	0.0106796
0.270833	0.3125	0.0118097
0.291667	0.3125	0.0130122
0.3125	0.3125	0.0143061
0.333333	0.3125	0.0157236
0.354167	0.3125	0.0168815
0.375	0.3125	0.0178106
0.395833	0.3125	0.0185272
0.416667	0.3125	0.019039
0.4375	0.3125	0.0193485
0.458333	0.3125	0.0194534
0.479167	0.3125	0.0193462
0.5	0.3125	0.0190115
0.520833	0.3125	0.0184201
0.541667	0.3125	0.0179578
0.5625	0.3125	0.0175971
0.583333	0.3125	0.0173258
0.604167	0.3125	0.0171417
0.625	0.3125	0.0170513
0.645833	0.3125	0.0170709
0.666667	0.3125	0.017232
0.6875	0.3125	0.0171524
0.708333	0.3125	0.0168644
0.729167	0.3125	0.0163857
0.75	0.3125	0.0157252
0.770833	0.3125	0.0148853
0.791667	0.3125	0.0138628
0.8125	0.3125	0.0126473
0.833333	0.3125	0.0112194
0.854167	0.3125	0.00954418
0.875	0.3125	0.00799958
0.895833	0.3125	0.00654823
0.916667	0.3125	0.00516536
0.9375	0.3125	0.00383287
0.958333	0.3125	0.00253614
0.979167	0.3125	0.00126243
1	0.3125	0
0	0.333333	0
0.0208333	0.333333	0.000821056
0.0416667	0.333333	0.00164586
0.0625	0.333333	0.00247816
0.0833333	0.333333	0.00332173
0.104167	0.333333	0.00418034
0.125	0.333333	0.00505778
0.145833	0.333333	0.00595788
0.166667	0.333333	0.00688446
0.1875	0.333333	0.00784137
0.208333	0.333333	0.00883247
0.229167	0.333333	0.00986171
0.25	0.333333	0.0109332
0.270833	0.333333	0.0120516
0.291667	0.333333	0.0132232
0.3125	0.333333	0.0144594
0.333333	0.333333	0.0157908
0.354167	0.333333	0.0168922
0.375	0.333333	0.0177932
0.395833	0.333333	0.0185031
0.416667	0.333333	0.0190252
0.4375	0.333333	0.0193598
0.458333	0.333333	0.0195052
0.479167	0.333333	0.0194569
0.5	0.333333	0.0192044
0.520833	0.333333	0.0187177
0.541667	0.333333	0.0183223
0.5625	0.333333	0.0179894
0.583333	0.333333	0.0177113
0.604167	0.333333	0.0174878
0.625	0.333333	0.0173241
0.645833	0.333333	0.017233
0.666667	0.333333	0.0172483
0.6875	0.333333	0.0170489
0.708333	0.333333	0.0166691
0.729167	0.333333	0.0161224
0.75	0.333333	0.0154153
0.770833	0.333333	0.0145499
0.791667	0.333333	0.0135249
0.8125	0.333333	0.0123346
0.833333	0.333333	0.0109653
0.854167	0.333333	0.00938264
0.875	0.333333	0.00790572
0.895833	0.333333	0.00649779
0.916667	0.333333	0.00514105
0.9375	0.333333	0.00382308
0.958333	0.333333	0.00253333
0.979167	0.333333	0.00126209
1	0.333333	0
0	0.354167	0
0.0208333	0.354167	0.000844348
0.0416667	0.354167	0.00169238
0.0625	0.354167	0.00254775
0.0833333	0.354167	0.00341413
0.104167	0.354167	0.0042951
0.125	0.354167	0.0051942
0.145833	0.354167	0.00611482
0.166667	0.354167	0.0070602
0.1875	0.354167	0.00803325
0.208333	0.354167	0.00903648
0.229167	0.354167	0.0100717
0.25	0.354167	0.0111399
0.270833	0.354167	0.0122403
0.291667	0.354167	0.0133695
0.3125	0.354167	0.0145175
0.333333	0.354167	0.015654
0.354167	0.354167	0.0166693
0.375	0.354167	0.0175327
0.395833	0.354167	0.0182329
0.416667	0.354167	0.0187649
0.4375	0.354167	0.0191264
0.458333	0.354167	0.0193166
0.479167	0.354167	0.0193377
0.5	0.354167	0.0191975
0.520833	0.354167	0.0189239
0.541667	0.354167	0.0186242
0.5625	0.354167	0.018327
0.583333	0.354167	0.0180422
0.604167	0.354167	0.0177741
0.625	0.354167	0.0175243
0.645833	0.354167	0.0172889
0.666667	0.354167	0.0170451
0.6875	0.354167	0.0166919
0.708333	0.354167	0.0162066
0.729167	0.354167	0.0155856
0.75	0.354167	0.0148296
0.770833	0.354167	0.0139401
0.791667	0.354167	0.0129185
0.8125	0.354167	0.0117666
0.833333	0.354167	0.0104907
0.854167	0.354167	0.00911531
0.875	0.354167	0.00774287
0.895833	0.354167	0.00639617
0.916667	0.354167	0.00507798
0.9375	0.354167	0.00378506
0.958333	0.354167	0.00251203
0.979167	0.354167	0.00125258
1	0.354167	0
0	0.375	0
0.0208333	0.375	0.000863959
0.0416667	0.375	0.00173154
0.0625	0.375	0.00260635
0.0833333	0.375	0.00349193
0.104167	0.375	0.00439174
0.125	0.375	0.00530908
0.145833	0.375	0.00624701
0.166667	0.375	0.00720825
0.1875	0.375	0.00819495
0.208333	0.375	0.00920845
0.229167	0.375	0.0102489
0.25	0.375	0.0113144
0.270833	0.375	0.0124003
0.291667	0.375	0.0134971
0.3125	0.375	0.0145871
0.333333	0.375	0.0156383
0.354167	0.375	0.0165984
0.375	0.375	0.0174353
0.395833	0.375	0.0181308
0.416667	0.375	0.0186753
0.4375	0.375	0.0190641
0.458333	0.375	0.0192973
0.479167	0.375	0.0193797
0.5	0.375	0.0193239
0.520833	0.375	0.0191564
0.541667	0.375	0.0189235
0.5625	0.375	0.0186523
0.583333	0.375	0.0183565
0.604167	0.375	0.0180422
0.625	0.375	0.01771
0.645833	0.375	0.017353
0.666667	0.375	0.0169515
0.6875	0.375	0.0164669
0.708333	0.375	0.0158798
0.729167	0.375	0.0151837
0.75	0.375	0.0143774
0.770833	0.375	0.0134625
0.791667	0.375	0.0124423
0.8125	0.375	0.0113227
0.833333	0.375	0.0101155
0.854167	0.375	0.00884505
0.875	0.375	0.00755427
0.895833	0.375	0.00626605
0.916667	0.375	0.00498963
0.9375	0.375	0.00372716
0.958333	0.375	0.00247714
0.979167	0.375	0.0012362
1	0.375	0
0	0.395833	0
0.0208333	0.395833	0.000879945
0.0416667	0.395833	0.00176348
0.0625	0.395833	0.00265418
0.0833333	0.395833	0.00355551
0.104167	0.395833	0.00447085
0.125	0.395833	0.00540336
0.145833	0.395833	0.0063559
0.166667	0.395833	0.00733084
0.1875	0.395833	0.00832985
0.208333	0.395833	0.00935353
0.229167	0.395833	0.0104009
0.25	0.395833	0.0114685
0.270833	0.395833	0.0125494
0.291667	0.395833	0.0136315
0.3125	0.395833	0.0146956
0.333333	0.395833	0.0157136
0.354167	0.395833	0.0166508
0.375	0.395833	0.0174793
0.395833	0.395833	0.0181799
0.416667	0.395833	0.0187411
0.4375	0.395833	0.0191575
0.458333	0.395833	0.0194288
0.479167	0.395833	0.0195599
0.5	0.395833	0.0195621
0.520833	0.395833	0.0194542
0.541667	0.395833	0.0192612
0.5625	0.395833	0.0190022
0.583333	0.395833	0.0186891
0.604167	0.395833	0.0183282
0.625	0.395833	0.0179205
0.645833	0.395833	0.0174615
0.666667	0.395833	0.0169411
0.6875	0.395833	0.0163443
0.708333	0.395833	0.0156622
0.729167	0.395833	0.0148919
0.75	0.395833	0.0140338
0.770833	0.395833	0.0130903
0.791667	0.395833	0.0120655
0.8125	0.395833	0.0109662
0.833333	0.395833	0.00980365
0.854167	0.395833	0.00859511
0.875	0.395833	0.00736312
0.895833	0.395833	0.00612411
0.916667	0.395833	0.00488733
0.9375	0.395833	0.00365681
0.958333	0.395833	0.00243318
0.979167	0.395833	0.00121508
1	0.395833	0
0	0.416667	0
0.0208333	0.416667	0.000892338
0.0416667	0.416667	0.00178827
0.0625	0.416667	0.00269136
0.0833333	0.416667	0.00360508
0.104167	0.416667	0.00453279
0.125	0.416667	0.00547763
0.145833	0.416667	0.00644238
0.166667	0.416667	0.00742936
0.1875	0.416667	0.00844008
0.208333	0.416667	0.00947494
0.229167	0.416667	0.0105326
0.25	0.416667	0.0116092
0.270833	0.416667	0.0126972
0.291667	0.416667	0.013784
0.3125	0.416667	0.0148502
0.333333	0.416667	0.0158696
0.354167	0.416667	0.0168119
0.375	0.416667	0.0176511
0.395833	0.416667	0.0183683
0.416667	0.416667	0.0189518
0.4375	0.416667	0.0193961
0.458333	0.416667	0.0197004
0.479167	0.416667	0.019869
0.5	0.416667	0.0199103
0.520833	0.416667	0.0198373
0.541667	0.416667	0.0196648
0.5625	0.416667	0.019406
0.583333	0.416667	0.0190697
0.604167	0.416667	0.0186612
0.625	0.416667	0.0181821
0.645833	0.416667	0.0176316
0.666667	0.416667	0.0170071
0.6875	0.416667	0.016307
0.708333	0.416667	0.0155328
0.729167	0.416667	0.0146879
0.75	0.416667	0.0137756
0.770833	0.416667	0.0127993
0.791667	0.416667	0.0117632
0.8125	0.416667	0.0106731
0.833333	0.416667	0.00953774
0.854167	0.416667	0.00836861
0.875	0.416667	0.007179
0.895833	0.416667	0.00597994
0.916667	0.416667	0.00477878
0.9375	0.416667	0.00357955
0.958333	0.416667	0.00238369
0.979167	0.416667	0.00119095
1	0.416667	0
0	0.4375	0
0.0208333	0.4375	0.000901136
0.0416667	0.4375	0.0018059
0.0625	0.4375	0.0027179
0.0833333	0.4375	0.00364067
0.104167	0.4375	0.00457761
0.125	0.4375	0.00553196
0.145833	0.4375	0.00650664
0.166667	0.4375	0.00750413
0.1875	0.4375	0.00852618
0.208333	0.4375	0.00957356
0.229167	0.4375	0.0106454
0.25	0.4375	0.0117385
0.270833	0.4375	0.0128463
0.291667	0.4375	0.013957
0.3125	0.4375	0.0150516
0.333333	0.4375	0.0161027
0.354167	0.4375	0.0170762
0.375	0.4375	0.0179449
0.395833	0.4375	0.0186904
0.416667	0.4375	0.0193019
0.4375	0.4375	0.0197745
0.458333	0.4375	0.0201079
0.479167	0.4375	0.0203052
0.5	0.4375	0.0203729
0.520833	0.4375	0.0203197
0.541667	0.4375	0.0201549
0.5625	0.4375	0.0198872
0.583333	0.4375	0.0195226
0.604167	0.4375	0.0190646
0.625	0.4375	0.0185152
0.645833	0.4375	0.0178755
0.666667	0.4375	0.0171489
0.6875	0.4375	0.0163436
0.708333	0.4375	0.0154742
0.729167	0.4375	0.0145514
0.75	0.4375	0.0135814
0.770833	0.4375	0.0125681
0.791667	0.4375	0.0115147
0.8125	0.4375	0.0104254
0.833333	0.4375	0.00930558
0.854167	0.4375	0.0081626
0.875	0.4375	0.00700434
0.895833	0.4375	0.00583785
0.916667	0.4375	0.00466832
0.9375	0.4375	0.00349892
0.958333	0.4375	0.00233109
0.979167	0.4375	0.00116501
1	0.4375	0
0	0.458333	0
0.0208333	0.458333	0.000906302
0.0416667	0.458333	0.0018163
0.0625	0.458333	0.00273368
0.0833333	0.458333	0.00366207
0.104167	0.458333	0.00460503
0.125	0.458333	0.00556597
0.145833	0.458333	0.00654811
0.166667	0.458333	0.00755432
0.1875	0.458333	0.00858697
0.208333	0.458333	0.00964769
0.229167	0.458333	0.0107369
0.25	0.458333	0.0118533
0.270833	0.458333	0.0129926
0.291667	0.458333	0.014146
0.3125	0.458333	0.0152966
0.333333	0.458333	0.0164134
0.354167	0.458333	0.0174454
0.375	0.458333	0.0183619
0.395833	0.458333	0.0191463
0.416667	0.458333	0.0197908
0.4375	0.458333	0.0202923
0.458333	0.458333	0.0206514
0.479167	0.458333	0.0208712
0.5	0.458333	0.0209566
0.520833	0.458333	0.0209135
0.541667	0.458333	0.0207481
0.5625	0.458333	0.0204653
0.583333	0.458333	0.0200687
0.604167	0.458333	0.0195596
0.625	0.458333	0.0189385
0.645833	0.458333	0.0182065
0.666667	0.458333	0.0173692
0.6875	0.458333	0.0164443
0.708333	0.458333	0.015469
0.729167	0.458333	0.014462
0.75	0.458333	0.0134306
0.770833	0.458333	0.012377
0.791667	0.458333	0.0113023
0.8125	0.458333	0.010208
0.833333	0.458333	0.00909664
0.854167	0.458333	0.00797185
0.875	0.458333	0.00683791
0.895833	0.458333	0.00569881
0.916667	0.458333	0.00455772
0.9375	0.458333	0.0034167
0.958333	0.458333	0.00227675
0.979167	0.458333	0.001138
1	0.458333	0
0	0.479167	0
0.0208333	0.479167	0.000907768
0.0416667	0.479167	0.00181932
0.0625	0.479167	0.00273845
0.0833333	0.479167	0.00366891
0.104167	0.479167	0.00461446
0.125	0.479167	0.00557879
0.145833	0.479167	0.00656549
0.166667	0.479167	0.00757805
0.1875	0.479167	0.00861971
0.208333	0.479167	0.00969333
0.229167	0.479167	0.0108013
0.25	0.479167	0.011945
0.270833	0.479167	0.0131247
0.291667	0.479167	0.0143377
0.3125	0.479167	0.0155754
0.333333	0.479167	0.0168088
0.354167	0.479167	0.0179302
0.375	0.479167	0.0189109
0.395833	0.479167	0.0197424
0.416667	0.479167	0.0204226
0.4375	0.479167	0.0209524
0.458333	0.479167	0.0213342
0.479167	0.479167	0.0215715
0.5	0.479167	0.0216686
0.520833	0.479167	0.0216297
0.541667	0.479167	0.0214585
0.5625	0.479167	0.0211574
0.583333	0.479167	0.0207272
0.604167	0.479167	0.0201666
0.625	0.479167	0.0194728
0.645833	0.479167	0.0186427
0.666667	0.479167	0.0176771
0.6875	0.479167	0.0165954
0.708333	0.479167	0.0154955
0.729167	0.479167	0.0143972
0.75	0.479167	0.0133019
0.770833	0.479167	0.0122069
0.791667	0.479167	0.0111095
0.8125	0.479167	0.0100077
0.833333	0.479167	0.00890111
0.854167	0.479167	0.00779028
0.875	0.479167	0.00667662
0.895833	0.479167	0.00556175
0.916667	0.479167	0.00444705
0.9375	0.479167	0.00333343
0.958333	0.479167	0.00222121
0.979167	0.479167	0.00111025
1	0.479167	0
0	0.5	0
0.0208333	0.5	0.000905447
0.0416667	0.5	0.00181477
0.0625	0.5	0.00273188
0.0833333	0.5	0.00366067
0.104167	0.5	0.00460512
0.125	0.5	0.00556921
0.145833	0.5	0.00655703
0.166667	0.5	0.0075727
0.1875	0.5	0.00862046
0.208333	0.5	0.00970466
0.229167	0.5	0.0108298
0.25	0.5	0.0120009
0.270833	0.5	0.0132234
0.291667	0.5	0.0145049
0.3125	0.5	0.0158584
0.333333	0.5	0.0173162
0.354167	0.5	0.0185556
0.375	0.5	0.0196091
0.395833	0.5	0.0204897
0.416667	0.5	0.0212049
0.4375	0.5	0.0217605
0.458333	0.5	0.0221614
0.479167	0.5	0.0224121
0.5	0.5	0.0225167
0.520833	0.5	0.0224782
0.541667	0.5	0.0222988
0.5625	0.5	0.0219786
0.583333	0.5	0.0215161
0.604167	0.5	0.0209068
0.625	0.5	0.0201433
0.645833	0.5	0.0192144
0.666667	0.5	0.0181012
0.6875	0.5	0.0167647
0.708333	0.5	0.0155204
0.729167	0.5	0.0143293
0.75	0.5	0.0131728
0.770833	0.5	0.0120393
0.791667	0.5	0.010921
0.8125	0.5	0.00981229
0.833333	0.5	0.00870981
0.854167	0.5	0.00761153
0.875	0.5	0.00651655
0.895833	0.5	0.00542452
0.916667	0.5	0.00433531
0.9375	0.5	0.00324874
0.958333	0.5	0.00216443
0.979167	0.5	0.00108177
1	0.5	0
0	0.520833	0
0.0208333	0.520833	0.000899245
0.0416667	0.520833	0.00180245
0.0625	0.520833	0.00271361
0.0833333	0.520833	0.00363678
0.104167	0.520833	0.00457612
0.125	0.520833	0.00553593
0.145833	0.520833	0.00652071
0.166667	0.520833	0.00753527
0.1875	0.520833	0.00858478
0.208333	0.520833	0.009675
0.229167	0.520833	0.0108125
0.25	0.520833	0.0120053
0.270833	0.520833	0.0132632
0.291667	0.520833	0.0146001
0.3125	0.520833	0.016037
0.333333	0.520833	0.017608
0.354167	0.520833	0.018933
0.375	0.520833	0.0200462
0.395833	0.520833	0.0209683
0.416667	0.520833	0.0217128
0.4375	0.520833	0.0222892
0.458333	0.520833	0.0227047
0.479167	0.520833	0.0229649
0.5	0.520833	0.0230737
0.520833	0.520833	0.0230337
0.541667	0.520833	0.0228456
0.5625	0.520833	0.0225083
0.583333	0.520833	0.0220178
0.604167	0.520833	0.0213671
0.625	0.520833	0.0205454
0.645833	0.520833	0.0195362
0.666667	0.520833	0.0183147
0.6875	0.520833	0.0168417
0.708333	0.520833	0.0154921
0.729167	0.520833	0.0142268
0.75	0.520833	0.0130207
0.770833	0.520833	0.0118566
0.791667	0.520833	0.0107228
0.8125	0.520833	0.00961068
0.833333	0.520833	0.00851429
0.854167	0.520833	0.0074295
0.875	0.520833	0.00635353
0.895833	0.520833	0.00528447
0.916667	0.520833	0.00422094
0.9375	0.520833	0.00316179
0.958333	0.520833	0.00210598
0.979167	0.520833	0.00105242
1	0.520833	0
0	0.541667	0
0.0208333	0.541667	0.000889082
0.0416667	0.541667	0.00178217
0.0625	0.541667	0.00268334
0.0833333	0.541667	0.00359673
0.104167	0.541667	0.00452665
0.125	0.541667	0.00547766
0.145833	0.541667	0.00645462
0.166667	0.541667	0.00746287
0.1875	0.541667	0.00850838
0.208333	0.541667	0.00959805
0.229167	0.541667	0.01074
0.25	0.541667	0.0119444
0.270833	0.541667	0.0132239
0.291667	0.541667	0.0145954
0.3125	0.541667	0.0160814
0.333333	0.541667	0.0177118
0.354167	0.541667	0.0190882
0.375	0.541667	0.0202404
0.395833	0.541667	0.0211905
0.416667	0.541667	0.0219547
0.4375	0.541667	0.0225448
0.458333	0.541667	0.0229695
0.479167	0.541667	0.023235
0.5	0.541667	0.0233455
0.520833	0.541667	0.0233031
0.541667	0.541667	0.0231078
0.5625	0.541667	0.022757
0.583333	0.541667	0.0222455
0.604167	0.541667	0.0215645
0.625	0.541667	0.0207009
0.645833	0.541667	0.0196363
0.666667	0.541667	0.0183456
0.6875	0.541667	0.0167952
0.708333	0.541667	0.0153796
0.729167	0.541667	0.0140653
0.75	0.541667	0.0128264
0.770833	0.541667	0.0116437
0.791667	0.541667	0.0105029
0.8125	0.541667	0.00939333
0.833333	0.541667	0.00830717
0.854167	0.541667	0.00723865
0.875	0.541667	0.0061836
0.895833	0.541667	0.00513889
0.916667	0.541667	0.00410217
0.9375	0.541667	0.00307152
0.958333	0.541667	0.00204527
0.979167	0.541667	0.00102192
1	0.541667	0
0	0.5625	0
0.0208333	0.5625	0.000874907
0.0416667	0.5625	0.00175383
0.0625	0.5625	0.00264084
0.0833333	0.5625	0.00354013
0.104167	0.5625	0.0044561
0.125	0.5625	0.00539344
0.145833	0.5625	0.00635724
0.166667	0.5625	0.00735321
0.1875	0.5625	0.00838784
0.208333	0.5625	0.00946876
0.229167	0.5625	0.0106052
0.25	0.5625	0.0118084
0.270833	0.5625	0.0130928
0.291667	0.5625	0.0144763
0.3125	0.5625	0.0159815
0.333333	0.5625	0.0176355
0.354167	0.5625	0.0190336
0.375	0.5625	0.0202027
0.395833	0.5625	0.0211646
0.416667	0.5625	0.0219367
0.4375	0.5625	0.0225317
0.458333	0.5625	0.0229593
0.479167	0.5625	0.0232261
0.5	0.5625	0.0233362
0.520833	0.5625	0.0232915
0.541667	0.5625	0.0230914
0.5625	0.5625	0.0227325
0.583333	0.5625	0.0222088
0.604167	0.5625	0.0215104
0.625	0.5625	0.0206233
0.645833	0.5625	0.0195287
0.666667	0.5625	0.0182021
0.6875	0.5625	0.0166139
0.708333	0.5625	0.0151659
0.729167	0.5625	0.0138283
0.75	0.5625	0.0125759
0.770833	0.5625	0.0113889
0.791667	0.5625	0.0102518
0.8125	0.5625	0.0091526
0.833333	0.5625	0.00808239
0.854167	0.5625	0.00703434
0.875	0.5625	0.00600331
0.895833	0.5625	0.00498534
0.916667	0.5625	0.00397734
0.9375	0.5625	0.00297683
0.958333	0.5625	0.00198168
0.979167	0.5625	0.000989987
1	0.5625	0
0	0.583333	0
0.0208333	0.583333	0.000856718
0.0416667	0.583333	0.00171739
0.0625	0.583333	0.00258605
0.0833333	0.583333	0.00346686
0.104167	0.583333	0.00436418
0.125	0.583333	0.00528274
0.145833	0.583333	0.00622771
0.166667	0.583333	0.00720489
0.1875	0.583333	0.008221
0.208333	0.583333	0.00928398
0.229167	0.583333	0.0104035
0.25	0.583333	0.0115913
0.270833	0.583333	0.0128624
0.291667	0.583333	0.0142353
0.3125	0.583333	0.0157328
0.333333	0.583333	0.017381
0.354167	0.583333	0.0187741
0.375	0.583333	0.0199379
0.395833	0.583333	0.0208946
0.416667	0.583333	0.0216616
0.4375	0.583333	0.0222521
0.458333	0.583333	0.022676
0.479167	0.583333	0.0229398
0.5	0.583333	0.0230478
0.520833	0.583333	0.0230013
0.541667	0.583333	0.0227996
0.5625	0.583333	0.0224389
0.583333	0.583333	0.0219127
0.604167	0.583333	0.0212109
0.625	0.583333	0.0203193
0.645833	0.583333	0.019219
0.666667	0.583333	0.017886
0.6875	0.583333	0.0162924
0.708333	0.583333	0.0148418
0.729167	0.583333	0.0135059
0.75	0.583333	0.0122601
0.770833	0.583333	0.0110843
0.791667	0.583333	0.00996266
0.8125	0.583333	0.00888289
0.833333	0.583333	0.00783545
0.854167	0.583333	0.00681303
0.875	0.583333	0.00580995
0.895833	0.583333	0.0048218
0.916667	0.583333	0.00384504
0.9375	0.583333	0.00287679
0.958333	0.583333	0.00191462
0.979167	0.583333	0.000956352
1	0.583333	0
0	0.604167	0
0.0208333	0.604167	0.00083457
0.0416667	0.604167	0.00167298
0.0625	0.604167	0.00251913
0.0833333	0.604167	0.00337706
0.104167	0.604167	0.00425104
0.125	0.604167	0.00514565
0.145833	0.604167	0.00606595
0.166667	0.604167	0.00701764
0.1875	0.604167	0.00800729
0.208333	0.604167	0.00904271
0.229167	0.604167	0.0101334
0.25	0.604167	0.011291
0.270833	0.604167	0.0125303
0.291667	0.604167	0.0138699
0.3125	0.604167	0.0153332
0.333333	0.604167	0.0169478
0.354167	0.604167	0.0183097
0.375	0.604167	0.0194464
0.395833	0.604167	0.0203803
0.416667	0.604167	0.0211289
0.4375	0.604167	0.0217052
0.458333	0.604167	0.0221186
0.479167	0.604167	0.0223755
0.5	0.604167	0.0224796
0.520833	0.604167	0.0224324
0.541667	0.604167	0.0222326
0.5625	0.604167	0.0218767
0.583333	0.604167	0.0213583
0.604167	0.604167	0.0206673
0.625	0.604167	0.01979
0.645833	0.604167	0.0187078
0.666667	0.604167	0.0173967
0.6875	0.604167	0.0158278
0.708333	0.604167	0.0144032
0.729167	0.604167	0.0130936
0.75	0.604167	0.0118743
0.770833	0.604167	0.0107255
0.791667	0.604167	0.0096317
0.8125	0.604167	0.00858084
0.833333	0.604167	0.00756351
0.854167	0.604167	0.00657237
0.875	0.604167	0.00560168
0.895833	0.604167	0.00464686
0.916667	0.604167	0.00370421
0.9375	0.604167	0.00277068
0.958333	0.604167	0.00184365
0.979167	0.604167	0.000920802
1	0.604167	0
0	0.625	0
0.0208333	0.625	0.000808585
0.0416667	0.625	0.00162082
0.0625	0.625	0.00244042
0.0833333	0.625	0.00327121
0.104167	0.625	0.00411725
0.125	0.625	0.00498287
0.145833	0.625	0.00587281
0.166667	0.625	0.00679242
0.1875	0.625	0.00774782
0.208333	0.625	0.00874621
0.229167	0.625	0.0097963
0.25	0.625	0.0109089
0.270833	0.625	0.0120978
0.291667	0.625	0.0133809
0.3125	0.625	0.0147823
0.333333	0.625	0.0163331
0.354167	0.625	0.0176366
0.375	0.625	0.0187236
0.395833	0.625	0.0196173
0.416667	0.625	0.0203344
0.4375	0.625	0.0208871
0.458333	0.625	0.0212837
0.479167	0.625	0.0215299
0.5	0.625	0.0216289
0.520833	0.625	0.0215819
0.541667	0.625	0.0213878
0.5625	0.625	0.0210432
0.583333	0.625	0.0205422
0.604167	0.625	0.0198759
0.625	0.625	0.0190316
0.645833	0.625	0.0179915
0.666667	0.625	0.0167313
0.6875	0.625	0.0152188
0.708333	0.625	0.0138495
0.729167	0.625	0.0125909
0.75	0.625	0.0114179
0.770833	0.625	0.0103117
0.791667	0.625	0.00925782
0.8125	0.625	0.00824527
0.833333	0.625	0.00726536
0.854167	0.625	0.00631127
0.875	0.625	0.00537753
0.895833	0.625	0.00445974
0.916667	0.625	0.00355428
0.9375	0.625	0.00265807
0.958333	0.625	0.0017685
0.979167	0.625	0.000883204
1	0.625	0
0	0.645833	0
0.0208333	0.645833	0.00077895
0.0416667	0.645833	0.0015613
0.0625	0.645833	0.00235051
0.0833333	0.645833	0.00315013
0.104167	0.645833	0.00396389
0.125	0.645833	0.00479575
0.145833	0.645833	0.00565001
0.166667	0.645833	0.00653142
0.1875	0.645833	0.00744535
0.208333	0.645833	0.00839801
0.229167	0.645833	0.00939674
0.25	0.645833	0.0104506
0.270833	0.645833	0.011571
0.291667	0.645833	0.0127737
0.3125	0.645833	0.0140818
0.333333	0.645833	0.0155318
0.354167	0.645833	0.0167458
0.375	0.645833	0.0177601
0.395833	0.645833	0.0185968
0.416667	0.645833	0.0192705
0.4375	0.645833	0.019791
0.458333	0.645833	0.0201651
0.479167	0.645833	0.0203974
0.5	0.645833	0.0204902
0.520833	0.645833	0.0204445
0.541667	0.645833	0.0202594
0.5625	0.645833	0.0199319
0.583333	0.645833	0.0194574
0.604167	0.645833	0.0188286
0.625	0.645833	0.018035
0.645833	0.645833	0.0170612
0.666667	0.645833	0.0158841
0.6875	0.645833	0.0144665
0.708333	0.645833	0.0131852
0.729167	0.645833	0.0120026
0.75	0.645833	0.0108948
0.770833	0.645833	0.00984548
0.791667	0.645833	0.00884264
0.8125	0.645833	0.00787705
0.833333	0.645833	0.0069414
0.854167	0.645833	0.0060298
0.875	0.645833	0.00513743
0.895833	0.645833	0.00426031
0.916667	0.645833	0.00339507
0.9375	0.645833	0.00253884
0.958333	0.645833	0.00168908
0.979167	0.645833	0.000843511
1	0.645833	0
0	0.666667	0
0.0208333	0.666667	0.000745911
0.0416667	0.666667	0.00149493
0.0625	0.666667	0.00225019
0.0833333	0.666667	0.00301491
0.104167	0.666667	0.00379243
0.125	0.666667	0.00458623
0.145833	0.666667	0.00540005
0.166667	0.666667	0.0062379
0.1875	0.666667	0.00710417
0.208333	0.666667	0.00800373
0.229167	0.666667	0.00894208
0.25	0.666667	0.0099256
0.270833	0.666667	0.010962
0.291667	0.666667	0.0120612
0.3125	0.666667	0.0132395
0.333333	0.666667	0.0145325
0.354167	0.666667	0.0156209
0.375	0.666667	0.01654
0.395833	0.666667	0.0173053
0.416667	0.666667	0.0179257
0.4375	0.666667	0.0184073
0.458333	0.666667	0.0187545
0.479167	0.666667	0.0189702
0.5	0.666667	0.0190561
0.520833	0.666667	0.0190126
0.541667	0.666667	0.0188392
0.5625	0.666667	0.0185337
0.583333	0.666667	0.018093
0.604167	0.666667	0.0175121
0.625	0.666667	0.0167844
0.645833	0.666667	0.0159003
0.666667	0.666667	0.0148435
0.6875	0.666667	0.0135779
0.708333	0.666667	0.0124221
0.729167	0.666667	0.0113394
0.75	0.666667	0.0103132
0.770833	0.666667	0.00933281
0.791667	0.666667	0.00839022
0.8125	0.666667	0.0074789
0.833333	0.666667	0.0065934
0.854167	0.666667	0.00572911
0.875	0.666667	0.0048821
0.895833	0.666667	0.00404899
0.916667	0.666667	0.00322686
0.9375	0.666667	0.00241312
0.958333	0.666667	0.00160547
0.979167	0.666667	0.00080176
1	0.666667	0
0	0.6875	0
0.0208333	0.6875	0.000709769
0.0416667	0.6875	0.00142231
0.0625	0.6875	0.00214041
0.0833333	0.6875	0.0028669
0.104167	0.6875	0.00360467
0.125	0.6875	0.0043567
0.145833	0.6875	0.00512607
0.166667	0.6875	0.00591597
0.1875	0.6875	0.00672969
0.208333	0.6875	0.00757065
0.229167	0.6875	0.00844226
0.25	0.6875	0.00934781
0.270833	0.6875	0.01029
0.291667	0.6875	0.0112697
0.3125	0.6875	0.0122823
0.333333	0.6875	0.0133038
0.354167	0.6875	0.0142311
0.375	0.6875	0.0150398
0.395833	0.6875	0.0157247
0.416667	0.6875	0.0162856
0.4375	0.6875	0.016724
0.458333	0.6875	0.0170413
0.479167	0.6875	0.0172388
0.5	0.6875	0.0173172
0.520833	0.6875	0.0172768
0.541667	0.6875	0.017117
0.5625	0.6875	0.0168368
0.583333	0.6875	0.0164346
0.604167	0.6875	0.0159084
0.625	0.6875	0.0152563
0.645833	0.6875	0.0144779
0.666667	0.6875	0.0135777
0.6875	0.6875	0.0125796
0.708333	0.6875	0.0115858
0.729167	0.6875	0.0106198
0.75	0.6875	0.0096858
0.770833	0.6875	0.00878235
0.791667	0.6875	0.00790652
0.8125	0.6875	0.00705492
0.833333	0.6875	0.00622418
0.854167	0.6875	0.00541113
0.875	0.6875	0.00461285
0.895833	0.6875	0.0038267
0.916667	0.6875	0.00305026
0.9375	0.6875	0.00228133
0.958333	0.6875	0.0015179
0.979167	0.6875	0.000758063
1	0.6875	0
0	0.708333	0
0.0208333	0.708333	0.000670856
0.0416667	0.708333	0.00134413
0.0625	0.708333	0.00202223
0.0833333	0.708333	0.0027076
0.104167	0.708333	0.00340265
0.125	0.708333	0.00410984
0.145833	0.708333	0.00483156
0.166667	0.708333	0.0055702
0.1875	0.708333	0.00632798
0.208333	0.708333	0.00710691
0.229167	0.708333	0.00790851
0.25	0.708333	0.0087334
0.270833	0.708333	0.00958048
0.291667	0.708333	0.0104452
0.3125	0.708333	0.0113164
0.333333	0.708333	0.0121693
0.354167	0.708333	0.01296
0.375	0.708333	0.0136635
0.395833	0.708333	0.014268
0.416667	0.708333	0.0147681
0.4375	0.708333	0.0151617
0.458333	0.708333	0.0154479
0.479167	0.708333	0.0156264
0.5	0.708333	0.0156972
0.520833	0.708333	0.0156602
0.541667	0.708333	0.0155152
0.5625	0.708333	0.0152619
0.583333	0.708333	0.0149002
0.604167	0.708333	0.0144305
0.625	0.708333	0.0138546
0.645833	0.708333	0.0131773
0.666667	0.708333	0.01241
0.6875	0.708333	0.0115769
0.708333	0.708333	0.0107217
0.729167	0.708333	0.00986835
0.75	0.708333	0.00902782
0.770833	0.708333	0.00820427
0.791667	0.708333	0.00739858
0.8125	0.708333	0.00661008
0.833333	0.708333	0.00583728
0.854167	0.708333	0.00507838
0.875	0.708333	0.00433149
0.895833	0.708333	0.00359469
0.916667	0.708333	0.00286613
0.9375	0.708333	0.00214405
0.958333	0.708333	0.00142675
0.979167	0.708333	0.000712591
1	0.708333	0
0	0.729167	0
0.0208333	0.729167	0.000629528
0.0416667	0.729167	0.00126111
0.0625	0.729167	0.0018968
0.0833333	0.729167	0.0025386
0.104167	0.729167	0.00318851
0.125	0.729167	0.00384843
0.145833	0.729167	0.00452015
0.166667	0.729167	0.00520528
0.1875	0.729167	0.00590512
0.208333	0.729167	0.00662049
0.229167	0.729167	0.00735146
0.25	0.729167	0.00809681
0.270833	0.729167	0.0088533
0.291667	0.729167	0.00961442
0.3125	0.729167	0.0103685
0.333333	0.729167	0.0110971
0.354167	0.729167	0.0117759
0.375	0.729167	0.0123861
0.395833	0.729167	0.0129156
0.416667	0.729167	0.0133573
0.4375	0.729167	0.0137069
0.458333	0.729167	0.0139621
0.479167	0.729167	0.0141217
0.5	0.729167	0.014185
0.520833	0.729167	0.0141517
0.541667	0.729167	0.0140217
0.5625	0.729167	0.0137954
0.583333	0.729167	0.0134738
0.604167	0.729167	0.0130588
0.625	0.729167	0.0125542
0.645833	0.729167	0.0119667
0.666667	0.729167	0.011308
0.6875	0.729167	0.0105963
0.708333	0.729167	0.00985565
0.729167	0.729167	0.00910407
0.75	0.729167	0.00835287
0.770833	0.729167	0.00760831
0.791667	0.729167	0.00687348
0.8125	0.729167	0.00614953
0.833333	0.729167	0.00543646
0.854167	0.729167	0.00473364
0.875	0.729167	0.00404003
0.895833	0.729167	0.00335444
0.916667	0.729167	0.00267553
0.9375	0.729167	0.00200199
0.958333	0.729167	0.00133244
0.979167	0.729167	0.000665557
1	0.729167	0
0	0.75	0
0.0208333	0.75	0.000586145
0.0416667	0.75	0.001174
0.0625	0.75	0.00176524
0.0833333	0.75	0.00236151
0.104167	0.75	0.00296436
0.125	0.75	0.00357522
0.145833	0.75	0.00419533
0.166667	0.75	0.00482565
0.1875	0.75	0.00546672
0.208333	0.75	0.0061185
0.229167	0.75	0.00678002
0.25	0.75	0.00744907
0.270833	0.75	0.0081215
0.291667	0.75	0.00879059
0.3125	0.75	0.00944625
0.333333	0.75	0.0100748
0.354167	0.75	0.0106605
0.375	0.75	0.0111894
0.395833	0.75	0.0116511
0.416667	0.75	0.0120384
0.4375	0.75	0.0123464
0.458333	0.75	0.012572
0.479167	0.75	0.0127134
0.5	0.75	0.0127694
0.520833	0.75	0.0127397
0.541667	0.75	0.0126244
0.5625	0.75	0.0124242
0.583333	0.75	0.0121408
0.604167	0.75	0.0117767
0.625	0.75	0.0113366
0.645833	0.75	0.0108273
0.666667	0.75	0.0102589
0.6875	0.75	0.00964481
0.708333	0.75	0.00900054
0.729167	0.75	0.00833941
0.75	0.75	0.00767126
0.770833	0.75	0.00700262
0.791667	0.75	0.0063375
0.8125	0.75	0.00567809
0.833333	0.75	0.00502541
0.854167	0.75	0.00437967
0.875	0.75	0.00374057
0.895833	0.75	0.00310748
0.916667	0.75	0.00247958
0.9375	0.75	0.00185592
0.958333	0.75	0.00123548
0.979167	0.75	0.000617195
1	0.75	0
0	0.770833	0
0.0208333	0.770833	0.000541055
0.0416667	0.770833	0.00108349
0.0625	0.770833	0.00162866
0.0833333	0.770833	0.00217784
0.104167	0.770833	0.0027322
0.125	0.770833	0.00329277
0.145833	0.770833	0.00386031
0.166667	0.770833	0.00443526
0.1875	0.770833	0.00501763
0.208333	0.770833	0.00560674
0.229167	0.770833	0.00620108
0.25	0.770833	0.00679793
0.270833	0.770833	0.00739303
0.291667	0.770833	0.0079802
0.3125	0.770833	0.00855107
0.333333	0.770833	0.00909534
0.354167	0.770833	0.00960177
0.375	0.770833	0.0100599
0.395833	0.770833	0.0104611
0.416667	0.770833	0.0107988
0.4375	0.770833	0.0110683
0.458333	0.770833	0.0112662
0.479167	0.770833	0.0113904
0.5	0.770833	0.0114396
0.520833	0.770833	0.0114135
0.541667	0.770833	0.0113121
0.5625	0.770833	0.0111364
0.583333	0.770833	0.0108883
0.604167	0.770833	0.0105708
0.625	0.770833	0.0101883
0.645833	0.770833	0.00974705
0.666667	0.770833	0.00925542
0.6875	0.770833	0.00872351
0.708333	0.770833	0.00816227
0.729167	0.770833	0.00758177
0.75	0.770833	0.00699015
0.770833	0.770833	0.00639343
0.791667	0.770833	0.00579579
0.8125	0.770833	0.00519992
0.833333	0.770833	0.00460742
0.854167	0.770833	0.00401907
0.875	0.770833	0.0034351
0.895833	0.770833	0.00285535
0.916667	0.770833	0.00227939
0.9375	0.770833	0.00170663
0.958333	0.770833	0.00113635
0.979167	0.770833	0.000567747
1	0.770833	0
0	0.791667	0
0.0208333	0.791667	0.000494583
0.0416667	0.791667	0.000990253
0.0625	0.791667	0.00148806
0.0833333	0.791667	0.00198898
0.104167	0.791667	0.00249385
0.125	0.791667	0.00300334
0.145833	0.791667	0.00351786
0.166667	0.791667	0.00403747
0.1875	0.791667	0.00456178
0.208333	0.791667	0.00508976
0.229167	0.791667	0.00561962
0.25	0.791667	0.00614855
0.270833	0.791667	0.00667251
0.291667	0.791667	0.0071861
0.3125	0.791667	0.00768249
0.333333	0.791667	0.00815373
0.354167	0.791667	0.00859136
0.375	0.791667	0.00898732
0.395833	0.791667	0.00933461
0.416667	0.791667	0.00962753
0.4375	0.791667	0.00986173
0.458333	0.791667	0.010034
0.479167	0.791667	0.0101423
0.5	0.791667	0.0101853
0.520833	0.791667	0.0101624
0.541667	0.791667	0.0100739
0.5625	0.791667	0.00992094
0.583333	0.791667	0.00970526
0.604167	0.791667	0.0094298
0.625	0.791667	0.00909865
0.645833	0.791667	0.00871722
0.666667	0.791667	0.00829224
0.6875	0.791667	0.00783152
0.708333	0.791667	0.00734328
0.729167	0.791667	0.00683526
0.75	0.791667	0.00631412
0.770833	0.791667	0.00578515
0.791667	0.791667	0.00525231
0.8125	0.791667	0.0047184
0.833333	0.791667	0.00418528
0.854167	0.791667	0.00365409
0.875	0.791667	0.0031254
0.895833	0.791667	0.00259942
0.916667	0.791667	0.00207601
0.9375	0.791667	0.00155487
0.958333	0.791667	0.00103553
0.979167	0.791667	0.000517446
1	0.791667	0
0	0.8125	0
0.0208333	0.8125	0.000447024
0.0416667	0.8125	0.000894878
0.0625	0.8125	0.00134435
0.0833333	0.8125	0.00179616
0.104167	0.8125	0.00225087
0.125	0.8125	0.00270888
0.145833	0.8125	0.00317032
0.166667	0.8125	0.00363499
0.1875	0.8125	0.00410225
0.208333	0.8125	0.00457091
0.229167	0.8125	0.0050391
0.25	0.8125	0.00550412
0.270833	0.8125	0.00596236
0.291667	0.8125	0.00640919
0.3125	0.8125	0.00683906
0.333333	0.8125	0.00724572
0.354167	0.8125	0.00762261
0.375	0.8125	0.00796341
0.395833	0.8125	0.00826246
0.416667	0.8125	0.00851495
0.4375	0.8125	0.00871706
0.458333	0.8125	0.00886594
0.479167	0.8125	0.00895955
0.5	0.8125	0.0089967
0.520833	0.8125	0.0089769
0.541667	0.8125	0.0089004
0.5625	0.8125	0.00876818
0.583333	0.8125	0.008582
0.604167	0.8125	0.00834452
0.625	0.8125	0.00805931
0.645833	0.8125	0.00773092
0.666667	0.8125	0.0073648
0.6875	0.8125	0.00696707
0.708333	0.8125	0.00654406
0.729167	0.8125	0.00610188
0.75	0.8125	0.00564593
0.770833	0.8125	0.00518075
0.791667	0.8125	0.0047099
0.8125	0.8125	0.00423608
0.833333	0.8125	0.00376121
0.854167	0.8125	0.00328659
0.875	0.8125	0.00281302
0.895833	0.8125	0.0023409
0.916667	0.8125	0.00187036
0.9375	0.8125	0.0014013
0.958333	0.8125	0.000933466
0.979167	0.8125	0.000466507
1	0.8125	0
0	0.833333	0
0.0208333	0.833333	0.000398634
0.0416667	0.833333	0.000797882
0.0625	0.833333	0.00119832
0.0833333	0.833333	0.00160044
0.104167	0.833333	0.0020046
0.125	0.833333	0.00241099
0.145833	0.833333	0.00281955
0.166667	0.833333	0.00322991
0.1875	0.833333	0.00364132
0.208333	0.833333	0.00405253
0.229167	0.833333	0.00446174
0.25	0.833333	0.00486649
0.270833	0.833333	0.00526361
0.291667	0.833333	0.00564924
0.3125	0.833333	0.00601885
0.333333	0.833333	0.00636747
0.354167	0.833333	0.00668995
0.375	0.833333	0.00698127
0.395833	0.833333	0.00723686
0.416667	0.833333	0.00745273
0.4375	0.833333	0.00762565
0.458333	0.833333	0.00775309
0.479167	0.833333	0.00783327
0.5	0.833333	0.00786508
0.520833	0.833333	0.00784811
0.541667	0.833333	0.00778257
0.5625	0.833333	0.00766936
0.583333	0.833333	0.00751006
0.604167	0.833333	0.00730697
0.625	0.833333	0.00706314
0.645833	0.833333	0.00678235
0.666667	0.833333	0.00646898
0.6875	0.833333	0.00612787
0.708333	0.833333	0.00576402
0.729167	0.833333	0.00538225
0.75	0.833333	0.00498698
0.770833	0.833333	0.00458201
0.791667	0.833333	0.00417046
0.8125	0.833333	0.00375481
0.833333	0.833333	0.00333689
0.854167	0.833333	0.00291805
0.875	0.833333	0.00249918
0.895833	0.833333	0.00208081
0.916667	0.833333	0.00166323
0.9375	0.833333	0.0012465
0.958333	0.833333	0.000830528
0.979167	0.833333	0.000415115
1	0.833333	0
0	0.854167	0
0.0208333	0.854167	0.00034963
0.0416667	0.854167	0.000699697
0.0625	0.854167	0.0010506
0.0833333	0.854167	0.00140267
0.104167	0.854167	0.0017561
0.125	0.854167	0.00211093
0.145833	0.854167	0.00246698
0.166667	0.854167	0.0028238
0.1875	0.854167	0.00318058
0.208333	0.854167	0.00353615
0.229167	0.854167	0.00388883
0.25	0.854167	0.00423647
0.270833	0.854167	0.00457637
0.291667	0.854167	0.00490531
0.3125	0.854167	0.00521963
0.333333	0.854167	0.00551537
0.354167	0.854167	0.00578844
0.375	0.854167	0.00603487
0.395833	0.854167	0.00625097
0.416667	0.854167	0.00643348
0.4375	0.854167	0.0065797
0.458333	0.854167	0.0066875
0.479167	0.854167	0.00675534
0.5	0.854167	0.00678226
0.520833	0.854167	0.00676789
0.541667	0.854167	0.00671242
0.5625	0.854167	0.00661664
0.583333	0.854167	0.0064819
0.604167	0.854167	0.00631015
0.625	0.854167	0.00610395
0.645833	0.854167	0.00586635
0.666667	0.854167	0.0056009
0.6875	0.854167	0.00531143
0.708333	0.854167	0.00500189
0.729167	0.854167	0.00467614
0.75	0.854167	0.00433773
0.770833	0.854167	0.00398984
0.791667	0.854167	0.00363514
0.8125	0.854167	0.00327579
0.833333	0.854167	0.0029135
0.854167	0.854167	0.00254954
0.875	0.854167	0.00218482
0.895833	0.854167	0.00181994
0.916667	0.854167	0.00145526
0.9375	0.854167	0.00109095
0.958333	0.854167	0.000727028
0.979167	0.854167	0.000363427
1	0.854167	0
0	0.875	0
0.0208333	0.875	0.000300188
0.0416667	0.875	0.000600675
0.0625	0.875	0.000901726
0.0833333	0.875	0.00120354
0.104167	0.875	0.0015062
0.125	0.875	0.00180965
0.145833	0.875	0.00211365
0.166667	0.875	0.00241771
0.1875	0.875	0.00272107
0.208333	0.875	0.00302265
0.229167	0.875	0.00332097
0.25	0.875	0.0036142
0.270833	0.875	0.00390008
0.291667	0.875	0.00417599
0.3125	0.875	0.00443899
0.333333	0.875	0.00468593
0.354167	0.875	0.00491358
0.375	0.875	0.0051188
0.395833	0.875	0.00529866
0.416667	0.875	0.00545052
0.4375	0.875	0.00557218
0.458333	0.875	0.00566188
0.479167	0.875	0.00571833
0.5	0.875	0.00574073
0.520833	0.875	0.00572876
0.541667	0.875	0.00568259
0.5625	0.875	0.00560287
0.583333	0.875	0.00549074
0.604167	0.875	0.0053478
0.625	0.875	0.00517613
0.645833	0.875	0.00497821
0.666667	0.875	0.00475684
0.6875	0.875	0.00451506
0.708333	0.875	0.00425598
0.729167	0.875	0.00398266
0.75	0.875	0.00369797
0.770833	0.875	0.00340449
0.791667	0.875	0.00310446
0.8125	0.875	0.00279972
0.833333	0.875	0.00249178
0.854167	0.875	0.0021818
0.875	0.875	0.00187062
0.895833	0.875	0.00155886
0.916667	0.875	0.00124691
0.9375	0.875	0.000934996
0.958333	0.875	0.000623211
0.979167	0.875	0.000311564
1	0.875	0
0	0.895833	0
0.0208333	0.895833	0.000250447
0.0416667	0.895833	0.000501088
0.0625	0.895833	0.000752089
0.0833333	0.895833	0.00100356
0.104167	0.895833	0.0012555
0.125	0.895833	0.00150782
0.145833	0.895833	0.00176025
0.166667	0.895833	0.00201232
0.1875	0.895833	0.00226335
0.208333	0.895833	0.00251239
0.229167	0.895833	0.00275821
0.25	0.895833	0.00299928
0.270833	0.895833	0.00323377
0.291667	0.895833	0.00345959
0.3125	0.895833	0.00367441
0.333333	0.895833	0.00387577
0.354167	0.895833	0.00406115
0.375	0.895833	0.00422811
0.395833	0.895833	0.00437433
0.416667	0.895833	0.00449776
0.4375	0.895833	0.00459662
0.458333	0.895833	0.0046695
0.479167	0.895833	0.00471537
0.5	0.895833	0.00473357
0.520833	0.895833	0.00472384
0.541667	0.895833	0.00468631
0.5625	0.895833	0.00462152
0.583333	0.895833	0.00453038
0.604167	0.895833	0.00441418
0.625	0.895833	0.00427458
0.645833	0.895833	0.00411352
0.666667	0.895833	0.0039332
0.6875	0.895833	0.00373599
0.708333	0.895833	0.00352431
0.729167	0.895833	0.00330056
0.75	0.895833	0.003067
0.770833	0.895833	0.0028257
0.791667	0.895833	0.00257847
0.8125	0.895833	0.00232685
0.833333	0.895833	0.00207211
0.854167	0.895833	0.00181524
0.875	0.895833	0.00155701
0.895833	0.895833	0.00129798
0.916667	0.895833	0.00103853
0.9375	0.895833	0.000778915
0.958333	0.895833	0.000519257
0.979167	0.895833	0.000259618
1	0.895833	0
0	0.916667	0
0.0208333	0.916667	0.000200511
0.0416667	0.916667	0.000401142
0.0625	0.916667	0.000601987
0.0833333	0.916667	0.000803095
0.104167	0.916667	0.00100444
0.125	0.916667	0.00120589
0.145833	0.916667	0.0014072
0.166667	0.916667	0.00160797
0.1875	0.916667	0.00180762
0.208333	0.916667	0.00200536
0.229167	0.916667	0.0022002
0.25	0.916667	0.00239094
0.270833	0.916667	0.00257614
0.291667	0.916667	0.00275418
0.3125	0.916667	0.00292328
0.333333	0.916667	0.00308158
0.354167	0.916667	0.00322716
0.375	0.916667	0.00335815
0.395833	0.916667	0.00347281
0.416667	0.916667	0.00356956
0.4375	0.916667	0.00364703
0.458333	0.916667	0.00370414
0.479167	0.916667	0.00374008
0.5	0.916667	0.00375434
0.520833	0.916667	0.00374671
0.541667	0.916667	0.0037173
0.5625	0.916667	0.00366651
0.583333	0.916667	0.00359507
0.604167	0.916667	0.00350398
0.625	0.916667	0.00339448
0.645833	0.916667	0.00326808
0.666667	0.916667	0.00312645
0.6875	0.916667	0.00297138
0.708333	0.916667	0.00280471
0.729167	0.916667	0.00262826
0.75	0.916667	0.00244377
0.770833	0.916667	0.00225284
0.791667	0.916667	0.00205688
0.8125	0.916667	0.00185711
0.833333	0.916667	0.00165456
0.854167	0.916667	0.00145004
0.875	0.916667	0.0012442
0.895833	0.916667	0.00103752
0.916667	0.916667	0.000830329
0.9375	0.916667	0.000622871
0.958333	0.916667	0.000415286
0.979167	0.916667	0.00020765
1	0.916667	0
0	0.9375	0
0.0208333	0.9375	0.000150456
0.0416667	0.9375	0.00030098
0.0625	0.9375	0.000451623
0.0833333	0.9375	0.000602397
0.104167	0.9375	0.000753262
0.125	0.9375	0.000904101
0.145833	0.9375	0.0010547
0.166667	0.9375	0.00120475
0.1875	0.9375	0.00135379
0.208333	0.9375	0.00150122
0.229167	0.9375	0.0016463
0.25	0.9375	0.00178814
0.270833	0.9375	0.00192567
0.291667	0.9375	0.00205771
0.3125	0.9375	0.00218297
0.333333	0.9375	0.00230011
0.354167	0.9375	0.00240774
0.375	0.9375	0.00250453
0.395833	0.9375	0.0025892
0.416667	0.9375	0.00266063
0.4375	0.9375	0.00271781
0.458333	0.9375	0.00275996
0.479167	0.9375	0.00278648
0.5	0.9375	0.002797
0.520833	0.9375	0.00279136
0.541667	0.9375	0.00276965
0.5625	0.9375	0.00273217
0.583333	0.9375	0.00267943
0.604167	0.9375	0.00261216
0.625	0.9375	0.00253129
0.645833	0.9375	0.00243788
0.666667	0.9375	0.00233314
0.6875	0.9375	0.00221837
0.708333	0.9375	0.00209488
0.729167	0.9375	0.001964
0.75	0.9375	0.00182698
0.770833	0.9375	0.001685
0.791667	0.9375	0.00153908
0.8125	0.9375	0.00139016
0.833333	0.9375	0.00123898
0.854167	0.9375	0.00108617
0.875	0.9375	0.000932237
0.895833	0.9375	0.000777552
0.916667	0.9375	0.000622394
0.9375	0.9375	0.000466955
0.958333	0.9375	0.000311364
0.979167	0.9375	0.000155697
1	0.9375	0
0	0.958333	0
0.0208333	0.958333	0.000100332
0.0416667	0.958333	0.0002007
0.0625	0.958333	0.000301126
0.0833333	0.958333	0.00040161
0.104167	0.958333	0.000502112
0.125	0.958333	0.000602546
0.145833	0.958333	0.000702761
0.166667	0.958333	0.000802534
0.1875	0.958333	0.000901558
0.208333	0.958333	0.000999432
0.229167	0.958333	0.00109566
0.25	0.958333	0.00118964
0.270833	0.958333	0.00128068
0.291667	0.958333	0.00136801
0.3125	0.958333	0.00145079
0.333333	0.958333	0.00152814
0.354167	0.958333	0.00159917
0.375	0.958333	0.00166302
0.395833	0.958333	0.00171885
0.416667	0.958333	0.00176593
0.4375	0.958333	0.00180362
0.458333	0.958333	0.0018314
0.479167	0.958333	0.00184888
0.5	0.958333	0.00185581
0.520833	0.958333	0.00185209
0.541667	0.958333	0.00183778
0.5625	0.958333	0.00181307
0.583333	0.958333	0.00177831
0.604167	0.958333	0.00173396
0.625	0.958333	0.00168062
0.645833	0.958333	0.001619
0.666667	0.958333	0.00154987
0.6875	0.958333	0.00147407
0.708333	0.958333	0.00139245
0.729167	0.958333	0.00130588
0.75	0.958333	0.00121517
0.770833	0.958333	0.00112108
0.791667	0.958333	0.00102431
0.8125	0.958333	0.00092545
0.833333	0.958333	0.000825015
0.854167	0.958333	0.000723427
0.875	0.958333	0.000621022
0.895833	0.958333	0.000518062
0.916667	0.958333	0.000414739
0.9375	0.958333	0.000311193
0.958333	0.958333	0.000207517
0.979167	0.958333	0.000103773
1	0.958333	0
0	0.979167	0
0.0208333	0.979167	5.01735e-05
0.0416667	0.979167	0.000100362
0.0625	0.979167	0.000150573
0.0833333	0.979167	0.000200803
0.104167	0.979167	0.000251031
0.125	0.979167	0.000301209
0.145833	0.979167	0.000351259
0.166667	0.979167	0.000401068
0.1875	0.979167	0.000450479
0.208333	0.979167	0.000499292
0.229167	0.979167	0.000547256
0.25	0.979167	0.000594074
0.270833	0.979167	0.000639404
0.291667	0.979167	0.000682863
0.3125	0.979167	0.000724037
0.333333	0.979167	0.000762494
0.354167	0.979167	0.000797796
0.375	0.979167	0.000829516
0.395833	0.979167	0.00085725
0.416667	0.979167	0.000880633
0.4375	0.979167	0.00089935
0.458333	0.979167	0.000913142
0.479167	0.979167	0.00092182
0.5	0.979167	0.00092526
0.520833	0.979167	0.000923415
0.541667	0.979167	0.000916309
0.5625	0.979167	0.000904039
0.583333	0.979167	0.000886774
0.604167	0.979167	0.000864746
0.625	0.979167	0.00083825
0.645833	0.979167	0.00080763
0.666667	0.979167	0.00077327
0.6875	0.979167	0.00073558
0.708333	0.979167	0.000694983
0.729167	0.979167	0.000651899
0.75	0.979167	0.000606733
0.770833	0.979167	0.00055986
0.791667	0.979167	0.000511623
0.8125	0.979167	0.000462321
0.833333	0.979167	0.000412209
0.854167	0.979167	0.0003615
0.875	0.979167	0.000310364
0.895833	0.979167	0.000258933
0.916667	0.979167	0.000207308
0.9375	0.979167	0.00015556
0.958333	0.979167	0.000103739
0.979167	0.979167	5.18779e-05
1	0.979167	0
0	1	0
0.0208333	1	0
0.0416667	1	0
0.0625	1	0
0.0833333	1	0
0.104167	1	0
0.125	1	0
0.145833	1	0
0.166667	1	0
0.1875	1	0
0.208333	1	0
0.229167	1	0
0.25	1	0
0.270833	1	0
0.291667	1	0
0.3125	1	0
0.333333	1	0
0.354167	1	0
0.375	1	0
0.395833	1	0
0.416667	1	0
0.4375	1	0
0.458333	1	0
0.479167	1	0
0.5	1	0
0.520833	1	0
0.541667	1	0
0.5625	1	0
0.583333	1	0
0.604167	1	0
0.625	1	0
0.645833	1	0
0.666667	1	0
0.6875	1	0
0.708333	1	0
0.729167	1	0
0.75	1	0
0.770833	1	0
0.791667	1	0
0.8125	1	0
0.833333	1	0
0.854167	1	0
0.875	1	0
0.895833	1	0
0.916667	1	0
0.9375	1	0
0.958333	1	0
0.979167	1	0
1	1	0
