0	0	0
0.0208333	0	0
0.0416667	0	0
0.0625	0	0
0.0833333	0	0
0.104167	0	0
0.125	0	0
0.145833	0	0
0.166667	0	0
0.1875	0	0
0.208333	0	0
0.229167	0	0
0.25	0	0
0.270833	0	0
0.291667	0	0
0.3125	0	0
0.333333	0	0
0.354167	0	0
0.375	0	0
0.395833	0	0
0.416667	0	0
0.4375	0	0
0.458333	0	0
0.479167	0	0
0.5	0	0
0.520833	0	0
0.541667	0	0
0.5625	0	0
0.583333	0	0
0.604167	0	0
0.625	0	0
0.645833	0	0
0.666667	0	0
0.6875	0	0
0.708333	0	0
0.729167	0	0
0.75	0	0
0.770833	0	0
0.791667	0	0
0.8125	0	0
0.833333	0	0
0.854167	0	0
0.875	0	0
0.895833	0	0
0.916667	0	0
0.9375	0	0
0.958333	0	0
0.979167	0	0
1	0	0
0	0.0208333	0
0.0208333	0.0208333	6.58481e-05
0.0416667	0.0208333	0.00013208
0.0625	0.0208333	0.000199075
0.0833333	0.0208333	0.00026721
0.104167	0.0208333	0.000336848
0.125	0.0208333	0.000408332
0.145833	0.0208333	0.000481967
0.166667	0.0208333	0.000557998
0.1875	0.0208333	0.000636568
0.208333	0.0208333	0.000717671
0.229167	0.0208333	0.000801077
0.25	0.0208333	0.000886253
0.270833	0.0208333	0.000972268
0.291667	0.0208333	0.00105773
0.3125	0.0208333	0.00114077
0.333333	0.0208333	0.00121916
0.354167	0.0208333	0.00129056
0.375	0.0208333	0.00135288
0.395833	0.0208333	0.0014045
0.416667	0.0208333	0.00144448
0.4375	0.0208333	0.00147262
0.458333	0.0208333	0.00148944
0.479167	0.0208333	0.00149617
0.5	0.0208333	0.00149467
0.520833	0.0208333	0.00148719
0.541667	0.0208333	0.00147606
0.5625	0.0208333	0.00146331
0.583333	0.0208333	0.00145028
0.604167	0.0208333	0.00143745
0.625	0.0208333	0.0014244
0.645833	0.0208333	0.00140981
0.666667	0.0208333	0.0013917
0.6875	0.0208333	0.00136775
0.708333	0.0208333	0.00133571
0.729167	0.0208333	0.0012937
0.75	0.0208333	0.00124045
0.770833	0.0208333	0.00117533
0.791667	0.0208333	0.00109846
0.8125	0.0208333	0.00101063
0.833333	0.0208333	0.000913274
0.854167	0.0208333	0.000808299
0.875	0.0208333	0.000697806
0.895833	0.0208333	0.000583765
0.916667	0.0208333	0.000467763
0.9375	0.0208333	0.000350911
0.958333	0.0208333	0.000233857
0.979167	0.0208333	0.000116878
1	0.0208333	0
0	0.0416667	0
0.0208333	0.0416667	0.000131319
0.0416667	0.0416667	0.000263408
0.0625	0.0416667	0.00039703
0.0833333	0.0416667	0.000532941
0.104167	0.0416667	0.00067188
0.125	0.0416667	0.000814547
0.145833	0.0416667	0.00096158
0.166667	0.0416667	0.0011135
0.1875	0.0416667	0.00127066
0.208333	0.0416667	0.00143309
0.229167	0.0416667	0.00160045
0.25	0.0416667	0.00177173
0.270833	0.0416667	0.00194516
0.291667	0.0416667	0.00211795
0.3125	0.0416667	0.00228625
0.333333	0.0416667	0.00244537
0.354167	0.0416667	0.0025903
0.375	0.0416667	0.00271654
0.395833	0.0416667	0.00282072
0.416667	0.0416667	0.0029009
0.4375	0.0416667	0.00295664
0.458333	0.0416667	0.00298904
0.479167	0.0416667	0.00300067
0.5	0.0416667	0.0029954
0.520833	0.0416667	0.0029781
0.541667	0.0416667	0.00295384
0.5625	0.0416667	0.00292698
0.583333	0.0416667	0.00290043
0.604167	0.0416667	0.00287522
0.625	0.0416667	0.00285042
0.645833	0.0416667	0.00282321
0.666667	0.0416667	0.00278931
0.6875	0.0416667	0.00274367
0.708333	0.0416667	0.00268145
0.729167	0.0416667	0.00259872
0.75	0.0416667	0.00249281
0.770833	0.0416667	0.00236248
0.791667	0.0416667	0.00220793
0.8125	0.0416667	0.00203083
0.833333	0.0416667	0.00183421
0.854167	0.0416667	0.00162215
0.875	0.0416667	0.00139919
0.895833	0.0416667	0.00116952
0.916667	0.0416667	0.000936399
0.9375	0.0416667	0.000702041
0.958333	0.0416667	0.000467649
0.979167	0.0416667	0.000233661
1	0.0416667	0
0	0.0625	0
0.0208333	0.0625	0.000196034
0.0416667	0.0625	0.000393226
0.0625	0.0625	0.000592729
0.0833333	0.0625	0.00079569
0.104167	0.0625	0.00100324
0.125	0.0625	0.00121646
0.145833	0.0625	0.00143638
0.166667	0.0625	0.00166386
0.1875	0.0625	0.00189955
0.208333	0.0625	0.0021437
0.229167	0.0625	0.00239599
0.25	0.0625	0.00265518
0.270833	0.0625	0.00291882
0.291667	0.0625	0.00318278
0.3125	0.0625	0.00344106
0.333333	0.0625	0.00368592
0.354167	0.0625	0.00390887
0.375	0.0625	0.00410242
0.395833	0.0625	0.00426111
0.416667	0.0625	0.00438191
0.4375	0.0625	0.00446417
0.458333	0.0625	0.00450959
0.479167	0.0625	0.00452221
0.5	0.0625	0.00450834
0.520833	0.0625	0.00447614
0.541667	0.0625	0.00443438
0.5625	0.0625	0.00439051
0.583333	0.0625	0.00434939
0.604167	0.0625	0.00431274
0.625	0.0625	0.004279
0.645833	0.0625	0.00424346
0.666667	0.0625	0.0041988
0.6875	0.0625	0.0041363
0.708333	0.0625	0.00404784
0.729167	0.0625	0.00392704
0.75	0.0625	0.00376971
0.770833	0.0625	0.00357394
0.791667	0.0625	0.00334004
0.8125	0.0625	0.00307064
0.833333	0.0625	0.00277066
0.854167	0.0625	0.00244698
0.875	0.0625	0.00210736
0.895833	0.0625	0.00175876
0.916667	0.0625	0.00140632
0.9375	0.0625	0.00105323
0.958333	0.0625	0.000701058
0.979167	0.0625	0.000350126
1	0.0625	0
0	0.0833333	0
0.0208333	0.0833333	0.000259609
0.0416667	0.0833333	0.000520767
0.0625	0.0833333	0.00078502
0.0833333	0.0833333	0.00105392
0.104167	0.0833333	0.001329
0.125	0.0833333	0.00161178
0.145833	0.0833333	0.00190372
0.166667	0.0833333	0.00220613
0.1875	0.0833333	0.00252012
0.208333	0.0833333	0.00284633
0.229167	0.0833333	0.00318478
0.25	0.0833333	0.00353437
0.270833	0.0833333	0.00389233
0.291667	0.0833333	0.00425349
0.3125	0.0833333	0.0046095
0.333333	0.0833333	0.00494859
0.354167	0.0833333	0.00525707
0.375	0.0833333	0.00552336
0.395833	0.0833333	0.00573962
0.416667	0.0833333	0.0059017
0.4375	0.0833333	0.00600878
0.458333	0.0833333	0.00606318
0.479167	0.0833333	0.00607048
0.5	0.0833333	0.00603986
0.520833	0.0833333	0.00598398
0.541667	0.0833333	0.00591726
0.5625	0.0833333	0.00585153
0.583333	0.0833333	0.00579412
0.604167	0.0833333	0.00574757
0.625	0.0833333	0.00570959
0.645833	0.0833333	0.00567305
0.666667	0.0833333	0.00562632
0.6875	0.0833333	0.0055551
0.708333	0.0833333	0.00544676
0.729167	0.0833333	0.00529205
0.75	0.0833333	0.00508523
0.770833	0.0833333	0.00482368
0.791667	0.0833333	0.0045078
0.8125	0.0833333	0.00414117
0.833333	0.0833333	0.00373094
0.854167	0.0833333	0.00328784
0.875	0.0833333	0.0028246
0.895833	0.0833333	0.00235191
0.916667	0.0833333	0.00187693
0.9375	0.0833333	0.00140356
0.958333	0.0833333	0.000933252
0.979167	0.0833333	0.000465798
1	0.0833333	0
0	0.104167	0
0.0208333	0.104167	0.00032166
0.0416667	0.104167	0.000645257
0.0625	0.104167	0.000972733
0.0833333	0.104167	0.00130604
0.104167	0.104167	0.00164716
0.125	0.104167	0.00199807
0.145833	0.104167	0.00236072
0.166667	0.104167	0.002737
0.1875	0.104167	0.00312862
0.208333	0.104167	0.00353693
0.229167	0.104167	0.00396266
0.25	0.104167	0.00440541
0.270833	0.104167	0.00486288
0.291667	0.104167	0.0053296
0.3125	0.104167	0.00579512
0.333333	0.104167	0.00624215
0.354167	0.104167	0.00664773
0.375	0.104167	0.00699463
0.395833	0.104167	0.0072726
0.416667	0.104167	0.00747678
0.4375	0.104167	0.00760638
0.458333	0.104167	0.00766418
0.479167	0.104167	0.00765698
0.5	0.104167	0.00759693
0.520833	0.104167	0.00750297
0.541667	0.104167	0.00739948
0.5625	0.104167	0.00730452
0.583333	0.104167	0.00722829
0.604167	0.104167	0.00717411
0.625	0.104167	0.00713902
0.645833	0.104167	0.00711312
0.666667	0.104167	0.0070786
0.6875	0.104167	0.00701128
0.708333	0.104167	0.00689228
0.729167	0.104167	0.00670942
0.75	0.104167	0.00645569
0.770833	0.104167	0.00612796
0.791667	0.104167	0.0057265
0.8125	0.104167	0.00525547
0.833333	0.104167	0.00472423
0.854167	0.104167	0.00414897
0.875	0.104167	0.00355142
0.895833	0.104167	0.00294746
0.916667	0.104167	0.00234601
0.9375	0.104167	0.00175089
0.958333	0.104167	0.00116263
0.979167	0.104167	0.00057983
1	0.104167	0
0	0.125	0
0.0208333	0.125	0.000381804
0.0416667	0.125	0.000765924
0.0625	0.125	0.00115469
0.0833333	0.125	0.00155047
0.104167	0.125	0.00195567
0.125	0.125	0.00237277
0.145833	0.125	0.00280428
0.166667	0.125	0.00325274
0.1875	0.125	0.00372065
0.208333	0.125	0.00421035
0.229167	0.125	0.00472376
0.25	0.125	0.005262
0.270833	0.125	0.00582447
0.291667	0.125	0.00640724
0.3125	0.125	0.00699956
0.333333	0.125	0.00757748
0.354167	0.125	0.00809742
0.375	0.125	0.0085352
0.395833	0.125	0.00887973
0.416667	0.125	0.00912681
0.4375	0.125	0.00927616
0.458333	0.125	0.00933056
0.479167	0.125	0.00929673
0.5	0.125	0.00918829
0.520833	0.125	0.0090319
0.541667	0.125	0.00887353
0.5625	0.125	0.00873915
0.583333	0.125	0.00864077
0.604167	0.125	0.00858195
0.625	0.125	0.0085596
0.645833	0.125	0.00856215
0.666667	0.125	0.008564
0.6875	0.125	0.00851945
0.708333	0.125	0.00840198
0.729167	0.125	0.00819793
0.75	0.125	0.00790041
0.770833	0.125	0.00750621
0.791667	0.125	0.00701501
0.8125	0.125	0.00643017
0.833333	0.125	0.00576173
0.854167	0.125	0.00503257
0.875	0.125	0.00428478
0.895833	0.125	0.0035406
0.916667	0.125	0.00280886
0.9375	0.125	0.00209141
0.958333	0.125	0.00138659
0.979167	0.125	0.000690915
1	0.125	0
0	0.145833	0
0.0208333	0.145833	0.000439667
0.0416667	0.145833	0.000882011
0.0625	0.145833	0.00132973
0.0833333	0.145833	0.00178559
0.104167	0.145833	0.00225244
0.125	0.145833	0.00273323
0.145833	0.145833	0.00323109
0.166667	0.145833	0.00374926
0.1875	0.145833	0.00429116
0.208333	0.145833	0.00486033
0.229167	0.145833	0.00546035
0.25	0.145833	0.00609467
0.270833	0.145833	0.00676612
0.291667	0.145833	0.00747568
0.3125	0.145833	0.00821877
0.333333	0.145833	0.0089712
0.354167	0.145833	0.00962968
0.375	0.145833	0.0101694
0.395833	0.145833	0.0105847
0.416667	0.145833	0.010875
0.4375	0.145833	0.0110413
0.458333	0.145833	0.0110856
0.479167	0.145833	0.0110116
0.5	0.145833	0.010828
0.520833	0.145833	0.0105633
0.541667	0.145833	0.010324
0.5625	0.145833	0.0101382
0.583333	0.145833	0.0100141
0.604167	0.145833	0.00995376
0.625	0.145833	0.00995569
0.645833	0.145833	0.0100123
0.666667	0.145833	0.0100962
0.6875	0.145833	0.0101009
0.708333	0.145833	0.00999859
0.729167	0.145833	0.00978027
0.75	0.145833	0.00944212
0.770833	0.145833	0.00898175
0.791667	0.145833	0.00839742
0.8125	0.145833	0.00768873
0.833333	0.145833	0.00686016
0.854167	0.145833	0.00593499
0.875	0.145833	0.0050147
0.895833	0.145833	0.00412145
0.916667	0.145833	0.00325753
0.9375	0.145833	0.0024194
0.958333	0.145833	0.00160146
0.979167	0.145833	0.000797262
1	0.145833	0
0	0.166667	0
0.0208333	0.166667	0.000494894
0.0416667	0.166667	0.000992795
0.0625	0.166667	0.00149674
0.0833333	0.166667	0.00200987
0.104167	0.166667	0.00253542
0.125	0.166667	0.00307685
0.145833	0.166667	0.00363782
0.166667	0.166667	0.00422231
0.1875	0.166667	0.00483469
0.208333	0.166667	0.00547978
0.229167	0.166667	0.006163
0.25	0.166667	0.00689061
0.270833	0.166667	0.00767004
0.291667	0.166667	0.00851102
0.3125	0.166667	0.0094291
0.333333	0.166667	0.0104593
0.354167	0.166667	0.0112811
0.375	0.166667	0.0119286
0.395833	0.166667	0.0124153
0.416667	0.166667	0.0127477
0.4375	0.166667	0.012929
0.458333	0.166667	0.0129596
0.479167	0.166667	0.0128363
0.5	0.166667	0.0125496
0.520833	0.166667	0.0120696
0.541667	0.166667	0.0117216
0.5625	0.166667	0.0114762
0.583333	0.166667	0.0113242
0.604167	0.166667	0.0112638
0.625	0.166667	0.0112976
0.645833	0.166667	0.0114356
0.666667	0.166667	0.011708
0.6875	0.166667	0.0117899
0.708333	0.166667	0.0117116
0.729167	0.166667	0.0114828
0.75	0.166667	0.0111064
0.770833	0.166667	0.0105816
0.791667	0.166667	0.00990451
0.8125	0.166667	0.00906744
0.833333	0.166667	0.00805545
0.854167	0.166667	0.00683275
0.875	0.166667	0.00571777
0.895833	0.166667	0.00467312
0.916667	0.166667	0.00368054
0.9375	0.166667	0.0027273
0.958333	0.166667	0.00180265
0.979167	0.166667	0.000896701
1	0.166667	0
0	0.1875	0
0.0208333	0.1875	0.00054716
0.0416667	0.1875	0.00109761
0.0625	0.1875	0.0016547
0.0833333	0.1875	0.00222188
0.104167	0.1875	0.00280274
0.125	0.1875	0.00340116
0.145833	0.1875	0.0040213
0.166667	0.1875	0.0046678
0.1875	0.1875	0.00534585
0.208333	0.1875	0.00606145
0.229167	0.1875	0.00682167
0.25	0.1875	0.00763515
0.270833	0.1875	0.00851286
0.291667	0.1875	0.00946973
0.3125	0.1875	0.0105278
0.333333	0.1875	0.0117223
0.354167	0.1875	0.0126735
0.375	0.1875	0.0134152
0.395833	0.1875	0.0139666
0.416667	0.1875	0.0143381
0.4375	0.1875	0.0145341
0.458333	0.1875	0.0145539
0.479167	0.1875	0.0143912
0.5	0.1875	0.0140309
0.520833	0.1875	0.0134444
0.541667	0.1875	0.0130172
0.5625	0.1875	0.0127213
0.583333	0.1875	0.0125434
0.604167	0.1875	0.01248
0.625	0.1875	0.0125359
0.645833	0.1875	0.012725
0.666667	0.1875	0.0130766
0.6875	0.1875	0.0132057
0.708333	0.1875	0.0131416
0.729167	0.1875	0.0128994
0.75	0.1875	0.0124855
0.770833	0.1875	0.0119001
0.791667	0.1875	0.0111379
0.8125	0.1875	0.0101874
0.833333	0.1875	0.00902769
0.854167	0.1875	0.00762303
0.875	0.1875	0.00635074
0.895833	0.1875	0.00517289
0.916667	0.1875	0.00406434
0.9375	0.1875	0.00300672
0.958333	0.1875	0.00198521
0.979167	0.1875	0.00098692
1	0.1875	0
0	0.208333	0
0.0208333	0.208333	0.000596181
0.0416667	0.208333	0.00119589
0.0625	0.208333	0.00180272
0.0833333	0.208333	0.00242037
0.104167	0.208333	0.00305273
0.125	0.208333	0.00370399
0.145833	0.208333	0.00437873
0.166667	0.208333	0.00508206
0.1875	0.208333	0.00581983
0.208333	0.208333	0.00659891
0.229167	0.208333	0.00742754
0.25	0.208333	0.00831592
0.270833	0.208333	0.00927702
0.291667	0.208333	0.0103278
0.3125	0.208333	0.0114906
0.333333	0.208333	0.0127951
0.354167	0.208333	0.0138418
0.375	0.208333	0.0146586
0.395833	0.208333	0.0152644
0.416667	0.208333	0.0156705
0.4375	0.208333	0.0158819
0.458333	0.208333	0.0158975
0.479167	0.208333	0.0157101
0.5	0.208333	0.0153052
0.520833	0.208333	0.0146606
0.541667	0.208333	0.0141823
0.5625	0.208333	0.0138489
0.583333	0.208333	0.0136485
0.604167	0.208333	0.0135778
0.625	0.208333	0.0136414
0.645833	0.208333	0.0138527
0.666667	0.208333	0.0142343
0.6875	0.208333	0.014381
0.708333	0.208333	0.0143161
0.729167	0.208333	0.0140541
0.75	0.208333	0.0136025
0.770833	0.208333	0.0129617
0.791667	0.208333	0.012126
0.8125	0.208333	0.0110828
0.833333	0.208333	0.00981121
0.854167	0.208333	0.00828122
0.875	0.208333	0.00688952
0.895833	0.208333	0.00560356
0.916667	0.208333	0.00439737
0.9375	0.208333	0.00325016
0.958333	0.208333	0.00214463
0.979167	0.208333	0.0010658
1	0.208333	0
0	0.229167	0
0.0208333	0.229167	0.000641726
0.0416667	0.229167	0.00128716
0.0625	0.229167	0.00194007
0.0833333	0.229167	0.00260433
0.104167	0.229167	0.00328406
0.125	0.229167	0.00398363
0.145833	0.229167	0.00470789
0.166667	0.229167	0.00546224
0.1875	0.229167	0.00625292
0.208333	0.229167	0.00708725
0.229167	0.229167	0.00797412
0.25	0.229167	0.00892449
0.270833	0.229167	0.00995209
0.291667	0.229167	0.0110742
0.3125	0.229167	0.0123125
0.333333	0.229167	0.0136923
0.354167	0.229167	0.0148068
0.375	0.229167	0.0156796
0.395833	0.229167	0.0163284
0.416667	0.229167	0.0167643
0.4375	0.229167	0.0169921
0.458333	0.229167	0.0170108
0.479167	0.229167	0.0168131
0.5	0.229167	0.0163859
0.520833	0.229167	0.0157113
0.541667	0.229167	0.015203
0.5625	0.229167	0.0148443
0.583333	0.229167	0.0146248
0.604167	0.229167	0.0145418
0.625	0.229167	0.0145998
0.645833	0.229167	0.0148108
0.666667	0.229167	0.0151933
0.6875	0.229167	0.0153347
0.708333	0.229167	0.0152541
0.729167	0.229167	0.0149651
0.75	0.229167	0.014475
0.770833	0.229167	0.0137846
0.791667	0.229167	0.0128881
0.8125	0.229167	0.0117729
0.833333	0.229167	0.0104194
0.854167	0.229167	0.00880143
0.875	0.229167	0.00732283
0.895833	0.229167	0.00595468
0.916667	0.229167	0.00467161
0.9375	0.229167	0.00345202
0.958333	0.229167	0.00227745
0.979167	0.229167	0.00113169
1	0.229167	0
0	0.25	0
0.0208333	0.25	0.000683622
0.0416667	0.25	0.00137107
0.0625	0.25	0.00206621
0.0833333	0.25	0.00277305
0.104167	0.25	0.00349579
0.125	0.25	0.0042389
0.145833	0.25	0.00500731
0.166667	0.25	0.0058065
0.1875	0.25	0.00664278
0.208333	0.25	0.00752354
0.229167	0.25	0.00845774
0.25	0.25	0.00945638
0.270833	0.25	0.0105332
0.291667	0.25	0.0117053
0.3125	0.25	0.0129934
0.333333	0.25	0.0144214
0.354167	0.25	0.0155801
0.375	0.25	0.0164914
0.395833	0.25	0.0171721
0.416667	0.25	0.0176329
0.4375	0.25	0.0178784
0.458333	0.25	0.0179072
0.479167	0.25	0.0177122
0.5	0.25	0.0172809
0.520833	0.25	0.0165965
0.541667	0.25	0.016075
0.5625	0.25	0.0157011
0.583333	0.25	0.0154654
0.604167	0.25	0.0153654
0.625	0.25	0.0154058
0.645833	0.25	0.0155983
0.666667	0.25	0.0159601
0.6875	0.25	0.016077
0.708333	0.25	0.0159671
0.729167	0.25	0.0156437
0.75	0.25	0.0151144
0.770833	0.25	0.0143801
0.791667	0.25	0.0134354
0.8125	0.25	0.0122678
0.833333	0.25	0.0108585
0.854167	0.25	0.00918256
0.875	0.25	0.00764596
0.895833	0.25	0.00622097
0.916667	0.25	0.00488256
0.9375	0.25	0.00360901
0.958333	0.25	0.00238153
0.979167	0.25	0.00118357
1	0.25	0
0	0.270833	0
0.0208333	0.270833	0.000721757
0.0416667	0.270833	0.00144739
0.0625	0.270833	0.00218083
0.0833333	0.270833	0.0029261
0.104167	0.270833	0.00368741
0.125	0.270833	0.00446921
0.145833	0.270833	0.00527633
0.166667	0.270833	0.00611411
0.1875	0.270833	0.00698861
0.208333	0.270833	0.00790691
0.229167	0.270833	0.00887746
0.25	0.270833	0.0099107
0.270833	0.270833	0.0110197
0.291667	0.270833	0.0122209
0.3125	0.270833	0.013535
0.333333	0.270833	0.0149865
0.354167	0.270833	0.0161675
0.375	0.270833	0.0171006
0.395833	0.270833	0.0178025
0.416667	0.270833	0.0182836
0.4375	0.270833	0.018548
0.458333	0.270833	0.0185941
0.479167	0.270833	0.0184144
0.5	0.270833	0.0179956
0.520833	0.270833	0.0173196
0.541667	0.270833	0.0168001
0.5625	0.270833	0.0164206
0.583333	0.270833	0.0161712
0.604167	0.270833	0.0160494
0.625	0.270833	0.0160605
0.645833	0.270833	0.0162171
0.666667	0.270833	0.0165384
0.6875	0.270833	0.0166127
0.708333	0.270833	0.0164601
0.729167	0.270833	0.0160949
0.75	0.270833	0.0155252
0.770833	0.270833	0.0147526
0.791667	0.270833	0.0137719
0.8125	0.270833	0.0125709
0.833333	0.270833	0.0111305
0.854167	0.270833	0.00942472
0.875	0.270833	0.0078578
0.895833	0.270833	0.00640092
0.916667	0.270833	0.00502885
0.9375	0.270833	0.00372008
0.958333	0.270833	0.0024562
0.979167	0.270833	0.00122109
1	0.270833	0
0	0.291667	0
0.0208333	0.291667	0.00075608
0.0416667	0.291667	0.00151604
0.0625	0.291667	0.00228381
0.0833333	0.291667	0.00306336
0.104167	0.291667	0.00385883
0.125	0.291667	0.00467454
0.145833	0.291667	0.00551509
0.166667	0.291667	0.00638545
0.1875	0.291667	0.00729116
0.208333	0.291667	0.00823856
0.229167	0.291667	0.00923509
0.25	0.291667	0.0102899
0.270833	0.291667	0.0114146
0.291667	0.291667	0.0126244
0.3125	0.291667	0.01394
0.333333	0.291667	0.0153889
0.354167	0.291667	0.0165695
0.375	0.291667	0.0175077
0.395833	0.291667	0.0182205
0.416667	0.291667	0.0187177
0.4375	0.291667	0.0190028
0.458333	0.291667	0.0190738
0.479167	0.291667	0.0189226
0.5	0.291667	0.0185345
0.520833	0.291667	0.017887
0.541667	0.291667	0.0173861
0.5625	0.291667	0.0170109
0.583333	0.291667	0.0167502
0.604167	0.291667	0.0166014
0.625	0.291667	0.0165704
0.645833	0.291667	0.0166721
0.666667	0.291667	0.0169304
0.6875	0.291667	0.0169422
0.708333	0.291667	0.0167322
0.729167	0.291667	0.0163171
0.75	0.291667	0.0157056
0.770833	0.291667	0.0148998
0.791667	0.291667	0.0138951
0.8125	0.291667	0.0126799
0.833333	0.291667	0.0112341
0.854167	0.291667	0.00952843
0.875	0.291667	0.0079599
0.895833	0.291667	0.00649635
0.916667	0.291667	0.00511205
0.9375	0.291667	0.0037864
0.958333	0.291667	0.00250223
0.979167	0.291667	0.00124463
1	0.291667	0
0	0.3125	0
0.0208333	0.3125	0.00078659
0.0416667	0.3125	0.00157703
0.0625	0.3125	0.00237518
0.0833333	0.3125	0.00318495
0.104167	0.3125	0.00401033
0.125	0.3125	0.00485541
0.145833	0.3125	0.00572445
0.166667	0.3125	0.0066219
0.1875	0.3125	0.00755256
0.208333	0.3125	0.00852164
0.229167	0.3125	0.00953508
0.25	0.3125	0.0105999
0.270833	0.3125	0.011725
0.291667	0.3125	0.0129229
0.3125	0.3125	0.0142126
0.333333	0.3125	0.0156262
0.354167	0.3125	0.0167808
0.375	0.3125	0.017707
0.395833	0.3125	0.018421
0.416667	0.3125	0.0189308
0.4375	0.3125	0.0192387
0.458333	0.3125	0.0193425
0.479167	0.3125	0.0192347
0.5	0.3125	0.0188998
0.520833	0.3125	0.0183087
0.541667	0.3125	0.0178472
0.5625	0.3125	0.0174877
0.583333	0.3125	0.0172182
0.604167	0.3125	0.0170363
0.625	0.3125	0.0169485
0.645833	0.3125	0.0169712
0.666667	0.3125	0.0171358
0.6875	0.3125	0.0170601
0.708333	0.3125	0.0167764
0.729167	0.3125	0.0163023
0.75	0.3125	0.0156468
0.770833	0.3125	0.0148123
0.791667	0.3125	0.0137954
0.8125	0.3125	0.0125859
0.833333	0.3125	0.0111642
0.854167	0.3125	0.00949536
0.875	0.3125	0.00795737
0.895833	0.3125	0.0065128
0.916667	0.3125	0.00513685
0.9375	0.3125	0.0038114
0.958333	0.3125	0.00252178
0.979167	0.3125	0.00125524
1	0.3125	0
0	0.333333	0
0.0208333	0.333333	0.000813325
0.0416667	0.333333	0.00163044
0.0625	0.333333	0.00245513
0.0833333	0.333333	0.0032912
0.104167	0.333333	0.00414245
0.125	0.333333	0.00501271
0.145833	0.333333	0.00590583
0.166667	0.333333	0.00682566
0.1875	0.333333	0.00777607
0.208333	0.333333	0.00876098
0.229167	0.333333	0.00978433
0.25	0.333333	0.0108503
0.270833	0.333333	0.0119635
0.291667	0.333333	0.0131303
0.3125	0.333333	0.0143621
0.333333	0.333333	0.0156895
0.354167	0.333333	0.0167874
0.375	0.333333	0.0176853
0.395833	0.333333	0.0183926
0.416667	0.333333	0.0189126
0.4375	0.333333	0.0192455
0.458333	0.333333	0.0193897
0.479167	0.333333	0.0193408
0.5	0.333333	0.0190881
0.520833	0.333333	0.0186017
0.541667	0.333333	0.0182071
0.5625	0.333333	0.0178756
0.583333	0.333333	0.0175993
0.604167	0.333333	0.0173781
0.625	0.333333	0.0172171
0.645833	0.333333	0.0171293
0.666667	0.333333	0.0171481
0.6875	0.333333	0.0169528
0.708333	0.333333	0.0165775
0.729167	0.333333	0.0160357
0.75	0.333333	0.0153338
0.770833	0.333333	0.014474
0.791667	0.333333	0.0134549
0.8125	0.333333	0.0122706
0.833333	0.333333	0.0109079
0.854167	0.333333	0.00933182
0.875	0.333333	0.00786179
0.895833	0.333333	0.00646092
0.916667	0.333333	0.00511138
0.9375	0.333333	0.00380073
0.958333	0.333333	0.00251839
0.979167	0.333333	0.0012546
1	0.333333	0
0	0.354167	0
0.0208333	0.354167	0.000836347
0.0416667	0.354167	0.00167642
0.0625	0.354167	0.00252392
0.0833333	0.354167	0.00338254
0.104167	0.354167	0.00425589
0.125	0.354167	0.00514755
0.145833	0.354167	0.00606095
0.166667	0.354167	0.00699934
0.1875	0.354167	0.00796567
0.208333	0.354167	0.00896249
0.229167	0.354167	0.00999166
0.25	0.354167	0.0110541
0.270833	0.354167	0.0121491
0.291667	0.354167	0.0132734
0.3125	0.354167	0.0144168
0.333333	0.354167	0.0155492
0.354167	0.354167	0.0165608
0.375	0.354167	0.017421
0.395833	0.354167	0.0181185
0.416667	0.354167	0.0186484
0.4375	0.354167	0.0190081
0.458333	0.354167	0.0191972
0.479167	0.354167	0.0192175
0.5	0.354167	0.0190771
0.520833	0.354167	0.0188039
0.541667	0.354167	0.018505
0.5625	0.354167	0.0182093
0.583333	0.354167	0.0179263
0.604167	0.354167	0.0176606
0.625	0.354167	0.0174136
0.645833	0.354167	0.0171815
0.666667	0.354167	0.0169415
0.6875	0.354167	0.0165925
0.708333	0.354167	0.0161118
0.729167	0.354167	0.0154958
0.75	0.354167	0.0147452
0.770833	0.354167	0.0138615
0.791667	0.354167	0.012846
0.8125	0.354167	0.0117005
0.833333	0.354167	0.0104312
0.854167	0.354167	0.00906273
0.875	0.354167	0.0076974
0.895833	0.354167	0.00635801
0.916667	0.354167	0.00504727
0.9375	0.354167	0.00376193
0.958333	0.354167	0.00249657
0.979167	0.354167	0.00124484
1	0.354167	0
0	0.375	0
0.0208333	0.375	0.000855723
0.0416667	0.375	0.00171512
0.0625	0.375	0.00258182
0.0833333	0.375	0.00345941
0.104167	0.375	0.00435138
0.125	0.375	0.00526106
0.145833	0.375	0.00619156
0.166667	0.375	0.0071456
0.1875	0.375	0.00812539
0.208333	0.375	0.00913229
0.229167	0.375	0.0101664
0.25	0.375	0.011226
0.270833	0.375	0.0123064
0.291667	0.375	0.0133981
0.3125	0.375	0.0144835
0.333333	0.375	0.0155304
0.354167	0.375	0.0164868
0.375	0.375	0.0173204
0.395833	0.375	0.0180131
0.416667	0.375	0.0185553
0.4375	0.375	0.0189424
0.458333	0.375	0.0191743
0.479167	0.375	0.019256
0.5	0.375	0.0192
0.520833	0.375	0.0190329
0.541667	0.375	0.0188009
0.5625	0.375	0.0185311
0.583333	0.375	0.0182372
0.604167	0.375	0.0179253
0.625	0.375	0.017596
0.645833	0.375	0.0172424
0.666667	0.375	0.0168449
0.6875	0.375	0.0163645
0.708333	0.375	0.0157823
0.729167	0.375	0.0150913
0.75	0.375	0.0142905
0.770833	0.375	0.0133816
0.791667	0.375	0.0123676
0.8125	0.375	0.0112546
0.833333	0.375	0.0100543
0.854167	0.375	0.00879092
0.875	0.375	0.00750747
0.895833	0.375	0.00622676
0.916667	0.375	0.00495802
0.9375	0.375	0.00370335
0.958333	0.375	0.00246122
0.979167	0.375	0.00122823
1	0.375	0
0	0.395833	0
0.0208333	0.395833	0.00087151
0.0416667	0.395833	0.00174666
0.0625	0.395833	0.00262905
0.0833333	0.395833	0.0035222
0.104167	0.395833	0.00442951
0.125	0.395833	0.00535419
0.145833	0.395833	0.0062991
0.166667	0.395833	0.00726668
0.1875	0.395833	0.00825861
0.208333	0.395833	0.00927552
0.229167	0.395833	0.0103164
0.25	0.395833	0.011378
0.270833	0.395833	0.0124532
0.291667	0.395833	0.0135301
0.3125	0.395833	0.0145894
0.333333	0.395833	0.0156031
0.354167	0.395833	0.0165364
0.375	0.395833	0.0173615
0.395833	0.395833	0.0180593
0.416667	0.395833	0.0186182
0.4375	0.395833	0.0190328
0.458333	0.395833	0.0193028
0.479167	0.395833	0.0194332
0.5	0.395833	0.0194352
0.520833	0.395833	0.0193277
0.541667	0.395833	0.0191356
0.5625	0.395833	0.018878
0.583333	0.395833	0.0185669
0.604167	0.395833	0.0182085
0.625	0.395833	0.0178037
0.645833	0.395833	0.0173483
0.666667	0.395833	0.0168319
0.6875	0.395833	0.0162395
0.708333	0.395833	0.0155623
0.729167	0.395833	0.0147973
0.75	0.395833	0.0139448
0.770833	0.395833	0.0130074
0.791667	0.395833	0.011989
0.8125	0.395833	0.0108965
0.833333	0.395833	0.00974093
0.854167	0.395833	0.00853967
0.875	0.395833	0.00731519
0.895833	0.395833	0.00608387
0.916667	0.395833	0.00485496
0.9375	0.395833	0.00363242
0.958333	0.395833	0.00241688
0.979167	0.395833	0.00120692
1	0.395833	0
0	0.416667	0
0.0208333	0.416667	0.00088374
0.0416667	0.416667	0.00177112
0.0625	0.416667	0.00266575
0.0833333	0.416667	0.00357113
0.104167	0.416667	0.00449066
0.125	0.416667	0.0054275
0.145833	0.416667	0.00638449
0.166667	0.416667	0.00736395
0.1875	0.416667	0.00836746
0.208333	0.416667	0.00939543
0.229167	0.416667	0.0104465
0.25	0.416667	0.011517
0.270833	0.416667	0.0125992
0.291667	0.416667	0.0136806
0.3125	0.416667	0.014742
0.333333	0.416667	0.015757
0.354167	0.416667	0.0166954
0.375	0.416667	0.0175311
0.395833	0.416667	0.0182454
0.416667	0.416667	0.0188266
0.4375	0.416667	0.019269
0.458333	0.416667	0.019572
0.479167	0.416667	0.0197398
0.5	0.416667	0.019781
0.520833	0.416667	0.0197083
0.541667	0.416667	0.0195368
0.5625	0.416667	0.0192794
0.583333	0.416667	0.0189451
0.604167	0.416667	0.0185391
0.625	0.416667	0.0180631
0.645833	0.416667	0.0175162
0.666667	0.416667	0.0168958
0.6875	0.416667	0.0162001
0.708333	0.416667	0.015431
0.729167	0.416667	0.0145915
0.75	0.416667	0.0136849
0.770833	0.416667	0.0127148
0.791667	0.416667	0.0116852
0.8125	0.416667	0.010602
0.833333	0.416667	0.00947381
0.854167	0.416667	0.0083121
0.875	0.416667	0.00713014
0.895833	0.416667	0.00593892
0.916667	0.416667	0.00474578
0.9375	0.416667	0.00355469
0.958333	0.416667	0.00236707
0.979167	0.416667	0.00118263
1	0.416667	0
0	0.4375	0
0.0208333	0.4375	0.000892412
0.0416667	0.4375	0.0017885
0.0625	0.4375	0.00269192
0.0833333	0.4375	0.00360622
0.104167	0.4375	0.00453486
0.125	0.4375	0.0054811
0.145833	0.4375	0.0064479
0.166667	0.4375	0.00743776
0.1875	0.4375	0.0084525
0.208333	0.4375	0.00949287
0.229167	0.4375	0.0105581
0.25	0.4375	0.011645
0.270833	0.4375	0.0127469
0.291667	0.4375	0.0138521
0.3125	0.4375	0.0149418
0.333333	0.4375	0.0159884
0.354167	0.4375	0.016958
0.375	0.4375	0.0178231
0.395833	0.4375	0.0185656
0.416667	0.4375	0.0191748
0.4375	0.4375	0.0196456
0.458333	0.4375	0.0199776
0.479167	0.4375	0.0201742
0.5	0.4375	0.0202417
0.520833	0.4375	0.0201888
0.541667	0.4375	0.020025
0.5625	0.4375	0.0197588
0.583333	0.4375	0.0193962
0.604167	0.4375	0.0189408
0.625	0.4375	0.0183945
0.645833	0.4375	0.0177584
0.666667	0.4375	0.0170359
0.6875	0.4375	0.0162352
0.708333	0.4375	0.0153708
0.729167	0.4375	0.0144535
0.75	0.4375	0.0134894
0.770833	0.4375	0.0124824
0.791667	0.4375	0.0114356
0.8125	0.4375	0.0103532
0.833333	0.4375	0.00924071
0.854167	0.4375	0.00810526
0.875	0.4375	0.00695476
0.895833	0.4375	0.00579624
0.916667	0.4375	0.00463483
0.9375	0.4375	0.0034737
0.958333	0.4375	0.00231423
0.979167	0.4375	0.00115657
1	0.4375	0
0	0.458333	0
0.0208333	0.458333	0.000897489
0.0416667	0.458333	0.00179873
0.0625	0.458333	0.00270743
0.0833333	0.458333	0.00362728
0.104167	0.458333	0.00456184
0.125	0.458333	0.00551459
0.145833	0.458333	0.00648877
0.166667	0.458333	0.00748728
0.1875	0.458333	0.00851254
0.208333	0.458333	0.00956619
0.229167	0.458333	0.0106487
0.25	0.458333	0.0117587
0.270833	0.458333	0.0128921
0.291667	0.458333	0.01404
0.3125	0.458333	0.0151856
0.333333	0.458333	0.0162979
0.354167	0.458333	0.0173259
0.375	0.458333	0.0182389
0.395833	0.458333	0.0190204
0.416667	0.458333	0.0196624
0.4375	0.458333	0.020162
0.458333	0.458333	0.0205198
0.479167	0.458333	0.0207388
0.5	0.458333	0.020824
0.520833	0.458333	0.0207813
0.541667	0.458333	0.0206168
0.5625	0.458333	0.0203356
0.583333	0.458333	0.019941
0.604167	0.458333	0.0194345
0.625	0.458333	0.0188166
0.645833	0.458333	0.0180882
0.666667	0.458333	0.017255
0.6875	0.458333	0.0163348
0.708333	0.458333	0.0153646
0.729167	0.458333	0.0143632
0.75	0.458333	0.0133376
0.770833	0.458333	0.0122904
0.791667	0.458333	0.0112224
0.8125	0.458333	0.0101351
0.833333	0.458333	0.00903111
0.854167	0.458333	0.00791393
0.875	0.458333	0.00678782
0.895833	0.458333	0.00565677
0.916667	0.458333	0.0045239
0.9375	0.458333	0.00339123
0.958333	0.458333	0.00225972
0.979167	0.458333	0.00112947
1	0.458333	0
0	0.479167	0
0.0208333	0.479167	0.000898905
0.0416667	0.479167	0.00180165
0.0625	0.479167	0.00271205
0.0833333	0.479167	0.00363392
0.104167	0.479167	0.00457103
0.125	0.479167	0.00552711
0.145833	0.479167	0.00650581
0.166667	0.479167	0.00751063
0.1875	0.479167	0.00854485
0.208333	0.479167	0.00961136
0.229167	0.479167	0.0107126
0.25	0.479167	0.0118499
0.270833	0.479167	0.0130237
0.291667	0.479167	0.0142312
0.3125	0.479167	0.0154638
0.333333	0.479167	0.0166927
0.354167	0.479167	0.01781
0.375	0.479167	0.0187872
0.395833	0.479167	0.0196157
0.416667	0.479167	0.0202935
0.4375	0.479167	0.0208213
0.458333	0.479167	0.0212018
0.479167	0.479167	0.0214384
0.5	0.479167	0.0215353
0.520833	0.479167	0.0214968
0.541667	0.479167	0.0213265
0.5625	0.479167	0.0210269
0.583333	0.479167	0.0205988
0.604167	0.479167	0.0200408
0.625	0.479167	0.0193501
0.645833	0.479167	0.0185237
0.666667	0.479167	0.0175623
0.6875	0.479167	0.0164852
0.708333	0.479167	0.0153905
0.729167	0.479167	0.0142977
0.75	0.479167	0.0132084
0.770833	0.479167	0.0121198
0.791667	0.479167	0.0110291
0.8125	0.479167	0.00993444
0.833333	0.479167	0.00883521
0.854167	0.479167	0.00773203
0.875	0.479167	0.00662625
0.895833	0.479167	0.00551947
0.916667	0.479167	0.00441304
0.9375	0.479167	0.00330781
0.958333	0.479167	0.00220408
0.979167	0.479167	0.00110167
1	0.479167	0
0	0.5	0
0.0208333	0.5	0.000896571
0.0416667	0.5	0.00179707
0.0625	0.5	0.00270544
0.0833333	0.5	0.00362562
0.104167	0.5	0.00456162
0.125	0.5	0.00551747
0.145833	0.5	0.00649727
0.166667	0.5	0.00750519
0.1875	0.5	0.0085455
0.208333	0.5	0.00962257
0.229167	0.5	0.010741
0.25	0.5	0.0119057
0.270833	0.5	0.0131223
0.291667	0.5	0.0143982
0.3125	0.5	0.0157466
0.333333	0.5	0.0171999
0.354167	0.5	0.0184353
0.375	0.5	0.0194852
0.395833	0.5	0.0203628
0.416667	0.5	0.0210756
0.4375	0.5	0.0216292
0.458333	0.5	0.0220288
0.479167	0.5	0.0222788
0.5	0.5	0.0223832
0.520833	0.5	0.0223451
0.541667	0.5	0.0221666
0.5625	0.5	0.021848
0.583333	0.5	0.0213875
0.604167	0.5	0.0207808
0.625	0.5	0.0200205
0.645833	0.5	0.0190952
0.666667	0.5	0.0179863
0.6875	0.5	0.0166544
0.708333	0.5	0.0154152
0.729167	0.5	0.0142297
0.75	0.5	0.0130792
0.770833	0.5	0.0119521
0.791667	0.5	0.0108405
0.8125	0.5	0.00973891
0.833333	0.5	0.00864381
0.854167	0.5	0.0075532
0.875	0.5	0.00646611
0.895833	0.5	0.00538218
0.916667	0.5	0.00430125
0.9375	0.5	0.00322308
0.958333	0.5	0.00214727
0.979167	0.5	0.00107318
1	0.5	0
0	0.520833	0
0.0208333	0.520833	0.000890395
0.0416667	0.520833	0.0017848
0.0625	0.520833	0.00268725
0.0833333	0.520833	0.00360183
0.104167	0.520833	0.00453275
0.125	0.520833	0.00548433
0.145833	0.520833	0.00646112
0.166667	0.520833	0.00746794
0.1875	0.520833	0.00851003
0.208333	0.520833	0.00959315
0.229167	0.520833	0.0107239
0.25	0.520833	0.0119103
0.270833	0.520833	0.0131623
0.291667	0.520833	0.0144938
0.3125	0.520833	0.0159256
0.333333	0.520833	0.0174921
0.354167	0.520833	0.018813
0.375	0.520833	0.0199227
0.395833	0.520833	0.0208418
0.416667	0.520833	0.0215838
0.4375	0.520833	0.0221584
0.458333	0.520833	0.0225726
0.479167	0.520833	0.022832
0.5	0.520833	0.0229406
0.520833	0.520833	0.0229009
0.541667	0.520833	0.0227138
0.5625	0.520833	0.022378
0.583333	0.520833	0.0218896
0.604167	0.520833	0.0212415
0.625	0.520833	0.0204229
0.645833	0.520833	0.0194174
0.666667	0.520833	0.0182
0.6875	0.520833	0.0167317
0.708333	0.520833	0.0153873
0.729167	0.520833	0.0141275
0.75	0.520833	0.0129273
0.770833	0.520833	0.0117697
0.791667	0.520833	0.0106426
0.8125	0.520833	0.0095375
0.833333	0.520833	0.00844848
0.854167	0.520833	0.00737133
0.875	0.520833	0.00630323
0.895833	0.520833	0.00524225
0.916667	0.520833	0.00418697
0.9375	0.520833	0.00313621
0.958333	0.520833	0.00208887
0.979167	0.520833	0.00104385
1	0.520833	0
0	0.541667	0
0.0208333	0.541667	0.000880295
0.0416667	0.541667	0.00176465
0.0625	0.541667	0.00265716
0.0833333	0.541667	0.00356203
0.104167	0.541667	0.00448359
0.125	0.541667	0.00542643
0.145833	0.541667	0.00639545
0.166667	0.541667	0.00739603
0.1875	0.541667	0.00843417
0.208333	0.541667	0.00951678
0.229167	0.541667	0.0106521
0.25	0.541667	0.0118502
0.270833	0.541667	0.0131238
0.291667	0.541667	0.0144898
0.3125	0.541667	0.0159708
0.333333	0.541667	0.0175967
0.354167	0.541667	0.0189691
0.375	0.541667	0.0201178
0.395833	0.541667	0.0210649
0.416667	0.541667	0.0218267
0.4375	0.541667	0.0224149
0.458333	0.541667	0.0228382
0.479167	0.541667	0.023103
0.5	0.541667	0.0232134
0.520833	0.541667	0.0231713
0.541667	0.541667	0.0229769
0.5625	0.541667	0.0226277
0.583333	0.541667	0.0221182
0.604167	0.541667	0.0214398
0.625	0.541667	0.0205793
0.645833	0.541667	0.0195184
0.666667	0.541667	0.0182318
0.6875	0.541667	0.016686
0.708333	0.541667	0.0152755
0.729167	0.541667	0.0139667
0.75	0.541667	0.0127337
0.770833	0.541667	0.0115574
0.791667	0.541667	0.0104232
0.8125	0.541667	0.00932068
0.833333	0.541667	0.00824183
0.854167	0.541667	0.0071809
0.875	0.541667	0.00613366
0.895833	0.541667	0.00509698
0.916667	0.541667	0.00406845
0.9375	0.541667	0.00304612
0.958333	0.541667	0.00202829
0.979167	0.541667	0.00101342
1	0.541667	0
0	0.5625	0
0.0208333	0.5625	0.000866221
0.0416667	0.5625	0.00173651
0.0625	0.5625	0.00261496
0.0833333	0.5625	0.00350583
0.104167	0.5625	0.00441353
0.125	0.5625	0.00534279
0.145833	0.5625	0.00629875
0.166667	0.5625	0.00728713
0.1875	0.5625	0.00831447
0.208333	0.5625	0.00938842
0.229167	0.5625	0.0105182
0.25	0.5625	0.0117152
0.270833	0.5625	0.0129938
0.291667	0.5625	0.0143719
0.3125	0.5625	0.0158721
0.333333	0.5625	0.0175217
0.354167	0.5625	0.0189158
0.375	0.5625	0.0200814
0.395833	0.5625	0.0210405
0.416667	0.5625	0.0218101
0.4375	0.5625	0.0224033
0.458333	0.5625	0.0228296
0.479167	0.5625	0.0230956
0.5	0.5625	0.0232056
0.520833	0.5625	0.0231612
0.541667	0.5625	0.022962
0.5625	0.5625	0.0226047
0.583333	0.5625	0.022083
0.604167	0.5625	0.0213871
0.625	0.5625	0.0205031
0.645833	0.5625	0.0194121
0.666667	0.5625	0.0180895
0.6875	0.5625	0.0165059
0.708333	0.5625	0.015063
0.729167	0.5625	0.0137308
0.75	0.5625	0.0124843
0.770833	0.5625	0.0113036
0.791667	0.5625	0.010173
0.8125	0.5625	0.00908078
0.833333	0.5625	0.0080178
0.854167	0.5625	0.00697725
0.875	0.5625	0.00595394
0.895833	0.5625	0.0049439
0.916667	0.5625	0.00394401
0.9375	0.5625	0.00295172
0.958333	0.5625	0.00196489
0.979167	0.5625	0.000981581
1	0.5625	0
0	0.583333	0
0.0208333	0.583333	0.00084817
0.0416667	0.583333	0.00170035
0.0625	0.583333	0.00256059
0.0833333	0.583333	0.0034331
0.104167	0.583333	0.00432229
0.125	0.583333	0.0052329
0.145833	0.583333	0.00617014
0.166667	0.583333	0.00713986
0.1875	0.583333	0.0081488
0.208333	0.583333	0.00920492
0.229167	0.583333	0.0103179
0.25	0.583333	0.0114996
0.270833	0.583333	0.012765
0.291667	0.583333	0.0141326
0.3125	0.583333	0.0156252
0.333333	0.583333	0.017269
0.354167	0.583333	0.0186582
0.375	0.583333	0.0198186
0.395833	0.583333	0.0207724
0.416667	0.583333	0.021537
0.4375	0.583333	0.0221257
0.458333	0.583333	0.0225483
0.479167	0.583333	0.0228114
0.5	0.583333	0.0229192
0.520833	0.583333	0.0228731
0.541667	0.583333	0.0226723
0.5625	0.583333	0.0223131
0.583333	0.583333	0.0217889
0.604167	0.583333	0.0210896
0.625	0.583333	0.020201
0.645833	0.583333	0.0191042
0.666667	0.583333	0.0177753
0.6875	0.583333	0.0161861
0.708333	0.583333	0.0147406
0.729167	0.583333	0.01341
0.75	0.583333	0.01217
0.770833	0.583333	0.0110003
0.791667	0.583333	0.00988516
0.8125	0.583333	0.00881221
0.833333	0.583333	0.00777189
0.854167	0.583333	0.00675684
0.875	0.583333	0.00576137
0.895833	0.583333	0.00478102
0.916667	0.583333	0.00381223
0.9375	0.583333	0.00285208
0.958333	0.583333	0.0018981
0.979167	0.583333	0.000948079
1	0.583333	0
0	0.604167	0
0.0208333	0.604167	0.000826196
0.0416667	0.604167	0.00165628
0.0625	0.604167	0.00249418
0.0833333	0.604167	0.00334399
0.104167	0.604167	0.00421
0.125	0.604167	0.00509682
0.145833	0.604167	0.00600956
0.166667	0.604167	0.00695394
0.1875	0.604167	0.00793656
0.208333	0.604167	0.00896526
0.229167	0.604167	0.0100495
0.25	0.604167	0.0112011
0.270833	0.604167	0.0124348
0.291667	0.604167	0.0137693
0.3125	0.604167	0.0152278
0.333333	0.604167	0.0168381
0.354167	0.604167	0.0181962
0.375	0.604167	0.0193295
0.395833	0.604167	0.0202606
0.416667	0.604167	0.0210069
0.4375	0.604167	0.0215814
0.458333	0.604167	0.0219935
0.479167	0.604167	0.0222497
0.5	0.604167	0.0223537
0.520833	0.604167	0.0223068
0.541667	0.604167	0.0221079
0.5625	0.604167	0.0217535
0.583333	0.604167	0.0212369
0.604167	0.604167	0.0205484
0.625	0.604167	0.0196741
0.645833	0.604167	0.0185954
0.666667	0.604167	0.0172883
0.6875	0.604167	0.0157237
0.708333	0.604167	0.0143039
0.729167	0.604167	0.0129996
0.75	0.604167	0.0117859
0.770833	0.604167	0.0106432
0.791667	0.604167	0.00955578
0.8125	0.604167	0.0085116
0.833333	0.604167	0.00750124
0.854167	0.604167	0.00651733
0.875	0.604167	0.00555409
0.895833	0.604167	0.00460691
0.916667	0.604167	0.00367207
0.9375	0.604167	0.00274647
0.958333	0.604167	0.00182746
0.979167	0.604167	0.000912697
1	0.604167	0
0	0.625	0
0.0208333	0.625	0.000800421
0.0416667	0.625	0.00160454
0.0625	0.625	0.0024161
0.0833333	0.625	0.00323897
0.104167	0.625	0.00407724
0.125	0.625	0.00493526
0.145833	0.625	0.00581783
0.166667	0.625	0.00673032
0.1875	0.625	0.00767886
0.208333	0.625	0.0086707
0.229167	0.625	0.00971458
0.25	0.625	0.0108213
0.270833	0.625	0.0120047
0.291667	0.625	0.0132828
0.3125	0.625	0.0146795
0.333333	0.625	0.0162262
0.354167	0.625	0.0175259
0.375	0.625	0.0186096
0.395833	0.625	0.0195006
0.416667	0.625	0.0202155
0.4375	0.625	0.0207664
0.458333	0.625	0.0211617
0.479167	0.625	0.0214072
0.5	0.625	0.0215061
0.520833	0.625	0.0214595
0.541667	0.625	0.0212662
0.5625	0.625	0.020923
0.583333	0.625	0.0204239
0.604167	0.625	0.0197601
0.625	0.625	0.0189186
0.645833	0.625	0.0178819
0.666667	0.625	0.0166255
0.6875	0.625	0.0151173
0.708333	0.625	0.0137527
0.729167	0.625	0.0124993
0.75	0.625	0.0113318
0.770833	0.625	0.0102314
0.791667	0.625	0.0091838
0.8125	0.625	0.00817776
0.833333	0.625	0.00720465
0.854167	0.625	0.0062576
0.875	0.625	0.00533113
0.895833	0.625	0.0044208
0.916667	0.625	0.00352294
0.9375	0.625	0.00263447
0.958333	0.625	0.00175272
0.979167	0.625	0.000875302
1	0.625	0
0	0.645833	0
0.0208333	0.645833	0.000771029
0.0416667	0.645833	0.00154551
0.0625	0.645833	0.00232692
0.0833333	0.645833	0.00311886
0.104167	0.645833	0.00392507
0.125	0.645833	0.00474957
0.145833	0.645833	0.00559668
0.166667	0.645833	0.00647117
0.1875	0.645833	0.00737846
0.208333	0.645833	0.00832476
0.229167	0.645833	0.00931746
0.25	0.645833	0.0103656
0.270833	0.645833	0.0114807
0.291667	0.645833	0.0126786
0.3125	0.645833	0.0139821
0.333333	0.645833	0.0154281
0.354167	0.645833	0.0166385
0.375	0.645833	0.0176495
0.395833	0.645833	0.0184836
0.416667	0.645833	0.0191551
0.4375	0.645833	0.0196739
0.458333	0.645833	0.0200469
0.479167	0.645833	0.0202784
0.5	0.645833	0.0203711
0.520833	0.645833	0.0203258
0.541667	0.645833	0.0201414
0.5625	0.645833	0.0198153
0.583333	0.645833	0.0193427
0.604167	0.645833	0.0187162
0.625	0.645833	0.0179254
0.645833	0.645833	0.0169549
0.666667	0.645833	0.0157816
0.6875	0.645833	0.0143681
0.708333	0.645833	0.0130913
0.729167	0.645833	0.0119137
0.75	0.645833	0.0108113
0.770833	0.645833	0.00976765
0.791667	0.645833	0.00877083
0.8125	0.645833	0.00781157
0.833333	0.645833	0.00688251
0.854167	0.645833	0.00597774
0.875	0.645833	0.00509242
0.895833	0.645833	0.00422253
0.916667	0.645833	0.00336467
0.9375	0.645833	0.00251594
0.958333	0.645833	0.00167377
0.979167	0.645833	0.000835845
1	0.645833	0
0	0.666667	0
0.0208333	0.666667	0.000738269
0.0416667	0.666667	0.00147969
0.0625	0.666667	0.00222742
0.0833333	0.666667	0.00298473
0.104167	0.666667	0.00375497
0.125	0.666667	0.00454168
0.145833	0.666667	0.00534859
0.166667	0.666667	0.00617977
0.1875	0.666667	0.00703962
0.208333	0.666667	0.00793305
0.229167	0.666667	0.00886558
0.25	0.666667	0.00984362
0.270833	0.666667	0.0108748
0.291667	0.666667	0.0119694
0.3125	0.666667	0.0131433
0.333333	0.666667	0.0144324
0.354167	0.666667	0.0155173
0.375	0.666667	0.0164334
0.395833	0.666667	0.0171961
0.416667	0.666667	0.0178143
0.4375	0.666667	0.0182943
0.458333	0.666667	0.0186403
0.479167	0.666667	0.0188554
0.5	0.666667	0.0189411
0.520833	0.666667	0.018898
0.541667	0.666667	0.0187254
0.5625	0.666667	0.0184212
0.583333	0.666667	0.0179822
0.604167	0.666667	0.0174036
0.625	0.666667	0.0166787
0.645833	0.666667	0.0157977
0.666667	0.666667	0.0147445
0.6875	0.666667	0.0134829
0.708333	0.666667	0.0123315
0.729167	0.666667	0.0112537
0.75	0.666667	0.0102326
0.770833	0.666667	0.00925771
0.791667	0.666667	0.00832093
0.8125	0.666667	0.00741571
0.833333	0.666667	0.00653657
0.854167	0.666667	0.00567887
0.875	0.666667	0.00483866
0.895833	0.666667	0.00401254
0.916667	0.666667	0.00319753
0.9375	0.666667	0.00239103
0.958333	0.666667	0.00159069
0.979167	0.666667	0.000794364
1	0.666667	0
0	0.6875	0
0.0208333	0.6875	0.000702436
0.0416667	0.6875	0.00140768
0.0625	0.6875	0.00211857
0.0833333	0.6875	0.00283794
0.104167	0.6875	0.00356874
0.125	0.6875	0.00431395
0.145833	0.6875	0.0050767
0.166667	0.6875	0.00586019
0.1875	0.6875	0.00666776
0.208333	0.6875	0.00750284
0.229167	0.6875	0.00836887
0.25	0.6875	0.00926916
0.270833	0.6875	0.0102064
0.291667	0.6875	0.0111816
0.3125	0.6875	0.0121901
0.333333	0.6875	0.0132078
0.354167	0.6875	0.0141317
0.375	0.6875	0.0149375
0.395833	0.6875	0.0156199
0.416667	0.6875	0.0161788
0.4375	0.6875	0.0166156
0.458333	0.6875	0.0169318
0.479167	0.6875	0.0171286
0.5	0.6875	0.0172069
0.520833	0.6875	0.0171668
0.541667	0.6875	0.0170078
0.5625	0.6875	0.0167289
0.583333	0.6875	0.0163283
0.604167	0.6875	0.0158043
0.625	0.6875	0.0151549
0.645833	0.6875	0.0143795
0.666667	0.6875	0.0134828
0.6875	0.6875	0.0124885
0.708333	0.6875	0.0114989
0.729167	0.6875	0.0105376
0.75	0.6875	0.00960848
0.770833	0.6875	0.0087103
0.791667	0.6875	0.00784004
0.8125	0.6875	0.00699429
0.833333	0.6875	0.00616966
0.854167	0.6875	0.00536294
0.875	0.6875	0.00457118
0.895833	0.6875	0.00379172
0.916667	0.6875	0.00302211
0.9375	0.6875	0.00226014
0.958333	0.6875	0.00150373
0.979167	0.6875	0.000750967
1	0.6875	0
0	0.708333	0
0.0208333	0.708333	0.000663865
0.0416667	0.708333	0.00133018
0.0625	0.708333	0.00200141
0.0833333	0.708333	0.00267999
0.104167	0.708333	0.00336839
0.125	0.708333	0.00406908
0.145833	0.708333	0.00478449
0.166667	0.708333	0.00551702
0.1875	0.708333	0.00626893
0.208333	0.708333	0.00704225
0.229167	0.708333	0.00783853
0.25	0.708333	0.00865841
0.270833	0.708333	0.0095008
0.291667	0.708333	0.0103612
0.3125	0.708333	0.0112284
0.333333	0.708333	0.0120777
0.354167	0.708333	0.0128652
0.375	0.708333	0.0135659
0.395833	0.708333	0.014168
0.416667	0.708333	0.0146663
0.4375	0.708333	0.0150584
0.458333	0.708333	0.0153435
0.479167	0.708333	0.0155214
0.5	0.708333	0.015592
0.520833	0.708333	0.0155553
0.541667	0.708333	0.0154111
0.5625	0.708333	0.015159
0.583333	0.708333	0.0147989
0.604167	0.708333	0.0143312
0.625	0.708333	0.0137578
0.645833	0.708333	0.0130834
0.666667	0.708333	0.0123194
0.6875	0.708333	0.01149
0.708333	0.708333	0.0106388
0.729167	0.708333	0.00978991
0.75	0.708333	0.0089541
0.770833	0.708333	0.00813557
0.791667	0.708333	0.0073352
0.8125	0.708333	0.00655227
0.833333	0.708333	0.00578529
0.854167	0.708333	0.00503243
0.875	0.708333	0.00429176
0.895833	0.708333	0.00356134
0.916667	0.708333	0.0028393
0.9375	0.708333	0.00212384
0.958333	0.708333	0.00141323
0.979167	0.708333	0.000705826
1	0.708333	0
0	0.729167	0
0.0208333	0.729167	0.000622908
0.0416667	0.729167	0.00124791
0.0625	0.729167	0.00187708
0.0833333	0.729167	0.00251246
0.104167	0.729167	0.00315607
0.125	0.729167	0.00380983
0.145833	0.729167	0.00447557
0.166667	0.729167	0.00515492
0.1875	0.729167	0.0058492
0.208333	0.729167	0.00655927
0.229167	0.729167	0.00728519
0.25	0.729167	0.00802579
0.270833	0.729167	0.00877785
0.291667	0.729167	0.00953485
0.3125	0.729167	0.0102852
0.333333	0.729167	0.0110104
0.354167	0.729167	0.0116862
0.375	0.729167	0.0122937
0.395833	0.729167	0.012821
0.416667	0.729167	0.0132608
0.4375	0.729167	0.013609
0.458333	0.729167	0.0138633
0.479167	0.729167	0.0140223
0.5	0.729167	0.0140854
0.520833	0.729167	0.0140524
0.541667	0.729167	0.0139231
0.5625	0.729167	0.0136979
0.583333	0.729167	0.0133779
0.604167	0.729167	0.0129648
0.625	0.729167	0.0124625
0.645833	0.729167	0.0118778
0.666667	0.729167	0.0112222
0.6875	0.729167	0.0105141
0.708333	0.729167	0.00977721
0.729167	0.729167	0.00902978
0.75	0.729167	0.00828305
0.770833	0.729167	0.00754325
0.791667	0.729167	0.00681346
0.8125	0.729167	0.00609479
0.833333	0.729167	0.00538724
0.854167	0.729167	0.00469012
0.875	0.729167	0.00400241
0.895833	0.729167	0.00332286
0.916667	0.729167	0.00265012
0.9375	0.729167	0.00198285
0.958333	0.729167	0.00131964
0.979167	0.729167	0.000659149
1	0.729167	0
0	0.75	0
0.0208333	0.75	0.000579923
0.0416667	0.75	0.00116159
0.0625	0.75	0.00174671
0.0833333	0.75	0.00233694
0.104167	0.75	0.00293387
0.125	0.75	0.00353895
0.145833	0.75	0.00415344
0.166667	0.75	0.00477832
0.1875	0.75	0.00541417
0.208333	0.75	0.00606095
0.229167	0.75	0.00671774
0.25	0.75	0.00738232
0.270833	0.75	0.00805058
0.291667	0.75	0.00871581
0.3125	0.75	0.00936794
0.333333	0.75	0.00999329
0.354167	0.75	0.0105761
0.375	0.75	0.0111026
0.395833	0.75	0.0115622
0.416667	0.75	0.0119478
0.4375	0.75	0.0122544
0.458333	0.75	0.0124791
0.479167	0.75	0.0126199
0.5	0.75	0.0126759
0.520833	0.75	0.0126464
0.541667	0.75	0.0125318
0.5625	0.75	0.0123326
0.583333	0.75	0.0120506
0.604167	0.75	0.0116884
0.625	0.75	0.0112505
0.645833	0.75	0.0107438
0.666667	0.75	0.0101783
0.6875	0.75	0.00956749
0.708333	0.75	0.00892681
0.729167	0.75	0.00826959
0.75	0.75	0.00760565
0.770833	0.75	0.00694148
0.791667	0.75	0.00628109
0.8125	0.75	0.00562665
0.833333	0.75	0.00497915
0.854167	0.75	0.00433878
0.875	0.75	0.00370521
0.895833	0.75	0.0030778
0.916667	0.75	0.0024557
0.9375	0.75	0.00183793
0.958333	0.75	0.00122345
0.979167	0.75	0.000611173
1	0.75	0
0	0.770833	0
0.0208333	0.770833	0.000535257
0.0416667	0.770833	0.00107193
0.0625	0.770833	0.00161139
0.0833333	0.770833	0.00215494
0.104167	0.770833	0.00270379
0.125	0.770833	0.00325897
0.145833	0.770833	0.00382127
0.166667	0.770833	0.00439116
0.1875	0.770833	0.00496866
0.208333	0.770833	0.00555312
0.229167	0.770833	0.00614305
0.25	0.770833	0.00673574
0.270833	0.770833	0.00732695
0.291667	0.770833	0.00791052
0.3125	0.770833	0.0084781
0.333333	0.770833	0.00901939
0.354167	0.770833	0.00952317
0.375	0.770833	0.00997899
0.395833	0.770833	0.0103783
0.416667	0.770833	0.0107144
0.4375	0.770833	0.0109826
0.458333	0.770833	0.0111796
0.479167	0.770833	0.0113033
0.5	0.770833	0.0113524
0.520833	0.770833	0.0113265
0.541667	0.770833	0.0112257
0.5625	0.770833	0.011051
0.583333	0.770833	0.0108043
0.604167	0.770833	0.0104885
0.625	0.770833	0.010108
0.645833	0.770833	0.00966923
0.666667	0.770833	0.00918032
0.6875	0.770833	0.00865146
0.708333	0.770833	0.00809358
0.729167	0.770833	0.00751672
0.75	0.770833	0.00692901
0.770833	0.770833	0.00633646
0.791667	0.770833	0.00574323
0.8125	0.770833	0.00515199
0.833333	0.770833	0.00456431
0.854167	0.770833	0.00398096
0.875	0.770833	0.00340215
0.895833	0.770833	0.00282769
0.916667	0.770833	0.00225714
0.9375	0.770833	0.00168987
0.958333	0.770833	0.00112514
0.979167	0.770833	0.000562136
1	0.770833	0
0	0.791667	0
0.0208333	0.791667	0.000489234
0.0416667	0.791667	0.000979585
0.0625	0.791667	0.00147213
0.0833333	0.791667	0.00196785
0.104167	0.791667	0.00246763
0.125	0.791667	0.00297215
0.145833	0.791667	0.00348184
0.166667	0.791667	0.00399678
0.1875	0.791667	0.0045166
0.208333	0.791667	0.00504029
0.229167	0.791667	0.00556608
0.25	0.791667	0.00609117
0.270833	0.791667	0.00661154
0.291667	0.791667	0.00712181
0.3125	0.791667	0.00761516
0.333333	0.791667	0.00808365
0.354167	0.791667	0.00851884
0.375	0.791667	0.00891267
0.395833	0.791667	0.00925815
0.416667	0.791667	0.00954959
0.4375	0.791667	0.00978265
0.458333	0.791667	0.00995416
0.479167	0.791667	0.010062
0.5	0.791667	0.0101048
0.520833	0.791667	0.0100822
0.541667	0.791667	0.00999429
0.5625	0.791667	0.0098422
0.583333	0.791667	0.00962776
0.604167	0.791667	0.00935388
0.625	0.791667	0.00902463
0.645833	0.791667	0.00864541
0.666667	0.791667	0.00822296
0.6875	0.791667	0.00776505
0.708333	0.791667	0.0072799
0.729167	0.791667	0.00677524
0.75	0.791667	0.00625772
0.770833	0.791667	0.00573259
0.791667	0.791667	0.00520382
0.8125	0.791667	0.00467417
0.833333	0.791667	0.00414551
0.854167	0.791667	0.00361893
0.875	0.791667	0.00309501
0.895833	0.791667	0.0025739
0.916667	0.791667	0.00205548
0.9375	0.791667	0.0015394
0.958333	0.791667	0.00102519
0.979167	0.791667	0.00051227
1	0.791667	0
0	0.8125	0
0.0208333	0.8125	0.000442146
0.0416667	0.8125	0.00088515
0.0625	0.8125	0.00132982
0.0833333	0.8125	0.0017769
0.104167	0.8125	0.00222697
0.125	0.8125	0.00268044
0.145833	0.8125	0.00313747
0.166667	0.8125	0.00359788
0.1875	0.8125	0.00406105
0.208333	0.8125	0.00452579
0.229167	0.8125	0.00499027
0.25	0.8125	0.00545179
0.270833	0.8125	0.00590676
0.291667	0.8125	0.00635056
0.3125	0.8125	0.00677766
0.333333	0.8125	0.00718181
0.354167	0.8125	0.00755647
0.375	0.8125	0.00789534
0.395833	0.8125	0.00819273
0.416667	0.8125	0.00844387
0.4375	0.8125	0.00864495
0.458333	0.8125	0.00879308
0.479167	0.8125	0.00888628
0.5	0.8125	0.00892332
0.520833	0.8125	0.00890373
0.541667	0.8125	0.00882775
0.5625	0.8125	0.00869636
0.583333	0.8125	0.00851133
0.604167	0.8125	0.00827529
0.625	0.8125	0.00799181
0.645833	0.8125	0.00766544
0.666667	0.8125	0.00730162
0.6875	0.8125	0.00690644
0.708333	0.8125	0.00648626
0.729167	0.8125	0.00604714
0.75	0.8125	0.00559449
0.770833	0.8125	0.00513281
0.791667	0.8125	0.00466568
0.8125	0.8125	0.00419575
0.833333	0.8125	0.00372494
0.854167	0.8125	0.00325453
0.875	0.8125	0.0027853
0.895833	0.8125	0.00231763
0.916667	0.8125	0.00185164
0.9375	0.8125	0.0013872
0.958333	0.8125	0.000924038
0.979167	0.8125	0.000461786
1	0.8125	0
0	0.833333	0
0.0208333	0.833333	0.000394247
0.0416667	0.833333	0.000789133
0.0625	0.833333	0.00118525
0.0833333	0.833333	0.00158311
0.104167	0.833333	0.0019831
0.125	0.833333	0.00238541
0.145833	0.833333	0.00279001
0.166667	0.833333	0.00319654
0.1875	0.833333	0.00360426
0.208333	0.833333	0.00401195
0.229167	0.833333	0.00441782
0.25	0.833333	0.00481943
0.270833	0.833333	0.00521361
0.291667	0.833333	0.00559651
0.3125	0.833333	0.00596363
0.333333	0.833333	0.00631
0.354167	0.833333	0.00663047
0.375	0.833333	0.00692005
0.395833	0.833333	0.00717415
0.416667	0.833333	0.00738881
0.4375	0.833333	0.00756079
0.458333	0.833333	0.00768757
0.479167	0.833333	0.00776737
0.5	0.833333	0.0077991
0.520833	0.833333	0.00778231
0.541667	0.833333	0.00771724
0.5625	0.833333	0.00760478
0.583333	0.833333	0.0074465
0.604167	0.833333	0.0072447
0.625	0.833333	0.00700244
0.645833	0.833333	0.00672346
0.666667	0.833333	0.00641216
0.6875	0.833333	0.00607336
0.708333	0.833333	0.00571204
0.729167	0.833333	0.00533303
0.75	0.833333	0.00494072
0.770833	0.833333	0.0045389
0.791667	0.833333	0.00413069
0.8125	0.833333	0.00371853
0.833333	0.833333	0.00330427
0.854167	0.833333	0.00288921
0.875	0.833333	0.00247424
0.895833	0.833333	0.00205989
0.916667	0.833333	0.0016464
0.9375	0.833333	0.00123382
0.958333	0.833333	0.000822048
0.979167	0.833333	0.00041087
1	0.833333	0
0	0.854167	0
0.0208333	0.854167	0.000345752
0.0416667	0.854167	0.000691964
0.0625	0.854167	0.00103905
0.0833333	0.854167	0.00138736
0.104167	0.854167	0.00173709
0.125	0.854167	0.00208832
0.145833	0.854167	0.00244087
0.166667	0.854167	0.0027943
0.1875	0.854167	0.00314783
0.208333	0.854167	0.00350028
0.229167	0.854167	0.00385002
0.25	0.854167	0.00419487
0.270833	0.854167	0.00453217
0.291667	0.854167	0.0048587
0.3125	0.854167	0.00517082
0.333333	0.854167	0.00546456
0.354167	0.854167	0.00573587
0.375	0.854167	0.00598075
0.395833	0.854167	0.00619553
0.416667	0.854167	0.00637698
0.4375	0.854167	0.00652237
0.458333	0.854167	0.00662959
0.479167	0.854167	0.00669709
0.5	0.854167	0.00672393
0.520833	0.854167	0.00670973
0.541667	0.854167	0.00665467
0.5625	0.854167	0.00655955
0.583333	0.854167	0.00642571
0.604167	0.854167	0.00625511
0.625	0.854167	0.00605028
0.645833	0.854167	0.0058143
0.666667	0.854167	0.00555067
0.6875	0.854167	0.00526324
0.708333	0.854167	0.00495594
0.729167	0.854167	0.00463262
0.75	0.854167	0.00429684
0.770833	0.854167	0.00395174
0.791667	0.854167	0.00359998
0.8125	0.854167	0.00324373
0.833333	0.854167	0.00288467
0.854167	0.854167	0.00252405
0.875	0.854167	0.00216278
0.895833	0.854167	0.00180144
0.916667	0.854167	0.00144037
0.9375	0.854167	0.00107973
0.958333	0.854167	0.000719533
0.979167	0.854167	0.000359674
1	0.854167	0
0	0.875	0
0.0208333	0.875	0.000296835
0.0416667	0.875	0.000593988
0.0625	0.875	0.000891739
0.0833333	0.875	0.0011903
0.104167	0.875	0.00148977
0.125	0.875	0.0017901
0.145833	0.875	0.00209107
0.166667	0.875	0.0023922
0.1875	0.875	0.00269275
0.208333	0.875	0.00299164
0.229167	0.875	0.00328741
0.25	0.875	0.00357824
0.270833	0.875	0.00386187
0.291667	0.875	0.0041357
0.3125	0.875	0.00439679
0.333333	0.875	0.004642
0.354167	0.875	0.00486812
0.375	0.875	0.00507201
0.395833	0.875	0.00525073
0.416667	0.875	0.00540166
0.4375	0.875	0.00552261
0.458333	0.875	0.00561181
0.479167	0.875	0.00566797
0.5	0.875	0.0056903
0.520833	0.875	0.00567847
0.541667	0.875	0.00563266
0.5625	0.875	0.00555351
0.583333	0.875	0.00544216
0.604167	0.875	0.00530022
0.625	0.875	0.00512974
0.645833	0.875	0.0049332
0.666667	0.875	0.00471341
0.6875	0.875	0.00447339
0.708333	0.875	0.00421625
0.729167	0.875	0.00394504
0.75	0.875	0.00366261
0.770833	0.875	0.00337155
0.791667	0.875	0.00307406
0.8125	0.875	0.002772
0.833333	0.875	0.00246685
0.854167	0.875	0.00215976
0.875	0.875	0.00185157
0.895833	0.875	0.00154287
0.916667	0.875	0.00123404
0.9375	0.875	0.000925303
0.958333	0.875	0.000616731
0.979167	0.875	0.000308319
1	0.875	0
0	0.895833	0
0.0208333	0.895833	0.000247632
0.0416667	0.895833	0.000495476
0.0625	0.895833	0.000743707
0.0833333	0.895833	0.000992443
0.104167	0.895833	0.00124171
0.125	0.895833	0.00149142
0.145833	0.895833	0.0017413
0.166667	0.895833	0.00199091
0.1875	0.895833	0.00223958
0.208333	0.895833	0.00248636
0.229167	0.895833	0.00273004
0.25	0.895833	0.00296909
0.270833	0.895833	0.0032017
0.291667	0.895833	0.00342577
0.3125	0.895833	0.00363898
0.333333	0.895833	0.0038389
0.354167	0.895833	0.004023
0.375	0.895833	0.00418884
0.395833	0.895833	0.00433411
0.416667	0.895833	0.00445675
0.4375	0.895833	0.00455501
0.458333	0.895833	0.00462747
0.479167	0.895833	0.0046731
0.5	0.895833	0.00469124
0.520833	0.895833	0.00468163
0.541667	0.895833	0.0046444
0.5625	0.895833	0.00458009
0.583333	0.895833	0.00448961
0.604167	0.895833	0.00437424
0.625	0.895833	0.00423564
0.645833	0.895833	0.00407574
0.666667	0.895833	0.00389675
0.6875	0.895833	0.00370101
0.708333	0.895833	0.00349096
0.729167	0.895833	0.00326898
0.75	0.895833	0.00303732
0.770833	0.895833	0.00279805
0.791667	0.895833	0.00255296
0.8125	0.895833	0.00230358
0.833333	0.895833	0.00205118
0.854167	0.895833	0.00179674
0.875	0.895833	0.00154102
0.895833	0.895833	0.00128456
0.916667	0.895833	0.00102773
0.9375	0.895833	0.000770779
0.958333	0.895833	0.000513818
0.979167	0.895833	0.000256894
1	0.895833	0
0	0.916667	0
0.0208333	0.916667	0.000198247
0.0416667	0.916667	0.000396626
0.0625	0.916667	0.000595242
0.0833333	0.916667	0.000794153
0.104167	0.916667	0.000993341
0.125	0.916667	0.00119269
0.145833	0.916667	0.00139196
0.166667	0.916667	0.00159075
0.1875	0.916667	0.00178849
0.208333	0.916667	0.00198442
0.229167	0.916667	0.00217754
0.25	0.916667	0.00236665
0.270833	0.916667	0.00255033
0.291667	0.916667	0.00272697
0.3125	0.916667	0.00289478
0.333333	0.916667	0.00305191
0.354167	0.916667	0.00319646
0.375	0.916667	0.00332655
0.395833	0.916667	0.00344044
0.416667	0.916667	0.00353656
0.4375	0.916667	0.00361355
0.458333	0.916667	0.00367033
0.479167	0.916667	0.00370607
0.5	0.916667	0.00372028
0.520833	0.916667	0.00371275
0.541667	0.916667	0.00368358
0.5625	0.916667	0.00363318
0.583333	0.916667	0.00356227
0.604167	0.916667	0.00347184
0.625	0.916667	0.00336315
0.645833	0.916667	0.00323768
0.666667	0.916667	0.00309712
0.6875	0.916667	0.00294324
0.708333	0.916667	0.00277788
0.729167	0.916667	0.00260285
0.75	0.916667	0.00241989
0.770833	0.916667	0.00223058
0.791667	0.916667	0.00203635
0.8125	0.916667	0.00183839
0.833333	0.916667	0.00163772
0.854167	0.916667	0.00143516
0.875	0.916667	0.00123133
0.895833	0.916667	0.00102671
0.916667	0.916667	0.000821638
0.9375	0.916667	0.000616325
0.958333	0.916667	0.000410909
0.979167	0.916667	0.000205459
1	0.916667	0
0	0.9375	0
0.0208333	0.9375	0.00014875
0.0416667	0.9375	0.000297579
0.0625	0.9375	0.000446542
0.0833333	0.9375	0.000595662
0.104167	0.9375	0.000744903
0.125	0.9375	0.000894156
0.145833	0.9375	0.00104322
0.166667	0.9375	0.00119177
0.1875	0.9375	0.00133938
0.208333	0.9375	0.00148545
0.229167	0.9375	0.00162923
0.25	0.9375	0.00176984
0.270833	0.9375	0.00190623
0.291667	0.9375	0.00203721
0.3125	0.9375	0.0021615
0.333333	0.9375	0.00227776
0.354167	0.9375	0.00238462
0.375	0.9375	0.00248073
0.395833	0.9375	0.00256482
0.416667	0.9375	0.00263577
0.4375	0.9375	0.00269259
0.458333	0.9375	0.00273449
0.479167	0.9375	0.00276086
0.5	0.9375	0.00277134
0.520833	0.9375	0.00276578
0.541667	0.9375	0.00274425
0.5625	0.9375	0.00270706
0.583333	0.9375	0.00265472
0.604167	0.9375	0.00258795
0.625	0.9375	0.00250768
0.645833	0.9375	0.00241498
0.666667	0.9375	0.00231105
0.6875	0.9375	0.00219717
0.708333	0.9375	0.00207467
0.729167	0.9375	0.00194486
0.75	0.9375	0.001809
0.770833	0.9375	0.00166824
0.791667	0.9375	0.00152362
0.8125	0.9375	0.00137605
0.833333	0.9375	0.00122629
0.854167	0.9375	0.00107496
0.875	0.9375	0.000922544
0.895833	0.9375	0.000769416
0.916667	0.9375	0.000615848
0.9375	0.9375	0.000462025
0.958333	0.9375	0.000308067
0.979167	0.9375	0.000154046
1	0.9375	0
0	0.958333	0
0.0208333	0.958333	9.9192e-05
0.0416667	0.958333	0.000198426
0.0625	0.958333	0.00029773
0.0833333	0.958333	0.000397107
0.104167	0.958333	0.000496524
0.125	0.958333	0.000595897
0.145833	0.958333	0.000695082
0.166667	0.958333	0.000793859
0.1875	0.958333	0.000891926
0.208333	0.958333	0.000988886
0.229167	0.958333	0.00108424
0.25	0.958333	0.0011774
0.270833	0.958333	0.00126768
0.291667	0.958333	0.0013543
0.3125	0.958333	0.00143644
0.333333	0.958333	0.0015132
0.354167	0.958333	0.00158371
0.375	0.958333	0.0016471
0.395833	0.958333	0.00170255
0.416667	0.958333	0.00174932
0.4375	0.958333	0.00178676
0.458333	0.958333	0.00181437
0.479167	0.958333	0.00183175
0.5	0.958333	0.00183865
0.520833	0.958333	0.00183499
0.541667	0.958333	0.0018208
0.5625	0.958333	0.00179629
0.583333	0.958333	0.00176179
0.604167	0.958333	0.00171778
0.625	0.958333	0.00166484
0.645833	0.958333	0.00160369
0.666667	0.958333	0.0015351
0.6875	0.958333	0.0014599
0.708333	0.958333	0.00137894
0.729167	0.958333	0.00129309
0.75	0.958333	0.00120315
0.770833	0.958333	0.00110988
0.791667	0.958333	0.00101397
0.8125	0.958333	0.000916022
0.833333	0.958333	0.000816536
0.854167	0.958333	0.000715932
0.875	0.958333	0.000614542
0.895833	0.958333	0.000512622
0.916667	0.958333	0.000410362
0.9375	0.958333	0.000307896
0.958333	0.958333	0.000205313
0.979167	0.958333	0.000102669
1	0.958333	0
0	0.979167	0
0.0208333	0.979167	4.96025e-05
0.0416667	0.979167	9.92229e-05
0.0625	0.979167	0.000148872
0.0833333	0.979167	0.000198549
0.104167	0.979167	0.000248233
0.125	0.979167	0.00029788
0.145833	0.979167	0.000347415
0.166667	0.979167	0.000396725
0.1875	0.979167	0.000445657
0.208333	0.979167	0.000494011
0.229167	0.979167	0.00054154
0.25	0.979167	0.000587949
0.270833	0.979167	0.000632896
0.291667	0.979167	0.000676
0.3125	0.979167	0.00071685
0.333333	0.979167	0.000755013
0.354167	0.979167	0.000790055
0.375	0.979167	0.000821547
0.395833	0.979167	0.000849089
0.416667	0.979167	0.000872314
0.4375	0.979167	0.000890908
0.458333	0.979167	0.000904615
0.479167	0.979167	0.000913243
0.5	0.979167	0.000916672
0.520833	0.979167	0.000914851
0.541667	0.979167	0.000907806
0.5625	0.979167	0.000895634
0.583333	0.979167	0.000878501
0.604167	0.979167	0.000856642
0.625	0.979167	0.000830349
0.645833	0.979167	0.000799965
0.666667	0.979167	0.000765874
0.6875	0.979167	0.000728485
0.708333	0.979167	0.000688218
0.729167	0.979167	0.000645492
0.75	0.979167	0.000600711
0.770833	0.979167	0.000554249
0.791667	0.979167	0.000506446
0.8125	0.979167	0.0004576
0.833333	0.979167	0.000407963
0.854167	0.979167	0.000357747
0.875	0.979167	0.000307119
0.895833	0.979167	0.00025621
0.916667	0.979167	0.000205117
0.9375	0.979167	0.000153909
0.958333	0.979167	0.000102635
0.979167	0.979167	5.13253e-05
1	0.979167	0
0	1	0
0.0208333	1	0
0.0416667	1	0
0.0625	1	0
0.0833333	1	0
0.104167	1	0
0.125	1	0
0.145833	1	0
0.166667	1	0
0.1875	1	0
0.208333	1	0
0.229167	1	0
0.25	1	0
0.270833	1	0
0.291667	1	0
0.3125	1	0
0.333333	1	0
0.354167	1	0
0.375	1	0
0.395833	1	0
0.416667	1	0
0.4375	1	0
0.458333	1	0
0.479167	1	0
0.5	1	0
0.520833	1	0
0.541667	1	0
0.5625	1	0
0.583333	1	0
0.604167	1	0
0.625	1	0
0.645833	1	0
0.666667	1	0
0.6875	1	0
0.708333	1	0
0.729167	1	0
0.75	1	0
0.770833	1	0
0.791667	1	0
0.8125	1	0
0.833333	1	0
0.854167	1	0
0.875	1	0
0.895833	1	0
0.916667	1	0
0.9375	1	0
0.958333	1	0
0.979167	1	0
1	1	0
