0	0	0
0.0208333	0	0
0.0416667	0	0
0.0625	0	0
0.0833333	0	0
0.104167	0	0
0.125	0	0
0.145833	0	0
0.166667	0	0
0.1875	0	0
0.208333	0	0
0.229167	0	0
0.25	0	0
0.270833	0	0
0.291667	0	0
0.3125	0	0
0.333333	0	0
0.354167	0	0
0.375	0	0
0.395833	0	0
0.416667	0	0
0.4375	0	0
0.458333	0	0
0.479167	0	0
0.5	0	0
0.520833	0	0
0.541667	0	0
0.5625	0	0
0.583333	0	0
0.604167	0	0
0.625	0	0
0.645833	0	0
0.666667	0	0
0.6875	0	0
0.708333	0	0
0.729167	0	0
0.75	0	0
0.770833	0	0
0.791667	0	0
0.8125	0	0
0.833333	0	0
0.854167	0	0
0.875	0	0
0.895833	0	0
0.916667	0	0
0.9375	0	0
0.958333	0	0
0.979167	0	0
1	0	0
0	0.0208333	0
0.0208333	0.0208333	6.58306e-05
0.0416667	0.0208333	0.000132046
0.0625	0.0208333	0.000199026
0.0833333	0.0208333	0.000267146
0.104167	0.0208333	0.000336771
0.125	0.0208333	0.000408243
0.145833	0.0208333	0.000481867
0.166667	0.0208333	0.000557888
0.1875	0.0208333	0.00063645
0.208333	0.0208333	0.000717546
0.229167	0.0208333	0.000800946
0.25	0.0208333	0.000886117
0.270833	0.0208333	0.000972128
0.291667	0.0208333	0.00105759
0.3125	0.0208333	0.00114062
0.333333	0.0208333	0.00121901
0.354167	0.0208333	0.00129042
0.375	0.0208333	0.00135274
0.395833	0.0208333	0.00140436
0.416667	0.0208333	0.00144435
0.4375	0.0208333	0.00147249
0.458333	0.0208333	0.00148931
0.479167	0.0208333	0.00149605
0.5	0.0208333	0.00149455
0.520833	0.0208333	0.00148708
0.541667	0.0208333	0.00147596
0.5625	0.0208333	0.00146322
0.583333	0.0208333	0.00145019
0.604167	0.0208333	0.00143738
0.625	0.0208333	0.00142433
0.645833	0.0208333	0.00140975
0.666667	0.0208333	0.00139164
0.6875	0.0208333	0.00136771
0.708333	0.0208333	0.00133567
0.729167	0.0208333	0.00129367
0.75	0.0208333	0.00124042
0.770833	0.0208333	0.00117531
0.791667	0.0208333	0.00109844
0.8125	0.0208333	0.00101062
0.833333	0.0208333	0.000913268
0.854167	0.0208333	0.000808296
0.875	0.0208333	0.000697807
0.895833	0.0208333	0.000583767
0.916667	0.0208333	0.000467767
0.9375	0.0208333	0.000350915
0.958333	0.0208333	0.00023386
0.979167	0.0208333	0.00011688
1	0.0208333	0
0	0.0416667	0
0.0208333	0.0416667	0.000131285
0.0416667	0.0416667	0.000263342
0.0625	0.0416667	0.000396934
0.0833333	0.0416667	0.000532817
0.104167	0.0416667	0.00067173
0.125	0.0416667	0.000814375
0.145833	0.0416667	0.000961386
0.166667	0.0416667	0.00111329
0.1875	0.0416667	0.00127043
0.208333	0.0416667	0.00143285
0.229167	0.0416667	0.00160019
0.25	0.0416667	0.00177147
0.270833	0.0416667	0.00194489
0.291667	0.0416667	0.00211767
0.3125	0.0416667	0.00228598
0.333333	0.0416667	0.0024451
0.354167	0.0416667	0.00259003
0.375	0.0416667	0.00271627
0.395833	0.0416667	0.00282046
0.416667	0.0416667	0.00290064
0.4375	0.0416667	0.0029564
0.458333	0.0416667	0.00298881
0.479167	0.0416667	0.00300044
0.5	0.0416667	0.00299519
0.520833	0.0416667	0.0029779
0.541667	0.0416667	0.00295366
0.5625	0.0416667	0.00292681
0.583333	0.0416667	0.00290027
0.604167	0.0416667	0.00287508
0.625	0.0416667	0.00285029
0.645833	0.0416667	0.0028231
0.666667	0.0416667	0.00278921
0.6875	0.0416667	0.00274359
0.708333	0.0416667	0.00268139
0.729167	0.0416667	0.00259867
0.75	0.0416667	0.00249277
0.770833	0.0416667	0.00236244
0.791667	0.0416667	0.00220791
0.8125	0.0416667	0.00203082
0.833333	0.0416667	0.00183421
0.854167	0.0416667	0.00162215
0.875	0.0416667	0.0013992
0.895833	0.0416667	0.00116953
0.916667	0.0416667	0.000936409
0.9375	0.0416667	0.000702051
0.958333	0.0416667	0.000467658
0.979167	0.0416667	0.000233666
1	0.0416667	0
0	0.0625	0
0.0208333	0.0625	0.000195985
0.0416667	0.0625	0.00039313
0.0625	0.0625	0.00059259
0.0833333	0.0625	0.00079551
0.104167	0.0625	0.00100302
0.125	0.0625	0.00121621
0.145833	0.0625	0.0014361
0.166667	0.0625	0.00166355
0.1875	0.0625	0.00189922
0.208333	0.0625	0.00214335
0.229167	0.0625	0.00239562
0.25	0.0625	0.00265481
0.270833	0.0625	0.00291843
0.291667	0.0625	0.00318239
0.3125	0.0625	0.00344067
0.333333	0.0625	0.00368553
0.354167	0.0625	0.00390848
0.375	0.0625	0.00410203
0.395833	0.0625	0.00426073
0.416667	0.0625	0.00438155
0.4375	0.0625	0.00446382
0.458333	0.0625	0.00450926
0.479167	0.0625	0.00452189
0.5	0.0625	0.00450804
0.520833	0.0625	0.00447586
0.541667	0.0625	0.00443412
0.5625	0.0625	0.00439027
0.583333	0.0625	0.00434918
0.604167	0.0625	0.00431254
0.625	0.0625	0.00427883
0.645833	0.0625	0.00424331
0.666667	0.0625	0.00419867
0.6875	0.0625	0.0041362
0.708333	0.0625	0.00404776
0.729167	0.0625	0.00392697
0.75	0.0625	0.00376966
0.770833	0.0625	0.0035739
0.791667	0.0625	0.00334002
0.8125	0.0625	0.00307064
0.833333	0.0625	0.00277067
0.854167	0.0625	0.00244699
0.875	0.0625	0.00210738
0.895833	0.0625	0.00175878
0.916667	0.0625	0.00140634
0.9375	0.0625	0.00105325
0.958333	0.0625	0.000701073
0.979167	0.0625	0.000350135
1	0.0625	0
0	0.0833333	0
0.0208333	0.0833333	0.000259546
0.0416667	0.0833333	0.000520643
0.0625	0.0833333	0.00078484
0.0833333	0.0833333	0.00105369
0.104167	0.0833333	0.00132872
0.125	0.0833333	0.00161146
0.145833	0.0833333	0.00190336
0.166667	0.0833333	0.00220574
0.1875	0.0833333	0.00251969
0.208333	0.0833333	0.00284589
0.229167	0.0833333	0.00318432
0.25	0.0833333	0.00353389
0.270833	0.0833333	0.00389184
0.291667	0.0833333	0.00425299
0.3125	0.0833333	0.004609
0.333333	0.0833333	0.00494809
0.354167	0.0833333	0.00525657
0.375	0.0833333	0.00552287
0.395833	0.0833333	0.00573914
0.416667	0.0833333	0.00590124
0.4375	0.0833333	0.00600834
0.458333	0.0833333	0.00606276
0.479167	0.0833333	0.00607008
0.5	0.0833333	0.00603948
0.520833	0.0833333	0.00598363
0.541667	0.0833333	0.00591694
0.5625	0.0833333	0.00585124
0.583333	0.0833333	0.00579386
0.604167	0.0833333	0.00574733
0.625	0.0833333	0.00570938
0.645833	0.0833333	0.00567288
0.666667	0.0833333	0.00562617
0.6875	0.0833333	0.00555498
0.708333	0.0833333	0.00544666
0.729167	0.0833333	0.00529198
0.75	0.0833333	0.00508518
0.770833	0.0833333	0.00482365
0.791667	0.0833333	0.00450779
0.8125	0.0833333	0.00414117
0.833333	0.0833333	0.00373095
0.854167	0.0833333	0.00328786
0.875	0.0833333	0.00282463
0.895833	0.0833333	0.00235195
0.916667	0.0833333	0.00187696
0.9375	0.0833333	0.00140359
0.958333	0.0833333	0.000933275
0.979167	0.0833333	0.000465811
1	0.0833333	0
0	0.104167	0
0.0208333	0.104167	0.000321583
0.0416667	0.104167	0.000645108
0.0625	0.104167	0.000972516
0.0833333	0.104167	0.00130577
0.104167	0.104167	0.00164683
0.125	0.104167	0.00199768
0.145833	0.104167	0.00236029
0.166667	0.104167	0.00273653
0.1875	0.104167	0.00312811
0.208333	0.104167	0.00353639
0.229167	0.104167	0.0039621
0.25	0.104167	0.00440483
0.270833	0.104167	0.00486229
0.291667	0.104167	0.00532901
0.3125	0.104167	0.00579452
0.333333	0.104167	0.00624155
0.354167	0.104167	0.00664714
0.375	0.104167	0.00699406
0.395833	0.104167	0.00727204
0.416667	0.104167	0.00747624
0.4375	0.104167	0.00760586
0.458333	0.104167	0.00766369
0.479167	0.104167	0.00765652
0.5	0.104167	0.0075965
0.520833	0.104167	0.00750258
0.541667	0.104167	0.00739911
0.5625	0.104167	0.00730419
0.583333	0.104167	0.00722799
0.604167	0.104167	0.00717386
0.625	0.104167	0.00713879
0.645833	0.104167	0.00711293
0.666667	0.104167	0.00707844
0.6875	0.104167	0.00701116
0.708333	0.104167	0.00689219
0.729167	0.104167	0.00670935
0.75	0.104167	0.00645565
0.770833	0.104167	0.00612794
0.791667	0.104167	0.0057265
0.8125	0.104167	0.00525549
0.833333	0.104167	0.00472426
0.854167	0.104167	0.00414902
0.875	0.104167	0.00355147
0.895833	0.104167	0.00294751
0.916667	0.104167	0.00234606
0.9375	0.104167	0.00175093
0.958333	0.104167	0.00116266
0.979167	0.104167	0.000579848
1	0.104167	0
0	0.125	0
0.0208333	0.125	0.000381715
0.0416667	0.125	0.000765752
0.0625	0.125	0.00115444
0.0833333	0.125	0.00155015
0.104167	0.125	0.00195528
0.125	0.125	0.00237232
0.145833	0.125	0.00280378
0.166667	0.125	0.00325219
0.1875	0.125	0.00372007
0.208333	0.125	0.00420973
0.229167	0.125	0.00472312
0.25	0.125	0.00526134
0.270833	0.125	0.0058238
0.291667	0.125	0.00640656
0.3125	0.125	0.00699888
0.333333	0.125	0.0075768
0.354167	0.125	0.00809675
0.375	0.125	0.00853455
0.395833	0.125	0.0088791
0.416667	0.125	0.00912621
0.4375	0.125	0.00927558
0.458333	0.125	0.00933002
0.479167	0.125	0.00929622
0.5	0.125	0.00918781
0.520833	0.125	0.00903146
0.541667	0.125	0.00887313
0.5625	0.125	0.0087388
0.583333	0.125	0.00864045
0.604167	0.125	0.00858168
0.625	0.125	0.00855936
0.645833	0.125	0.00856196
0.666667	0.125	0.00856384
0.6875	0.125	0.00851934
0.708333	0.125	0.0084019
0.729167	0.125	0.00819788
0.75	0.125	0.00790039
0.770833	0.125	0.00750621
0.791667	0.125	0.00701503
0.8125	0.125	0.00643021
0.833333	0.125	0.00576178
0.854167	0.125	0.00503263
0.875	0.125	0.00428485
0.895833	0.125	0.00354067
0.916667	0.125	0.00280893
0.9375	0.125	0.00209147
0.958333	0.125	0.00138663
0.979167	0.125	0.000690939
1	0.125	0
0	0.145833	0
0.0208333	0.145833	0.000439567
0.0416667	0.145833	0.000881817
0.0625	0.145833	0.00132945
0.0833333	0.145833	0.00178523
0.104167	0.145833	0.002252
0.125	0.145833	0.00273273
0.145833	0.145833	0.00323053
0.166667	0.145833	0.00374865
0.1875	0.145833	0.00429051
0.208333	0.145833	0.00485964
0.229167	0.145833	0.00545964
0.25	0.145833	0.00609394
0.270833	0.145833	0.00676537
0.291667	0.145833	0.00747493
0.3125	0.145833	0.00821802
0.333333	0.145833	0.00897045
0.354167	0.145833	0.00962895
0.375	0.145833	0.0101687
0.395833	0.145833	0.0105841
0.416667	0.145833	0.0108744
0.4375	0.145833	0.0110407
0.458333	0.145833	0.011085
0.479167	0.145833	0.011011
0.5	0.145833	0.0108275
0.520833	0.145833	0.0105628
0.541667	0.145833	0.0103236
0.5625	0.145833	0.0101379
0.583333	0.145833	0.0100138
0.604167	0.145833	0.00995348
0.625	0.145833	0.00995546
0.645833	0.145833	0.0100121
0.666667	0.145833	0.010096
0.6875	0.145833	0.0101008
0.708333	0.145833	0.00999853
0.729167	0.145833	0.00978024
0.75	0.145833	0.00944212
0.770833	0.145833	0.00898178
0.791667	0.145833	0.00839748
0.8125	0.145833	0.0076888
0.833333	0.145833	0.00686025
0.854167	0.145833	0.00593508
0.875	0.145833	0.0050148
0.895833	0.145833	0.00412154
0.916667	0.145833	0.00325762
0.9375	0.145833	0.00241948
0.958333	0.145833	0.00160152
0.979167	0.145833	0.000797293
1	0.145833	0
0	0.166667	0
0.0208333	0.166667	0.000494784
0.0416667	0.166667	0.000992582
0.0625	0.166667	0.00149644
0.0833333	0.166667	0.00200947
0.104167	0.166667	0.00253495
0.125	0.166667	0.00307631
0.145833	0.166667	0.00363721
0.166667	0.166667	0.00422165
0.1875	0.166667	0.00483398
0.208333	0.166667	0.00547903
0.229167	0.166667	0.00616223
0.25	0.166667	0.00688982
0.270833	0.166667	0.00766923
0.291667	0.166667	0.00851021
0.3125	0.166667	0.00942829
0.333333	0.166667	0.0104585
0.354167	0.166667	0.0112804
0.375	0.166667	0.0119279
0.395833	0.166667	0.0124145
0.416667	0.166667	0.012747
0.4375	0.166667	0.0129284
0.458333	0.166667	0.012959
0.479167	0.166667	0.0128358
0.5	0.166667	0.0125491
0.520833	0.166667	0.0120691
0.541667	0.166667	0.0117212
0.5625	0.166667	0.0114758
0.583333	0.166667	0.0113239
0.604167	0.166667	0.0112635
0.625	0.166667	0.0112974
0.645833	0.166667	0.0114354
0.666667	0.166667	0.0117078
0.6875	0.166667	0.0117899
0.708333	0.166667	0.0117116
0.729167	0.166667	0.0114828
0.75	0.166667	0.0111064
0.770833	0.166667	0.0105817
0.791667	0.166667	0.0099046
0.8125	0.166667	0.00906755
0.833333	0.166667	0.00805557
0.854167	0.166667	0.00683288
0.875	0.166667	0.0057179
0.895833	0.166667	0.00467324
0.916667	0.166667	0.00368065
0.9375	0.166667	0.0027274
0.958333	0.166667	0.00180272
0.979167	0.166667	0.000896738
1	0.166667	0
0	0.1875	0
0.0208333	0.1875	0.000547042
0.0416667	0.1875	0.00109739
0.0625	0.1875	0.00165437
0.0833333	0.1875	0.00222145
0.104167	0.1875	0.00280223
0.125	0.1875	0.00340057
0.145833	0.1875	0.00402065
0.166667	0.1875	0.00466709
0.1875	0.1875	0.0053451
0.208333	0.1875	0.00606066
0.229167	0.1875	0.00682085
0.25	0.1875	0.00763431
0.270833	0.1875	0.00851201
0.291667	0.1875	0.00946887
0.3125	0.1875	0.0105269
0.333333	0.1875	0.0117214
0.354167	0.1875	0.0126726
0.375	0.1875	0.0134144
0.395833	0.1875	0.0139658
0.416667	0.1875	0.0143373
0.4375	0.1875	0.0145334
0.458333	0.1875	0.0145533
0.479167	0.1875	0.0143906
0.5	0.1875	0.0140304
0.520833	0.1875	0.013444
0.541667	0.1875	0.0130168
0.5625	0.1875	0.0127209
0.583333	0.1875	0.0125431
0.604167	0.1875	0.0124798
0.625	0.1875	0.0125357
0.645833	0.1875	0.0127249
0.666667	0.1875	0.0130765
0.6875	0.1875	0.0132056
0.708333	0.1875	0.0131416
0.729167	0.1875	0.0128994
0.75	0.1875	0.0124856
0.770833	0.1875	0.0119002
0.791667	0.1875	0.011138
0.8125	0.1875	0.0101875
0.833333	0.1875	0.00902786
0.854167	0.1875	0.0076232
0.875	0.1875	0.00635091
0.895833	0.1875	0.00517305
0.916667	0.1875	0.00406448
0.9375	0.1875	0.00300684
0.958333	0.1875	0.0019853
0.979167	0.1875	0.000986966
1	0.1875	0
0	0.208333	0
0.0208333	0.208333	0.000596056
0.0416667	0.208333	0.00119565
0.0625	0.208333	0.00180237
0.0833333	0.208333	0.00241992
0.104167	0.208333	0.00305219
0.125	0.208333	0.00370338
0.145833	0.208333	0.00437804
0.166667	0.208333	0.00508132
0.1875	0.208333	0.00581904
0.208333	0.208333	0.00659808
0.229167	0.208333	0.00742668
0.25	0.208333	0.00831504
0.270833	0.208333	0.00927613
0.291667	0.208333	0.0103269
0.3125	0.208333	0.0114898
0.333333	0.208333	0.0127942
0.354167	0.208333	0.013841
0.375	0.208333	0.0146578
0.395833	0.208333	0.0152636
0.416667	0.208333	0.0156698
0.4375	0.208333	0.0158812
0.458333	0.208333	0.0158969
0.479167	0.208333	0.0157095
0.5	0.208333	0.0153047
0.520833	0.208333	0.0146602
0.541667	0.208333	0.0141819
0.5625	0.208333	0.0138486
0.583333	0.208333	0.0136483
0.604167	0.208333	0.0135775
0.625	0.208333	0.0136412
0.645833	0.208333	0.0138526
0.666667	0.208333	0.0142342
0.6875	0.208333	0.014381
0.708333	0.208333	0.0143161
0.729167	0.208333	0.0140542
0.75	0.208333	0.0136026
0.770833	0.208333	0.0129618
0.791667	0.208333	0.0121262
0.8125	0.208333	0.011083
0.833333	0.208333	0.00981141
0.854167	0.208333	0.00828143
0.875	0.208333	0.00688973
0.895833	0.208333	0.00560375
0.916667	0.208333	0.00439754
0.9375	0.208333	0.00325029
0.958333	0.208333	0.00214473
0.979167	0.208333	0.00106586
1	0.208333	0
0	0.229167	0
0.0208333	0.229167	0.000641595
0.0416667	0.229167	0.00128691
0.0625	0.229167	0.0019397
0.0833333	0.229167	0.00260386
0.104167	0.229167	0.0032835
0.125	0.229167	0.00398299
0.145833	0.229167	0.00470718
0.166667	0.229167	0.00546147
0.1875	0.229167	0.0062521
0.208333	0.229167	0.00708639
0.229167	0.229167	0.00797324
0.25	0.229167	0.00892359
0.270833	0.229167	0.00995118
0.291667	0.229167	0.0110733
0.3125	0.229167	0.0123116
0.333333	0.229167	0.0136914
0.354167	0.229167	0.0148059
0.375	0.229167	0.0156788
0.395833	0.229167	0.0163276
0.416667	0.229167	0.0167636
0.4375	0.229167	0.0169915
0.458333	0.229167	0.0170102
0.479167	0.229167	0.0168125
0.5	0.229167	0.0163854
0.520833	0.229167	0.0157109
0.541667	0.229167	0.0152027
0.5625	0.229167	0.014844
0.583333	0.229167	0.0146246
0.604167	0.229167	0.0145416
0.625	0.229167	0.0145997
0.645833	0.229167	0.0148108
0.666667	0.229167	0.0151933
0.6875	0.229167	0.0153348
0.708333	0.229167	0.0152542
0.729167	0.229167	0.0149652
0.75	0.229167	0.0144752
0.770833	0.229167	0.0137848
0.791667	0.229167	0.0128884
0.8125	0.229167	0.0117732
0.833333	0.229167	0.0104197
0.854167	0.229167	0.00880168
0.875	0.229167	0.00732307
0.895833	0.229167	0.00595491
0.916667	0.229167	0.00467181
0.9375	0.229167	0.00345218
0.958333	0.229167	0.00227756
0.979167	0.229167	0.00113176
1	0.229167	0
0	0.25	0
0.0208333	0.25	0.000683486
0.0416667	0.25	0.00137081
0.0625	0.25	0.00206583
0.0833333	0.25	0.00277257
0.104167	0.25	0.00349521
0.125	0.25	0.00423824
0.145833	0.25	0.00500658
0.166667	0.25	0.00580571
0.1875	0.25	0.00664194
0.208333	0.25	0.00752266
0.229167	0.25	0.00845684
0.25	0.25	0.00945546
0.270833	0.25	0.0105323
0.291667	0.25	0.0117043
0.3125	0.25	0.0129925
0.333333	0.25	0.0144205
0.354167	0.25	0.0155792
0.375	0.25	0.0164906
0.395833	0.25	0.0171713
0.416667	0.25	0.0176322
0.4375	0.25	0.0178777
0.458333	0.25	0.0179066
0.479167	0.25	0.0177117
0.5	0.25	0.0172804
0.520833	0.25	0.0165961
0.541667	0.25	0.0160747
0.5625	0.25	0.0157009
0.583333	0.25	0.0154653
0.604167	0.25	0.0153653
0.625	0.25	0.0154057
0.645833	0.25	0.0155983
0.666667	0.25	0.0159601
0.6875	0.25	0.0160771
0.708333	0.25	0.0159672
0.729167	0.25	0.0156439
0.75	0.25	0.0151146
0.770833	0.25	0.0143804
0.791667	0.25	0.0134357
0.8125	0.25	0.0122681
0.833333	0.25	0.0108588
0.854167	0.25	0.00918286
0.875	0.25	0.00764625
0.895833	0.25	0.00622123
0.916667	0.25	0.00488279
0.9375	0.25	0.00360919
0.958333	0.25	0.00238167
0.979167	0.25	0.00118364
1	0.25	0
0	0.270833	0
0.0208333	0.270833	0.000721617
0.0416667	0.270833	0.00144713
0.0625	0.270833	0.00218045
0.0833333	0.270833	0.00292561
0.104167	0.270833	0.00368682
0.125	0.270833	0.00446854
0.145833	0.270833	0.00527559
0.166667	0.270833	0.00611331
0.1875	0.270833	0.00698776
0.208333	0.270833	0.00790602
0.229167	0.270833	0.00887655
0.25	0.270833	0.00990978
0.270833	0.270833	0.0110188
0.291667	0.270833	0.01222
0.3125	0.270833	0.0135341
0.333333	0.270833	0.0149856
0.354167	0.270833	0.0161666
0.375	0.270833	0.0170998
0.395833	0.270833	0.0178017
0.416667	0.270833	0.0182829
0.4375	0.270833	0.0185474
0.458333	0.270833	0.0185936
0.479167	0.270833	0.018414
0.5	0.270833	0.0179952
0.520833	0.270833	0.0173192
0.541667	0.270833	0.0167998
0.5625	0.270833	0.0164204
0.583333	0.270833	0.0161711
0.604167	0.270833	0.0160494
0.625	0.270833	0.0160605
0.645833	0.270833	0.0162172
0.666667	0.270833	0.0165385
0.6875	0.270833	0.0166129
0.708333	0.270833	0.0164603
0.729167	0.270833	0.0160951
0.75	0.270833	0.0155255
0.770833	0.270833	0.0147529
0.791667	0.270833	0.0137722
0.8125	0.270833	0.0125713
0.833333	0.270833	0.0111308
0.854167	0.270833	0.00942507
0.875	0.270833	0.00785813
0.895833	0.270833	0.00640122
0.916667	0.270833	0.00502911
0.9375	0.270833	0.00372029
0.958333	0.270833	0.00245635
0.979167	0.270833	0.00122117
1	0.270833	0
0	0.291667	0
0.0208333	0.291667	0.000755938
0.0416667	0.291667	0.00151577
0.0625	0.291667	0.00228341
0.0833333	0.291667	0.00306286
0.104167	0.291667	0.00385824
0.125	0.291667	0.00467386
0.145833	0.291667	0.00551434
0.166667	0.291667	0.00638464
0.1875	0.291667	0.00729031
0.208333	0.291667	0.00823767
0.229167	0.291667	0.00923419
0.25	0.291667	0.010289
0.270833	0.291667	0.0114137
0.291667	0.291667	0.0126235
0.3125	0.291667	0.0139392
0.333333	0.291667	0.015388
0.354167	0.291667	0.0165687
0.375	0.291667	0.0175069
0.395833	0.291667	0.0182198
0.416667	0.291667	0.018717
0.4375	0.291667	0.0190022
0.458333	0.291667	0.0190733
0.479167	0.291667	0.0189222
0.5	0.291667	0.0185342
0.520833	0.291667	0.0178867
0.541667	0.291667	0.0173859
0.5625	0.291667	0.0170108
0.583333	0.291667	0.0167501
0.604167	0.291667	0.0166014
0.625	0.291667	0.0165705
0.645833	0.291667	0.0166722
0.666667	0.291667	0.0169306
0.6875	0.291667	0.0169425
0.708333	0.291667	0.0167326
0.729167	0.291667	0.0163174
0.75	0.291667	0.015706
0.770833	0.291667	0.0149002
0.791667	0.291667	0.0138955
0.8125	0.291667	0.0126803
0.833333	0.291667	0.0112346
0.854167	0.291667	0.00952884
0.875	0.291667	0.00796028
0.895833	0.291667	0.00649669
0.916667	0.291667	0.00511235
0.9375	0.291667	0.00378663
0.958333	0.291667	0.00250239
0.979167	0.291667	0.00124471
1	0.291667	0
0	0.3125	0
0.0208333	0.3125	0.000786446
0.0416667	0.3125	0.00157675
0.0625	0.3125	0.00237478
0.0833333	0.3125	0.00318445
0.104167	0.3125	0.00400973
0.125	0.3125	0.00485473
0.145833	0.3125	0.0057237
0.166667	0.3125	0.0066211
0.1875	0.3125	0.00755171
0.208333	0.3125	0.00852076
0.229167	0.3125	0.00953418
0.25	0.3125	0.010599
0.270833	0.3125	0.0117241
0.291667	0.3125	0.012922
0.3125	0.3125	0.0142118
0.333333	0.3125	0.0156254
0.354167	0.3125	0.01678
0.375	0.3125	0.0177062
0.395833	0.3125	0.0184203
0.416667	0.3125	0.0189301
0.4375	0.3125	0.0192381
0.458333	0.3125	0.019342
0.479167	0.3125	0.0192343
0.5	0.3125	0.0188995
0.520833	0.3125	0.0183084
0.541667	0.3125	0.017847
0.5625	0.3125	0.0174877
0.583333	0.3125	0.0172182
0.604167	0.3125	0.0170364
0.625	0.3125	0.0169487
0.645833	0.3125	0.0169714
0.666667	0.3125	0.0171361
0.6875	0.3125	0.0170604
0.708333	0.3125	0.0167767
0.729167	0.3125	0.0163027
0.75	0.3125	0.0156473
0.770833	0.3125	0.0148128
0.791667	0.3125	0.0137959
0.8125	0.3125	0.0125864
0.833333	0.3125	0.0111647
0.854167	0.3125	0.00949581
0.875	0.3125	0.0079578
0.895833	0.3125	0.00651318
0.916667	0.3125	0.00513718
0.9375	0.3125	0.00381166
0.958333	0.3125	0.00252197
0.979167	0.3125	0.00125534
1	0.3125	0
0	0.333333	0
0.0208333	0.333333	0.000813181
0.0416667	0.333333	0.00163017
0.0625	0.333333	0.00245474
0.0833333	0.333333	0.0032907
0.104167	0.333333	0.00414185
0.125	0.333333	0.00501203
0.145833	0.333333	0.00590508
0.166667	0.333333	0.00682486
0.1875	0.333333	0.00777524
0.208333	0.333333	0.00876011
0.229167	0.333333	0.00978345
0.25	0.333333	0.0108494
0.270833	0.333333	0.0119626
0.291667	0.333333	0.0131294
0.3125	0.333333	0.0143613
0.333333	0.333333	0.0156887
0.354167	0.333333	0.0167867
0.375	0.333333	0.0176846
0.395833	0.333333	0.018392
0.416667	0.333333	0.018912
0.4375	0.333333	0.0192451
0.458333	0.333333	0.0193893
0.479167	0.333333	0.0193404
0.5	0.333333	0.0190879
0.520833	0.333333	0.0186016
0.541667	0.333333	0.0182071
0.5625	0.333333	0.0178756
0.583333	0.333333	0.0175994
0.604167	0.333333	0.0173783
0.625	0.333333	0.0172174
0.645833	0.333333	0.0171296
0.666667	0.333333	0.0171485
0.6875	0.333333	0.0169533
0.708333	0.333333	0.0165779
0.729167	0.333333	0.0160362
0.75	0.333333	0.0153343
0.770833	0.333333	0.0144745
0.791667	0.333333	0.0134554
0.8125	0.333333	0.0122712
0.833333	0.333333	0.0109084
0.854167	0.333333	0.00933234
0.875	0.333333	0.00786226
0.895833	0.333333	0.00646134
0.916667	0.333333	0.00511174
0.9375	0.333333	0.00380102
0.958333	0.333333	0.00251859
0.979167	0.333333	0.00125471
1	0.333333	0
0	0.354167	0
0.0208333	0.354167	0.000836204
0.0416667	0.354167	0.00167615
0.0625	0.354167	0.00252353
0.0833333	0.354167	0.00338204
0.104167	0.354167	0.0042553
0.125	0.354167	0.00514689
0.145833	0.354167	0.00606022
0.166667	0.354167	0.00699856
0.1875	0.354167	0.00796486
0.208333	0.354167	0.00896165
0.229167	0.354167	0.00999081
0.25	0.354167	0.0110532
0.270833	0.354167	0.0121483
0.291667	0.354167	0.0132726
0.3125	0.354167	0.014416
0.333333	0.354167	0.0155484
0.354167	0.354167	0.0165602
0.375	0.354167	0.0174204
0.395833	0.354167	0.018118
0.416667	0.354167	0.0186479
0.4375	0.354167	0.0190077
0.458333	0.354167	0.0191968
0.479167	0.354167	0.0192173
0.5	0.354167	0.019077
0.520833	0.354167	0.0188039
0.541667	0.354167	0.0185051
0.5625	0.354167	0.0182094
0.583333	0.354167	0.0179265
0.604167	0.354167	0.0176608
0.625	0.354167	0.0174139
0.645833	0.354167	0.0171819
0.666667	0.354167	0.016942
0.6875	0.354167	0.016593
0.708333	0.354167	0.0161123
0.729167	0.354167	0.0154964
0.75	0.354167	0.0147458
0.770833	0.354167	0.0138621
0.791667	0.354167	0.0128466
0.8125	0.354167	0.0117011
0.833333	0.354167	0.0104318
0.854167	0.354167	0.00906329
0.875	0.354167	0.00769793
0.895833	0.354167	0.00635847
0.916667	0.354167	0.00504767
0.9375	0.354167	0.00376225
0.958333	0.354167	0.00249679
0.979167	0.354167	0.00124495
1	0.354167	0
0	0.375	0
0.0208333	0.375	0.000855582
0.0416667	0.375	0.00171485
0.0625	0.375	0.00258144
0.0833333	0.375	0.00345893
0.104167	0.375	0.00435081
0.125	0.375	0.00526041
0.145833	0.375	0.00619085
0.166667	0.375	0.00714485
0.1875	0.375	0.0081246
0.208333	0.375	0.00913148
0.229167	0.375	0.0101656
0.25	0.375	0.0112252
0.270833	0.375	0.0123056
0.291667	0.375	0.0133974
0.3125	0.375	0.0144827
0.333333	0.375	0.0155297
0.354167	0.375	0.0164861
0.375	0.375	0.0173198
0.395833	0.375	0.0180126
0.416667	0.375	0.0185548
0.4375	0.375	0.018942
0.458333	0.375	0.0191741
0.479167	0.375	0.0192558
0.5	0.375	0.0192
0.520833	0.375	0.0190329
0.541667	0.375	0.018801
0.5625	0.375	0.0185312
0.583333	0.375	0.0182374
0.604167	0.375	0.0179257
0.625	0.375	0.0175964
0.645833	0.375	0.0172429
0.666667	0.375	0.0168454
0.6875	0.375	0.0163651
0.708333	0.375	0.0157829
0.729167	0.375	0.0150919
0.75	0.375	0.0142912
0.770833	0.375	0.0133823
0.791667	0.375	0.0123683
0.8125	0.375	0.0112553
0.833333	0.375	0.0100549
0.854167	0.375	0.00879154
0.875	0.375	0.00750804
0.895833	0.375	0.00622727
0.916667	0.375	0.00495845
0.9375	0.375	0.00370369
0.958333	0.375	0.00246146
0.979167	0.375	0.00122836
1	0.375	0
0	0.395833	0
0.0208333	0.395833	0.000871372
0.0416667	0.395833	0.0017464
0.0625	0.395833	0.00262868
0.0833333	0.395833	0.00352173
0.104167	0.395833	0.00442896
0.125	0.395833	0.00535356
0.145833	0.395833	0.00629842
0.166667	0.395833	0.00726595
0.1875	0.395833	0.00825785
0.208333	0.395833	0.00927474
0.229167	0.395833	0.0103157
0.25	0.395833	0.0113772
0.270833	0.395833	0.0124525
0.291667	0.395833	0.0135294
0.3125	0.395833	0.0145888
0.333333	0.395833	0.0156024
0.354167	0.395833	0.0165359
0.375	0.395833	0.0173611
0.395833	0.395833	0.0180589
0.416667	0.395833	0.0186179
0.4375	0.395833	0.0190326
0.458333	0.395833	0.0193027
0.479167	0.395833	0.0194331
0.5	0.395833	0.0194352
0.520833	0.395833	0.0193278
0.541667	0.395833	0.0191358
0.5625	0.395833	0.0188783
0.583333	0.395833	0.0185673
0.604167	0.395833	0.018209
0.625	0.395833	0.0178043
0.645833	0.395833	0.0173489
0.666667	0.395833	0.0168325
0.6875	0.395833	0.0162402
0.708333	0.395833	0.015563
0.729167	0.395833	0.014798
0.75	0.395833	0.0139456
0.770833	0.395833	0.0130082
0.791667	0.395833	0.0119898
0.8125	0.395833	0.0108972
0.833333	0.395833	0.00974165
0.854167	0.395833	0.00854034
0.875	0.395833	0.00731581
0.895833	0.395833	0.00608442
0.916667	0.395833	0.00485542
0.9375	0.395833	0.00363279
0.958333	0.395833	0.00241713
0.979167	0.395833	0.00120705
1	0.395833	0
0	0.416667	0
0.0208333	0.416667	0.000883605
0.0416667	0.416667	0.00177087
0.0625	0.416667	0.00266538
0.0833333	0.416667	0.00357067
0.104167	0.416667	0.00449012
0.125	0.416667	0.00542689
0.145833	0.416667	0.00638383
0.166667	0.416667	0.00736326
0.1875	0.416667	0.00836674
0.208333	0.416667	0.00939469
0.229167	0.416667	0.0104458
0.25	0.416667	0.0115163
0.270833	0.416667	0.0125985
0.291667	0.416667	0.01368
0.3125	0.416667	0.0147414
0.333333	0.416667	0.0157564
0.354167	0.416667	0.0166949
0.375	0.416667	0.0175307
0.395833	0.416667	0.0182451
0.416667	0.416667	0.0188263
0.4375	0.416667	0.0192688
0.458333	0.416667	0.019572
0.479167	0.416667	0.0197398
0.5	0.416667	0.0197811
0.520833	0.416667	0.0197085
0.541667	0.416667	0.0195371
0.5625	0.416667	0.0192798
0.583333	0.416667	0.0189456
0.604167	0.416667	0.0185397
0.625	0.416667	0.0180637
0.645833	0.416667	0.0175168
0.666667	0.416667	0.0168965
0.6875	0.416667	0.0162009
0.708333	0.416667	0.0154318
0.729167	0.416667	0.0145923
0.75	0.416667	0.0136858
0.770833	0.416667	0.0127156
0.791667	0.416667	0.011686
0.8125	0.416667	0.0106028
0.833333	0.416667	0.00947459
0.854167	0.416667	0.00831283
0.875	0.416667	0.00713081
0.895833	0.416667	0.00593951
0.916667	0.416667	0.00474628
0.9375	0.416667	0.00355508
0.958333	0.416667	0.00236735
0.979167	0.416667	0.00118277
1	0.416667	0
0	0.4375	0
0.0208333	0.4375	0.000892281
0.0416667	0.4375	0.00178826
0.0625	0.4375	0.00269157
0.0833333	0.4375	0.00360578
0.104167	0.4375	0.00453434
0.125	0.4375	0.00548052
0.145833	0.4375	0.00644728
0.166667	0.4375	0.00743711
0.1875	0.4375	0.00845182
0.208333	0.4375	0.00949219
0.229167	0.4375	0.0105574
0.25	0.4375	0.0116443
0.270833	0.4375	0.0127463
0.291667	0.4375	0.0138515
0.3125	0.4375	0.0149413
0.333333	0.4375	0.0159879
0.354167	0.4375	0.0169576
0.375	0.4375	0.0178228
0.395833	0.4375	0.0185654
0.416667	0.4375	0.0191746
0.4375	0.4375	0.0196455
0.458333	0.4375	0.0199776
0.479167	0.4375	0.0201743
0.5	0.4375	0.0202419
0.520833	0.4375	0.0201891
0.541667	0.4375	0.0200254
0.5625	0.4375	0.0197593
0.583333	0.4375	0.0193967
0.604167	0.4375	0.0189414
0.625	0.4375	0.0183952
0.645833	0.4375	0.0177592
0.666667	0.4375	0.0170367
0.6875	0.4375	0.016236
0.708333	0.4375	0.0153717
0.729167	0.4375	0.0144544
0.75	0.4375	0.0134903
0.770833	0.4375	0.0124833
0.791667	0.4375	0.0114365
0.8125	0.4375	0.0103541
0.833333	0.4375	0.00924155
0.854167	0.4375	0.00810604
0.875	0.4375	0.00695547
0.895833	0.4375	0.00579686
0.916667	0.4375	0.00463536
0.9375	0.4375	0.00347411
0.958333	0.4375	0.00231452
0.979167	0.4375	0.00115672
1	0.4375	0
0	0.458333	0
0.0208333	0.458333	0.000897364
0.0416667	0.458333	0.00179849
0.0625	0.458333	0.0027071
0.0833333	0.458333	0.00362685
0.104167	0.458333	0.00456135
0.125	0.458333	0.00551405
0.145833	0.458333	0.00648818
0.166667	0.458333	0.00748666
0.1875	0.458333	0.00851191
0.208333	0.458333	0.00956556
0.229167	0.458333	0.0106481
0.25	0.458333	0.0117581
0.270833	0.458333	0.0128915
0.291667	0.458333	0.0140395
0.3125	0.458333	0.0151852
0.333333	0.458333	0.0162975
0.354167	0.458333	0.0173256
0.375	0.458333	0.0182387
0.395833	0.458333	0.0190202
0.416667	0.458333	0.0196623
0.4375	0.458333	0.020162
0.458333	0.458333	0.0205199
0.479167	0.458333	0.020739
0.5	0.458333	0.0208243
0.520833	0.458333	0.0207817
0.541667	0.458333	0.0206173
0.5625	0.458333	0.0203362
0.583333	0.458333	0.0199417
0.604167	0.458333	0.0194353
0.625	0.458333	0.0188174
0.645833	0.458333	0.018089
0.666667	0.458333	0.0172559
0.6875	0.458333	0.0163357
0.708333	0.458333	0.0153656
0.729167	0.458333	0.0143641
0.75	0.458333	0.0133386
0.770833	0.458333	0.0122914
0.791667	0.458333	0.0112234
0.8125	0.458333	0.0101361
0.833333	0.458333	0.009032
0.854167	0.458333	0.00791476
0.875	0.458333	0.00678858
0.895833	0.458333	0.00565743
0.916667	0.458333	0.00452445
0.9375	0.458333	0.00339166
0.958333	0.458333	0.00226002
0.979167	0.458333	0.00112963
1	0.458333	0
0	0.479167	0
0.0208333	0.479167	0.000898785
0.0416667	0.479167	0.00180142
0.0625	0.479167	0.00271173
0.0833333	0.479167	0.00363352
0.104167	0.479167	0.00457056
0.125	0.479167	0.0055266
0.145833	0.479167	0.00650527
0.166667	0.479167	0.00751006
0.1875	0.479167	0.00854427
0.208333	0.479167	0.00961079
0.229167	0.479167	0.010712
0.25	0.479167	0.0118494
0.270833	0.479167	0.0130232
0.291667	0.479167	0.0142308
0.3125	0.479167	0.0154634
0.333333	0.479167	0.0166923
0.354167	0.479167	0.0178098
0.375	0.479167	0.018787
0.395833	0.479167	0.0196156
0.416667	0.479167	0.0202935
0.4375	0.479167	0.0208215
0.458333	0.479167	0.021202
0.479167	0.479167	0.0214387
0.5	0.479167	0.0215357
0.520833	0.479167	0.0214973
0.541667	0.479167	0.0213271
0.5625	0.479167	0.0210276
0.583333	0.479167	0.0205995
0.604167	0.479167	0.0200416
0.625	0.479167	0.019351
0.645833	0.479167	0.0185247
0.666667	0.479167	0.0175633
0.6875	0.479167	0.0164863
0.708333	0.479167	0.0153915
0.729167	0.479167	0.0142988
0.75	0.479167	0.0132095
0.770833	0.479167	0.0121209
0.791667	0.479167	0.0110302
0.8125	0.479167	0.00993543
0.833333	0.479167	0.00883615
0.854167	0.479167	0.0077329
0.875	0.479167	0.00662705
0.895833	0.479167	0.00552017
0.916667	0.479167	0.00441362
0.9375	0.479167	0.00330826
0.958333	0.479167	0.0022044
0.979167	0.479167	0.00110183
1	0.479167	0
0	0.5	0
0.0208333	0.5	0.000896458
0.0416667	0.5	0.00179686
0.0625	0.5	0.00270514
0.0833333	0.5	0.00362525
0.104167	0.5	0.00456119
0.125	0.5	0.00551699
0.145833	0.5	0.00649676
0.166667	0.5	0.00750466
0.1875	0.5	0.00854497
0.208333	0.5	0.00962206
0.229167	0.5	0.0107405
0.25	0.5	0.0119052
0.270833	0.5	0.0131218
0.291667	0.5	0.0143979
0.3125	0.5	0.0157463
0.333333	0.5	0.0171997
0.354167	0.5	0.0184351
0.375	0.5	0.0194852
0.395833	0.5	0.0203628
0.416667	0.5	0.0210757
0.4375	0.5	0.0216295
0.458333	0.5	0.0220291
0.479167	0.5	0.0222792
0.5	0.5	0.0223837
0.520833	0.5	0.0223457
0.541667	0.5	0.0221673
0.5625	0.5	0.0218488
0.583333	0.5	0.0213884
0.604167	0.5	0.0207817
0.625	0.5	0.0200215
0.645833	0.5	0.0190963
0.666667	0.5	0.0179873
0.6875	0.5	0.0166555
0.708333	0.5	0.0154164
0.729167	0.5	0.0142308
0.75	0.5	0.0130803
0.770833	0.5	0.0119532
0.791667	0.5	0.0108416
0.8125	0.5	0.00973996
0.833333	0.5	0.0086448
0.854167	0.5	0.00755411
0.875	0.5	0.00646694
0.895833	0.5	0.00538291
0.916667	0.5	0.00430186
0.9375	0.5	0.00322356
0.958333	0.5	0.0021476
0.979167	0.5	0.00107335
1	0.5	0
0	0.520833	0
0.0208333	0.520833	0.000890288
0.0416667	0.520833	0.0017846
0.0625	0.520833	0.00268697
0.0833333	0.520833	0.00360149
0.104167	0.520833	0.00453235
0.125	0.520833	0.00548389
0.145833	0.520833	0.00646065
0.166667	0.520833	0.00746747
0.1875	0.520833	0.00850955
0.208333	0.520833	0.0095927
0.229167	0.520833	0.0107235
0.25	0.520833	0.0119099
0.270833	0.520833	0.013162
0.291667	0.520833	0.0144935
0.3125	0.520833	0.0159254
0.333333	0.520833	0.0174919
0.354167	0.520833	0.018813
0.375	0.520833	0.0199227
0.395833	0.520833	0.0208419
0.416667	0.520833	0.021584
0.4375	0.520833	0.0221587
0.458333	0.520833	0.022573
0.479167	0.520833	0.0228325
0.5	0.520833	0.0229412
0.520833	0.520833	0.0229016
0.541667	0.520833	0.0227146
0.5625	0.520833	0.0223788
0.583333	0.520833	0.0218905
0.604167	0.520833	0.0212425
0.625	0.520833	0.020424
0.645833	0.520833	0.0194185
0.666667	0.520833	0.0182012
0.6875	0.520833	0.0167329
0.708333	0.520833	0.0153885
0.729167	0.520833	0.0141287
0.75	0.520833	0.0129285
0.770833	0.520833	0.0117708
0.791667	0.520833	0.0106437
0.8125	0.520833	0.0095386
0.833333	0.520833	0.00844951
0.854167	0.520833	0.00737229
0.875	0.520833	0.0063041
0.895833	0.520833	0.00524301
0.916667	0.520833	0.0041876
0.9375	0.520833	0.0031367
0.958333	0.520833	0.00208921
0.979167	0.520833	0.00104403
1	0.520833	0
0	0.541667	0
0.0208333	0.541667	0.000880195
0.0416667	0.541667	0.00176446
0.0625	0.541667	0.0026569
0.0833333	0.541667	0.00356171
0.104167	0.541667	0.00448322
0.125	0.541667	0.00542603
0.145833	0.541667	0.00639504
0.166667	0.541667	0.00739561
0.1875	0.541667	0.00843375
0.208333	0.541667	0.00951638
0.229167	0.541667	0.0106517
0.25	0.541667	0.0118498
0.270833	0.541667	0.0131235
0.291667	0.541667	0.0144896
0.3125	0.541667	0.0159707
0.333333	0.541667	0.0175966
0.354167	0.541667	0.0189691
0.375	0.541667	0.0201179
0.395833	0.541667	0.0210651
0.416667	0.541667	0.0218269
0.4375	0.541667	0.0224153
0.458333	0.541667	0.0228387
0.479167	0.541667	0.0231036
0.5	0.541667	0.023214
0.520833	0.541667	0.0231721
0.541667	0.541667	0.0229778
0.5625	0.541667	0.0226286
0.583333	0.541667	0.0221192
0.604167	0.541667	0.0214409
0.625	0.541667	0.0205805
0.645833	0.541667	0.0195196
0.666667	0.541667	0.018233
0.6875	0.541667	0.0166872
0.708333	0.541667	0.0152768
0.729167	0.541667	0.013968
0.75	0.541667	0.012735
0.770833	0.541667	0.0115586
0.791667	0.541667	0.0104244
0.8125	0.541667	0.00932183
0.833333	0.541667	0.0082429
0.854167	0.541667	0.00718189
0.875	0.541667	0.00613455
0.895833	0.541667	0.00509776
0.916667	0.541667	0.0040691
0.9375	0.541667	0.00304662
0.958333	0.541667	0.00202864
0.979167	0.541667	0.0010136
1	0.541667	0
0	0.5625	0
0.0208333	0.5625	0.000866128
0.0416667	0.5625	0.00173633
0.0625	0.5625	0.00261473
0.0833333	0.5625	0.00350554
0.104167	0.5625	0.0044132
0.125	0.5625	0.00534244
0.145833	0.5625	0.00629838
0.166667	0.5625	0.00728676
0.1875	0.5625	0.00831411
0.208333	0.5625	0.00938809
0.229167	0.5625	0.0105179
0.25	0.5625	0.011715
0.270833	0.5625	0.0129936
0.291667	0.5625	0.0143717
0.3125	0.5625	0.0158721
0.333333	0.5625	0.0175217
0.354167	0.5625	0.0189159
0.375	0.5625	0.0200816
0.395833	0.5625	0.0210407
0.416667	0.5625	0.0218105
0.4375	0.5625	0.0224038
0.458333	0.5625	0.0228302
0.479167	0.5625	0.0230963
0.5	0.5625	0.0232063
0.520833	0.5625	0.0231621
0.541667	0.5625	0.0229629
0.5625	0.5625	0.0226057
0.583333	0.5625	0.0220841
0.604167	0.5625	0.0213883
0.625	0.5625	0.0205044
0.645833	0.5625	0.0194133
0.666667	0.5625	0.0180908
0.6875	0.5625	0.0165073
0.708333	0.5625	0.0150643
0.729167	0.5625	0.0137321
0.75	0.5625	0.0124856
0.770833	0.5625	0.0113048
0.791667	0.5625	0.0101743
0.8125	0.5625	0.00908196
0.833333	0.5625	0.00801891
0.854167	0.5625	0.00697827
0.875	0.5625	0.00595486
0.895833	0.5625	0.0049447
0.916667	0.5625	0.00394467
0.9375	0.5625	0.00295224
0.958333	0.5625	0.00196525
0.979167	0.5625	0.000981766
1	0.5625	0
0	0.583333	0
0.0208333	0.583333	0.000848085
0.0416667	0.583333	0.00170019
0.0625	0.583333	0.00256038
0.0833333	0.583333	0.00343284
0.104167	0.583333	0.004322
0.125	0.583333	0.00523259
0.145833	0.583333	0.00616982
0.166667	0.583333	0.00713954
0.1875	0.583333	0.0081485
0.208333	0.583333	0.00920465
0.229167	0.583333	0.0103177
0.25	0.583333	0.0114994
0.270833	0.583333	0.0127649
0.291667	0.583333	0.0141325
0.3125	0.583333	0.0156252
0.333333	0.583333	0.0172691
0.354167	0.583333	0.0186584
0.375	0.583333	0.0198189
0.395833	0.583333	0.0207728
0.416667	0.583333	0.0215375
0.4375	0.583333	0.0221263
0.458333	0.583333	0.022549
0.479167	0.583333	0.0228122
0.5	0.583333	0.02292
0.520833	0.583333	0.022874
0.541667	0.583333	0.0226733
0.5625	0.583333	0.0223141
0.583333	0.583333	0.02179
0.604167	0.583333	0.0210908
0.625	0.583333	0.0202023
0.645833	0.583333	0.0191055
0.666667	0.583333	0.0177767
0.6875	0.583333	0.0161875
0.708333	0.583333	0.0147419
0.729167	0.583333	0.0134114
0.75	0.583333	0.0121713
0.770833	0.583333	0.0110016
0.791667	0.583333	0.00988643
0.8125	0.583333	0.00881342
0.833333	0.583333	0.00777302
0.854167	0.583333	0.00675788
0.875	0.583333	0.00576231
0.895833	0.583333	0.00478183
0.916667	0.583333	0.0038129
0.9375	0.583333	0.00285261
0.958333	0.583333	0.00189846
0.979167	0.583333	0.000948267
1	0.583333	0
0	0.604167	0
0.0208333	0.604167	0.000826119
0.0416667	0.604167	0.00165614
0.0625	0.604167	0.00249399
0.0833333	0.604167	0.00334376
0.104167	0.604167	0.00420974
0.125	0.604167	0.00509655
0.145833	0.604167	0.00600929
0.166667	0.604167	0.00695367
0.1875	0.604167	0.00793632
0.208333	0.604167	0.00896505
0.229167	0.604167	0.0100494
0.25	0.604167	0.011201
0.270833	0.604167	0.0124348
0.291667	0.604167	0.0137693
0.3125	0.604167	0.0152279
0.333333	0.604167	0.0168382
0.354167	0.604167	0.0181964
0.375	0.604167	0.0193299
0.395833	0.604167	0.020261
0.416667	0.604167	0.0210074
0.4375	0.604167	0.021582
0.458333	0.604167	0.0219943
0.479167	0.604167	0.0222505
0.5	0.604167	0.0223546
0.520833	0.604167	0.0223078
0.541667	0.604167	0.022109
0.5625	0.604167	0.0217546
0.583333	0.604167	0.0212381
0.604167	0.604167	0.0205497
0.625	0.604167	0.0196755
0.645833	0.604167	0.0185968
0.666667	0.604167	0.0172897
0.6875	0.604167	0.0157251
0.708333	0.604167	0.0143054
0.729167	0.604167	0.013001
0.75	0.604167	0.0117873
0.770833	0.604167	0.0106445
0.791667	0.604167	0.00955708
0.8125	0.604167	0.00851284
0.833333	0.604167	0.00750239
0.854167	0.604167	0.00651839
0.875	0.604167	0.00555503
0.895833	0.604167	0.00460773
0.916667	0.604167	0.00367276
0.9375	0.604167	0.00274701
0.958333	0.604167	0.00182783
0.979167	0.604167	0.000912887
1	0.604167	0
0	0.625	0
0.0208333	0.625	0.000800351
0.0416667	0.625	0.00160441
0.0625	0.625	0.00241593
0.0833333	0.625	0.00323877
0.104167	0.625	0.00407701
0.125	0.625	0.00493503
0.145833	0.625	0.00581761
0.166667	0.625	0.0067301
0.1875	0.625	0.00767867
0.208333	0.625	0.00867055
0.229167	0.625	0.00971447
0.25	0.625	0.0108213
0.270833	0.625	0.0120047
0.291667	0.625	0.0132829
0.3125	0.625	0.0146797
0.333333	0.625	0.0162264
0.354167	0.625	0.0175262
0.375	0.625	0.0186101
0.395833	0.625	0.0195011
0.416667	0.625	0.0202161
0.4375	0.625	0.0207671
0.458333	0.625	0.0211625
0.479167	0.625	0.0214081
0.5	0.625	0.0215071
0.520833	0.625	0.0214605
0.541667	0.625	0.0212673
0.5625	0.625	0.0209242
0.583333	0.625	0.0204252
0.604167	0.625	0.0197614
0.625	0.625	0.01892
0.645833	0.625	0.0178833
0.666667	0.625	0.016627
0.6875	0.625	0.0151187
0.708333	0.625	0.0137542
0.729167	0.625	0.0125007
0.75	0.625	0.0113332
0.770833	0.625	0.0102328
0.791667	0.625	0.00918512
0.8125	0.625	0.00817901
0.833333	0.625	0.00720582
0.854167	0.625	0.00625867
0.875	0.625	0.00533209
0.895833	0.625	0.00442163
0.916667	0.625	0.00352363
0.9375	0.625	0.00263501
0.958333	0.625	0.00175309
0.979167	0.625	0.000875492
1	0.625	0
0	0.645833	0
0.0208333	0.645833	0.000770968
0.0416667	0.645833	0.0015454
0.0625	0.645833	0.00232677
0.0833333	0.645833	0.00311868
0.104167	0.645833	0.00392488
0.125	0.645833	0.00474938
0.145833	0.645833	0.00559649
0.166667	0.645833	0.00647101
0.1875	0.645833	0.00737832
0.208333	0.645833	0.00832466
0.229167	0.645833	0.00931741
0.25	0.645833	0.0103656
0.270833	0.645833	0.0114808
0.291667	0.645833	0.0126787
0.3125	0.645833	0.0139824
0.333333	0.645833	0.0154284
0.354167	0.645833	0.0166389
0.375	0.645833	0.01765
0.395833	0.645833	0.0184842
0.416667	0.645833	0.0191558
0.4375	0.645833	0.0196747
0.458333	0.645833	0.0200477
0.479167	0.645833	0.0202793
0.5	0.645833	0.0203721
0.520833	0.645833	0.0203269
0.541667	0.645833	0.0201426
0.5625	0.645833	0.0198166
0.583333	0.645833	0.019344
0.604167	0.645833	0.0187176
0.625	0.645833	0.0179268
0.645833	0.645833	0.0169564
0.666667	0.645833	0.015783
0.6875	0.645833	0.0143695
0.708333	0.645833	0.0130928
0.729167	0.645833	0.0119151
0.75	0.645833	0.0108127
0.770833	0.645833	0.00976904
0.791667	0.645833	0.00877217
0.8125	0.645833	0.00781283
0.833333	0.645833	0.00688368
0.854167	0.645833	0.00597882
0.875	0.645833	0.00509338
0.895833	0.645833	0.00422336
0.916667	0.645833	0.00336536
0.9375	0.645833	0.00251648
0.958333	0.645833	0.00167414
0.979167	0.645833	0.000836036
1	0.645833	0
0	0.666667	0
0.0208333	0.666667	0.000738215
0.0416667	0.666667	0.00147959
0.0625	0.666667	0.0022273
0.0833333	0.666667	0.00298458
0.104167	0.666667	0.00375482
0.125	0.666667	0.00454152
0.145833	0.666667	0.00534845
0.166667	0.666667	0.00617965
0.1875	0.666667	0.00703953
0.208333	0.666667	0.00793301
0.229167	0.666667	0.0088656
0.25	0.666667	0.00984369
0.270833	0.666667	0.010875
0.291667	0.666667	0.0119696
0.3125	0.666667	0.0131436
0.333333	0.666667	0.0144328
0.354167	0.666667	0.0155177
0.375	0.666667	0.0164339
0.395833	0.666667	0.0171967
0.416667	0.666667	0.0178151
0.4375	0.666667	0.0182951
0.458333	0.666667	0.0186412
0.479167	0.666667	0.0188564
0.5	0.666667	0.0189422
0.520833	0.666667	0.0188992
0.541667	0.666667	0.0187266
0.5625	0.666667	0.0184225
0.583333	0.666667	0.0179836
0.604167	0.666667	0.017405
0.625	0.666667	0.0166801
0.645833	0.666667	0.0157992
0.666667	0.666667	0.014746
0.6875	0.666667	0.0134844
0.708333	0.666667	0.012333
0.729167	0.666667	0.0112551
0.75	0.666667	0.010234
0.770833	0.666667	0.00925911
0.791667	0.666667	0.00832226
0.8125	0.666667	0.00741697
0.833333	0.666667	0.00653774
0.854167	0.666667	0.00567995
0.875	0.666667	0.00483962
0.895833	0.666667	0.00401336
0.916667	0.666667	0.00319822
0.9375	0.666667	0.00239156
0.958333	0.666667	0.00159106
0.979167	0.666667	0.000794552
1	0.666667	0
0	0.6875	0
0.0208333	0.6875	0.00070239
0.0416667	0.6875	0.0014076
0.0625	0.6875	0.00211846
0.0833333	0.6875	0.00283782
0.104167	0.6875	0.00356861
0.125	0.6875	0.00431384
0.145833	0.6875	0.0050766
0.166667	0.6875	0.00586012
0.1875	0.6875	0.00666772
0.208333	0.6875	0.00750284
0.229167	0.6875	0.00836893
0.25	0.6875	0.00926928
0.270833	0.6875	0.0102066
0.291667	0.6875	0.0111818
0.3125	0.6875	0.0121904
0.333333	0.6875	0.0132082
0.354167	0.6875	0.0141322
0.375	0.6875	0.0149381
0.395833	0.6875	0.0156206
0.416667	0.6875	0.0161796
0.4375	0.6875	0.0166164
0.458333	0.6875	0.0169327
0.479167	0.6875	0.0171297
0.5	0.6875	0.017208
0.520833	0.6875	0.017168
0.541667	0.6875	0.017009
0.5625	0.6875	0.0167302
0.583333	0.6875	0.0163297
0.604167	0.6875	0.0158057
0.625	0.6875	0.0151563
0.645833	0.6875	0.014381
0.666667	0.6875	0.0134843
0.6875	0.6875	0.01249
0.708333	0.6875	0.0115004
0.729167	0.6875	0.010539
0.75	0.6875	0.00960991
0.770833	0.6875	0.00871169
0.791667	0.6875	0.00784137
0.8125	0.6875	0.00699554
0.833333	0.6875	0.00617082
0.854167	0.6875	0.005364
0.875	0.6875	0.00457213
0.895833	0.6875	0.00379254
0.916667	0.6875	0.00302279
0.9375	0.6875	0.00226066
0.958333	0.6875	0.00150409
0.979167	0.6875	0.000751153
1	0.6875	0
0	0.708333	0
0.0208333	0.708333	0.000663826
0.0416667	0.708333	0.00133012
0.0625	0.708333	0.00200132
0.0833333	0.708333	0.0026799
0.104167	0.708333	0.0033683
0.125	0.708333	0.004069
0.145833	0.708333	0.00478443
0.166667	0.708333	0.00551699
0.1875	0.708333	0.00626894
0.208333	0.708333	0.00704231
0.229167	0.708333	0.00783864
0.25	0.708333	0.00865858
0.270833	0.708333	0.00950104
0.291667	0.708333	0.0103615
0.3125	0.708333	0.0112288
0.333333	0.708333	0.0120782
0.354167	0.708333	0.0128657
0.375	0.708333	0.0135665
0.395833	0.708333	0.0141688
0.416667	0.708333	0.0146671
0.4375	0.708333	0.0150593
0.458333	0.708333	0.0153444
0.479167	0.708333	0.0155224
0.5	0.708333	0.0155932
0.520833	0.708333	0.0155565
0.541667	0.708333	0.0154123
0.5625	0.708333	0.0151603
0.583333	0.708333	0.0148003
0.604167	0.708333	0.0143327
0.625	0.708333	0.0137593
0.645833	0.708333	0.0130849
0.666667	0.708333	0.0123209
0.6875	0.708333	0.0114915
0.708333	0.708333	0.0106403
0.729167	0.708333	0.00979136
0.75	0.708333	0.00895551
0.770833	0.708333	0.00813694
0.791667	0.708333	0.00733651
0.8125	0.708333	0.00655351
0.833333	0.708333	0.00578644
0.854167	0.708333	0.00503348
0.875	0.708333	0.00429269
0.895833	0.708333	0.00356215
0.916667	0.708333	0.00283997
0.9375	0.708333	0.00212435
0.958333	0.708333	0.00141359
0.979167	0.708333	0.000706008
1	0.708333	0
0	0.729167	0
0.0208333	0.729167	0.000622876
0.0416667	0.729167	0.00124785
0.0625	0.729167	0.00187701
0.0833333	0.729167	0.00251239
0.104167	0.729167	0.003156
0.125	0.729167	0.00380978
0.145833	0.729167	0.00447555
0.166667	0.729167	0.00515493
0.1875	0.729167	0.00584925
0.208333	0.729167	0.00655936
0.229167	0.729167	0.00728534
0.25	0.729167	0.008026
0.270833	0.729167	0.00877812
0.291667	0.729167	0.0095352
0.3125	0.729167	0.0102856
0.333333	0.729167	0.0110109
0.354167	0.729167	0.0116868
0.375	0.729167	0.0122944
0.395833	0.729167	0.0128217
0.416667	0.729167	0.0132616
0.4375	0.729167	0.0136099
0.458333	0.729167	0.0138643
0.479167	0.729167	0.0140234
0.5	0.729167	0.0140866
0.520833	0.729167	0.0140536
0.541667	0.729167	0.0139243
0.5625	0.729167	0.0136993
0.583333	0.729167	0.0133792
0.604167	0.729167	0.0129662
0.625	0.729167	0.012464
0.645833	0.729167	0.0118793
0.666667	0.729167	0.0112237
0.6875	0.729167	0.0105155
0.708333	0.729167	0.00977866
0.729167	0.729167	0.00903121
0.75	0.729167	0.00828444
0.770833	0.729167	0.00754459
0.791667	0.729167	0.00681474
0.8125	0.729167	0.00609599
0.833333	0.729167	0.00538835
0.854167	0.729167	0.00469114
0.875	0.729167	0.00400332
0.895833	0.729167	0.00332364
0.916667	0.729167	0.00265077
0.9375	0.729167	0.00198335
0.958333	0.729167	0.00131999
0.979167	0.729167	0.000659326
1	0.729167	0
0	0.75	0
0.0208333	0.75	0.000579897
0.0416667	0.75	0.00116155
0.0625	0.75	0.00174666
0.0833333	0.75	0.00233689
0.104167	0.75	0.00293383
0.125	0.75	0.00353893
0.145833	0.75	0.00415344
0.166667	0.75	0.00477836
0.1875	0.75	0.00541425
0.208333	0.75	0.00606108
0.229167	0.75	0.00671793
0.25	0.75	0.00738257
0.270833	0.75	0.00805089
0.291667	0.75	0.0087162
0.3125	0.75	0.00936839
0.333333	0.75	0.00999383
0.354167	0.75	0.0105767
0.375	0.75	0.0111033
0.395833	0.75	0.011563
0.416667	0.75	0.0119486
0.4375	0.75	0.0122553
0.458333	0.75	0.0124801
0.479167	0.75	0.012621
0.5	0.75	0.012677
0.520833	0.75	0.0126476
0.541667	0.75	0.012533
0.5625	0.75	0.012334
0.583333	0.75	0.012052
0.604167	0.75	0.0116898
0.625	0.75	0.0112519
0.645833	0.75	0.0107452
0.666667	0.75	0.0101797
0.6875	0.75	0.00956892
0.708333	0.75	0.00892823
0.729167	0.75	0.00827098
0.75	0.75	0.007607
0.770833	0.75	0.00694279
0.791667	0.75	0.00628233
0.8125	0.75	0.00562781
0.833333	0.75	0.00498023
0.854167	0.75	0.00433976
0.875	0.75	0.00370609
0.895833	0.75	0.00307856
0.916667	0.75	0.00245633
0.9375	0.75	0.00183841
0.958333	0.75	0.00122378
0.979167	0.75	0.000611343
1	0.75	0
0	0.770833	0
0.0208333	0.770833	0.000535237
0.0416667	0.770833	0.0010719
0.0625	0.770833	0.00161135
0.0833333	0.770833	0.00215491
0.104167	0.770833	0.00270377
0.125	0.770833	0.00325897
0.145833	0.770833	0.0038213
0.166667	0.770833	0.00439123
0.1875	0.770833	0.00496877
0.208333	0.770833	0.00555328
0.229167	0.770833	0.00614326
0.25	0.770833	0.00673601
0.270833	0.770833	0.00732729
0.291667	0.770833	0.00791093
0.3125	0.770833	0.00847857
0.333333	0.770833	0.00901994
0.354167	0.770833	0.00952379
0.375	0.770833	0.00997969
0.395833	0.770833	0.010379
0.416667	0.770833	0.0107152
0.4375	0.770833	0.0109835
0.458333	0.770833	0.0111806
0.479167	0.770833	0.0113044
0.5	0.770833	0.0113536
0.520833	0.770833	0.0113277
0.541667	0.770833	0.0112269
0.5625	0.770833	0.0110523
0.583333	0.770833	0.0108056
0.604167	0.770833	0.0104898
0.625	0.770833	0.0101094
0.645833	0.770833	0.00967062
0.666667	0.770833	0.00918172
0.6875	0.770833	0.00865285
0.708333	0.770833	0.00809495
0.729167	0.770833	0.00751806
0.75	0.770833	0.00693031
0.770833	0.770833	0.00633771
0.791667	0.770833	0.00574442
0.8125	0.770833	0.00515311
0.833333	0.770833	0.00456535
0.854167	0.770833	0.00398191
0.875	0.770833	0.00340299
0.895833	0.770833	0.00282842
0.916667	0.770833	0.00225774
0.9375	0.770833	0.00169033
0.958333	0.770833	0.00112546
0.979167	0.770833	0.000562298
1	0.770833	0
0	0.791667	0
0.0208333	0.791667	0.000489219
0.0416667	0.791667	0.000979564
0.0625	0.791667	0.00147211
0.0833333	0.791667	0.00196784
0.104167	0.791667	0.00246764
0.125	0.791667	0.00297218
0.145833	0.791667	0.0034819
0.166667	0.791667	0.00399687
0.1875	0.791667	0.00451673
0.208333	0.791667	0.00504047
0.229167	0.791667	0.00556631
0.25	0.791667	0.00609146
0.270833	0.791667	0.0066119
0.291667	0.791667	0.00712223
0.3125	0.791667	0.00761565
0.333333	0.791667	0.00808421
0.354167	0.791667	0.00851947
0.375	0.791667	0.00891337
0.395833	0.791667	0.00925892
0.416667	0.791667	0.00955043
0.4375	0.791667	0.00978356
0.458333	0.791667	0.00995513
0.479167	0.791667	0.010063
0.5	0.791667	0.0101059
0.520833	0.791667	0.0100833
0.541667	0.791667	0.00999548
0.5625	0.791667	0.00984343
0.583333	0.791667	0.00962904
0.604167	0.791667	0.00935518
0.625	0.791667	0.00902595
0.645833	0.791667	0.00864674
0.666667	0.791667	0.00822429
0.6875	0.791667	0.00776638
0.708333	0.791667	0.00728121
0.729167	0.791667	0.00677652
0.75	0.791667	0.00625896
0.770833	0.791667	0.00573379
0.791667	0.791667	0.00520495
0.8125	0.791667	0.00467524
0.833333	0.791667	0.00414649
0.854167	0.791667	0.00361983
0.875	0.791667	0.0030958
0.895833	0.791667	0.00257459
0.916667	0.791667	0.00205605
0.9375	0.791667	0.00153984
0.958333	0.791667	0.00102549
0.979167	0.791667	0.000512423
1	0.791667	0
0	0.8125	0
0.0208333	0.8125	0.000442136
0.0416667	0.8125	0.000885137
0.0625	0.8125	0.00132982
0.0833333	0.8125	0.0017769
0.104167	0.8125	0.00222699
0.125	0.8125	0.00268048
0.145833	0.8125	0.00313755
0.166667	0.8125	0.00359799
0.1875	0.8125	0.0040612
0.208333	0.8125	0.00452599
0.229167	0.8125	0.00499052
0.25	0.8125	0.0054521
0.270833	0.8125	0.00590712
0.291667	0.8125	0.00635099
0.3125	0.8125	0.00677815
0.333333	0.8125	0.00718236
0.354167	0.8125	0.00755709
0.375	0.8125	0.00789602
0.395833	0.8125	0.00819348
0.416667	0.8125	0.00844469
0.4375	0.8125	0.00864583
0.458333	0.8125	0.00879402
0.479167	0.8125	0.00888728
0.5	0.8125	0.00892437
0.520833	0.8125	0.00890483
0.541667	0.8125	0.0088289
0.5625	0.8125	0.00869754
0.583333	0.8125	0.00851254
0.604167	0.8125	0.00827652
0.625	0.8125	0.00799306
0.645833	0.8125	0.0076667
0.666667	0.8125	0.00730288
0.6875	0.8125	0.0069077
0.708333	0.8125	0.00648749
0.729167	0.8125	0.00604835
0.75	0.8125	0.00559566
0.770833	0.8125	0.00513394
0.791667	0.8125	0.00466674
0.8125	0.8125	0.00419675
0.833333	0.8125	0.00372586
0.854167	0.8125	0.00325537
0.875	0.8125	0.00278604
0.895833	0.8125	0.00231827
0.916667	0.8125	0.00185217
0.9375	0.8125	0.00138761
0.958333	0.8125	0.000924318
0.979167	0.8125	0.000461929
1	0.8125	0
0	0.833333	0
0.0208333	0.833333	0.000394241
0.0416667	0.833333	0.000789128
0.0625	0.833333	0.00118525
0.0833333	0.833333	0.00158313
0.104167	0.833333	0.00198313
0.125	0.833333	0.00238547
0.145833	0.833333	0.0027901
0.166667	0.833333	0.00319667
0.1875	0.833333	0.00360443
0.208333	0.833333	0.00401216
0.229167	0.833333	0.00441808
0.25	0.833333	0.00481973
0.270833	0.833333	0.00521397
0.291667	0.833333	0.00559693
0.3125	0.833333	0.00596411
0.333333	0.833333	0.00631054
0.354167	0.833333	0.00663107
0.375	0.833333	0.00692071
0.395833	0.833333	0.00717487
0.416667	0.833333	0.00738959
0.4375	0.833333	0.00756162
0.458333	0.833333	0.00768846
0.479167	0.833333	0.00776831
0.5	0.833333	0.00780009
0.520833	0.833333	0.00778335
0.541667	0.833333	0.00771832
0.5625	0.833333	0.00760588
0.583333	0.833333	0.00744763
0.604167	0.833333	0.00724586
0.625	0.833333	0.0070036
0.645833	0.833333	0.00672463
0.666667	0.833333	0.00641333
0.6875	0.833333	0.00607452
0.708333	0.833333	0.00571318
0.729167	0.833333	0.00533415
0.75	0.833333	0.0049418
0.770833	0.833333	0.00453994
0.791667	0.833333	0.00413168
0.8125	0.833333	0.00371946
0.833333	0.833333	0.00330513
0.854167	0.833333	0.00288999
0.875	0.833333	0.00247493
0.895833	0.833333	0.00206048
0.916667	0.833333	0.00164688
0.9375	0.833333	0.0012342
0.958333	0.833333	0.000822306
0.979167	0.833333	0.000411002
1	0.833333	0
0	0.854167	0
0.0208333	0.854167	0.00034575
0.0416667	0.854167	0.000691965
0.0625	0.854167	0.00103906
0.0833333	0.854167	0.00138738
0.104167	0.854167	0.00173714
0.125	0.854167	0.00208839
0.145833	0.854167	0.00244097
0.166667	0.854167	0.00279443
0.1875	0.854167	0.003148
0.208333	0.854167	0.00350049
0.229167	0.854167	0.00385027
0.25	0.854167	0.00419518
0.270833	0.854167	0.00453252
0.291667	0.854167	0.0048591
0.3125	0.854167	0.00517127
0.333333	0.854167	0.00546508
0.354167	0.854167	0.00573643
0.375	0.854167	0.00598137
0.395833	0.854167	0.00619621
0.416667	0.854167	0.00637771
0.4375	0.854167	0.00652315
0.458333	0.854167	0.00663042
0.479167	0.854167	0.00669797
0.5	0.854167	0.00672485
0.520833	0.854167	0.00671068
0.541667	0.854167	0.00665566
0.5625	0.854167	0.00656057
0.583333	0.854167	0.00642675
0.604167	0.854167	0.00625617
0.625	0.854167	0.00605135
0.645833	0.854167	0.00581537
0.666667	0.854167	0.00555174
0.6875	0.854167	0.0052643
0.708333	0.854167	0.00495699
0.729167	0.854167	0.00463364
0.75	0.854167	0.00429782
0.770833	0.854167	0.00395268
0.791667	0.854167	0.00360088
0.8125	0.854167	0.00324457
0.833333	0.854167	0.00288544
0.854167	0.854167	0.00252476
0.875	0.854167	0.00216341
0.895833	0.854167	0.00180198
0.916667	0.854167	0.00144082
0.9375	0.854167	0.00108008
0.958333	0.854167	0.000719765
0.979167	0.854167	0.000359793
1	0.854167	0
0	0.875	0
0.0208333	0.875	0.000296835
0.0416667	0.875	0.000593994
0.0625	0.875	0.000891754
0.0833333	0.875	0.00119033
0.104167	0.875	0.00148981
0.125	0.875	0.00179017
0.145833	0.875	0.00209117
0.166667	0.875	0.00239233
0.1875	0.875	0.00269292
0.208333	0.875	0.00299184
0.229167	0.875	0.00328766
0.25	0.875	0.00357852
0.270833	0.875	0.0038622
0.291667	0.875	0.00413607
0.3125	0.875	0.00439721
0.333333	0.875	0.00464247
0.354167	0.875	0.00486865
0.375	0.875	0.00507258
0.395833	0.875	0.00525135
0.416667	0.875	0.00540233
0.4375	0.875	0.00552332
0.458333	0.875	0.00561256
0.479167	0.875	0.00566876
0.5	0.875	0.00569113
0.520833	0.875	0.00567933
0.541667	0.875	0.00563355
0.5625	0.875	0.00555443
0.583333	0.875	0.00544309
0.604167	0.875	0.00530116
0.625	0.875	0.0051307
0.645833	0.875	0.00493416
0.666667	0.875	0.00471437
0.6875	0.875	0.00447434
0.708333	0.875	0.00421718
0.729167	0.875	0.00394595
0.75	0.875	0.00366349
0.770833	0.875	0.00337239
0.791667	0.875	0.00307485
0.8125	0.875	0.00277274
0.833333	0.875	0.00246754
0.854167	0.875	0.00216038
0.875	0.875	0.00185212
0.895833	0.875	0.00154335
0.916667	0.875	0.00123444
0.9375	0.875	0.000925604
0.958333	0.875	0.000616937
0.979167	0.875	0.000308424
1	0.875	0
0	0.895833	0
0.0208333	0.895833	0.000247635
0.0416667	0.895833	0.000495484
0.0625	0.895833	0.000743726
0.0833333	0.895833	0.000992476
0.104167	0.895833	0.00124176
0.125	0.895833	0.00149149
0.145833	0.895833	0.0017414
0.166667	0.895833	0.00199104
0.1875	0.895833	0.00223974
0.208333	0.895833	0.00248655
0.229167	0.895833	0.00273027
0.25	0.895833	0.00296936
0.270833	0.895833	0.003202
0.291667	0.895833	0.00342611
0.3125	0.895833	0.00363937
0.333333	0.895833	0.00383932
0.354167	0.895833	0.00402346
0.375	0.895833	0.00418934
0.395833	0.895833	0.00433465
0.416667	0.895833	0.00445734
0.4375	0.895833	0.00455564
0.458333	0.895833	0.00462813
0.479167	0.895833	0.0046738
0.5	0.895833	0.00469196
0.520833	0.895833	0.00468238
0.541667	0.895833	0.00464518
0.5625	0.895833	0.00458089
0.583333	0.895833	0.00449042
0.604167	0.895833	0.00437506
0.625	0.895833	0.00423647
0.645833	0.895833	0.00407657
0.666667	0.895833	0.00389758
0.6875	0.895833	0.00370183
0.708333	0.895833	0.00349177
0.729167	0.895833	0.00326976
0.75	0.895833	0.00303808
0.770833	0.895833	0.00279877
0.791667	0.895833	0.00255364
0.8125	0.895833	0.00230423
0.833333	0.895833	0.00205177
0.854167	0.895833	0.00179728
0.875	0.895833	0.00154149
0.895833	0.895833	0.00128496
0.916667	0.895833	0.00102807
0.9375	0.895833	0.000771037
0.958333	0.895833	0.000513994
0.979167	0.895833	0.000256984
1	0.895833	0
0	0.916667	0
0.0208333	0.916667	0.00019825
0.0416667	0.916667	0.000396636
0.0625	0.916667	0.000595262
0.0833333	0.916667	0.000794186
0.104167	0.916667	0.00099339
0.125	0.916667	0.00119276
0.145833	0.916667	0.00139205
0.166667	0.916667	0.00159086
0.1875	0.916667	0.00178863
0.208333	0.916667	0.00198458
0.229167	0.916667	0.00217773
0.25	0.916667	0.00236688
0.270833	0.916667	0.00255059
0.291667	0.916667	0.00272726
0.3125	0.916667	0.00289511
0.333333	0.916667	0.00305228
0.354167	0.916667	0.00319685
0.375	0.916667	0.00332698
0.395833	0.916667	0.00344091
0.416667	0.916667	0.00353706
0.4375	0.916667	0.00361408
0.458333	0.916667	0.00367088
0.479167	0.916667	0.00370665
0.5	0.916667	0.00372089
0.520833	0.916667	0.00371338
0.541667	0.916667	0.00368422
0.5625	0.916667	0.00363384
0.583333	0.916667	0.00356294
0.604167	0.916667	0.00347252
0.625	0.916667	0.00336384
0.645833	0.916667	0.00323838
0.666667	0.916667	0.00309781
0.6875	0.916667	0.00294392
0.708333	0.916667	0.00277854
0.729167	0.916667	0.0026035
0.75	0.916667	0.00242052
0.770833	0.916667	0.00223118
0.791667	0.916667	0.00203691
0.8125	0.916667	0.00183892
0.833333	0.916667	0.00163821
0.854167	0.916667	0.0014356
0.875	0.916667	0.00123172
0.895833	0.916667	0.00102705
0.916667	0.916667	0.000821914
0.9375	0.916667	0.000616537
0.958333	0.916667	0.000411054
0.979167	0.916667	0.000205533
1	0.916667	0
0	0.9375	0
0.0208333	0.9375	0.000148754
0.0416667	0.9375	0.000297589
0.0625	0.9375	0.000446561
0.0833333	0.9375	0.000595692
0.104167	0.9375	0.000744946
0.125	0.9375	0.000894214
0.145833	0.9375	0.00104329
0.166667	0.9375	0.00119187
0.1875	0.9375	0.00133949
0.208333	0.9375	0.00148558
0.229167	0.9375	0.00162939
0.25	0.9375	0.00177003
0.270833	0.9375	0.00190644
0.291667	0.9375	0.00203744
0.3125	0.9375	0.00216177
0.333333	0.9375	0.00227805
0.354167	0.9375	0.00238493
0.375	0.9375	0.00248107
0.395833	0.9375	0.00256519
0.416667	0.9375	0.00263617
0.4375	0.9375	0.00269301
0.458333	0.9375	0.00273492
0.479167	0.9375	0.00276132
0.5	0.9375	0.00277182
0.520833	0.9375	0.00276627
0.541667	0.9375	0.00274476
0.5625	0.9375	0.00270758
0.583333	0.9375	0.00265524
0.604167	0.9375	0.00258849
0.625	0.9375	0.00250822
0.645833	0.9375	0.00241552
0.666667	0.9375	0.00231158
0.6875	0.9375	0.0021977
0.708333	0.9375	0.00207519
0.729167	0.9375	0.00194536
0.75	0.9375	0.00180948
0.770833	0.9375	0.0016687
0.791667	0.9375	0.00152406
0.8125	0.9375	0.00137646
0.833333	0.9375	0.00122667
0.854167	0.9375	0.0010753
0.875	0.9375	0.000922845
0.895833	0.9375	0.000769674
0.916667	0.9375	0.00061606
0.9375	0.9375	0.000462188
0.958333	0.9375	0.000308179
0.979167	0.9375	0.000154103
1	0.9375	0
0	0.958333	0
0.0208333	0.958333	9.91954e-05
0.0416667	0.958333	0.000198434
0.0625	0.958333	0.000297745
0.0833333	0.958333	0.00039713
0.104167	0.958333	0.000496556
0.125	0.958333	0.000595941
0.145833	0.958333	0.000695138
0.166667	0.958333	0.000793928
0.1875	0.958333	0.00089201
0.208333	0.958333	0.000988984
0.229167	0.958333	0.00108436
0.25	0.958333	0.00117754
0.270833	0.958333	0.00126783
0.291667	0.958333	0.00135447
0.3125	0.958333	0.00143662
0.333333	0.958333	0.00151341
0.354167	0.958333	0.00158394
0.375	0.958333	0.00164734
0.395833	0.958333	0.00170281
0.416667	0.958333	0.00174959
0.4375	0.958333	0.00178705
0.458333	0.958333	0.00181467
0.479167	0.958333	0.00183207
0.5	0.958333	0.00183898
0.520833	0.958333	0.00183533
0.541667	0.958333	0.00182115
0.5625	0.958333	0.00179665
0.583333	0.958333	0.00176215
0.604167	0.958333	0.00171814
0.625	0.958333	0.00166521
0.645833	0.958333	0.00160406
0.666667	0.958333	0.00153547
0.6875	0.958333	0.00146026
0.708333	0.958333	0.0013793
0.729167	0.958333	0.00129343
0.75	0.958333	0.00120348
0.770833	0.958333	0.0011102
0.791667	0.958333	0.00101427
0.8125	0.958333	0.000916302
0.833333	0.958333	0.000816794
0.854167	0.958333	0.000716165
0.875	0.958333	0.000614748
0.895833	0.958333	0.000512799
0.916667	0.958333	0.000410508
0.9375	0.958333	0.000308008
0.958333	0.958333	0.000205389
0.979167	0.958333	0.000102708
1	0.958333	0
0	0.979167	0
0.0208333	0.979167	4.96046e-05
0.0416667	0.979167	9.92279e-05
0.0625	0.979167	0.000148881
0.0833333	0.979167	0.000198562
0.104167	0.979167	0.000248251
0.125	0.979167	0.000297904
0.145833	0.979167	0.000347445
0.166667	0.979167	0.000396762
0.1875	0.979167	0.000445702
0.208333	0.979167	0.000494064
0.229167	0.979167	0.000541602
0.25	0.979167	0.00058802
0.270833	0.979167	0.000632976
0.291667	0.979167	0.000676089
0.3125	0.979167	0.000716948
0.333333	0.979167	0.00075512
0.354167	0.979167	0.000790171
0.375	0.979167	0.000821673
0.395833	0.979167	0.000849223
0.416667	0.979167	0.000872456
0.4375	0.979167	0.000891059
0.458333	0.979167	0.000904773
0.479167	0.979167	0.000913408
0.5	0.979167	0.000916843
0.520833	0.979167	0.000915028
0.541667	0.979167	0.000907987
0.5625	0.979167	0.000895819
0.583333	0.979167	0.000878689
0.604167	0.979167	0.000856832
0.625	0.979167	0.00083054
0.645833	0.979167	0.000800156
0.666667	0.979167	0.000766063
0.6875	0.979167	0.000728671
0.708333	0.979167	0.0006884
0.729167	0.979167	0.000645669
0.75	0.979167	0.000600881
0.770833	0.979167	0.000554412
0.791667	0.979167	0.0005066
0.8125	0.979167	0.000457743
0.833333	0.979167	0.000408095
0.854167	0.979167	0.000357866
0.875	0.979167	0.000307224
0.895833	0.979167	0.0002563
0.916667	0.979167	0.000205191
0.9375	0.979167	0.000153966
0.958333	0.979167	0.000102674
0.979167	0.979167	5.13451e-05
1	0.979167	0
0	1	0
0.0208333	1	0
0.0416667	1	0
0.0625	1	0
0.0833333	1	0
0.104167	1	0
0.125	1	0
0.145833	1	0
0.166667	1	0
0.1875	1	0
0.208333	1	0
0.229167	1	0
0.25	1	0
0.270833	1	0
0.291667	1	0
0.3125	1	0
0.333333	1	0
0.354167	1	0
0.375	1	0
0.395833	1	0
0.416667	1	0
0.4375	1	0
0.458333	1	0
0.479167	1	0
0.5	1	0
0.520833	1	0
0.541667	1	0
0.5625	1	0
0.583333	1	0
0.604167	1	0
0.625	1	0
0.645833	1	0
0.666667	1	0
0.6875	1	0
0.708333	1	0
0.729167	1	0
0.75	1	0
0.770833	1	0
0.791667	1	0
0.8125	1	0
0.833333	1	0
0.854167	1	0
0.875	1	0
0.895833	1	0
0.916667	1	0
0.9375	1	0
0.958333	1	0
0.979167	1	0
1	1	0
