0	0	0
0.005	0	0
0.01	0	0
0.015	0	0
0.02	0	0
0.025	0	0
0.03	0	0
0.035	0	0
0.04	0	0
0.045	0	0
0.05	0	0
0.055	0	0
0.06	0	0
0.065	0	0
0.07	0	0
0.075	0	0
0.08	0	0
0.085	0	0
0.09	0	0
0.095	0	0
0.1	0	0
0.105	0	0
0.11	0	0
0.115	0	0
0.12	0	0
0.125	0	0
0.13	0	0
0.135	0	0
0.14	0	0
0.145	0	0
0.15	0	0
0.155	0	0
0.16	0	0
0.165	0	0
0.17	0	0
0.175	0	0
0.18	0	0
0.185	0	0
0.19	0	0
0.195	0	0
0.2	0	0
0	0.025	0.00888806
0.00551916	0.025	0.00888563
0.0110383	0.025	0.00887833
0.0165575	0.025	0.00886613
0.0220767	0.025	0.008849
0.0275958	0.025	0.00882687
0.033115	0.025	0.00879967
0.0386341	0.025	0.00876732
0.0441533	0.025	0.00872969
0.0496725	0.025	0.00868665
0.0551916	0.025	0.00863805
0.0607108	0.025	0.0085837
0.06623	0.025	0.00852338
0.0717491	0.025	0.00845686
0.0772683	0.025	0.00838384
0.0827875	0.025	0.00830401
0.0883066	0.025	0.00821699
0.0938258	0.025	0.00812236
0.099345	0.025	0.00801961
0.104864	0.025	0.00790817
0.110383	0.025	0.00778738
0.115902	0.025	0.00765647
0.121422	0.025	0.00751454
0.126941	0.025	0.00736054
0.13246	0.025	0.00719323
0.137979	0.025	0.00701117
0.143498	0.025	0.00681264
0.149017	0.025	0.00659561
0.154537	0.025	0.00635768
0.160056	0.025	0.006096
0.165575	0.025	0.00580716
0.171094	0.025	0.00548711
0.176613	0.025	0.00513102
0.182132	0.025	0.00473314
0.187652	0.025	0.00428659
0.193171	0.025	0.00378318
0.19869	0.025	0.00321317
0.204209	0.025	0.00256495
0.209728	0.025	0.00182475
0.215247	0.025	0.000976213
0.220767	0.025	0
0	0.05	0.0172511
0.00603833	0.05	0.0172454
0.0120767	0.05	0.0172285
0.018115	0.05	0.0172003
0.0241533	0.05	0.0171605
0.0301916	0.05	0.0171092
0.03623	0.05	0.0170462
0.0422683	0.05	0.0169711
0.0483066	0.05	0.0168837
0.054345	0.05	0.0167838
0.0603833	0.05	0.0166708
0.0664216	0.05	0.0165443
0.0724599	0.05	0.0164039
0.0784983	0.05	0.0162489
0.0845366	0.05	0.0160786
0.0905749	0.05	0.0158922
0.0966132	0.05	0.015689
0.102652	0.05	0.0154678
0.10869	0.05	0.0152275
0.114728	0.05	0.0149669
0.120767	0.05	0.0146844
0.126805	0.05	0.0143784
0.132843	0.05	0.0140471
0.138882	0.05	0.0136883
0.14492	0.05	0.0132997
0.150958	0.05	0.0128786
0.156997	0.05	0.0124219
0.163035	0.05	0.0119265
0.169073	0.05	0.0113887
0.175112	0.05	0.0108043
0.18115	0.05	0.0101692
0.187188	0.05	0.00947851
0.193226	0.05	0.00872742
0.199265	0.05	0.0079108
0.205303	0.05	0.00702352
0.211341	0.05	0.00606066
0.21738	0.05	0.00501778
0.223418	0.05	0.00389129
0.229456	0.05	0.00267904
0.235495	0.05	0.00138097
0.241533	0.05	0
0	0.075	0.0251824
0.00655749	0.075	0.0251729
0.013115	0.075	0.0251446
0.0196725	0.075	0.0250971
0.02623	0.075	0.0250305
0.0327875	0.075	0.0249444
0.039345	0.075	0.0248386
0.0459024	0.075	0.0247126
0.0524599	0.075	0.024566
0.0590174	0.075	0.0243983
0.0655749	0.075	0.0242087
0.0721324	0.075	0.0239967
0.0786899	0.075	0.0237613
0.0852474	0.075	0.0235016
0.0918049	0.075	0.0232166
0.0983624	0.075	0.0229049
0.10492	0.075	0.0225654
0.111477	0.075	0.0221965
0.118035	0.075	0.0217965
0.124592	0.075	0.0213636
0.13115	0.075	0.0208959
0.137707	0.075	0.0203911
0.144265	0.075	0.0198468
0.150822	0.075	0.0192605
0.15738	0.075	0.0186293
0.163937	0.075	0.0179502
0.170495	0.075	0.0172203
0.177052	0.075	0.0164361
0.18361	0.075	0.0155943
0.190167	0.075	0.0146915
0.196725	0.075	0.0137244
0.203282	0.075	0.0126896
0.20984	0.075	0.0115842
0.216397	0.075	0.0104055
0.222955	0.075	0.0091513
0.229512	0.075	0.00781992
0.23607	0.075	0.00641048
0.242627	0.075	0.00492283
0.249185	0.075	0.0033576
0.255742	0.075	0.0017161
0.2623	0.075	0
0	0.1	0.0327638
0.00707666	0.1	0.0327501
0.0141533	0.1	0.0327089
0.02123	0.1	0.0326401
0.0283066	0.1	0.0325434
0.0353833	0.1	0.0324186
0.0424599	0.1	0.0322652
0.0495366	0.1	0.0320826
0.0566132	0.1	0.0318704
0.0636899	0.1	0.0316276
0.0707666	0.1	0.0313536
0.0778432	0.1	0.0310473
0.0849199	0.1	0.0307076
0.0919965	0.1	0.0303334
0.0990732	0.1	0.0299233
0.10615	0.1	0.0294757
0.113226	0.1	0.0289892
0.120303	0.1	0.0284619
0.12738	0.1	0.027892
0.134456	0.1	0.0272772
0.141533	0.1	0.0266156
0.14861	0.1	0.0259046
0.155686	0.1	0.025142
0.162763	0.1	0.0243251
0.16984	0.1	0.0234513
0.176916	0.1	0.0225179
0.183993	0.1	0.0215224
0.19107	0.1	0.0204621
0.198146	0.1	0.0193345
0.205223	0.1	0.0181371
0.2123	0.1	0.016868
0.219376	0.1	0.0155251
0.226453	0.1	0.014107
0.23353	0.1	0.0126126
0.240606	0.1	0.011041
0.247683	0.1	0.00939204
0.25476	0.1	0.00766574
0.261836	0.1	0.00586256
0.268913	0.1	0.00398325
0.27599	0.1	0.00202872
0.283066	0.1	0
0	0.125	0.0400629
0.00759582	0.125	0.0400446
0.0151916	0.125	0.0399898
0.0227875	0.125	0.0398982
0.0303833	0.125	0.0397696
0.0379791	0.125	0.0396036
0.0455749	0.125	0.0393997
0.0531707	0.125	0.0391572
0.0607666	0.125	0.0388754
0.0683624	0.125	0.0385535
0.0759582	0.125	0.0381905
0.083554	0.125	0.0377853
0.0911498	0.125	0.0373366
0.0987457	0.125	0.036843
0.106341	0.125	0.0363032
0.113937	0.125	0.0357155
0.121533	0.125	0.0350781
0.129129	0.125	0.0343892
0.136725	0.125	0.0336469
0.144321	0.125	0.0328491
0.151916	0.125	0.0319937
0.159512	0.125	0.0310785
0.167108	0.125	0.0301012
0.174704	0.125	0.0290597
0.1823	0.125	0.0279518
0.189895	0.125	0.0267752
0.197491	0.125	0.0255281
0.205087	0.125	0.0242083
0.212683	0.125	0.0228143
0.220279	0.125	0.0213445
0.227875	0.125	0.0197976
0.23547	0.125	0.0181726
0.243066	0.125	0.0164688
0.250662	0.125	0.0146857
0.258258	0.125	0.0128233
0.265854	0.125	0.0108815
0.27345	0.125	0.00886077
0.281045	0.125	0.00676156
0.288641	0.125	0.00458452
0.296237	0.125	0.00233039
0.303833	0.125	0
0	0.15	0.0471329
0.00811498	0.15	0.04711
0.01623	0.15	0.0470411
0.024345	0.15	0.046926
0.0324599	0.15	0.0467644
0.0405749	0.15	0.0465559
0.0486899	0.15	0.0463
0.0568049	0.15	0.0459959
0.0649199	0.15	0.0456429
0.0730349	0.15	0.04524
0.0811498	0.15	0.0447861
0.0892648	0.15	0.0442802
0.0973798	0.15	0.0437208
0.105495	0.15	0.0431066
0.11361	0.15	0.0424362
0.121725	0.15	0.0417077
0.12984	0.15	0.0409197
0.137955	0.15	0.0400702
0.14607	0.15	0.0391574
0.154185	0.15	0.0381795
0.1623	0.15	0.0371345
0.170415	0.15	0.0360205
0.17853	0.15	0.0348356
0.186645	0.15	0.033578
0.19476	0.15	0.0322458
0.202875	0.15	0.0308375
0.21099	0.15	0.0293515
0.219105	0.15	0.0277865
0.22722	0.15	0.0261414
0.235335	0.15	0.024415
0.24345	0.15	0.0226068
0.251565	0.15	0.0207162
0.259679	0.15	0.0187429
0.267794	0.15	0.0166868
0.275909	0.15	0.0145479
0.284024	0.15	0.0123266
0.292139	0.15	0.0100231
0.300254	0.15	0.00763808
0.308369	0.15	0.00517209
0.316484	0.15	0.00262581
0.324599	0.15	0
0	0.175	0.0540141
0.00863415	0.175	0.0539864
0.0172683	0.175	0.0539032
0.0259024	0.175	0.0537643
0.0345366	0.175	0.0535694
0.0431707	0.175	0.0533181
0.0518049	0.175	0.0530096
0.060439	0.175	0.0526435
0.0690732	0.175	0.0522187
0.0777073	0.175	0.0517344
0.0863415	0.175	0.0511896
0.0949756	0.175	0.0505829
0.10361	0.175	0.0499132
0.112244	0.175	0.0491791
0.120878	0.175	0.0483791
0.129512	0.175	0.0475116
0.138146	0.175	0.0465751
0.146781	0.175	0.045568
0.155415	0.175	0.0444885
0.164049	0.175	0.043335
0.172683	0.175	0.0421058
0.181317	0.175	0.0407993
0.189951	0.175	0.0394139
0.198585	0.175	0.0379482
0.20722	0.175	0.0364007
0.215854	0.175	0.0347702
0.224488	0.175	0.0330557
0.233122	0.175	0.0312562
0.241756	0.175	0.0293709
0.25039	0.175	0.0273992
0.259024	0.175	0.0253407
0.267659	0.175	0.0231952
0.276293	0.175	0.0209625
0.284927	0.175	0.0186429
0.293561	0.175	0.0162364
0.302195	0.175	0.0137435
0.310829	0.175	0.0111645
0.319463	0.175	0.00850003
0.328098	0.175	0.00575067
0.336732	0.175	0.00291709
0.345366	0.175	0
0	0.2	0.0607353
0.00915331	0.2	0.0607029
0.0183066	0.2	0.0606054
0.0274599	0.2	0.0604428
0.0366132	0.2	0.0602146
0.0457666	0.2	0.0599204
0.0549199	0.2	0.0595597
0.0640732	0.2	0.0591317
0.0732265	0.2	0.0586356
0.0823798	0.2	0.0580705
0.0915331	0.2	0.0574354
0.100686	0.2	0.0567291
0.10984	0.2	0.0559505
0.118993	0.2	0.0550981
0.128146	0.2	0.0541707
0.1373	0.2	0.0531668
0.146453	0.2	0.052085
0.155606	0.2	0.0509238
0.16476	0.2	0.0496818
0.173913	0.2	0.0483574
0.183066	0.2	0.0469494
0.19222	0.2	0.0454563
0.201373	0.2	0.0438769
0.210526	0.2	0.04221
0.219679	0.2	0.0404546
0.228833	0.2	0.0386097
0.237986	0.2	0.0366745
0.247139	0.2	0.0346485
0.256293	0.2	0.0325311
0.265446	0.2	0.0303219
0.274599	0.2	0.0280208
0.283753	0.2	0.0256278
0.292906	0.2	0.0231429
0.302059	0.2	0.0205663
0.311213	0.2	0.0178984
0.320366	0.2	0.0151394
0.329519	0.2	0.0122901
0.338673	0.2	0.00935078
0.347826	0.2	0.00632222
0.356979	0.2	0.00320506
0.366132	0.2	0
0	0.225	0.0673163
0.00967248	0.225	0.0672792
0.019345	0.225	0.0671676
0.0290174	0.225	0.0669814
0.0386899	0.225	0.0667202
0.0483624	0.225	0.0663836
0.0580349	0.225	0.0659711
0.0677073	0.225	0.065482
0.0773798	0.225	0.0649155
0.0870523	0.225	0.0642707
0.0967248	0.225	0.0635467
0.106397	0.225	0.0627423
0.11607	0.225	0.0618566
0.125742	0.225	0.0608882
0.135415	0.225	0.0598359
0.145087	0.225	0.0586985
0.15476	0.225	0.0574747
0.164432	0.225	0.0561632
0.174105	0.225	0.0547627
0.183777	0.225	0.053272
0.19345	0.225	0.05169
0.203122	0.225	0.0500156
0.212794	0.225	0.0482477
0.222467	0.225	0.0463855
0.232139	0.225	0.0444281
0.241812	0.225	0.0423749
0.251484	0.225	0.0402254
0.261157	0.225	0.037979
0.270829	0.225	0.0356357
0.280502	0.225	0.0331951
0.290174	0.225	0.0306574
0.299847	0.225	0.0280225
0.309519	0.225	0.0252906
0.319192	0.225	0.0224622
0.328864	0.225	0.0195376
0.338537	0.225	0.0165172
0.348209	0.225	0.0134016
0.357882	0.225	0.0101914
0.367554	0.225	0.00688725
0.377227	0.225	0.00348988
0.386899	0.225	0
0	0.25	0.0737696
0.0101916	0.25	0.0737277
0.0203833	0.25	0.0736022
0.0305749	0.25	0.0733927
0.0407666	0.25	0.073099
0.0509582	0.25	0.0727206
0.0611498	0.25	0.0722571
0.0713415	0.25	0.0717078
0.0815331	0.25	0.071072
0.0917248	0.25	0.0703488
0.101916	0.25	0.0695374
0.112108	0.25	0.0686369
0.1223	0.25	0.067646
0.132491	0.25	0.0665639
0.142683	0.25	0.0653895
0.152875	0.25	0.0641215
0.163066	0.25	0.0627589
0.173258	0.25	0.0613006
0.18345	0.25	0.0597455
0.193641	0.25	0.0580926
0.203833	0.25	0.056341
0.214024	0.25	0.0544898
0.224216	0.25	0.0525382
0.234408	0.25	0.0504856
0.244599	0.25	0.0483313
0.254791	0.25	0.046075
0.264983	0.25	0.0437161
0.275174	0.25	0.0412547
0.285366	0.25	0.0386904
0.295558	0.25	0.0360235
0.305749	0.25	0.0332538
0.315941	0.25	0.0303818
0.326132	0.25	0.0274076
0.336324	0.25	0.0243317
0.346516	0.25	0.0211546
0.356707	0.25	0.0178767
0.366899	0.25	0.0144988
0.377091	0.25	0.0110215
0.387282	0.25	0.0074454
0.397474	0.25	0.00377131
0.407666	0.25	0
0	0.275	0.0801016
0.0107108	0.275	0.0800553
0.0214216	0.275	0.079916
0.0321324	0.275	0.0796836
0.0428432	0.275	0.0793579
0.053554	0.275	0.0789384
0.0642648	0.275	0.0784247
0.0749756	0.275	0.0778163
0.0856864	0.275	0.0771124
0.0963972	0.275	0.0763123
0.107108	0.275	0.0754152
0.117819	0.275	0.0744202
0.12853	0.275	0.0733264
0.13924	0.275	0.072133
0.149951	0.275	0.0708388
0.160662	0.275	0.0694431
0.171373	0.275	0.0679448
0.182084	0.275	0.0663429
0.192794	0.275	0.0646368
0.203505	0.275	0.0628254
0.214216	0.275	0.0609081
0.224927	0.275	0.0588842
0.235638	0.275	0.0567532
0.246348	0.275	0.0545144
0.257059	0.275	0.0521677
0.26777	0.275	0.0497125
0.278481	0.275	0.0471489
0.289192	0.275	0.0444768
0.299903	0.275	0.0416961
0.310613	0.275	0.0388071
0.321324	0.275	0.03581
0.332035	0.275	0.032705
0.342746	0.275	0.0294927
0.353457	0.275	0.0261735
0.364167	0.275	0.022748
0.374878	0.275	0.0192168
0.385589	0.275	0.0155805
0.3963	0.275	0.0118399
0.407011	0.275	0.0079958
0.417721	0.275	0.00404888
0.428432	0.275	0
0	0.3	0.0863149
0.01123	0.3	0.086264
0.0224599	0.3	0.0861112
0.0336899	0.3	0.0858564
0.0449199	0.3	0.0854992
0.0561498	0.3	0.0850394
0.0673798	0.3	0.0844764
0.0786098	0.3	0.0838099
0.0898397	0.3	0.0830391
0.10107	0.3	0.0821635
0.1123	0.3	0.0811823
0.12353	0.3	0.0800948
0.13476	0.3	0.0789002
0.14599	0.3	0.0775976
0.15722	0.3	0.0761863
0.16845	0.3	0.0746654
0.179679	0.3	0.0730342
0.190909	0.3	0.071292
0.202139	0.3	0.069438
0.213369	0.3	0.0674715
0.224599	0.3	0.0653921
0.235829	0.3	0.0631992
0.247059	0.3	0.0608925
0.258289	0.3	0.0584715
0.269519	0.3	0.0559362
0.280749	0.3	0.0532864
0.291979	0.3	0.0505222
0.303209	0.3	0.0476435
0.314439	0.3	0.0446505
0.325669	0.3	0.0415436
0.336899	0.3	0.0383232
0.348129	0.3	0.0349895
0.359359	0.3	0.0315433
0.370589	0.3	0.027985
0.381819	0.3	0.0243153
0.393049	0.3	0.0205349
0.404279	0.3	0.0166445
0.415509	0.3	0.012645
0.426739	0.3	0.00853721
0.437969	0.3	0.0043219
0.449199	0.3	0
0	0.325	0.0924083
0.0117491	0.325	0.092353
0.0234983	0.325	0.092187
0.0352474	0.325	0.09191
0.0469965	0.325	0.0915219
0.0587457	0.325	0.0910224
0.0704948	0.325	0.0904111
0.0822439	0.325	0.0896875
0.0939931	0.325	0.0888512
0.105742	0.325	0.0879015
0.117491	0.325	0.0868378
0.12924	0.325	0.0856595
0.14099	0.325	0.084366
0.152739	0.325	0.0829564
0.164488	0.325	0.0814303
0.176237	0.325	0.0797868
0.187986	0.325	0.0780255
0.199735	0.325	0.0761457
0.211484	0.325	0.0741468
0.223234	0.325	0.0720284
0.234983	0.325	0.0697902
0.246732	0.325	0.0674318
0.258481	0.325	0.0649529
0.27023	0.325	0.0623534
0.281979	0.325	0.0596334
0.293728	0.325	0.0567928
0.305477	0.325	0.0538317
0.317227	0.325	0.0507504
0.328976	0.325	0.0475493
0.340725	0.325	0.0442287
0.352474	0.325	0.0407891
0.364223	0.325	0.037231
0.375972	0.325	0.0335552
0.387721	0.325	0.0297622
0.39947	0.325	0.0258528
0.41122	0.325	0.0218279
0.422969	0.325	0.0176882
0.434718	0.325	0.0134347
0.446467	0.325	0.00906815
0.458216	0.325	0.00458961
0.469965	0.325	0
0	0.35	0.0983784
0.0122683	0.35	0.0983187
0.0245366	0.35	0.0981396
0.0368049	0.35	0.0978409
0.0490732	0.35	0.0974225
0.0613415	0.35	0.096884
0.0736098	0.35	0.0962252
0.0858781	0.35	0.0954456
0.0981464	0.35	0.0945449
0.110415	0.35	0.0935224
0.122683	0.35	0.0923778
0.134951	0.35	0.0911105
0.14722	0.35	0.0897199
0.159488	0.35	0.0882054
0.171756	0.35	0.0865666
0.184024	0.35	0.084803
0.196293	0.35	0.082914
0.208561	0.35	0.0808993
0.220829	0.35	0.0787585
0.233098	0.35	0.0764912
0.245366	0.35	0.0740973
0.257634	0.35	0.0715766
0.269903	0.35	0.068929
0.282171	0.35	0.0661546
0.294439	0.35	0.0632534
0.306707	0.35	0.0602257
0.318976	0.35	0.0570718
0.331244	0.35	0.053792
0.343512	0.35	0.0503867
0.355781	0.35	0.0468566
0.368049	0.35	0.0432022
0.380317	0.35	0.0394243
0.392585	0.35	0.0355234
0.404854	0.35	0.0315006
0.417122	0.35	0.0273565
0.42939	0.35	0.0230922
0.441659	0.35	0.0187085
0.453927	0.35	0.0142064
0.466195	0.35	0.00958692
0.478464	0.35	0.00485111
0.490732	0.35	0
0	0.375	0.10422
0.0127875	0.375	0.104156
0.0255749	0.375	0.103964
0.0383624	0.375	0.103644
0.0511498	0.375	0.103195
0.0639373	0.375	0.102619
0.0767248	0.375	0.101913
0.0895122	0.375	0.101079
0.1023	0.375	0.100115
0.115087	0.375	0.0990207
0.127875	0.375	0.0977966
0.140662	0.375	0.0964418
0.15345	0.375	0.0949559
0.166237	0.375	0.0933385
0.179024	0.375	0.0915892
0.191812	0.375	0.0897077
0.204599	0.375	0.0876935
0.217387	0.375	0.0855465
0.230174	0.375	0.0832664
0.242962	0.375	0.0808532
0.255749	0.375	0.0783066
0.268537	0.375	0.0756268
0.281324	0.375	0.0728139
0.294112	0.375	0.0698679
0.306899	0.375	0.0667893
0.319686	0.375	0.0635783
0.332474	0.375	0.0602354
0.345261	0.375	0.0567611
0.358049	0.375	0.0531561
0.370836	0.375	0.0494209
0.383624	0.375	0.0455563
0.396411	0.375	0.0415633
0.409199	0.375	0.0374425
0.421986	0.375	0.033195
0.434774	0.375	0.0288217
0.447561	0.375	0.0243236
0.460349	0.375	0.0197019
0.473136	0.375	0.0149575
0.485923	0.375	0.0100916
0.498711	0.375	0.00510542
0.511498	0.375	0
0	0.4	0.109925
0.0133066	0.4	0.109857
0.0266132	0.4	0.109653
0.0399199	0.4	0.109312
0.0532265	0.4	0.108834
0.0665331	0.4	0.10822
0.0798397	0.4	0.107468
0.0931464	0.4	0.106579
0.106453	0.4	0.105553
0.11976	0.4	0.104389
0.133066	0.4	0.103087
0.146373	0.4	0.101646
0.159679	0.4	0.100067
0.172986	0.4	0.0983483
0.186293	0.4	0.0964905
0.199599	0.4	0.0944931
0.212906	0.4	0.0923561
0.226213	0.4	0.0900793
0.239519	0.4	0.0876627
0.252826	0.4	0.0851062
0.266132	0.4	0.08241
0.279439	0.4	0.0795742
0.292746	0.4	0.0765992
0.306052	0.4	0.0734853
0.319359	0.4	0.0702328
0.332666	0.4	0.0668424
0.345972	0.4	0.0633146
0.359279	0.4	0.0596501
0.372585	0.4	0.0558497
0.385892	0.4	0.0519141
0.399199	0.4	0.0478444
0.412505	0.4	0.0436414
0.425812	0.4	0.0393061
0.439119	0.4	0.0348397
0.452425	0.4	0.0302432
0.465732	0.4	0.0255178
0.479038	0.4	0.0206647
0.492345	0.4	0.0156851
0.505652	0.4	0.0105803
0.518958	0.4	0.00535149
0.532265	0.4	0
0	0.425	0.115488
0.0138258	0.425	0.115415
0.0276516	0.425	0.115198
0.0414774	0.425	0.114837
0.0553032	0.425	0.11433
0.0691289	0.425	0.113679
0.0829547	0.425	0.112882
0.0967805	0.425	0.11194
0.110606	0.425	0.110853
0.124432	0.425	0.10962
0.138258	0.425	0.108241
0.152084	0.425	0.106716
0.165909	0.425	0.105044
0.179735	0.425	0.103226
0.193561	0.425	0.101262
0.207387	0.425	0.0991508
0.221213	0.425	0.0968931
0.235038	0.425	0.0944889
0.248864	0.425	0.0919382
0.26269	0.425	0.0892413
0.276516	0.425	0.0863983
0.290342	0.425	0.0834098
0.304167	0.425	0.080276
0.317993	0.425	0.0769976
0.331819	0.425	0.073575
0.345645	0.425	0.0700092
0.35947	0.425	0.0663007
0.373296	0.425	0.0624504
0.387122	0.425	0.0584593
0.400948	0.425	0.0543284
0.414774	0.425	0.0500587
0.428599	0.425	0.0456514
0.442425	0.425	0.0411076
0.456251	0.425	0.0364285
0.470077	0.425	0.0316155
0.483903	0.425	0.0266699
0.497728	0.425	0.0215929
0.511554	0.425	0.0163861
0.52538	0.425	0.0110507
0.539206	0.425	0.00558817
0.553032	0.425	0
0	0.45	0.120898
0.014345	0.45	0.120822
0.0286899	0.45	0.120593
0.0430349	0.45	0.120211
0.0573798	0.45	0.119676
0.0717248	0.45	0.118988
0.0860697	0.45	0.118147
0.100415	0.45	0.117152
0.11476	0.45	0.116005
0.129105	0.45	0.114703
0.14345	0.45	0.113249
0.157794	0.45	0.111641
0.172139	0.45	0.109879
0.186484	0.45	0.107963
0.200829	0.45	0.105894
0.215174	0.45	0.103671
0.229519	0.45	0.101295
0.243864	0.45	0.0987657
0.258209	0.45	0.0960835
0.272554	0.45	0.0932488
0.286899	0.45	0.090262
0.301244	0.45	0.0871237
0.315589	0.45	0.0838345
0.329934	0.45	0.0803951
0.344279	0.45	0.0768063
0.358624	0.45	0.073069
0.372969	0.45	0.0691842
0.387314	0.45	0.0651528
0.401659	0.45	0.0609761
0.416004	0.45	0.0566551
0.430349	0.45	0.0521912
0.444694	0.45	0.0475856
0.459038	0.45	0.0428397
0.473383	0.45	0.0379549
0.487728	0.45	0.0329328
0.502073	0.45	0.0277747
0.516418	0.45	0.0224822
0.530763	0.45	0.0170569
0.545108	0.45	0.0115004
0.559453	0.45	0.00581423
0.573798	0.45	0
0	0.475	0.126148
0.0148641	0.475	0.126068
0.0297282	0.475	0.125827
0.0445923	0.475	0.125424
0.0594565	0.475	0.124861
0.0743206	0.475	0.124137
0.0891847	0.475	0.123252
0.104049	0.475	0.122206
0.118913	0.475	0.120999
0.133777	0.475	0.119631
0.148641	0.475	0.118102
0.163505	0.475	0.116412
0.178369	0.475	0.114561
0.193234	0.475	0.112549
0.208098	0.475	0.110377
0.222962	0.475	0.108044
0.237826	0.475	0.105552
0.25269	0.475	0.102899
0.267554	0.475	0.100088
0.282418	0.475	0.0971183
0.297282	0.475	0.0939906
0.312146	0.475	0.0907056
0.327011	0.475	0.0872643
0.341875	0.475	0.0836676
0.356739	0.475	0.0799165
0.371603	0.475	0.076012
0.386467	0.475	0.0719553
0.401331	0.475	0.0677477
0.416195	0.475	0.0633905
0.431059	0.475	0.0588851
0.445923	0.475	0.054233
0.460788	0.475	0.0494357
0.475652	0.475	0.0444948
0.490516	0.475	0.0394118
0.50538	0.475	0.0341886
0.520244	0.475	0.0288267
0.535108	0.475	0.023328
0.549972	0.475	0.0176941
0.564836	0.475	0.011927
0.579701	0.475	0.00602834
0.594565	0.475	0
0	0.5	0.131228
0.0153833	0.5	0.131144
0.0307666	0.5	0.130891
0.0461498	0.5	0.130469
0.0615331	0.5	0.129878
0.0769164	0.5	0.129119
0.0922997	0.5	0.12819
0.107683	0.5	0.127093
0.123066	0.5	0.125828
0.13845	0.5	0.124393
0.153833	0.5	0.122791
0.169216	0.5	0.12102
0.184599	0.5	0.119081
0.199983	0.5	0.116974
0.215366	0.5	0.114701
0.230749	0.5	0.11226
0.246132	0.5	0.109653
0.261516	0.5	0.10688
0.276899	0.5	0.103942
0.292282	0.5	0.100839
0.307666	0.5	0.0975732
0.323049	0.5	0.0941446
0.338432	0.5	0.0905546
0.353815	0.5	0.0868042
0.369199	0.5	0.0828946
0.384582	0.5	0.0788272
0.399965	0.5	0.0746034
0.415349	0.5	0.0702247
0.430732	0.5	0.0656926
0.446115	0.5	0.0610088
0.461498	0.5	0.056175
0.476882	0.5	0.051193
0.492265	0.5	0.0460646
0.507648	0.5	0.0407916
0.523032	0.5	0.0353761
0.538415	0.5	0.0298199
0.553798	0.5	0.0241251
0.569181	0.5	0.0182936
0.584565	0.5	0.0123276
0.599948	0.5	0.00622906
0.615331	0.5	0
0	0.525	0.13613
0.0159024	0.525	0.136042
0.0318049	0.525	0.135777
0.0477073	0.525	0.135335
0.0636098	0.525	0.134717
0.0795122	0.525	0.133922
0.0954147	0.525	0.132951
0.111317	0.525	0.131803
0.12722	0.525	0.130479
0.143122	0.525	0.12898
0.159024	0.525	0.127305
0.174927	0.525	0.125454
0.190829	0.525	0.123428
0.206732	0.525	0.121228
0.222634	0.525	0.118854
0.238537	0.525	0.116307
0.254439	0.525	0.113587
0.270342	0.525	0.110695
0.286244	0.525	0.107633
0.302146	0.525	0.1044
0.318049	0.525	0.100999
0.333951	0.525	0.0974295
0.349854	0.525	0.093694
0.365756	0.525	0.0897935
0.381659	0.525	0.0857295
0.397561	0.525	0.0815036
0.413464	0.525	0.0771175
0.429366	0.525	0.072573
0.445268	0.525	0.0678718
0.461171	0.525	0.0630159
0.477073	0.525	0.0580073
0.492976	0.525	0.052848
0.508878	0.525	0.0475403
0.524781	0.525	0.0420862
0.540683	0.525	0.036488
0.556586	0.525	0.0307479
0.572488	0.525	0.0248682
0.58839	0.525	0.0188512
0.604293	0.525	0.0126993
0.620195	0.525	0.0064148
0.636098	0.525	0
0	0.55	0.140843
0.0164216	0.55	0.140751
0.0328432	0.55	0.140475
0.0492648	0.55	0.140013
0.0656864	0.55	0.139368
0.082108	0.55	0.138538
0.0985296	0.55	0.137524
0.114951	0.55	0.136327
0.131373	0.55	0.134945
0.147794	0.55	0.133381
0.164216	0.55	0.131634
0.180638	0.55	0.129704
0.197059	0.55	0.127593
0.213481	0.55	0.1253
0.229903	0.55	0.122827
0.246324	0.55	0.120175
0.262746	0.55	0.117344
0.279167	0.55	0.114335
0.295589	0.55	0.11115
0.312011	0.55	0.10779
0.328432	0.55	0.104255
0.344854	0.55	0.100548
0.361275	0.55	0.0966706
0.377697	0.55	0.0926237
0.394119	0.55	0.0884093
0.41054	0.55	0.0840294
0.426962	0.55	0.0794859
0.443383	0.55	0.074781
0.459805	0.55	0.0699167
0.476227	0.55	0.0648954
0.492648	0.55	0.0597193
0.50907	0.55	0.0543909
0.525491	0.55	0.0489125
0.541913	0.55	0.0432869
0.558335	0.55	0.0375164
0.574756	0.55	0.0316037
0.591178	0.55	0.0255514
0.607599	0.55	0.0193622
0.624021	0.55	0.0130388
0.640443	0.55	0.00658386
0.656864	0.55	0
0	0.575	0.14536
0.0169408	0.575	0.145264
0.0338815	0.575	0.144976
0.0508223	0.575	0.144495
0.0677631	0.575	0.143822
0.0847039	0.575	0.142958
0.101645	0.575	0.141902
0.118585	0.575	0.140654
0.135526	0.575	0.139216
0.152467	0.575	0.137587
0.169408	0.575	0.135768
0.186348	0.575	0.13376
0.203289	0.575	0.131564
0.22023	0.575	0.12918
0.237171	0.575	0.126609
0.254112	0.575	0.123853
0.271052	0.575	0.120912
0.287993	0.575	0.117788
0.304934	0.575	0.114482
0.321875	0.575	0.110996
0.338815	0.575	0.107331
0.355756	0.575	0.103489
0.372697	0.575	0.0994722
0.389638	0.575	0.0952824
0.406579	0.575	0.0909216
0.423519	0.575	0.0863922
0.44046	0.575	0.0816964
0.457401	0.575	0.0768367
0.474342	0.575	0.0718156
0.491282	0.575	0.0666358
0.508223	0.575	0.0612999
0.525164	0.575	0.0558107
0.542105	0.575	0.0501712
0.559045	0.575	0.0443842
0.575986	0.575	0.0384527
0.592927	0.575	0.0323797
0.609868	0.575	0.0261683
0.626809	0.575	0.0198216
0.643749	0.575	0.0133425
0.66069	0.575	0.00673433
0.677631	0.575	0
0	0.6	0.149671
0.0174599	0.6	0.149571
0.0349199	0.6	0.149271
0.0523798	0.6	0.148771
0.0698397	0.6	0.148071
0.0872997	0.6	0.147172
0.10476	0.6	0.146073
0.12222	0.6	0.144776
0.139679	0.6	0.143281
0.157139	0.6	0.141588
0.174599	0.6	0.139698
0.192059	0.6	0.137612
0.209519	0.6	0.135331
0.226979	0.6	0.132856
0.244439	0.6	0.130188
0.261899	0.6	0.127329
0.279359	0.6	0.124279
0.296819	0.6	0.121041
0.314279	0.6	0.117616
0.331739	0.6	0.114006
0.349199	0.6	0.110213
0.366659	0.6	0.106239
0.384119	0.6	0.102086
0.401579	0.6	0.0977568
0.419038	0.6	0.0932536
0.436498	0.6	0.0885791
0.453958	0.6	0.083736
0.471418	0.6	0.0787273
0.488878	0.6	0.0735558
0.506338	0.6	0.0682246
0.523798	0.6	0.062737
0.541258	0.6	0.0570961
0.558718	0.6	0.0513053
0.576178	0.6	0.045368
0.593638	0.6	0.0392876
0.611098	0.6	0.0330678
0.628558	0.6	0.0267119
0.646018	0.6	0.0202236
0.663478	0.6	0.0136065
0.680937	0.6	0.00686411
0.698397	0.6	0
0	0.625	0.153767
0.0179791	0.625	0.153663
0.0359582	0.625	0.153351
0.0539373	0.625	0.152832
0.0719164	0.625	0.152105
0.0898955	0.625	0.151171
0.107875	0.625	0.15003
0.125854	0.625	0.148683
0.143833	0.625	0.147131
0.161812	0.625	0.145374
0.179791	0.625	0.143413
0.19777	0.625	0.141249
0.215749	0.625	0.138884
0.233728	0.625	0.136318
0.251707	0.625	0.133554
0.269686	0.625	0.130592
0.287666	0.625	0.127435
0.305645	0.625	0.124084
0.323624	0.625	0.120541
0.341603	0.625	0.116809
0.359582	0.625	0.112889
0.377561	0.625	0.108785
0.39554	0.625	0.104499
0.413519	0.625	0.100033
0.431498	0.625	0.0953915
0.449477	0.625	0.0905763
0.467457	0.625	0.085591
0.485436	0.625	0.080439
0.503415	0.625	0.0751237
0.521394	0.625	0.0696487
0.539373	0.625	0.0640177
0.557352	0.625	0.0582345
0.575331	0.625	0.052303
0.59331	0.625	0.0462271
0.611289	0.625	0.040011
0.629268	0.625	0.0336587
0.647248	0.625	0.0271744
0.665227	0.625	0.0205622
0.683206	0.625	0.0138263
0.701185	0.625	0.00697083
0.719164	0.625	0
0	0.65	0.15764
0.0184983	0.65	0.157532
0.0369965	0.65	0.157209
0.0554948	0.65	0.15667
0.0739931	0.65	0.155916
0.0924913	0.65	0.154947
0.11099	0.65	0.153763
0.129488	0.65	0.152366
0.147986	0.65	0.150757
0.166484	0.65	0.148935
0.184983	0.65	0.146903
0.203481	0.65	0.144662
0.221979	0.65	0.142212
0.240477	0.65	0.139556
0.258976	0.65	0.136695
0.277474	0.65	0.133631
0.295972	0.65	0.130366
0.31447	0.65	0.126903
0.332969	0.65	0.123244
0.351467	0.65	0.11939
0.369965	0.65	0.115346
0.388464	0.65	0.111114
0.406962	0.65	0.106697
0.42546	0.65	0.102098
0.443958	0.65	0.0973213
0.462457	0.65	0.0923696
0.480955	0.65	0.087247
0.499453	0.65	0.0819575
0.517951	0.65	0.076505
0.53645	0.65	0.0708937
0.554948	0.65	0.0651281
0.573446	0.65	0.0592124
0.591944	0.65	0.0531513
0.610443	0.65	0.0469495
0.628941	0.65	0.0406116
0.647439	0.65	0.0341425
0.665937	0.65	0.0275471
0.684436	0.65	0.0208303
0.702934	0.65	0.0139969
0.721432	0.65	0.00705185
0.739931	0.65	0
0	0.675	0.161283
0.0190174	0.675	0.161171
0.0380349	0.675	0.160836
0.0570523	0.675	0.160277
0.0760697	0.675	0.159495
0.0950871	0.675	0.158491
0.114105	0.675	0.157265
0.133122	0.675	0.155817
0.152139	0.675	0.15415
0.171157	0.675	0.152264
0.190174	0.675	0.15016
0.209192	0.675	0.14784
0.228209	0.675	0.145305
0.247227	0.675	0.142558
0.266244	0.675	0.1396
0.285261	0.675	0.136434
0.304279	0.675	0.133062
0.323296	0.675	0.129487
0.342314	0.675	0.125711
0.361331	0.675	0.121738
0.380349	0.675	0.11757
0.399366	0.675	0.113212
0.418383	0.675	0.108666
0.437401	0.675	0.103937
0.456418	0.675	0.0990278
0.475436	0.675	0.0939437
0.494453	0.675	0.0886886
0.513471	0.675	0.0832672
0.532488	0.675	0.0776842
0.551505	0.675	0.0719444
0.570523	0.675	0.066053
0.58954	0.675	0.0600151
0.608558	0.675	0.0538361
0.627575	0.675	0.0475216
0.646593	0.675	0.041077
0.66561	0.675	0.034508
0.684627	0.675	0.0278205
0.703645	0.675	0.0210201
0.722662	0.675	0.0141127
0.74168	0.675	0.00710413
0.760697	0.675	0
0	0.7	0.164687
0.0195366	0.7	0.164572
0.0390732	0.7	0.164224
0.0586098	0.7	0.163645
0.0781464	0.7	0.162836
0.097683	0.7	0.161795
0.11722	0.7	0.160525
0.136756	0.7	0.159027
0.156293	0.7	0.157301
0.175829	0.7	0.155349
0.195366	0.7	0.153173
0.214903	0.7	0.150773
0.234439	0.7	0.148153
0.253976	0.7	0.145314
0.273512	0.7	0.142259
0.293049	0.7	0.13899
0.312585	0.7	0.135511
0.332122	0.7	0.131823
0.351659	0.7	0.127931
0.371195	0.7	0.123838
0.390732	0.7	0.119548
0.410268	0.7	0.115064
0.429805	0.7	0.110391
0.449342	0.7	0.105533
0.468878	0.7	0.100495
0.488415	0.7	0.0952824
0.507951	0.7	0.0898994
0.527488	0.7	0.0843516
0.547025	0.7	0.0786445
0.566561	0.7	0.072784
0.586098	0.7	0.0667759
0.605634	0.7	0.0606264
0.625171	0.7	0.0543418
0.644708	0.7	0.0479285
0.664244	0.7	0.0413932
0.683781	0.7	0.0347426
0.703317	0.7	0.0279835
0.722854	0.7	0.0211228
0.74239	0.7	0.0141674
0.761927	0.7	0.0071242
0.781464	0.7	0
0	0.725	0.167847
0.0200558	0.725	0.167727
0.0401115	0.725	0.167367
0.0601673	0.725	0.166768
0.080223	0.725	0.165929
0.100279	0.725	0.164853
0.120335	0.725	0.163538
0.14039	0.725	0.161988
0.160446	0.725	0.160202
0.180502	0.725	0.158183
0.200558	0.725	0.155933
0.220613	0.725	0.153453
0.240669	0.725	0.150746
0.260725	0.725	0.147814
0.280781	0.725	0.14466
0.300836	0.725	0.141287
0.320892	0.725	0.137699
0.340948	0.725	0.133899
0.361004	0.725	0.12989
0.381059	0.725	0.125677
0.401115	0.725	0.121263
0.421171	0.725	0.116655
0.441227	0.725	0.111856
0.461282	0.725	0.106872
0.481338	0.725	0.101707
0.501394	0.725	0.0963688
0.52145	0.725	0.0908619
0.541505	0.725	0.0851929
0.561561	0.725	0.0793682
0.581617	0.725	0.0733946
0.601673	0.725	0.067279
0.621728	0.725	0.0610287
0.641784	0.725	0.0546511
0.66184	0.725	0.0481539
0.681896	0.725	0.0415449
0.701951	0.725	0.0348321
0.722007	0.725	0.0280238
0.742063	0.725	0.0211281
0.762119	0.725	0.0141534
0.782174	0.725	0.007108
0.80223	0.725	0
0	0.75	0.170754
0.0205749	0.75	0.17063
0.0411498	0.75	0.170258
0.0617248	0.75	0.169637
0.0822997	0.75	0.16877
0.102875	0.75	0.167655
0.12345	0.75	0.166295
0.144024	0.75	0.164691
0.164599	0.75	0.162845
0.185174	0.75	0.160758
0.205749	0.75	0.158432
0.226324	0.75	0.155869
0.246899	0.75	0.153073
0.267474	0.75	0.150047
0.288049	0.75	0.146792
0.308624	0.75	0.143314
0.329199	0.75	0.139615
0.349774	0.75	0.1357
0.370349	0.75	0.131573
0.390923	0.75	0.127239
0.411498	0.75	0.122703
0.432073	0.75	0.11797
0.452648	0.75	0.113045
0.473223	0.75	0.107935
0.493798	0.75	0.102646
0.514373	0.75	0.0971846
0.534948	0.75	0.0915574
0.555523	0.75	0.0857719
0.576098	0.75	0.0798355
0.596673	0.75	0.0737563
0.617248	0.75	0.0675423
0.637823	0.75	0.0612022
0.658397	0.75	0.0547447
0.678972	0.75	0.0481789
0.699547	0.75	0.0415143
0.720122	0.75	0.0347604
0.740697	0.75	0.0279271
0.761272	0.75	0.0210243
0.781847	0.75	0.0140622
0.802422	0.75	0.00705076
0.822997	0.75	0
0	0.775	0.173404
0.0210941	0.775	0.173275
0.0421882	0.775	0.17289
0.0632823	0.775	0.172248
0.0843763	0.775	0.17135
0.10547	0.775	0.170197
0.126565	0.775	0.16879
0.147659	0.775	0.167131
0.168753	0.775	0.165222
0.189847	0.775	0.163064
0.210941	0.775	0.16066
0.232035	0.775	0.158013
0.253129	0.775	0.155126
0.274223	0.775	0.152002
0.295317	0.775	0.148645
0.316411	0.775	0.145059
0.337505	0.775	0.141247
0.358599	0.775	0.137216
0.379694	0.775	0.132969
0.400788	0.775	0.128512
0.421882	0.775	0.123851
0.442976	0.775	0.118992
0.46407	0.775	0.113941
0.485164	0.775	0.108706
0.506258	0.775	0.103293
0.527352	0.775	0.0977105
0.548446	0.775	0.0919659
0.56954	0.775	0.086068
0.590634	0.775	0.0800255
0.611728	0.775	0.0738476
0.632823	0.775	0.0675442
0.653917	0.775	0.0611251
0.675011	0.775	0.054601
0.696105	0.775	0.0479827
0.717199	0.775	0.0412814
0.738293	0.775	0.0345088
0.759387	0.775	0.0276768
0.780481	0.775	0.0207975
0.801575	0.775	0.0138833
0.822669	0.775	0.00694674
0.843763	0.775	0
0	0.8	0.17579
0.0216132	0.8	0.175657
0.0432265	0.8	0.175258
0.0648397	0.8	0.174593
0.086453	0.8	0.173664
0.108066	0.8	0.172471
0.129679	0.8	0.171015
0.151293	0.8	0.169299
0.172906	0.8	0.167325
0.194519	0.8	0.165094
0.216132	0.8	0.16261
0.237746	0.8	0.159876
0.259359	0.8	0.156895
0.280972	0.8	0.15367
0.302585	0.8	0.150207
0.324199	0.8	0.146509
0.345812	0.8	0.142582
0.367425	0.8	0.138431
0.389038	0.8	0.134061
0.410652	0.8	0.129479
0.432265	0.8	0.124691
0.453878	0.8	0.119705
0.475491	0.8	0.114527
0.497105	0.8	0.109165
0.518718	0.8	0.103629
0.540331	0.8	0.0979257
0.561944	0.8	0.0920658
0.583558	0.8	0.0860587
0.605171	0.8	0.0799148
0.626784	0.8	0.0736449
0.648397	0.8	0.0672604
0.670011	0.8	0.0607732
0.691624	0.8	0.0541958
0.713237	0.8	0.0475413
0.73485	0.8	0.0408232
0.756464	0.8	0.0340557
0.778077	0.8	0.0272533
0.79969	0.8	0.0204311
0.821303	0.8	0.0136045
0.842917	0.8	0.00678894
0.86453	0.8	0
0	0.825	0.177907
0.0221324	0.825	0.177769
0.0442648	0.825	0.177356
0.0663972	0.825	0.176668
0.0885296	0.825	0.175706
0.110662	0.825	0.174472
0.132794	0.825	0.172966
0.154927	0.825	0.17119
0.177059	0.825	0.169148
0.199192	0.825	0.166842
0.221324	0.825	0.164274
0.243457	0.825	0.161449
0.265589	0.825	0.15837
0.287721	0.825	0.155041
0.309854	0.825	0.151468
0.331986	0.825	0.147655
0.354119	0.825	0.143608
0.376251	0.825	0.139333
0.398383	0.825	0.134837
0.420516	0.825	0.130126
0.442648	0.825	0.125208
0.464781	0.825	0.12009
0.486913	0.825	0.114783
0.509045	0.825	0.109293
0.531178	0.825	0.103632
0.55331	0.825	0.0978083
0.575443	0.825	0.0918339
0.597575	0.825	0.0857199
0.619708	0.825	0.0794783
0.64184	0.825	0.0731219
0.663972	0.825	0.066664
0.686105	0.825	0.0601188
0.708237	0.825	0.0535013
0.73037	0.825	0.0468271
0.752502	0.825	0.0401128
0.774634	0.825	0.0333755
0.796767	0.825	0.0266334
0.818899	0.825	0.0199052
0.841032	0.825	0.0132103
0.863164	0.825	0.00656858
0.885296	0.825	0
0	0.85	0.179751
0.0226516	0.85	0.179609
0.0453032	0.85	0.179181
0.0679547	0.85	0.178468
0.0906063	0.85	0.177472
0.113258	0.85	0.176194
0.135909	0.85	0.174635
0.158561	0.85	0.172797
0.181213	0.85	0.170684
0.203864	0.85	0.168298
0.226516	0.85	0.165643
0.249167	0.85	0.162723
0.271819	0.85	0.159542
0.29447	0.85	0.156105
0.317122	0.85	0.152417
0.339774	0.85	0.148484
0.362425	0.85	0.144312
0.385077	0.85	0.139909
0.407728	0.85	0.135281
0.43038	0.85	0.130436
0.453032	0.85	0.125383
0.475683	0.85	0.120131
0.498335	0.85	0.114689
0.520986	0.85	0.109069
0.543638	0.85	0.10328
0.566289	0.85	0.0973346
0.588941	0.85	0.0912453
0.611593	0.85	0.0850252
0.634244	0.85	0.0786884
0.656896	0.85	0.0722498
0.679547	0.85	0.0657251
0.702199	0.85	0.0591313
0.72485	0.85	0.0524861
0.747502	0.85	0.0458085
0.770154	0.85	0.0391187
0.792805	0.85	0.0324379
0.815457	0.85	0.0257887
0.838108	0.85	0.0191949
0.86076	0.85	0.0126815
0.883411	0.85	0.00627439
0.906063	0.85	0
0	0.875	0.181318
0.0231707	0.875	0.181171
0.0463415	0.875	0.180727
0.0695122	0.875	0.179989
0.092683	0.875	0.178957
0.115854	0.875	0.177633
0.139024	0.875	0.176018
0.162195	0.875	0.174115
0.185366	0.875	0.171928
0.208537	0.875	0.169458
0.231707	0.875	0.166712
0.254878	0.875	0.163692
0.278049	0.875	0.160403
0.30122	0.875	0.156852
0.32439	0.875	0.153044
0.347561	0.875	0.148985
0.370732	0.875	0.144682
0.393903	0.875	0.140144
0.417073	0.875	0.135378
0.440244	0.875	0.130393
0.463415	0.875	0.1252
0.486586	0.875	0.119807
0.509756	0.875	0.114227
0.532927	0.875	0.10847
0.556098	0.875	0.10255
0.579268	0.875	0.0964794
0.602439	0.875	0.090273
0.62561	0.875	0.083946
0.648781	0.875	0.0775147
0.671951	0.875	0.0709964
0.695122	0.875	0.06441
0.718293	0.875	0.0577753
0.741464	0.875	0.0511138
0.764634	0.875	0.0444483
0.787805	0.875	0.0378036
0.810976	0.875	0.0312061
0.834147	0.875	0.0246844
0.857317	0.875	0.0182691
0.880488	0.875	0.0119931
0.903659	0.875	0.00589126
0.92683	0.875	0
0	0.9	0.182605
0.0236899	0.9	0.182452
0.0473798	0.9	0.181992
0.0710697	0.9	0.181227
0.0947596	0.9	0.180157
0.11845	0.9	0.178784
0.142139	0.9	0.17711
0.165829	0.9	0.175139
0.189519	0.9	0.172872
0.213209	0.9	0.170315
0.236899	0.9	0.167472
0.260589	0.9	0.164346
0.284279	0.9	0.160945
0.307969	0.9	0.157273
0.331659	0.9	0.153337
0.355349	0.9	0.149146
0.379038	0.9	0.144705
0.402728	0.9	0.140025
0.426418	0.9	0.135114
0.450108	0.9	0.129982
0.473798	0.9	0.12464
0.497488	0.9	0.1191
0.521178	0.9	0.113374
0.544868	0.9	0.107474
0.568558	0.9	0.101417
0.592248	0.9	0.0952159
0.615937	0.9	0.0888881
0.639627	0.9	0.0824511
0.663317	0.9	0.0759237
0.687007	0.9	0.0693264
0.710697	0.9	0.0626809
0.734387	0.9	0.056011
0.758077	0.9	0.0493423
0.781767	0.9	0.0427026
0.805457	0.9	0.0361224
0.829147	0.9	0.0296347
0.852837	0.9	0.023276
0.876526	0.9	0.0170867
0.900216	0.9	0.0111111
0.923906	0.9	0.0053982
0.947596	0.9	0
0	0.925	0.183609
0.0242091	0.925	0.18345
0.0484181	0.925	0.182973
0.0726272	0.925	0.182179
0.0968363	0.925	0.181068
0.121045	0.925	0.179644
0.145254	0.925	0.177908
0.169463	0.925	0.175863
0.193673	0.925	0.173514
0.217882	0.925	0.170864
0.242091	0.925	0.167917
0.2663	0.925	0.16468
0.290509	0.925	0.161159
0.314718	0.925	0.157359
0.338927	0.925	0.153289
0.363136	0.925	0.148956
0.387345	0.925	0.144369
0.411554	0.925	0.139538
0.435763	0.925	0.134473
0.459972	0.925	0.129185
0.484181	0.925	0.123686
0.50839	0.925	0.117989
0.532599	0.925	0.112108
0.556809	0.925	0.106057
0.581018	0.925	0.0998542
0.605227	0.925	0.0935154
0.629436	0.925	0.0870595
0.653645	0.925	0.0805068
0.677854	0.925	0.0738791
0.702063	0.925	0.0672
0.726272	0.925	0.0604951
0.750481	0.925	0.0537925
0.77469	0.925	0.0471227
0.798899	0.925	0.0405194
0.823108	0.925	0.0340202
0.847317	0.925	0.0276667
0.871526	0.925	0.0215061
0.895736	0.925	0.0155926
0.919945	0.925	0.00998825
0.944154	0.925	0.00476461
0.968363	0.925	0
0	0.95	0.184327
0.0247282	0.95	0.184162
0.0494565	0.95	0.183667
0.0741847	0.95	0.182842
0.0989129	0.95	0.181689
0.123641	0.95	0.18021
0.148369	0.95	0.178408
0.173098	0.95	0.176285
0.197826	0.95	0.173847
0.222554	0.95	0.171098
0.247282	0.95	0.168042
0.272011	0.95	0.164686
0.296739	0.95	0.161037
0.321467	0.95	0.157101
0.346195	0.95	0.152887
0.370923	0.95	0.148404
0.395652	0.95	0.143661
0.42038	0.95	0.138669
0.445108	0.95	0.13344
0.469836	0.95	0.127985
0.494565	0.95	0.122318
0.519293	0.95	0.116453
0.544021	0.95	0.110406
0.568749	0.95	0.104194
0.593478	0.95	0.0978345
0.618206	0.95	0.0913474
0.642934	0.95	0.0847538
0.667662	0.95	0.0780765
0.69239	0.95	0.0713407
0.717119	0.95	0.0645735
0.741847	0.95	0.0578047
0.766575	0.95	0.0510673
0.791303	0.95	0.0443975
0.816032	0.95	0.0378361
0.84076	0.95	0.031429
0.865488	0.95	0.0252289
0.890216	0.95	0.0192975
0.914945	0.95	0.0137091
0.939673	0.95	0.00855442
0.964401	0.95	0.00394373
0.989129	0.95	0
0	0.975	0.184759
0.0252474	0.975	0.184587
0.0504948	0.975	0.184072
0.0757422	0.975	0.183214
0.10099	0.975	0.182016
0.126237	0.975	0.180479
0.151484	0.975	0.178606
0.176732	0.975	0.176401
0.201979	0.975	0.173869
0.227227	0.975	0.171013
0.252474	0.975	0.167841
0.277721	0.975	0.164358
0.302969	0.975	0.160573
0.328216	0.975	0.156491
0.353464	0.975	0.152124
0.378711	0.975	0.14748
0.403958	0.975	0.14257
0.429206	0.975	0.137406
0.454453	0.975	0.131999
0.479701	0.975	0.126365
0.504948	0.975	0.120517
0.530195	0.975	0.114471
0.555443	0.975	0.108245
0.58069	0.975	0.101858
0.605937	0.975	0.0953285
0.631185	0.975	0.0886798
0.656432	0.975	0.0819352
0.68168	0.975	0.0751208
0.706927	0.975	0.0682648
0.732174	0.975	0.0613983
0.757422	0.975	0.0545557
0.782669	0.975	0.0477752
0.807917	0.975	0.0410995
0.833164	0.975	0.034577
0.858411	0.975	0.0282635
0.883659	0.975	0.022225
0.908906	0.975	0.0165427
0.934154	0.975	0.0113218
0.959401	0.975	0.00670151
0.984648	0.975	0.00286161
1.0099	0.975	0
0	1	0.184903
0.0257666	1	0.184724
0.0515331	1	0.184188
0.0772997	1	0.183296
0.103066	1	0.182048
0.128833	1	0.180449
0.154599	1	0.178501
0.180366	1	0.176208
0.206132	1	0.173574
0.231899	1	0.170606
0.257666	1	0.167309
0.283432	1	0.163691
0.309199	1	0.159759
0.334965	1	0.155522
0.360732	1	0.150989
0.386498	1	0.146173
0.412265	1	0.141083
0.438032	1	0.135733
0.463798	1	0.130136
0.489565	1	0.124307
0.515331	1	0.118264
0.541098	1	0.112022
0.566864	1	0.105601
0.592631	1	0.0990214
0.618397	1	0.0923059
0.644164	1	0.0854787
0.669931	1	0.0785661
0.695697	1	0.0715972
0.721464	1	0.0646038
0.74723	1	0.0576209
0.772997	1	0.0506876
0.798763	1	0.0438475
0.82453	1	0.0371497
0.850296	1	0.0306502
0.876063	1	0.0244149
0.90183	1	0.0185245
0.927596	1	0.0130864
0.953363	1	0.00825431
0.979129	1	0.00425539
1.0049	1	0.00140044
1.03066	1	0
