0	0	0
0.00375	0	0
0.0075	0	0
0.01125	0	0
0.015	0	0
0.01875	0	0
0.0225	0	0
0.02625	0	0
0.03	0	0
0.03375	0	0
0.0375	0	0
0.04125	0	0
0.045	0	0
0.04875	0	0
0.0525	0	0
0.05625	0	0
0.06	0	0
0.06375	0	0
0.0675	0	0
0.07125	0	0
0.075	0	0
0.07875	0	0
0.0825	0	0
0.08625	0	0
0.09	0	0
0.09375	0	0
0.0975	0	0
0.10125	0	0
0.105	0	0
0.10875	0	0
0.1125	0	0
0.11625	0	0
0.12	0	0
0.12375	0	0
0.1275	0	0
0.13125	0	0
0.135	0	0
0.13875	0	0
0.1425	0	0
0.14625	0	0
0.15	0	0
0	0.01	0.00315803
0.00455586	0.01	0.00315773
0.00911172	0.01	0.00315681
0.0136676	0.01	0.00315529
0.0182234	0.01	0.00315314
0.0227793	0.01	0.00315035
0.0273352	0.01	0.00314693
0.031891	0.01	0.00314285
0.0364469	0.01	0.00313809
0.0410028	0.01	0.00313263
0.0455586	0.01	0.00312644
0.0501145	0.01	0.00311948
0.0546703	0.01	0.00311169
0.0592262	0.01	0.00310299
0.0637821	0.01	0.00309329
0.0683379	0.01	0.00308244
0.0728938	0.01	0.00307024
0.0774497	0.01	0.00305647
0.0820055	0.01	0.00304078
0.0865614	0.01	0.00302278
0.0911172	0.01	0.00300197
0.0956731	0.01	0.00297773
0.100229	0.01	0.00294933
0.104785	0.01	0.00291589
0.109341	0.01	0.00287641
0.113897	0.01	0.00282973
0.118452	0.01	0.00277455
0.123008	0.01	0.00270939
0.127564	0.01	0.00263263
0.13212	0.01	0.00254249
0.136676	0.01	0.00243701
0.141232	0.01	0.0023141
0.145788	0.01	0.00217149
0.150343	0.01	0.00200676
0.154899	0.01	0.00181734
0.159455	0.01	0.00160052
0.164011	0.01	0.00135342
0.168567	0.01	0.00107304
0.173123	0.01	0.00075623
0.177679	0.01	0.000399691
0.182234	0.01	0
0	0.02	0.00621903
0.00536172	0.02	0.0062182
0.0107234	0.02	0.00621566
0.0160852	0.02	0.0062114
0.0214469	0.02	0.0062054
0.0268086	0.02	0.0061976
0.0321703	0.02	0.00618795
0.0375321	0.02	0.00617637
0.0428938	0.02	0.00616274
0.0482555	0.02	0.00614694
0.0536172	0.02	0.00612878
0.058979	0.02	0.00610803
0.0643407	0.02	0.00608439
0.0697024	0.02	0.00605747
0.0750641	0.02	0.00602676
0.0804259	0.02	0.00599167
0.0857876	0.02	0.00595142
0.0911493	0.02	0.00590511
0.096511	0.02	0.00585165
0.101873	0.02	0.00578982
0.107234	0.02	0.00571819
0.112596	0.02	0.00563521
0.117958	0.02	0.00553918
0.12332	0.02	0.00542829
0.128681	0.02	0.00530067
0.134043	0.02	0.00515441
0.139405	0.02	0.00498762
0.144767	0.02	0.00479847
0.150128	0.02	0.00458527
0.15549	0.02	0.00434652
0.160852	0.02	0.00408099
0.166213	0.02	0.00378774
0.171575	0.02	0.00346626
0.176937	0.02	0.00311649
0.182299	0.02	0.00273888
0.18766	0.02	0.00233452
0.193022	0.02	0.00190515
0.198384	0.02	0.00145326
0.203746	0.02	0.000982153
0.209107	0.02	0.000496021
0.214469	0.02	0
0	0.03	0.00918599
0.00616759	0.03	0.00918434
0.0123352	0.03	0.00917935
0.0185028	0.03	0.00917097
0.0246703	0.03	0.00915912
0.0308379	0.03	0.00914367
0.0370055	0.03	0.00912447
0.0431731	0.03	0.00910127
0.0493407	0.03	0.0090738
0.0555083	0.03	0.00904166
0.0616759	0.03	0.00900438
0.0678435	0.03	0.00896136
0.074011	0.03	0.00891183
0.0801786	0.03	0.00885488
0.0863462	0.03	0.00878941
0.0925138	0.03	0.00871411
0.0986814	0.03	0.0086275
0.104849	0.03	0.00852792
0.111017	0.03	0.00841355
0.117184	0.03	0.00828245
0.123352	0.03	0.00813262
0.129519	0.03	0.00796204
0.135687	0.03	0.00776877
0.141854	0.03	0.00755099
0.148022	0.03	0.00730709
0.15419	0.03	0.00703574
0.160357	0.03	0.00673595
0.166525	0.03	0.00640713
0.172692	0.03	0.00604912
0.17886	0.03	0.00566227
0.185028	0.03	0.00524737
0.191195	0.03	0.00480572
0.197363	0.03	0.00433906
0.20353	0.03	0.00384951
0.209698	0.03	0.00333954
0.215866	0.03	0.00281184
0.222033	0.03	0.0022692
0.228201	0.03	0.00171438
0.234368	0.03	0.00114991
0.240536	0.03	0.000577953
0.246703	0.03	0
0	0.04	0.0120617
0.00697345	0.04	0.012059
0.0139469	0.04	0.0120507
0.0209203	0.04	0.0120367
0.0278938	0.04	0.0120168
0.0348672	0.04	0.0119909
0.0418407	0.04	0.0119586
0.0488141	0.04	0.0119194
0.0557876	0.04	0.0118727
0.062761	0.04	0.0118178
0.0697345	0.04	0.0117539
0.0767079	0.04	0.0116797
0.0836814	0.04	0.011594
0.0906548	0.04	0.0114953
0.0976283	0.04	0.0113818
0.104602	0.04	0.0112517
0.111575	0.04	0.0111028
0.118549	0.04	0.010933
0.125522	0.04	0.0107402
0.132496	0.04	0.0105224
0.139469	0.04	0.0102775
0.146442	0.04	0.0100041
0.153416	0.04	0.00970061
0.160389	0.04	0.00936629
0.167363	0.04	0.00900064
0.174336	0.04	0.00860369
0.18131	0.04	0.00817599
0.188283	0.04	0.00771856
0.195257	0.04	0.00723289
0.20223	0.04	0.00672085
0.209203	0.04	0.00618464
0.216177	0.04	0.00562666
0.22315	0.04	0.00504943
0.230124	0.04	0.00445548
0.237097	0.04	0.00384723
0.244071	0.04	0.00322691
0.251044	0.04	0.00259646
0.258018	0.04	0.00195748
0.264991	0.04	0.0013112
0.271965	0.04	0.000658504
0.278938	0.04	0
0	0.05	0.0148489
0.00777931	0.05	0.0148448
0.0155586	0.05	0.0148322
0.0233379	0.05	0.0148112
0.0311172	0.05	0.0147812
0.0388966	0.05	0.0147421
0.0466759	0.05	0.0146931
0.0544552	0.05	0.0146335
0.0622345	0.05	0.0145624
0.0700138	0.05	0.0144786
0.0777931	0.05	0.0143808
0.0855724	0.05	0.0142674
0.0933517	0.05	0.0141364
0.101131	0.05	0.0139859
0.10891	0.05	0.0138138
0.11669	0.05	0.0136176
0.124469	0.05	0.0133952
0.132248	0.05	0.0131444
0.140028	0.05	0.0128634
0.147807	0.05	0.0125504
0.155586	0.05	0.0122044
0.163366	0.05	0.0118246
0.171145	0.05	0.0114108
0.178924	0.05	0.0109634
0.186703	0.05	0.0104833
0.194483	0.05	0.00997179
0.202262	0.05	0.00943081
0.210041	0.05	0.00886246
0.217821	0.05	0.00826916
0.2256	0.05	0.00765341
0.233379	0.05	0.00701779
0.241159	0.05	0.00636475
0.248938	0.05	0.0056966
0.256717	0.05	0.00501543
0.264497	0.05	0.00432303
0.272276	0.05	0.00362092
0.280055	0.05	0.00291032
0.287835	0.05	0.00219223
0.295614	0.05	0.0014674
0.303393	0.05	0.000736479
0.311172	0.05	0
0	0.06	0.01755
0.00858517	0.06	0.0175441
0.0171703	0.06	0.0175265
0.0257555	0.06	0.0174969
0.0343407	0.06	0.0174549
0.0429259	0.06	0.0173998
0.051511	0.06	0.0173308
0.0600962	0.06	0.0172469
0.0686814	0.06	0.0171466
0.0772666	0.06	0.0170286
0.0858517	0.06	0.0168908
0.0944369	0.06	0.0167313
0.103022	0.06	0.0165479
0.111607	0.06	0.0163381
0.120192	0.06	0.0160997
0.128778	0.06	0.0158304
0.137363	0.06	0.0155282
0.145948	0.06	0.0151913
0.154533	0.06	0.0148186
0.163118	0.06	0.0144092
0.171703	0.06	0.013963
0.180289	0.06	0.0134805
0.188874	0.06	0.0129626
0.197459	0.06	0.0124109
0.206044	0.06	0.0118273
0.214629	0.06	0.0112142
0.223215	0.06	0.0105742
0.2318	0.06	0.0099097
0.240385	0.06	0.00922353
0.24897	0.06	0.00851819
0.257555	0.06	0.00779602
0.26614	0.06	0.00705918
0.274726	0.06	0.00630953
0.283311	0.06	0.00554868
0.291896	0.06	0.00477798
0.300481	0.06	0.00399857
0.309066	0.06	0.00321139
0.317651	0.06	0.00241726
0.326237	0.06	0.00161689
0.334822	0.06	0.000810938
0.343407	0.06	0
0	0.07	0.0201669
0.00939104	0.07	0.0201591
0.0187821	0.07	0.0201357
0.0281731	0.07	0.0200963
0.0375641	0.07	0.0200403
0.0469552	0.07	0.0199669
0.0563462	0.07	0.019875
0.0657373	0.07	0.0197632
0.0751283	0.07	0.0196298
0.0845193	0.07	0.0194729
0.0939104	0.07	0.0192902
0.103301	0.07	0.0190795
0.112692	0.07	0.0188384
0.122083	0.07	0.0185644
0.131475	0.07	0.0182553
0.140866	0.07	0.0179093
0.150257	0.07	0.0175248
0.159648	0.07	0.0171009
0.169039	0.07	0.0166372
0.17843	0.07	0.0161341
0.187821	0.07	0.0155923
0.197212	0.07	0.0150135
0.206603	0.07	0.0143996
0.215994	0.07	0.0137529
0.225385	0.07	0.0130762
0.234776	0.07	0.0123721
0.244167	0.07	0.0116435
0.253558	0.07	0.0108931
0.262949	0.07	0.0101233
0.27234	0.07	0.00933664
0.281731	0.07	0.00853503
0.291122	0.07	0.00772031
0.300513	0.07	0.00689406
0.309904	0.07	0.00605761
0.319295	0.07	0.00521213
0.328686	0.07	0.00435863
0.338077	0.07	0.00349801
0.347468	0.07	0.0026311
0.356859	0.07	0.00175866
0.36625	0.07	0.000881404
0.375641	0.07	0
0	0.08	0.0227015
0.0101969	0.08	0.0226915
0.0203938	0.08	0.0226616
0.0305907	0.08	0.0226112
0.0407876	0.08	0.0225397
0.0509845	0.08	0.022446
0.0611814	0.08	0.0223286
0.0713783	0.08	0.022186
0.0815752	0.08	0.0220161
0.0917721	0.08	0.0218167
0.101969	0.08	0.0215855
0.112166	0.08	0.02132
0.122363	0.08	0.0210178
0.13256	0.08	0.0206767
0.142757	0.08	0.0202949
0.152953	0.08	0.0198711
0.16315	0.08	0.0194046
0.173347	0.08	0.0188952
0.183544	0.08	0.0183436
0.193741	0.08	0.0177511
0.203938	0.08	0.0171194
0.214135	0.08	0.016451
0.224332	0.08	0.0157485
0.234529	0.08	0.0150148
0.244726	0.08	0.0142528
0.254922	0.08	0.0134654
0.265119	0.08	0.0126555
0.275316	0.08	0.0118256
0.285513	0.08	0.0109781
0.29571	0.08	0.010115
0.305907	0.08	0.00923827
0.316104	0.08	0.00834944
0.326301	0.08	0.00744996
0.336498	0.08	0.00654108
0.346695	0.08	0.00562394
0.356891	0.08	0.00469956
0.367088	0.08	0.00376887
0.377285	0.08	0.00283277
0.387482	0.08	0.00189208
0.397679	0.08	0.000947578
0.407876	0.08	0
0	0.09	0.0251552
0.0110028	0.09	0.0251429
0.0220055	0.09	0.0251059
0.0330083	0.09	0.0250435
0.044011	0.09	0.0249551
0.0550138	0.09	0.0248392
0.0660166	0.09	0.0246943
0.0770193	0.09	0.0245185
0.0880221	0.09	0.0243095
0.0990248	0.09	0.0240651
0.110028	0.09	0.0237827
0.12103	0.09	0.02346
0.132033	0.09	0.0230948
0.143036	0.09	0.0226854
0.154039	0.09	0.0222305
0.165041	0.09	0.0217295
0.176044	0.09	0.0211826
0.187047	0.09	0.0205905
0.19805	0.09	0.0199549
0.209052	0.09	0.0192777
0.220055	0.09	0.0185616
0.231058	0.09	0.0178096
0.242061	0.09	0.0170245
0.253063	0.09	0.0162098
0.264066	0.09	0.0153683
0.275069	0.09	0.014503
0.286072	0.09	0.0136166
0.297075	0.09	0.0127116
0.308077	0.09	0.0117901
0.31908	0.09	0.0108541
0.330083	0.09	0.00990542
0.341086	0.09	0.00894552
0.352088	0.09	0.00797581
0.363091	0.09	0.00699758
0.374094	0.09	0.00601199
0.385097	0.09	0.00502012
0.396099	0.09	0.00402298
0.407102	0.09	0.00302153
0.418105	0.09	0.00201665
0.429108	0.09	0.00100921
0.44011	0.09	0
0	0.1	0.0275293
0.0118086	0.1	0.0275144
0.0236172	0.1	0.0274698
0.0354259	0.1	0.0273946
0.0472345	0.1	0.0272881
0.0590431	0.1	0.0271486
0.0708517	0.1	0.0269744
0.0826604	0.1	0.0267635
0.094469	0.1	0.0265136
0.106278	0.1	0.0262222
0.118086	0.1	0.0258869
0.129895	0.1	0.0255057
0.141703	0.1	0.0250767
0.153512	0.1	0.0245988
0.165321	0.1	0.0240715
0.177129	0.1	0.0234948
0.188938	0.1	0.0228699
0.200747	0.1	0.0221983
0.212555	0.1	0.0214824
0.224364	0.1	0.020725
0.236172	0.1	0.0199291
0.247981	0.1	0.0190981
0.25979	0.1	0.0182352
0.271598	0.1	0.0173439
0.283407	0.1	0.0164271
0.295216	0.1	0.0154877
0.307024	0.1	0.0145283
0.318833	0.1	0.0135514
0.330641	0.1	0.012559
0.34245	0.1	0.011553
0.354259	0.1	0.0105351
0.366067	0.1	0.00950705
0.377876	0.1	0.00847013
0.389685	0.1	0.00742571
0.401493	0.1	0.00637503
0.413302	0.1	0.00531926
0.42511	0.1	0.00425947
0.436919	0.1	0.00319671
0.448728	0.1	0.00213193
0.460536	0.1	0.00106607
0.472345	0.1	0
0	0.11	0.0298247
0.0126145	0.11	0.0298072
0.025229	0.11	0.0297544
0.0378435	0.11	0.0296658
0.0504579	0.11	0.0295401
0.0630724	0.11	0.0293758
0.0756869	0.11	0.029171
0.0883014	0.11	0.0289236
0.100916	0.11	0.0286312
0.11353	0.11	0.0282915
0.126145	0.11	0.0279024
0.138759	0.11	0.027462
0.151374	0.11	0.0269692
0.163988	0.11	0.0264234
0.176603	0.11	0.0258248
0.189217	0.11	0.0251744
0.201832	0.11	0.0244739
0.214446	0.11	0.0237259
0.227061	0.11	0.0229332
0.239675	0.11	0.0220992
0.25229	0.11	0.0212273
0.264904	0.11	0.0203211
0.277519	0.11	0.019384
0.290133	0.11	0.0184195
0.302748	0.11	0.0174305
0.315362	0.11	0.01642
0.327977	0.11	0.0153904
0.340591	0.11	0.0143442
0.353206	0.11	0.0132834
0.36582	0.11	0.0122101
0.378435	0.11	0.0111259
0.391049	0.11	0.0100325
0.403664	0.11	0.00893147
0.416278	0.11	0.00782417
0.428893	0.11	0.00671192
0.441507	0.11	0.00559599
0.454121	0.11	0.00447754
0.466736	0.11	0.00335769
0.47935	0.11	0.00223749
0.491965	0.11	0.00111795
0.504579	0.11	0
0	0.12	0.0320422
0.0134203	0.12	0.0320218
0.0268407	0.12	0.0319606
0.040261	0.12	0.0318578
0.0536814	0.12	0.0317122
0.0671017	0.12	0.0315221
0.0805221	0.12	0.0312857
0.0939424	0.12	0.0310007
0.107363	0.12	0.0306648
0.120783	0.12	0.0302761
0.134203	0.12	0.0298325
0.147624	0.12	0.0293329
0.161044	0.12	0.0287766
0.174465	0.12	0.0281638
0.187885	0.12	0.0274954
0.201305	0.12	0.0267732
0.214726	0.12	0.0259997
0.228146	0.12	0.0251779
0.241566	0.12	0.0243114
0.254987	0.12	0.0234038
0.268407	0.12	0.0224589
0.281827	0.12	0.0214804
0.295248	0.12	0.020472
0.308668	0.12	0.0194369
0.322088	0.12	0.0183782
0.335509	0.12	0.0172989
0.348929	0.12	0.0162016
0.362349	0.12	0.0150885
0.37577	0.12	0.0139619
0.38919	0.12	0.0128239
0.40261	0.12	0.0116761
0.416031	0.12	0.0105205
0.429451	0.12	0.00935851
0.442871	0.12	0.00819173
0.456292	0.12	0.00702158
0.469712	0.12	0.00584938
0.483133	0.12	0.00467642
0.496553	0.12	0.00350389
0.509973	0.12	0.00233294
0.523394	0.12	0.00116463
0.536814	0.12	0
0	0.13	0.0341822
0.0142262	0.13	0.034159
0.0284524	0.13	0.034089
0.0426786	0.13	0.0339715
0.0569048	0.13	0.0338053
0.0711311	0.13	0.0335887
0.0853573	0.13	0.0333198
0.0995835	0.13	0.0329963
0.11381	0.13	0.0326163
0.128036	0.13	0.032178
0.142262	0.13	0.0316798
0.156488	0.13	0.0311212
0.170715	0.13	0.030502
0.184941	0.13	0.0298232
0.199167	0.13	0.0290865
0.213393	0.13	0.0282944
0.227619	0.13	0.02745
0.241846	0.13	0.0265569
0.256072	0.13	0.025619
0.270298	0.13	0.0246403
0.284524	0.13	0.0236248
0.29875	0.13	0.0225764
0.312977	0.13	0.0214987
0.327203	0.13	0.0203953
0.341429	0.13	0.0192692
0.355655	0.13	0.0181233
0.369881	0.13	0.0169604
0.384108	0.13	0.0157829
0.398334	0.13	0.014593
0.41256	0.13	0.0133928
0.426786	0.13	0.0121844
0.441013	0.13	0.0109695
0.455239	0.13	0.00974994
0.469465	0.13	0.00852725
0.483691	0.13	0.00730298
0.497917	0.13	0.00607858
0.512144	0.13	0.00485541
0.52637	0.13	0.00363477
0.540596	0.13	0.00241789
0.554822	0.13	0.00120593
0.569048	0.13	0
0	0.14	0.0362453
0.0150321	0.14	0.0362191
0.0300641	0.14	0.03614
0.0450962	0.14	0.0360075
0.0601283	0.14	0.0358201
0.0751604	0.14	0.0355763
0.0901924	0.14	0.0352742
0.105225	0.14	0.0349117
0.120257	0.14	0.0344871
0.135289	0.14	0.0339989
0.150321	0.14	0.0334462
0.165353	0.14	0.0328289
0.180385	0.14	0.0321476
0.195417	0.14	0.0314039
0.210449	0.14	0.0306004
0.225481	0.14	0.02974
0.240513	0.14	0.0288265
0.255545	0.14	0.0278639
0.270577	0.14	0.0268566
0.285609	0.14	0.0258088
0.300641	0.14	0.0247247
0.315674	0.14	0.0236083
0.330706	0.14	0.0224635
0.345738	0.14	0.0212936
0.36077	0.14	0.020102
0.375802	0.14	0.0188916
0.390834	0.14	0.0176653
0.405866	0.14	0.0164256
0.420898	0.14	0.0151749
0.43593	0.14	0.0139154
0.450962	0.14	0.0126493
0.465994	0.14	0.0113784
0.481026	0.14	0.0101046
0.496058	0.14	0.00882962
0.51109	0.14	0.00755517
0.526123	0.14	0.00628276
0.541155	0.14	0.00501385
0.556187	0.14	0.00374983
0.571219	0.14	0.00249203
0.586251	0.14	0.00124169
0.601283	0.14	0
0	0.15	0.0382318
0.0158379	0.15	0.0382024
0.0316759	0.15	0.0381141
0.0475138	0.15	0.0379661
0.0633517	0.15	0.0377571
0.0791897	0.15	0.0374856
0.0950276	0.15	0.0371497
0.110866	0.15	0.0367477
0.126703	0.15	0.0362782
0.142541	0.15	0.03574
0.158379	0.15	0.0351329
0.174217	0.15	0.0344573
0.190055	0.15	0.0337146
0.205893	0.15	0.0329071
0.221731	0.15	0.0320379
0.237569	0.15	0.0311107
0.253407	0.15	0.0301297
0.269245	0.15	0.0290993
0.285083	0.15	0.0280243
0.300921	0.15	0.026909
0.316759	0.15	0.025758
0.332597	0.15	0.0245753
0.348435	0.15	0.0233648
0.364272	0.15	0.0221303
0.38011	0.15	0.0208751
0.395948	0.15	0.0196022
0.411786	0.15	0.0183147
0.427624	0.15	0.0170152
0.443462	0.15	0.0157062
0.4593	0.15	0.0143902
0.475138	0.15	0.0130693
0.490976	0.15	0.0117457
0.506814	0.15	0.0104212
0.522652	0.15	0.00909784
0.53849	0.15	0.00777727
0.554328	0.15	0.00646117
0.570166	0.15	0.00515113
0.586004	0.15	0.00384862
0.601842	0.15	0.00255505
0.617679	0.15	0.00127175
0.633517	0.15	0
0	0.16	0.0401416
0.0166438	0.16	0.0401091
0.0332876	0.16	0.0400113
0.0499314	0.16	0.0398475
0.0665752	0.16	0.0396165
0.083219	0.16	0.0393168
0.0998628	0.16	0.0389468
0.116507	0.16	0.038505
0.13315	0.16	0.0379903
0.149794	0.16	0.0374021
0.166438	0.16	0.0367408
0.183082	0.16	0.0360074
0.199726	0.16	0.0352039
0.216369	0.16	0.0343335
0.233013	0.16	0.0333996
0.249657	0.16	0.0324068
0.266301	0.16	0.0313595
0.282945	0.16	0.0302627
0.299588	0.16	0.0291213
0.316232	0.16	0.02794
0.332876	0.16	0.0267234
0.34952	0.16	0.0254758
0.366164	0.16	0.0242014
0.382807	0.16	0.0229039
0.399451	0.16	0.0215869
0.416095	0.16	0.0202535
0.432739	0.16	0.018907
0.449383	0.16	0.0175501
0.466026	0.16	0.0161855
0.48267	0.16	0.0148158
0.499314	0.16	0.0134433
0.515958	0.16	0.0120703
0.532602	0.16	0.0106989
0.549245	0.16	0.00933095
0.565889	0.16	0.00796846
0.582533	0.16	0.00661316
0.599177	0.16	0.00526672
0.61582	0.16	0.00393073
0.632464	0.16	0.00260668
0.649108	0.16	0.00129599
0.665752	0.16	0
0	0.17	0.041975
0.0174497	0.17	0.0419393
0.0348993	0.17	0.0418319
0.052349	0.17	0.041652
0.0697986	0.17	0.0413986
0.0872483	0.17	0.0410703
0.104698	0.17	0.0406658
0.122148	0.17	0.0401839
0.139597	0.17	0.0396238
0.157047	0.17	0.0389856
0.174497	0.17	0.0382702
0.191946	0.17	0.0374793
0.209396	0.17	0.0366157
0.226846	0.17	0.035683
0.244295	0.17	0.0346855
0.261745	0.17	0.0336279
0.279195	0.17	0.0325155
0.296644	0.17	0.0313533
0.314094	0.17	0.0301466
0.331544	0.17	0.0289005
0.348993	0.17	0.0276196
0.366443	0.17	0.0263086
0.383893	0.17	0.0249717
0.401342	0.17	0.0236129
0.418792	0.17	0.0222358
0.436241	0.17	0.0208439
0.453691	0.17	0.0194406
0.471141	0.17	0.0180288
0.48859	0.17	0.0166113
0.50604	0.17	0.0151909
0.52349	0.17	0.0137701
0.540939	0.17	0.0123512
0.558389	0.17	0.0109365
0.575839	0.17	0.0095281
0.593288	0.17	0.00812802
0.610738	0.17	0.00673811
0.628188	0.17	0.00536015
0.645637	0.17	0.00399583
0.663087	0.17	0.00264672
0.680537	0.17	0.0013143
0.697986	0.17	0
0	0.18	0.043732
0.0182555	0.18	0.043693
0.036511	0.18	0.0435757
0.0547666	0.18	0.0433795
0.0730221	0.18	0.0431034
0.0912776	0.18	0.0427462
0.109533	0.18	0.0423068
0.127789	0.18	0.0417845
0.146044	0.18	0.0411789
0.1643	0.18	0.0404907
0.182555	0.18	0.0397214
0.200811	0.18	0.0388733
0.219066	0.18	0.03795
0.237322	0.18	0.0369556
0.255577	0.18	0.0358951
0.273833	0.18	0.0347736
0.292088	0.18	0.0335968
0.310344	0.18	0.0323701
0.328599	0.18	0.0310992
0.346855	0.18	0.0297893
0.36511	0.18	0.0284453
0.383366	0.18	0.0270721
0.401621	0.18	0.0256741
0.419877	0.18	0.0242556
0.438133	0.18	0.0228203
0.456388	0.18	0.021372
0.474644	0.18	0.0199141
0.492899	0.18	0.0184499
0.511155	0.18	0.0169823
0.52941	0.18	0.0155143
0.547666	0.18	0.0140484
0.565921	0.18	0.0125873
0.584177	0.18	0.0111332
0.602432	0.18	0.00968854
0.620688	0.18	0.0082553
0.638943	0.18	0.0068355
0.657199	0.18	0.00543102
0.675454	0.18	0.00404362
0.69371	0.18	0.00267496
0.711965	0.18	0.0013266
0.730221	0.18	0
0	0.19	0.0454125
0.0190614	0.19	0.0453701
0.0381228	0.19	0.0452429
0.0571842	0.19	0.0450301
0.0762455	0.19	0.0447309
0.0953069	0.19	0.0443445
0.114368	0.19	0.0438699
0.13343	0.19	0.0433069
0.152491	0.19	0.0426556
0.171552	0.19	0.0419173
0.190614	0.19	0.0410941
0.209675	0.19	0.0401891
0.228737	0.19	0.0392064
0.247798	0.19	0.0381508
0.266859	0.19	0.0370277
0.285921	0.19	0.0358429
0.304982	0.19	0.0346024
0.324044	0.19	0.0333121
0.343105	0.19	0.0319777
0.362166	0.19	0.0306049
0.381228	0.19	0.0291989
0.400289	0.19	0.0277648
0.41935	0.19	0.0263072
0.438412	0.19	0.0248305
0.457473	0.19	0.0233389
0.476535	0.19	0.0218363
0.495596	0.19	0.0203262
0.514657	0.19	0.0188122
0.533719	0.19	0.0172974
0.55278	0.19	0.0157848
0.571842	0.19	0.0142774
0.590903	0.19	0.0127777
0.609964	0.19	0.0112883
0.629026	0.19	0.00981157
0.648087	0.19	0.00834974
0.667148	0.19	0.00690488
0.68621	0.19	0.00547897
0.705271	0.19	0.00407386
0.724333	0.19	0.00269126
0.743394	0.19	0.00133281
0.762455	0.19	0
0	0.2	0.0470163
0.0198672	0.2	0.0469706
0.0397345	0.2	0.0468332
0.0596017	0.2	0.0466036
0.079469	0.2	0.0462811
0.0993362	0.2	0.045865
0.119203	0.2	0.0453549
0.139071	0.2	0.0447509
0.158938	0.2	0.0440537
0.178805	0.2	0.0432652
0.198672	0.2	0.0423881
0.21854	0.2	0.0414262
0.238407	0.2	0.0403843
0.258274	0.2	0.0392677
0.278141	0.2	0.0380825
0.298009	0.2	0.0368349
0.317876	0.2	0.0355312
0.337743	0.2	0.0341778
0.35761	0.2	0.0327808
0.377478	0.2	0.031346
0.397345	0.2	0.029879
0.417212	0.2	0.0283852
0.437079	0.2	0.0268693
0.456947	0.2	0.0253362
0.476814	0.2	0.0237902
0.496681	0.2	0.0222353
0.516548	0.2	0.0206755
0.536416	0.2	0.0191143
0.556283	0.2	0.0175553
0.57615	0.2	0.0160015
0.596017	0.2	0.014456
0.615885	0.2	0.0129216
0.635752	0.2	0.011401
0.655619	0.2	0.00989662
0.675486	0.2	0.00841086
0.695354	0.2	0.00694588
0.715221	0.2	0.00550374
0.735088	0.2	0.00408636
0.754955	0.2	0.00269551
0.774823	0.2	0.00133288
0.79469	0.2	0
0	0.21	0.0485435
0.0206731	0.21	0.0484943
0.0413462	0.21	0.0483466
0.0620193	0.21	0.0480999
0.0826924	0.21	0.0477537
0.103366	0.21	0.0473077
0.124039	0.21	0.0467617
0.144712	0.21	0.0461163
0.165385	0.21	0.045373
0.186058	0.21	0.044534
0.206731	0.21	0.0436029
0.227404	0.21	0.0425841
0.248077	0.21	0.041483
0.26875	0.21	0.0403057
0.289424	0.21	0.0390586
0.310097	0.21	0.0377484
0.33077	0.21	0.036382
0.351443	0.21	0.034966
0.372116	0.21	0.033507
0.392789	0.21	0.0320111
0.413462	0.21	0.0304841
0.434135	0.21	0.0289317
0.454808	0.21	0.0273591
0.475481	0.21	0.0257712
0.496155	0.21	0.0241727
0.516828	0.21	0.0225678
0.537501	0.21	0.0209608
0.558174	0.21	0.0193553
0.578847	0.21	0.017755
0.59952	0.21	0.0161634
0.620193	0.21	0.0145835
0.640866	0.21	0.0130183
0.661539	0.21	0.0114707
0.682213	0.21	0.00994319
0.702886	0.21	0.00843827
0.723559	0.21	0.0069582
0.744232	0.21	0.0055051
0.764905	0.21	0.00408097
0.785578	0.21	0.00268762
0.806251	0.21	0.00132677
0.826924	0.21	0
0	0.22	0.0499937
0.021479	0.22	0.0499411
0.0429579	0.22	0.0497829
0.0644369	0.22	0.0495188
0.0859159	0.22	0.0491486
0.107395	0.22	0.0486722
0.128874	0.22	0.0480899
0.150353	0.22	0.0474029
0.171832	0.22	0.046613
0.193311	0.22	0.0457233
0.21479	0.22	0.044738
0.236269	0.22	0.0436622
0.257748	0.22	0.0425019
0.279227	0.22	0.0412637
0.300706	0.22	0.0399548
0.322185	0.22	0.0385823
0.343664	0.22	0.0371535
0.365143	0.22	0.0356754
0.386621	0.22	0.034155
0.4081	0.22	0.0325987
0.429579	0.22	0.0310128
0.451058	0.22	0.0294031
0.472537	0.22	0.0277752
0.494016	0.22	0.0261343
0.515495	0.22	0.0244852
0.536974	0.22	0.0228327
0.558453	0.22	0.0211809
0.579932	0.22	0.019534
0.601411	0.22	0.0178957
0.62289	0.22	0.0162697
0.644369	0.22	0.0146591
0.665848	0.22	0.0130672
0.687327	0.22	0.0114969
0.708806	0.22	0.00995087
0.730285	0.22	0.00843165
0.751764	0.22	0.00694159
0.773243	0.22	0.0054829
0.794722	0.22	0.00405759
0.816201	0.22	0.00266754
0.83768	0.22	0.00131448
0.859159	0.22	0
0	0.23	0.051367
0.0222848	0.23	0.0513108
0.0445697	0.23	0.0511419
0.0668545	0.23	0.0508602
0.0891393	0.23	0.0504656
0.111424	0.23	0.0499584
0.133709	0.23	0.0493394
0.155994	0.23	0.0486102
0.178279	0.23	0.0477733
0.200563	0.23	0.0468325
0.222848	0.23	0.0457927
0.245133	0.23	0.0446596
0.267418	0.23	0.0434399
0.289703	0.23	0.0421409
0.311988	0.23	0.0407701
0.334272	0.23	0.0393354
0.356557	0.23	0.0378444
0.378842	0.23	0.0363047
0.401127	0.23	0.0347234
0.423412	0.23	0.0331075
0.445697	0.23	0.0314636
0.467981	0.23	0.0297979
0.490266	0.23	0.0281162
0.512551	0.23	0.026424
0.534836	0.23	0.0247266
0.557121	0.23	0.0230287
0.579406	0.23	0.0213349
0.60169	0.23	0.0196495
0.623975	0.23	0.0179765
0.64626	0.23	0.0163196
0.668545	0.23	0.0146823
0.69083	0.23	0.0130678
0.713115	0.23	0.0114792
0.735399	0.23	0.00991934
0.757684	0.23	0.00839075
0.779969	0.23	0.0068959
0.802254	0.23	0.00543702
0.824539	0.23	0.00401617
0.846824	0.23	0.00263525
0.869108	0.23	0.001296
0.891393	0.23	0
0	0.24	0.052663
0.0230907	0.24	0.0526031
0.0461814	0.24	0.0524234
0.0692721	0.24	0.0521237
0.0923628	0.24	0.0517044
0.115453	0.24	0.0511659
0.138544	0.24	0.0505097
0.161635	0.24	0.0497378
0.184726	0.24	0.0488534
0.207816	0.24	0.0478611
0.230907	0.24	0.0467662
0.253998	0.24	0.0455755
0.277088	0.24	0.0442961
0.300179	0.24	0.042936
0.32327	0.24	0.0415034
0.34636	0.24	0.0400064
0.369451	0.24	0.0384534
0.392542	0.24	0.0368523
0.415633	0.24	0.0352108
0.438723	0.24	0.0335361
0.461814	0.24	0.0318352
0.484905	0.24	0.0301148
0.507995	0.24	0.0283809
0.531086	0.24	0.0266393
0.554177	0.24	0.0248956
0.577267	0.24	0.0231549
0.600358	0.24	0.0214219
0.623449	0.24	0.0197011
0.646539	0.24	0.0179967
0.66963	0.24	0.0163126
0.692721	0.24	0.0146525
0.715812	0.24	0.0130197
0.738902	0.24	0.0114173
0.761993	0.24	0.00984834
0.785084	0.24	0.00831541
0.808174	0.24	0.00682101
0.831265	0.24	0.00536741
0.854356	0.24	0.00395668
0.877446	0.24	0.00259075
0.900537	0.24	0.00127133
0.923628	0.24	0
0	0.25	0.0538816
0.0238966	0.25	0.053818
0.0477931	0.25	0.0536272
0.0716897	0.25	0.0533093
0.0955862	0.25	0.0528647
0.119483	0.25	0.0522945
0.143379	0.25	0.0516004
0.167276	0.25	0.0507852
0.191172	0.25	0.0498528
0.215069	0.25	0.0488083
0.238966	0.25	0.0476579
0.262862	0.25	0.046409
0.286759	0.25	0.0450696
0.310655	0.25	0.0436481
0.334552	0.25	0.0421533
0.358448	0.25	0.0405942
0.382345	0.25	0.0389793
0.406241	0.25	0.0373171
0.430138	0.25	0.0356158
0.454035	0.25	0.0338831
0.477931	0.25	0.0321264
0.501828	0.25	0.0303525
0.525724	0.25	0.028568
0.549621	0.25	0.026779
0.573517	0.25	0.0249913
0.597414	0.25	0.0232102
0.621311	0.25	0.0214409
0.645207	0.25	0.0196879
0.669104	0.25	0.0179556
0.693	0.25	0.0162481
0.716897	0.25	0.0145692
0.740793	0.25	0.0129224
0.76469	0.25	0.0113109
0.788586	0.25	0.00973771
0.812483	0.25	0.00820552
0.83638	0.25	0.00671687
0.860276	0.25	0.00527405
0.884173	0.25	0.00387914
0.908069	0.25	0.00253406
0.931966	0.25	0.0012405
0.955862	0.25	0
0	0.26	0.0550225
0.0247024	0.26	0.0549553
0.0494048	0.26	0.0547531
0.0741073	0.26	0.0544165
0.0988097	0.26	0.0539463
0.123512	0.26	0.0533437
0.148215	0.26	0.0526111
0.172917	0.26	0.051752
0.197619	0.26	0.0507708
0.222322	0.26	0.0496734
0.247024	0.26	0.0484669
0.271727	0.26	0.0471593
0.296429	0.26	0.0457592
0.321131	0.26	0.044276
0.345834	0.26	0.0427188
0.370536	0.26	0.0410973
0.395239	0.26	0.0394206
0.419941	0.26	0.0376977
0.444644	0.26	0.0359372
0.469346	0.26	0.0341473
0.494048	0.26	0.0323358
0.518751	0.26	0.0305099
0.543453	0.26	0.0286765
0.568156	0.26	0.0268421
0.592858	0.26	0.0250127
0.617561	0.26	0.023194
0.642263	0.26	0.0213912
0.666965	0.26	0.0196093
0.691668	0.26	0.0178527
0.71637	0.26	0.0161257
0.741073	0.26	0.0144322
0.765775	0.26	0.0127759
0.790477	0.26	0.0111599
0.81518	0.26	0.00958735
0.839882	0.26	0.00806103
0.864585	0.26	0.00658347
0.889287	0.26	0.00515697
0.91399	0.26	0.00378359
0.938692	0.26	0.00246522
0.963394	0.26	0.00120353
0.988097	0.26	0
0	0.27	0.0560857
0.0255083	0.27	0.0560146
0.0510166	0.27	0.0558009
0.0765248	0.27	0.0554453
0.102033	0.27	0.0549488
0.127541	0.27	0.0543132
0.15305	0.27	0.0535415
0.178558	0.27	0.0526376
0.204066	0.27	0.0516068
0.229575	0.27	0.0504558
0.255083	0.27	0.0491924
0.280591	0.27	0.0478254
0.306099	0.27	0.0463641
0.331608	0.27	0.0448185
0.357116	0.27	0.0431987
0.382624	0.27	0.0415147
0.408133	0.27	0.0397762
0.433641	0.27	0.0379929
0.459149	0.27	0.0361738
0.484657	0.27	0.0343275
0.510166	0.27	0.0324623
0.535674	0.27	0.0305858
0.561182	0.27	0.0287053
0.58669	0.27	0.0268276
0.612199	0.27	0.0249589
0.637707	0.27	0.0231053
0.663215	0.27	0.0212723
0.688724	0.27	0.0194648
0.714232	0.27	0.0176876
0.73974	0.27	0.0159451
0.765248	0.27	0.0142412
0.790757	0.27	0.0125798
0.816265	0.27	0.0109641
0.841773	0.27	0.00939721
0.867282	0.27	0.00788196
0.89279	0.27	0.00642087
0.918298	0.27	0.00501623
0.943806	0.27	0.0036701
0.969315	0.27	0.0023843
0.994823	0.27	0.00116046
1.02033	0.27	0
0	0.28	0.057071
0.0263141	0.28	0.0569959
0.0526283	0.28	0.0567704
0.0789424	0.28	0.0563953
0.105257	0.28	0.0558719
0.131571	0.28	0.0552027
0.157885	0.28	0.0543909
0.184199	0.28	0.0534414
0.210513	0.28	0.0523602
0.236827	0.28	0.0511547
0.263141	0.28	0.0498335
0.289456	0.28	0.0484063
0.31577	0.28	0.0468831
0.342084	0.28	0.0452747
0.368398	0.28	0.0435917
0.394712	0.28	0.041845
0.421026	0.28	0.0400448
0.44734	0.28	0.0382014
0.473655	0.28	0.0363242
0.499969	0.28	0.0344224
0.526283	0.28	0.0325047
0.552597	0.28	0.0305792
0.578911	0.28	0.0286535
0.605225	0.28	0.0267346
0.631539	0.28	0.0248293
0.657854	0.28	0.0229437
0.684168	0.28	0.0210834
0.710482	0.28	0.0192539
0.736796	0.28	0.0174599
0.76311	0.28	0.0157059
0.789424	0.28	0.0139961
0.815738	0.28	0.0123341
0.842053	0.28	0.0107235
0.868367	0.28	0.00916732
0.894681	0.28	0.00766836
0.920995	0.28	0.00622914
0.947309	0.28	0.00485194
0.973623	0.28	0.00353876
0.999937	0.28	0.00229137
1.02625	0.28	0.00111133
1.05257	0.28	0
0	0.29	0.0579781
0.02712	0.29	0.057899
0.05424	0.29	0.0576614
0.08136	0.29	0.0572663
0.10848	0.29	0.0567154
0.1356	0.29	0.0560117
0.16272	0.29	0.055159
0.18984	0.29	0.0541629
0.21696	0.29	0.0530303
0.24408	0.29	0.0517693
0.2712	0.29	0.0503894
0.29832	0.29	0.048901
0.32544	0.29	0.0473151
0.35256	0.29	0.0456432
0.37968	0.29	0.0438967
0.4068	0.29	0.0420871
0.43392	0.29	0.0402252
0.46104	0.29	0.0383219
0.48816	0.29	0.0363873
0.51528	0.29	0.034431
0.5424	0.29	0.0324621
0.56952	0.29	0.0304891
0.59664	0.29	0.0285201
0.62376	0.29	0.0265625
0.65088	0.29	0.0246231
0.678	0.29	0.0227084
0.70512	0.29	0.0208243
0.73224	0.29	0.0189763
0.75936	0.29	0.0171693
0.78648	0.29	0.0154081
0.8136	0.29	0.0136966
0.84072	0.29	0.0120388
0.86784	0.29	0.0104382
0.89496	0.29	0.00889775
0.92208	0.29	0.00742033
0.9492	0.29	0.00600841
0.97632	0.29	0.00466421
1.00344	0.29	0.00338967
1.03056	0.29	0.00218651
1.05768	0.29	0.00105619
1.0848	0.29	0
0	0.3	0.0588069
0.0279259	0.3	0.0587236
0.0558517	0.3	0.0584736
0.0837776	0.3	0.058058
0.111703	0.3	0.0574789
0.139629	0.3	0.0567398
0.167555	0.3	0.0558453
0.195481	0.3	0.0548016
0.223407	0.3	0.0536164
0.251333	0.3	0.0522987
0.279259	0.3	0.050859
0.307185	0.3	0.0493085
0.33511	0.3	0.0476591
0.363036	0.3	0.0459231
0.390962	0.3	0.0441125
0.418888	0.3	0.0422397
0.446814	0.3	0.0403162
0.47474	0.3	0.0383534
0.502666	0.3	0.036362
0.530592	0.3	0.0343521
0.558517	0.3	0.0323334
0.586443	0.3	0.0303147
0.614369	0.3	0.0283045
0.642295	0.3	0.0263104
0.670221	0.3	0.0243397
0.698147	0.3	0.0223991
0.726073	0.3	0.0204945
0.753998	0.3	0.0186317
0.781924	0.3	0.0168158
0.80985	0.3	0.0150514
0.837776	0.3	0.0133429
0.865702	0.3	0.011694
0.893628	0.3	0.0101082
0.921554	0.3	0.00858864
0.94948	0.3	0.00713803
0.977405	0.3	0.00575883
1.00533	0.3	0.00445319
1.03326	0.3	0.00322298
1.06118	0.3	0.00206982
1.08911	0.3	0.000995103
1.11703	0.3	0
0	0.31	0.0595572
0.0287317	0.31	0.0594697
0.0574635	0.31	0.0592068
0.0861952	0.31	0.0587702
0.114927	0.31	0.0581622
0.143659	0.31	0.0573868
0.17239	0.31	0.0564493
0.201122	0.31	0.0553568
0.229854	0.31	0.0541178
0.258586	0.31	0.0527423
0.287317	0.31	0.0512416
0.316049	0.31	0.0496279
0.344781	0.31	0.0479141
0.373513	0.31	0.0461131
0.402244	0.31	0.044238
0.430976	0.31	0.0423017
0.459708	0.31	0.0403166
0.488439	0.31	0.0382947
0.517171	0.31	0.0362472
0.545903	0.31	0.0341849
0.574635	0.31	0.0321178
0.603366	0.31	0.0300552
0.632098	0.31	0.0280059
0.66083	0.31	0.0259779
0.689562	0.31	0.0239787
0.718293	0.31	0.0220152
0.747025	0.31	0.0200937
0.775757	0.31	0.0182199
0.804488	0.31	0.0163991
0.83322	0.31	0.014636
0.861952	0.31	0.0129349
0.890684	0.31	0.0112996
0.919415	0.31	0.0097337
0.948147	0.31	0.00824012
0.976879	0.31	0.00682162
1.00561	0.31	0.00548057
1.03434	0.31	0.00421903
1.06307	0.31	0.0030388
1.09181	0.31	0.0019414
1.12054	0.31	0.000928116
1.14927	0.31	0
0	0.32	0.0602289
0.0295376	0.32	0.060137
0.0590752	0.32	0.059861
0.0886128	0.32	0.0594026
0.11815	0.32	0.0587648
0.147688	0.32	0.0579521
0.177226	0.32	0.0569705
0.206763	0.32	0.0558279
0.236301	0.32	0.0545338
0.265838	0.32	0.0530991
0.295376	0.32	0.0515362
0.324914	0.32	0.0498582
0.354451	0.32	0.0480788
0.383989	0.32	0.0462121
0.413526	0.32	0.0442719
0.443064	0.32	0.042272
0.472602	0.32	0.0402254
0.502139	0.32	0.0381447
0.531677	0.32	0.036042
0.561214	0.32	0.0339283
0.590752	0.32	0.0318143
0.620289	0.32	0.0297097
0.649827	0.32	0.0276236
0.679365	0.32	0.0255643
0.708902	0.32	0.0235397
0.73844	0.32	0.0215567
0.767977	0.32	0.0196218
0.797515	0.32	0.0177409
0.827053	0.32	0.0159193
0.85659	0.32	0.0141618
0.886128	0.32	0.0124727
0.915665	0.32	0.010856
0.945203	0.32	0.00931484
0.974741	0.32	0.00785242
1.00428	0.32	0.00647131
1.03382	0.32	0.00517382
1.06335	0.32	0.00396192
1.09289	0.32	0.00283729
1.12243	0.32	0.00180136
1.15197	0.32	0.000855296
1.1815	0.32	0
0	0.33	0.0608219
0.0303435	0.33	0.0607255
0.0606869	0.33	0.0604359
0.0910304	0.33	0.0599551
0.121374	0.33	0.0592866
0.151717	0.33	0.0584354
0.182061	0.33	0.0574085
0.212404	0.33	0.0562144
0.242748	0.33	0.0548637
0.273091	0.33	0.0533684
0.303435	0.33	0.0517419
0.333778	0.33	0.0499982
0.364121	0.33	0.0481523
0.394465	0.33	0.0462191
0.424808	0.33	0.0442133
0.455152	0.33	0.0421494
0.485495	0.33	0.0400414
0.515839	0.33	0.0379025
0.546182	0.33	0.0357453
0.576526	0.33	0.0335816
0.606869	0.33	0.0314223
0.637213	0.33	0.0292777
0.667556	0.33	0.0271571
0.697899	0.33	0.0250693
0.728243	0.33	0.0230222
0.758586	0.33	0.0210231
0.78893	0.33	0.0190785
0.819273	0.33	0.0171945
0.849617	0.33	0.0153763
0.87996	0.33	0.0136289
0.910304	0.33	0.0119566
0.940647	0.33	0.0103631
0.970991	0.33	0.00885186
1.00133	0.33	0.00742574
1.03168	0.33	0.00608733
1.06202	0.33	0.0048388
1.09236	0.33	0.00368204
1.12271	0.33	0.00261861
1.15305	0.33	0.00164983
1.18339	0.33	0.000776717
1.21374	0.33	0
0	0.34	0.0613361
0.0311493	0.34	0.061235
0.0622986	0.34	0.0609313
0.093448	0.34	0.0604274
0.124597	0.34	0.0597272
0.155747	0.34	0.0588364
0.186896	0.34	0.0577626
0.218045	0.34	0.0565156
0.249195	0.34	0.0551068
0.280344	0.34	0.0535493
0.311493	0.34	0.0518576
0.342643	0.34	0.0500471
0.373792	0.34	0.0481335
0.404941	0.34	0.0461329
0.43609	0.34	0.0440609
0.46724	0.34	0.0419329
0.498389	0.34	0.0397636
0.529538	0.34	0.037567
0.560688	0.34	0.0353564
0.591837	0.34	0.0331439
0.622986	0.34	0.0309411
0.654136	0.34	0.0287585
0.685285	0.34	0.026606
0.716434	0.34	0.0244925
0.747584	0.34	0.0224261
0.778733	0.34	0.0204144
0.809882	0.34	0.0184639
0.841032	0.34	0.0165807
0.872181	0.34	0.0147704
0.90333	0.34	0.0130376
0.93448	0.34	0.0113867
0.965629	0.34	0.00982136
0.996778	0.34	0.00834498
1.02793	0.34	0.00696035
1.05908	0.34	0.0056699
1.09023	0.34	0.00447574
1.12138	0.34	0.00337959
1.15252	0.34	0.00238294
1.18367	0.34	0.00148694
1.21482	0.34	0.000692475
1.24597	0.34	0
0	0.35	0.0617713
0.0319552	0.35	0.0616653
0.0639104	0.35	0.0613472
0.0958655	0.35	0.0608194
0.127821	0.35	0.0600863
0.159776	0.35	0.0591546
0.191731	0.35	0.0580325
0.223686	0.35	0.0567309
0.255641	0.35	0.0552623
0.287597	0.35	0.053641
0.319552	0.35	0.0518826
0.351507	0.35	0.0500038
0.383462	0.35	0.0480214
0.415417	0.35	0.0459524
0.447373	0.35	0.0438137
0.479328	0.35	0.0416214
0.511283	0.35	0.039391
0.543238	0.35	0.0371374
0.575193	0.35	0.0348743
0.607148	0.35	0.0326145
0.639104	0.35	0.03037
0.671059	0.35	0.0281517
0.703014	0.35	0.0259699
0.734969	0.35	0.0238336
0.766924	0.35	0.0217513
0.79888	0.35	0.0197304
0.830835	0.35	0.0177779
0.86279	0.35	0.0158998
0.894745	0.35	0.0141015
0.9267	0.35	0.0123879
0.958655	0.35	0.0107631
0.990611	0.35	0.00923095
1.02257	0.35	0.00779449
1.05452	0.35	0.0064565
1.08648	0.35	0.0052193
1.11843	0.35	0.00408486
1.15039	0.35	0.00305479
1.18234	0.35	0.00213045
1.2143	0.35	0.00131287
1.24625	0.35	0.000602702
1.27821	0.35	0
0	0.36	0.0621275
0.032761	0.36	0.0620165
0.0655221	0.36	0.0616833
0.0982831	0.36	0.0611307
0.131044	0.36	0.0603637
0.163805	0.36	0.0593896
0.196566	0.36	0.0582176
0.229327	0.36	0.0568596
0.262088	0.36	0.0553294
0.294849	0.36	0.0536425
0.32761	0.36	0.0518159
0.360371	0.36	0.0498672
0.393133	0.36	0.0478148
0.425894	0.36	0.0456766
0.458655	0.36	0.0434706
0.491416	0.36	0.0412139
0.524177	0.36	0.0389228
0.556938	0.36	0.0366128
0.589699	0.36	0.0342983
0.62246	0.36	0.0319927
0.655221	0.36	0.0297085
0.687982	0.36	0.0274569
0.720743	0.36	0.0252484
0.753504	0.36	0.0230924
0.786265	0.36	0.0209974
0.819026	0.36	0.0189712
0.851787	0.36	0.0170206
0.884548	0.36	0.0151517
0.917309	0.36	0.01337
0.95007	0.36	0.0116801
0.982831	0.36	0.0100863
1.01559	0.36	0.00859216
1.04835	0.36	0.00720067
1.08111	0.36	0.00591448
1.11388	0.36	0.00473579
1.14664	0.36	0.00366642
1.1794	0.36	0.00270789
1.21216	0.36	0.00186141
1.24492	0.36	0.00112786
1.27768	0.36	0.0005076
1.31044	0.36	0
0	0.37	0.0624046
0.0335669	0.37	0.0622884
0.0671338	0.37	0.0619395
0.100701	0.37	0.0613613
0.134268	0.37	0.0605591
0.167835	0.37	0.059541
0.201401	0.37	0.0583175
0.234968	0.37	0.0569012
0.268535	0.37	0.0553075
0.302102	0.37	0.0535531
0.335669	0.37	0.0516564
0.369236	0.37	0.0496365
0.402803	0.37	0.0475127
0.43637	0.37	0.0453045
0.469937	0.37	0.0430307
0.503504	0.37	0.0407095
0.53707	0.37	0.0383579
0.570637	0.37	0.0359923
0.604204	0.37	0.0336277
0.637771	0.37	0.031278
0.671338	0.37	0.028956
0.704905	0.37	0.0266736
0.738472	0.37	0.0244412
0.772039	0.37	0.0222687
0.805606	0.37	0.0201646
0.839173	0.37	0.0181368
0.87274	0.37	0.0161921
0.906306	0.37	0.0143368
0.939873	0.37	0.012576
0.97344	0.37	0.0109146
1.00701	0.37	0.00935653
1.04057	0.37	0.0079053
1.07414	0.37	0.00656384
1.10771	0.37	0.0053346
1.14127	0.37	0.00421966
1.17484	0.37	0.00322071
1.20841	0.37	0.00233917
1.24198	0.37	0.00157613
1.27554	0.37	0.000932269
1.30911	0.37	0.000407496
1.34268	0.37	0
0	0.38	0.0626025
0.0343728	0.38	0.0624809
0.0687455	0.38	0.0621158
0.103118	0.38	0.0615109
0.137491	0.38	0.0606722
0.171864	0.38	0.0596086
0.206237	0.38	0.0583315
0.240609	0.38	0.0568551
0.274982	0.38	0.0551957
0.309355	0.38	0.0533719
0.343728	0.38	0.0514033
0.3781	0.38	0.0493105
0.412473	0.38	0.0471142
0.446846	0.38	0.0448351
0.481219	0.38	0.042493
0.515592	0.38	0.0401072
0.549964	0.38	0.0376956
0.584337	0.38	0.0352753
0.61871	0.38	0.0328619
0.653083	0.38	0.0304698
0.687455	0.38	0.0281124
0.721828	0.38	0.0258015
0.756201	0.38	0.0235483
0.790574	0.38	0.0213625
0.824946	0.38	0.0192529
0.859319	0.38	0.0172273
0.893692	0.38	0.0152927
0.928065	0.38	0.0134551
0.962437	0.38	0.0117199
0.99681	0.38	0.0100916
1.03118	0.38	0.00857406
1.06556	0.38	0.00717072
1.09993	0.38	0.00588431
1.1343	0.38	0.00471717
1.16867	0.38	0.00367122
1.20305	0.38	0.00274807
1.23742	0.38	0.00194903
1.27179	0.38	0.0012751
1.30617	0.38	0.000726683
1.34054	0.38	0.000302937
1.37491	0.38	0
0	0.39	0.0627213
0.0351786	0.39	0.0625941
0.0703573	0.39	0.0622121
0.105536	0.39	0.0615794
0.140715	0.39	0.0607028
0.175893	0.39	0.0595919
0.211072	0.39	0.0582593
0.24625	0.39	0.0567204
0.281429	0.39	0.0549934
0.316608	0.39	0.053098
0.351786	0.39	0.0510556
0.386965	0.39	0.0488883
0.422144	0.39	0.0466182
0.457322	0.39	0.0442672
0.492501	0.39	0.0418565
0.527679	0.39	0.0394062
0.562858	0.39	0.0369351
0.598037	0.39	0.0344611
0.633215	0.39	0.0320003
0.668394	0.39	0.0295677
0.703573	0.39	0.027177
0.738751	0.39	0.0248406
0.77393	0.39	0.0225695
0.809108	0.39	0.0203738
0.844287	0.39	0.0182623
0.879466	0.39	0.0162429
0.914644	0.39	0.0143225
0.949823	0.39	0.0125071
0.985002	0.39	0.0108019
1.02018	0.39	0.00921137
1.05536	0.39	0.00773926
1.09054	0.39	0.00638874
1.12572	0.39	0.00516243
1.16089	0.39	0.00406252
1.19607	0.39	0.00309084
1.23125	0.39	0.00224892
1.26643	0.39	0.00153803
1.30161	0.39	0.000959063
1.33679	0.39	0.000512049
1.37197	0.39	0.000194846
1.40715	0.39	0
0	0.4	0.0627608
0.0359845	0.4	0.0626278
0.071969	0.4	0.0622282
0.107953	0.4	0.0615667
0.143938	0.4	0.0606506
0.179922	0.4	0.0594905
0.215907	0.4	0.0581002
0.251891	0.4	0.0564967
0.287876	0.4	0.0546996
0.32386	0.4	0.0527305
0.359845	0.4	0.0506123
0.395829	0.4	0.0483688
0.431814	0.4	0.0460236
0.467798	0.4	0.0436
0.503783	0.4	0.0411203
0.539767	0.4	0.0386055
0.575752	0.4	0.0360756
0.611736	0.4	0.0335489
0.647721	0.4	0.0310423
0.683705	0.4	0.0285713
0.71969	0.4	0.0261498
0.755674	0.4	0.0237905
0.791659	0.4	0.0215047
0.827643	0.4	0.0193025
0.863628	0.4	0.0171929
0.899612	0.4	0.0151837
0.935597	0.4	0.0132818
0.971581	0.4	0.011493
1.00757	0.4	0.00982242
1.04355	0.4	0.00827439
1.07953	0.4	0.0068525
1.11552	0.4	0.00555973
1.1515	0.4	0.00439856
1.18749	0.4	0.00337106
1.22347	0.4	0.00247898
1.25946	0.4	0.00172387
1.29544	0.4	0.00110702
1.33143	0.4	0.000629245
1.36741	0.4	0.000289948
1.4034	0.4	8.47739e-05
1.43938	0.4	0
