0	0	0
0.00875	0	0
0.0175	0	0
0.02625	0	0
0.035	0	0
0.04375	0	0
0.0525	0	0
0.06125	0	0
0.07	0	0
0.07875	0	0
0.0875	0	0
0.09625	0	0
0.105	0	0
0.11375	0	0
0.1225	0	0
0.13125	0	0
0.14	0	0
0.14875	0	0
0.1575	0	0
0.16625	0	0
0.175	0	0
0.18375	0	0
0.1925	0	0
0.20125	0	0
0.21	0	0
0.21875	0	0
0.2275	0	0
0.23625	0	0
0.245	0	0
0.25375	0	0
0.2625	0	0
0.27125	0	0
0.28	0	0
0.28875	0	0
0.2975	0	0
0.30625	0	0
0.315	0	0
0.32375	0	0
0.3325	0	0
0.34125	0	0
0.35	0	0
0	0.0025	0.000244411
0.00946603	0.0025	0.000244413
0.0189321	0.0025	0.00024441
0.0283981	0.0025	0.000244402
0.0378641	0.0025	0.000244391
0.0473301	0.0025	0.000244378
0.0567962	0.0025	0.000244361
0.0662622	0.0025	0.00024434
0.0757282	0.0025	0.000244316
0.0851942	0.0025	0.000244288
0.0946603	0.0025	0.000244255
0.104126	0.0025	0.000244216
0.113592	0.0025	0.000244172
0.123058	0.0025	0.000244121
0.132524	0.0025	0.000244064
0.14199	0.0025	0.000244
0.151456	0.0025	0.000243932
0.160922	0.0025	0.000243862
0.170388	0.0025	0.000243794
0.179855	0.0025	0.000243735
0.189321	0.0025	0.000243692
0.198787	0.0025	0.000243672
0.208253	0.0025	0.000243681
0.217719	0.0025	0.000243722
0.227185	0.0025	0.00024379
0.236651	0.0025	0.000243864
0.246117	0.0025	0.000243906
0.255583	0.0025	0.000243846
0.265049	0.0025	0.00024357
0.274515	0.0025	0.000242906
0.283981	0.0025	0.000241599
0.293447	0.0025	0.000239292
0.302913	0.0025	0.000235482
0.312379	0.0025	0.000229489
0.321845	0.0025	0.000220397
0.331311	0.0025	0.000206991
0.340777	0.0025	0.000187676
0.350243	0.0025	0.000160382
0.359709	0.0025	0.000122436
0.369175	0.0025	7.04234e-05
0.378641	0.0025	0
0	0.005	0.00048258
0.0101821	0.005	0.000482584
0.0203641	0.005	0.000482575
0.0305462	0.005	0.000482558
0.0407282	0.005	0.000482533
0.0509103	0.005	0.000482501
0.0610923	0.005	0.000482462
0.0712744	0.005	0.000482414
0.0814564	0.005	0.000482358
0.0916385	0.005	0.000482291
0.101821	0.005	0.000482212
0.112003	0.005	0.000482121
0.122185	0.005	0.000482015
0.132367	0.005	0.000481894
0.142549	0.005	0.00048176
0.152731	0.005	0.000481616
0.162913	0.005	0.000481467
0.173095	0.005	0.000481322
0.183277	0.005	0.000481193
0.193459	0.005	0.000481089
0.203641	0.005	0.000481016
0.213823	0.005	0.000480971
0.224005	0.005	0.000480931
0.234187	0.005	0.000480843
0.244369	0.005	0.00048061
0.254551	0.005	0.000480073
0.264733	0.005	0.000478989
0.274915	0.005	0.000477015
0.285098	0.005	0.00047368
0.29528	0.005	0.000468365
0.305462	0.005	0.000460289
0.315644	0.005	0.000448499
0.325826	0.005	0.000431875
0.336008	0.005	0.000409157
0.34619	0.005	0.000379008
0.356372	0.005	0.000340114
0.366554	0.005	0.000291358
0.376736	0.005	0.000232073
0.386918	0.005	0.000162411
0.3971	0.005	8.38687e-05
0.407282	0.005	0
0	0.0075	0.000714511
0.0108981	0.0075	0.000714516
0.0217962	0.0075	0.0007145
0.0326942	0.0075	0.000714471
0.0435923	0.0075	0.000714429
0.0544904	0.0075	0.000714374
0.0653885	0.0075	0.000714307
0.0762866	0.0075	0.000714225
0.0871847	0.0075	0.000714126
0.0980827	0.0075	0.000714009
0.108981	0.0075	0.000713871
0.119879	0.0075	0.000713709
0.130777	0.0075	0.000713523
0.141675	0.0075	0.000713314
0.152573	0.0075	0.000713085
0.163471	0.0075	0.000712845
0.174369	0.0075	0.000712605
0.185267	0.0075	0.000712374
0.196165	0.0075	0.000712159
0.207064	0.0075	0.000711951
0.217962	0.0075	0.000711715
0.22886	0.0075	0.000711373
0.239758	0.0075	0.000710787
0.250656	0.0075	0.000709731
0.261554	0.0075	0.000707872
0.272452	0.0075	0.000704747
0.28335	0.0075	0.000699745
0.294248	0.0075	0.000692099
0.305146	0.0075	0.000680889
0.316044	0.0075	0.000665065
0.326942	0.0075	0.000643488
0.337841	0.0075	0.000615005
0.348739	0.0075	0.000578541
0.359637	0.0075	0.000533234
0.370535	0.0075	0.000478574
0.381433	0.0075	0.000414567
0.392331	0.0075	0.000341866
0.403229	0.0075	0.000261849
0.414127	0.0075	0.000176578
0.425025	0.0075	8.85321e-05
0.435923	0.0075	0
0	0.01	0.000940207
0.0116141	0.01	0.000940213
0.0232282	0.01	0.000940188
0.0348423	0.01	0.000940144
0.0464564	0.01	0.000940081
0.0580705	0.01	0.00094
0.0696847	0.01	0.000939898
0.0812988	0.01	0.000939773
0.0929129	0.01	0.000939623
0.104527	0.01	0.000939442
0.116141	0.01	0.000939229
0.127755	0.01	0.000938979
0.139369	0.01	0.000938693
0.150983	0.01	0.000938374
0.162598	0.01	0.000938031
0.174212	0.01	0.000937671
0.185826	0.01	0.0009373
0.19744	0.01	0.000936911
0.209054	0.01	0.000936468
0.220668	0.01	0.000935891
0.232282	0.01	0.000935024
0.243896	0.01	0.000933616
0.25551	0.01	0.000931291
0.267125	0.01	0.000927524
0.278739	0.01	0.000921628
0.290353	0.01	0.000912752
0.301967	0.01	0.0008999
0.313581	0.01	0.000881969
0.325195	0.01	0.000857811
0.336809	0.01	0.000826325
0.348423	0.01	0.000786563
0.360037	0.01	0.00073785
0.371652	0.01	0.000679902
0.383266	0.01	0.000612925
0.39488	0.01	0.000537666
0.406494	0.01	0.000455399
0.418108	0.01	0.000367823
0.429722	0.01	0.000276858
0.441336	0.01	0.000184355
0.45295	0.01	9.17816e-05
0.464564	0.01	0
0	0.0125	0.00115967
0.0123301	0.0125	0.00115968
0.0246603	0.0125	0.00115964
0.0369904	0.0125	0.00115958
0.0493205	0.0125	0.00115949
0.0616507	0.0125	0.00115938
0.0739808	0.0125	0.00115924
0.086311	0.0125	0.00115906
0.0986411	0.0125	0.00115885
0.110971	0.0125	0.00115859
0.123301	0.0125	0.00115828
0.135632	0.0125	0.00115792
0.147962	0.0125	0.00115752
0.160292	0.0125	0.00115706
0.172622	0.0125	0.00115656
0.184952	0.0125	0.00115602
0.197282	0.0125	0.0011554
0.209612	0.0125	0.00115465
0.221942	0.0125	0.00115362
0.234273	0.0125	0.00115206
0.246603	0.0125	0.00114962
0.258933	0.0125	0.00114576
0.271263	0.0125	0.00113978
0.283593	0.0125	0.00113077
0.295923	0.0125	0.00111771
0.308253	0.0125	0.00109943
0.320584	0.0125	0.00107477
0.332914	0.0125	0.00104257
0.345244	0.0125	0.00100191
0.357574	0.0125	0.000952127
0.369904	0.0125	0.000892957
0.382234	0.0125	0.000824622
0.394564	0.0125	0.000747839
0.406895	0.0125	0.000663788
0.419225	0.0125	0.000574009
0.431555	0.0125	0.000480226
0.443885	0.0125	0.00038414
0.456215	0.0125	0.000287221
0.468545	0.0125	0.000190539
0.480875	0.0125	9.47171e-05
0.493205	0.0125	0
0	0.015	0.00137291
0.0130462	0.015	0.00137292
0.0260923	0.015	0.00137287
0.0391385	0.015	0.00137279
0.0521847	0.015	0.00137267
0.0652308	0.015	0.00137252
0.078277	0.015	0.00137233
0.0913232	0.015	0.00137209
0.104369	0.015	0.0013718
0.117415	0.015	0.00137145
0.130462	0.015	0.00137103
0.143508	0.015	0.00137054
0.156554	0.015	0.00136997
0.1696	0.015	0.00136933
0.182646	0.015	0.0013686
0.195692	0.015	0.00136773
0.208739	0.015	0.00136663
0.221785	0.015	0.00136509
0.234831	0.015	0.00136279
0.247877	0.015	0.00135925
0.260923	0.015	0.00135379
0.273969	0.015	0.00134555
0.287016	0.015	0.00133345
0.300062	0.015	0.00131632
0.313108	0.015	0.0012929
0.326154	0.015	0.00126199
0.3392	0.015	0.00122253
0.352246	0.015	0.00117377
0.365293	0.015	0.00111534
0.378339	0.015	0.00104735
0.391385	0.015	0.000970405
0.404431	0.015	0.000885568
0.417477	0.015	0.000794271
0.430523	0.015	0.000698157
0.44357	0.015	0.000598899
0.456616	0.015	0.000498022
0.469662	0.015	0.000396753
0.482708	0.015	0.00029595
0.495754	0.015	0.00019611
0.5088	0.015	9.74437e-05
0.521847	0.015	0
0	0.0175	0.00157993
0.0137622	0.0175	0.00157993
0.0275244	0.0175	0.00157987
0.0412866	0.0175	0.00157977
0.0550488	0.0175	0.00157962
0.068811	0.0175	0.00157942
0.0825732	0.0175	0.00157917
0.0963353	0.0175	0.00157886
0.110098	0.0175	0.00157848
0.12386	0.0175	0.00157802
0.137622	0.0175	0.00157746
0.151384	0.0175	0.0015768
0.165146	0.0175	0.00157603
0.178908	0.0175	0.00157512
0.192671	0.0175	0.001574
0.206433	0.0175	0.00157255
0.220195	0.0175	0.00157052
0.233957	0.0175	0.00156751
0.247719	0.0175	0.00156294
0.261482	0.0175	0.00155601
0.275244	0.0175	0.00154569
0.289006	0.0175	0.00153081
0.302768	0.0175	0.00151004
0.31653	0.0175	0.00148206
0.330293	0.0175	0.00144567
0.344055	0.0175	0.00139992
0.357817	0.0175	0.00134422
0.371579	0.0175	0.00127845
0.385341	0.0175	0.00120303
0.399104	0.0175	0.00111884
0.412866	0.0175	0.00102718
0.426628	0.0175	0.000929642
0.44039	0.0175	0.000827912
0.454152	0.0175	0.000723607
0.467915	0.0175	0.000618126
0.481677	0.0175	0.000512553
0.495439	0.0175	0.000407626
0.509201	0.0175	0.00030377
0.522963	0.0175	0.000201183
0.536725	0.0175	9.99252e-05
0.550488	0.0175	0
0	0.02	0.00178072
0.0144782	0.02	0.00178072
0.0289564	0.02	0.00178065
0.0434347	0.02	0.00178052
0.0579129	0.02	0.00178033
0.0723911	0.02	0.00178009
0.0868693	0.02	0.00177978
0.101348	0.02	0.00177938
0.115826	0.02	0.00177889
0.130304	0.02	0.00177829
0.144782	0.02	0.00177756
0.15926	0.02	0.00177668
0.173739	0.02	0.00177562
0.188217	0.02	0.00177429
0.202695	0.02	0.00177254
0.217173	0.02	0.00177008
0.231652	0.02	0.00176648
0.24613	0.02	0.00176105
0.260608	0.02	0.0017529
0.275086	0.02	0.00174088
0.289564	0.02	0.00172369
0.304043	0.02	0.0016999
0.318521	0.02	0.00166814
0.332999	0.02	0.0016272
0.347477	0.02	0.0015762
0.361955	0.02	0.0015147
0.376434	0.02	0.00144278
0.390912	0.02	0.00136108
0.40539	0.02	0.00127071
0.419868	0.02	0.00117313
0.434347	0.02	0.00107004
0.448825	0.02	0.000963158
0.463303	0.02	0.000854066
0.477781	0.02	0.000744091
0.492259	0.02	0.000634233
0.506738	0.02	0.000525165
0.521216	0.02	0.000417282
0.535694	0.02	0.000310774
0.550172	0.02	0.000205715
0.564651	0.02	0.000102122
0.579129	0.02	0
0	0.0225	0.0019753
0.0151942	0.0225	0.0019753
0.0303885	0.0225	0.00197521
0.0455827	0.0225	0.00197505
0.060777	0.0225	0.00197482
0.0759712	0.0225	0.00197452
0.0911655	0.0225	0.00197413
0.10636	0.0225	0.00197364
0.121554	0.0225	0.00197303
0.136748	0.0225	0.00197226
0.151942	0.0225	0.00197131
0.167137	0.0225	0.00197014
0.182331	0.0225	0.00196865
0.197525	0.0225	0.00196668
0.212719	0.0225	0.00196391
0.227914	0.0225	0.00195987
0.243108	0.0225	0.00195383
0.258302	0.0225	0.0019448
0.273496	0.0225	0.00193154
0.288691	0.0225	0.00191264
0.303885	0.0225	0.00188658
0.319079	0.0225	0.00185191
0.334273	0.0225	0.00180741
0.349468	0.0225	0.00175222
0.364662	0.0225	0.00168603
0.379856	0.0225	0.00160904
0.39505	0.0225	0.00152206
0.410245	0.0225	0.00142636
0.425439	0.0225	0.00132355
0.440633	0.0225	0.00121541
0.455827	0.0225	0.0011037
0.471022	0.0225	0.000989986
0.486216	0.0225	0.000875574
0.50141	0.0225	0.000761426
0.516604	0.0225	0.000648189
0.531799	0.0225	0.000536246
0.546993	0.0225	0.000425795
0.562187	0.0225	0.000316921
0.577381	0.0225	0.000209655
0.592576	0.0225	0.000104011
0.60777	0.0225	0
0	0.025	0.00216367
0.0159103	0.025	0.00216366
0.0318205	0.025	0.00216355
0.0477308	0.025	0.00216336
0.0636411	0.025	0.00216309
0.0795514	0.025	0.00216273
0.0954616	0.025	0.00216225
0.111372	0.025	0.00216165
0.127282	0.025	0.00216088
0.143192	0.025	0.00215991
0.159103	0.025	0.00215869
0.175013	0.025	0.0021571
0.190923	0.025	0.00215499
0.206834	0.025	0.00215205
0.222744	0.025	0.00214776
0.238654	0.025	0.00214138
0.254564	0.025	0.00213185
0.270475	0.025	0.00211788
0.286385	0.025	0.00209793
0.302295	0.025	0.00207039
0.318205	0.025	0.00203374
0.334116	0.025	0.0019867
0.350026	0.025	0.0019284
0.365936	0.025	0.00185857
0.381847	0.025	0.00177751
0.397757	0.025	0.00168614
0.413667	0.025	0.00158586
0.429577	0.025	0.00147839
0.445488	0.025	0.0013656
0.461398	0.025	0.0012493
0.477308	0.025	0.00113108
0.493219	0.025	0.00101226
0.509129	0.025	0.000893802
0.525039	0.025	0.00077635
0.540949	0.025	0.000660299
0.55686	0.025	0.00054586
0.57277	0.025	0.000433134
0.58868	0.025	0.000322163
0.60459	0.025	0.000212972
0.620501	0.025	0.000105578
0.636411	0.025	0
0	0.0275	0.00234582
0.0166263	0.0275	0.00234581
0.0332526	0.0275	0.00234568
0.0498789	0.0275	0.00234546
0.0665052	0.0275	0.00234513
0.0831315	0.0275	0.0023447
0.0997578	0.0275	0.00234414
0.116384	0.0275	0.0023434
0.13301	0.0275	0.00234245
0.149637	0.0275	0.00234123
0.166263	0.0275	0.00233963
0.182889	0.0275	0.00233748
0.199516	0.0275	0.00233449
0.216142	0.0275	0.00233014
0.232768	0.0275	0.00232369
0.249395	0.0275	0.00231406
0.266021	0.0275	0.00229988
0.282647	0.0275	0.00227956
0.299273	0.0275	0.00225137
0.3159	0.0275	0.00221368
0.332526	0.0275	0.00216512
0.349152	0.0275	0.00210479
0.365779	0.0275	0.00203236
0.382405	0.0275	0.0019482
0.399031	0.0275	0.00185329
0.415658	0.0275	0.00174912
0.432284	0.0275	0.0016375
0.44891	0.0275	0.00152041
0.465536	0.0275	0.00139972
0.482163	0.0275	0.00127709
0.498789	0.0275	0.00115388
0.515415	0.0275	0.00103107
0.532042	0.0275	0.000909342
0.548668	0.0275	0.000789116
0.565294	0.0275	0.000670624
0.581921	0.0275	0.000553985
0.598547	0.0275	0.000439256
0.615173	0.0275	0.000326469
0.631799	0.0275	0.000215649
0.648426	0.0275	0.000106818
0.665052	0.0275	0
0	0.03	0.00252177
0.0173423	0.03	0.00252176
0.0346847	0.03	0.0025216
0.052027	0.03	0.00252134
0.0693693	0.03	0.00252096
0.0867116	0.03	0.00252046
0.104054	0.03	0.00251978
0.121396	0.03	0.00251889
0.138739	0.03	0.00251772
0.156081	0.03	0.00251618
0.173423	0.03	0.00251408
0.190766	0.03	0.00251116
0.208108	0.03	0.00250693
0.22545	0.03	0.00250066
0.242793	0.03	0.00249128
0.260135	0.03	0.00247739
0.277477	0.03	0.00245734
0.29482	0.03	0.0024293
0.312162	0.03	0.00239151
0.329504	0.03	0.00234247
0.346847	0.03	0.00228116
0.364189	0.03	0.0022072
0.381531	0.03	0.00212091
0.398874	0.03	0.0020233
0.416216	0.03	0.00191591
0.433558	0.03	0.00180066
0.450901	0.03	0.00167961
0.468243	0.03	0.00155473
0.485585	0.03	0.00142778
0.502928	0.03	0.00130017
0.52027	0.03	0.00117297
0.537612	0.03	0.0010469
0.554955	0.03	0.000922419
0.572297	0.03	0.00079979
0.589639	0.03	0.000679156
0.606982	0.03	0.00056059
0.624324	0.03	0.000444137
0.641666	0.03	0.000329825
0.659009	0.03	0.000217682
0.676351	0.03	0.000107732
0.693693	0.03	0
0	0.0325	0.00269152
0.0180584	0.0325	0.0026915
0.0361167	0.0325	0.00269132
0.0541751	0.0325	0.00269102
0.0722334	0.0325	0.00269058
0.0902918	0.0325	0.00268999
0.10835	0.0325	0.00268919
0.126408	0.0325	0.00268812
0.144467	0.0325	0.00268668
0.162525	0.0325	0.00268472
0.180584	0.0325	0.00268198
0.198642	0.0325	0.00267801
0.2167	0.0325	0.00267213
0.234759	0.0325	0.0026633
0.252817	0.0325	0.00265014
0.270875	0.0325	0.00263093
0.288934	0.0325	0.00260379
0.306992	0.0325	0.0025668
0.32505	0.0325	0.0025183
0.343109	0.0325	0.00245709
0.361167	0.0325	0.00238267
0.379225	0.0325	0.00229525
0.397284	0.0325	0.0021958
0.415342	0.0325	0.00208592
0.433401	0.0325	0.00196758
0.451459	0.0325	0.00184293
0.469517	0.0325	0.00171409
0.487576	0.0325	0.00158292
0.505634	0.0325	0.00145094
0.523692	0.0325	0.0013193
0.541751	0.0325	0.0011888
0.559809	0.0325	0.00105997
0.577867	0.0325	0.000933103
0.595926	0.0325	0.000808372
0.613984	0.0325	0.000685872
0.632042	0.0325	0.000565657
0.650101	0.0325	0.000447765
0.668159	0.0325	0.000332226
0.686218	0.0325	0.00021907
0.704276	0.0325	0.000108321
0.722334	0.0325	0
0	0.035	0.00285506
0.0187744	0.035	0.00285504
0.0375488	0.035	0.00285483
0.0563232	0.035	0.00285449
0.0750975	0.035	0.00285399
0.0938719	0.035	0.0028533
0.112646	0.035	0.00285236
0.131421	0.035	0.00285108
0.150195	0.035	0.00284931
0.168969	0.035	0.00284683
0.187744	0.035	0.00284323
0.206518	0.035	0.00283789
0.225293	0.035	0.00282985
0.244067	0.035	0.00281776
0.262841	0.035	0.00279991
0.281616	0.035	0.00277433
0.30039	0.035	0.00273897
0.319165	0.035	0.00269198
0.337939	0.035	0.00263196
0.356713	0.035	0.00255816
0.375488	0.035	0.00247066
0.394262	0.035	0.00237034
0.413036	0.035	0.00225874
0.431811	0.035	0.00213791
0.450585	0.035	0.00201011
0.46936	0.035	0.00187757
0.488134	0.035	0.00174231
0.506908	0.035	0.00160598
0.525683	0.035	0.00146987
0.544457	0.035	0.00133487
0.563232	0.035	0.00120158
0.582006	0.035	0.00107036
0.60078	0.035	0.00094141
0.619555	0.035	0.000814855
0.638329	0.035	0.000690762
0.657103	0.035	0.000569178
0.675878	0.035	0.00045014
0.694652	0.035	0.000333677
0.713427	0.035	0.000219818
0.732201	0.035	0.000108586
0.750975	0.035	0
0	0.0375	0.00301241
0.0194904	0.0375	0.00301238
0.0389808	0.0375	0.00301215
0.0584712	0.0375	0.00301175
0.0779616	0.0375	0.00301118
0.0974521	0.0375	0.00301039
0.116942	0.0375	0.00300929
0.136433	0.0375	0.00300776
0.155923	0.0375	0.00300559
0.175414	0.0375	0.00300244
0.194904	0.0375	0.00299775
0.214395	0.0375	0.00299064
0.233885	0.0375	0.00297987
0.253375	0.0375	0.00296376
0.272866	0.0375	0.0029403
0.292356	0.0375	0.00290733
0.311847	0.0375	0.00286277
0.331337	0.0375	0.00280498
0.350827	0.0375	0.00273293
0.370318	0.0375	0.00264646
0.389808	0.0375	0.00254628
0.409299	0.0375	0.00243386
0.428789	0.0375	0.00231125
0.448279	0.0375	0.00218081
0.46777	0.0375	0.00204491
0.48726	0.0375	0.00190574
0.506751	0.0375	0.00176514
0.526241	0.0375	0.00162454
0.545732	0.0375	0.00148496
0.565222	0.0375	0.0013471
0.584712	0.0375	0.00121139
0.604203	0.0375	0.00107809
0.623693	0.0375	0.000947341
0.643184	0.0375	0.000819233
0.662674	0.0375	0.000693824
0.682164	0.0375	0.000571157
0.701655	0.0375	0.000451266
0.721145	0.0375	0.000334182
0.740636	0.0375	0.00021993
0.760126	0.0375	0.00010853
0.779616	0.0375	0
0	0.04	0.00316356
0.0202064	0.04	0.00316353
0.0404129	0.04	0.00316326
0.0606193	0.04	0.00316282
0.0808258	0.04	0.00316218
0.101032	0.04	0.00316127
0.121239	0.04	0.00315999
0.141445	0.04	0.00315815
0.161652	0.04	0.00315548
0.181858	0.04	0.00315149
0.202064	0.04	0.00314542
0.222271	0.04	0.00313612
0.242477	0.04	0.003122
0.262684	0.04	0.00310108
0.28289	0.04	0.0030711
0.303097	0.04	0.00302981
0.323303	0.04	0.00297524
0.343509	0.04	0.00290607
0.363716	0.04	0.0028218
0.383922	0.04	0.00272288
0.404129	0.04	0.00261064
0.424335	0.04	0.00248709
0.444542	0.04	0.00235464
0.464748	0.04	0.00221582
0.484955	0.04	0.00207302
0.505161	0.04	0.00192826
0.525367	0.04	0.00178318
0.545574	0.04	0.00163896
0.56578	0.04	0.00149642
0.585987	0.04	0.00135609
0.606193	0.04	0.00121828
0.6264	0.04	0.00108318
0.646606	0.04	0.000950896
0.666812	0.04	0.000821508
0.687019	0.04	0.000695062
0.707225	0.04	0.000571599
0.727432	0.04	0.000451151
0.747638	0.04	0.000333747
0.767845	0.04	0.000219409
0.788051	0.04	0.000108156
0.808258	0.04	0
0	0.0425	0.00330852
0.0209225	0.0425	0.00330848
0.0418449	0.0425	0.00330819
0.0627674	0.0425	0.00330769
0.0836899	0.0425	0.00330697
0.104612	0.0425	0.00330593
0.125535	0.0425	0.00330444
0.146457	0.0425	0.00330225
0.16738	0.0425	0.00329896
0.188302	0.0425	0.00329393
0.209225	0.0425	0.00328615
0.230147	0.0425	0.00327416
0.25107	0.0425	0.00325604
0.271992	0.0425	0.00322952
0.292915	0.0425	0.00319217
0.313837	0.0425	0.00314175
0.334759	0.0425	0.00307655
0.355682	0.0425	0.00299568
0.376604	0.0425	0.00289924
0.397527	0.0425	0.00278832
0.418449	0.0425	0.0026648
0.439372	0.0425	0.00253113
0.460294	0.0425	0.00238997
0.481217	0.0425	0.0022439
0.502139	0.0425	0.00209519
0.523062	0.0425	0.00194569
0.543984	0.0425	0.00179679
0.564907	0.0425	0.00164947
0.585829	0.0425	0.00150437
0.606752	0.0425	0.00136189
0.627674	0.0425	0.00122226
0.648596	0.0425	0.00108563
0.669519	0.0425	0.000952083
0.690441	0.0425	0.000821687
0.711364	0.0425	0.000694484
0.732286	0.0425	0.000570513
0.753209	0.0425	0.000449803
0.774131	0.0425	0.000332379
0.795054	0.0425	0.000218261
0.815976	0.0425	0.000107464
0.836899	0.0425	0
0	0.045	0.0034473
0.0216385	0.045	0.00344725
0.043277	0.045	0.00344692
0.0649155	0.045	0.00344637
0.086554	0.045	0.00344556
0.108192	0.045	0.00344438
0.129831	0.045	0.00344264
0.151469	0.045	0.00344002
0.173108	0.045	0.00343599
0.194746	0.045	0.00342969
0.216385	0.045	0.00341983
0.238023	0.045	0.00340462
0.259662	0.045	0.00338184
0.2813	0.045	0.00334895
0.302939	0.045	0.00330345
0.324577	0.045	0.00324324
0.346216	0.045	0.00316697
0.367854	0.045	0.0030743
0.389493	0.045	0.00296596
0.411131	0.045	0.00284363
0.43277	0.045	0.0027097
0.454408	0.045	0.00256693
0.476047	0.045	0.0024181
0.497685	0.045	0.00226574
0.519324	0.045	0.00211195
0.540962	0.045	0.00195838
0.562601	0.045	0.0018062
0.584239	0.045	0.00165619
0.605878	0.045	0.00150887
0.627516	0.045	0.00136452
0.649155	0.045	0.00122335
0.670793	0.045	0.00108545
0.692432	0.045	0.000950911
0.71407	0.045	0.00081978
0.735709	0.045	0.000692102
0.757347	0.045	0.000567909
0.778986	0.045	0.000447229
0.800624	0.045	0.000330083
0.822263	0.045	0.000216488
0.843901	0.045	0.000106457
0.86554	0.045	0
0	0.0475	0.00357988
0.0223545	0.0475	0.00357982
0.044709	0.0475	0.00357946
0.0670636	0.0475	0.00357886
0.0894181	0.0475	0.00357795
0.111773	0.0475	0.00357661
0.134127	0.0475	0.00357459
0.156482	0.0475	0.00357147
0.178836	0.0475	0.00356653
0.201191	0.0475	0.0035587
0.223545	0.0475	0.00354636
0.2459	0.0475	0.00352739
0.268254	0.0475	0.00349926
0.290609	0.0475	0.00345927
0.312963	0.0475	0.00340494
0.335318	0.0475	0.00333443
0.357672	0.0475	0.00324685
0.380027	0.0475	0.00314247
0.402381	0.0475	0.00302265
0.424736	0.0475	0.00288962
0.44709	0.0475	0.00274617
0.469445	0.0475	0.00259526
0.491799	0.0475	0.00243968
0.514154	0.0475	0.00228184
0.536509	0.0475	0.00212367
0.558863	0.0475	0.00196658
0.581218	0.0475	0.00181155
0.603572	0.0475	0.00165921
0.625927	0.0475	0.00150995
0.648281	0.0475	0.00136402
0.670636	0.0475	0.00122156
0.69299	0.0475	0.00108266
0.715345	0.0475	0.00094739
0.737699	0.0475	0.000815799
0.760054	0.0475	0.000687924
0.782408	0.0475	0.000563794
0.804763	0.0475	0.000443434
0.827117	0.0475	0.000326862
0.849472	0.0475	0.000214092
0.871826	0.0475	0.000105136
0.894181	0.0475	0
0	0.05	0.00370629
0.0230705	0.05	0.00370622
0.0461411	0.05	0.00370582
0.0692116	0.05	0.00370516
0.0922822	0.05	0.00370415
0.115353	0.05	0.00370263
0.138423	0.05	0.00370028
0.161494	0.05	0.00369656
0.184564	0.05	0.00369055
0.207635	0.05	0.00368089
0.230705	0.05	0.00366564
0.253776	0.05	0.00364235
0.276847	0.05	0.00360822
0.299917	0.05	0.00356046
0.322988	0.05	0.00349673
0.346058	0.05	0.00341555
0.369129	0.05	0.00331658
0.392199	0.05	0.00320073
0.41527	0.05	0.00306996
0.43834	0.05	0.00292699
0.461411	0.05	0.00277489
0.484482	0.05	0.00261671
0.507552	0.05	0.0024552
0.530623	0.05	0.00229259
0.553693	0.05	0.00213061
0.576764	0.05	0.00197045
0.599834	0.05	0.00181293
0.622905	0.05	0.00165856
0.645975	0.05	0.00150765
0.669046	0.05	0.00136039
0.692116	0.05	0.0012169
0.715187	0.05	0.00107727
0.738258	0.05	0.000941534
0.761328	0.05	0.000809754
0.784399	0.05	0.000681959
0.807469	0.05	0.000558176
0.83054	0.05	0.000438424
0.85361	0.05	0.00032272
0.876681	0.05	0.000211076
0.899751	0.05	0.0001035
0.922822	0.05	0
0	0.0525	0.00382651
0.0237866	0.0525	0.00382643
0.0475732	0.0525	0.003826
0.0713597	0.0525	0.00382527
0.0951463	0.0525	0.00382415
0.118933	0.0525	0.00382244
0.142719	0.0525	0.00381971
0.166506	0.0525	0.00381528
0.190293	0.0525	0.003808
0.214079	0.0525	0.0037962
0.237866	0.0525	0.0037776
0.261652	0.0525	0.00374942
0.285439	0.0525	0.00370866
0.309225	0.0525	0.00365253
0.333012	0.0525	0.00357893
0.356799	0.0525	0.00348685
0.380585	0.0525	0.00337657
0.404372	0.0525	0.00324962
0.428158	0.0525	0.00310851
0.451945	0.0525	0.00295635
0.475732	0.0525	0.00279642
0.499518	0.0525	0.00263178
0.523305	0.0525	0.00246504
0.547091	0.0525	0.00229826
0.570878	0.0525	0.00213294
0.594664	0.0525	0.0019701
0.618451	0.0525	0.00181042
0.642238	0.0525	0.0016543
0.666024	0.0525	0.00150199
0.689811	0.0525	0.00135366
0.713597	0.0525	0.0012094
0.737384	0.0525	0.00106928
0.76117	0.0525	0.000933354
0.784957	0.0525	0.000801655
0.808744	0.0525	0.000674216
0.83253	0.0525	0.000551059
0.856317	0.0525	0.000432202
0.880103	0.0525	0.000317659
0.90389	0.0525	0.00020744
0.927676	0.0525	0.000101552
0.951463	0.0525	0
0	0.055	0.00394055
0.0245026	0.055	0.00394046
0.0490052	0.055	0.00393999
0.0735078	0.055	0.0039392
0.0980104	0.055	0.00393797
0.122513	0.055	0.00393603
0.147016	0.055	0.00393287
0.171518	0.055	0.00392761
0.196021	0.055	0.00391885
0.220523	0.055	0.00390457
0.245026	0.055	0.00388215
0.269529	0.055	0.00384852
0.294031	0.055	0.00380054
0.318534	0.055	0.00373552
0.343036	0.055	0.00365171
0.367539	0.055	0.00354864
0.392042	0.055	0.00342723
0.416544	0.055	0.00328962
0.441047	0.055	0.00313882
0.465549	0.055	0.00297824
0.490052	0.055	0.00281124
0.514555	0.055	0.00264084
0.539057	0.055	0.00246948
0.56356	0.055	0.00229903
0.588062	0.055	0.00213078
0.612565	0.055	0.0019656
0.637068	0.055	0.00180404
0.66157	0.055	0.00164644
0.686073	0.055	0.001493
0.710576	0.055	0.00134384
0.735078	0.055	0.00119907
0.759581	0.055	0.00105872
0.784083	0.055	0.00092286
0.808586	0.055	0.00079151
0.833089	0.055	0.000664699
0.857591	0.055	0.000542449
0.882094	0.055	0.000424773
0.906596	0.055	0.000311682
0.931099	0.055	0.000203186
0.955602	0.055	9.92907e-05
0.980104	0.055	0
0	0.0575	0.00404841
0.0252186	0.0575	0.00404831
0.0504373	0.0575	0.00404781
0.0756559	0.0575	0.00404695
0.100875	0.0575	0.00404559
0.126093	0.0575	0.00404341
0.151312	0.0575	0.00403975
0.17653	0.0575	0.00403353
0.201749	0.0575	0.00402305
0.226968	0.0575	0.00400595
0.252186	0.0575	0.00397924
0.277405	0.0575	0.00393961
0.302624	0.0575	0.00388387
0.327842	0.0575	0.00380953
0.353061	0.0575	0.00371527
0.378279	0.0575	0.00360122
0.403498	0.0575	0.00346896
0.428717	0.0575	0.00332121
0.453935	0.0575	0.00316137
0.479154	0.0575	0.00299308
0.504373	0.0575	0.00281971
0.529591	0.0575	0.00264418
0.55481	0.0575	0.00246874
0.580029	0.0575	0.00229504
0.605247	0.0575	0.00212422
0.630466	0.0575	0.001957
0.655684	0.0575	0.00179384
0.680903	0.0575	0.00163501
0.706122	0.0575	0.00148068
0.73134	0.0575	0.00133095
0.756559	0.0575	0.00118591
0.781778	0.0575	0.0010456
0.806996	0.0575	0.00091006
0.832215	0.0575	0.000779325
0.857433	0.0575	0.000653415
0.882652	0.0575	0.000532348
0.907871	0.0575	0.000416137
0.933089	0.0575	0.00030479
0.958308	0.0575	0.000198315
0.983527	0.0575	9.67172e-05
1.00875	0.0575	0
0	0.06	0.0041501
0.0259347	0.06	0.00414999
0.0518693	0.06	0.00414945
0.077804	0.06	0.00414852
0.103739	0.06	0.00414703
0.129673	0.06	0.00414457
0.155608	0.06	0.00414034
0.181543	0.06	0.00413301
0.207477	0.06	0.00412057
0.233412	0.06	0.00410027
0.259347	0.06	0.00406881
0.285281	0.06	0.00402266
0.311216	0.06	0.00395867
0.337151	0.06	0.00387465
0.363085	0.06	0.00376981
0.38902	0.06	0.0036449
0.414955	0.06	0.00350215
0.440889	0.06	0.00334479
0.466824	0.06	0.00317657
0.492759	0.06	0.00300123
0.518693	0.06	0.00282214
0.544628	0.06	0.00264202
0.570562	0.06	0.00246295
0.596497	0.06	0.0022864
0.622432	0.06	0.00211334
0.648366	0.06	0.00194436
0.674301	0.06	0.00177985
0.700236	0.06	0.00162003
0.72617	0.06	0.00146505
0.752105	0.06	0.001315
0.77804	0.06	0.00116994
0.803974	0.06	0.00102991
0.829909	0.06	0.000894961
0.855844	0.06	0.000765105
0.881778	0.06	0.000640367
0.907713	0.06	0.00052076
0.933648	0.06	0.000406297
0.959582	0.06	0.000296984
0.985517	0.06	0.000192827
1.01145	0.06	9.38317e-05
1.03739	0.06	0
0	0.0625	0.00424562
0.0266507	0.0625	0.0042455
0.0533014	0.0625	0.00424491
0.0799521	0.0625	0.00424391
0.106603	0.0625	0.00424228
0.133253	0.0625	0.00423951
0.159904	0.0625	0.00423463
0.186555	0.0625	0.00422604
0.213205	0.0625	0.00421137
0.239856	0.0625	0.00418751
0.266507	0.0625	0.00415082
0.293158	0.0625	0.00409766
0.319808	0.0625	0.004025
0.346459	0.0625	0.00393104
0.37311	0.0625	0.00381555
0.39976	0.0625	0.00367998
0.426411	0.0625	0.00352714
0.453062	0.0625	0.00336074
0.479712	0.0625	0.00318476
0.506363	0.0625	0.00300301
0.533014	0.0625	0.00281875
0.559664	0.0625	0.00263454
0.586315	0.0625	0.00245226
0.612966	0.0625	0.0022732
0.639616	0.0625	0.00209817
0.666267	0.0625	0.0019277
0.692918	0.0625	0.00176209
0.719569	0.0625	0.00160153
0.746219	0.0625	0.00144614
0.77287	0.0625	0.001296
0.799521	0.0625	0.00115117
0.826171	0.0625	0.00101168
0.852822	0.0625	0.000877569
0.879473	0.0625	0.000748856
0.906123	0.0625	0.000625558
0.932774	0.0625	0.000507688
0.959425	0.0625	0.000395254
0.986075	0.0625	0.000288264
1.01273	0.0625	0.000186723
1.03938	0.0625	9.06342e-05
1.06603	0.0625	0
0	0.065	0.00433497
0.0273667	0.065	0.00433483
0.0547334	0.065	0.00433421
0.0821001	0.065	0.00433313
0.109467	0.065	0.00433134
0.136834	0.065	0.00432823
0.1642	0.065	0.00432262
0.191567	0.065	0.0043126
0.218934	0.065	0.00429543
0.2463	0.065	0.00426761
0.273667	0.065	0.00422524
0.301034	0.065	0.00416462
0.328401	0.065	0.00408292
0.355767	0.065	0.00397881
0.383134	0.065	0.00385272
0.410501	0.065	0.00370674
0.437867	0.065	0.00354426
0.465234	0.065	0.00336937
0.492601	0.065	0.00318624
0.519968	0.065	0.00299865
0.547334	0.065	0.00280973
0.574701	0.065	0.00262187
0.602068	0.065	0.00243675
0.629434	0.065	0.00225548
0.656801	0.065	0.00207877
0.684168	0.065	0.00190705
0.711535	0.065	0.00174057
0.738901	0.065	0.00157951
0.766268	0.065	0.00142395
0.793635	0.065	0.00127396
0.821001	0.065	0.0011296
0.848368	0.065	0.000990905
0.875735	0.065	0.00085789
0.903102	0.065	0.00073058
0.930468	0.065	0.000608991
0.957835	0.065	0.000493131
0.985202	0.065	0.00038301
1.01257	0.065	0.000278633
1.03994	0.065	0.000180003
1.0673	0.065	8.71251e-05
1.09467	0.065	0
0	0.0675	0.00441814
0.0280827	0.0675	0.004418
0.0561655	0.0675	0.00441733
0.0842482	0.0675	0.00441618
0.112331	0.0675	0.00441423
0.140414	0.0675	0.00441073
0.168496	0.0675	0.00440429
0.196579	0.0675	0.00439266
0.224662	0.0675	0.00437271
0.252745	0.0675	0.00434055
0.280827	0.0675	0.00429206
0.30891	0.0675	0.00422356
0.336993	0.0675	0.00413251
0.365076	0.0675	0.00401814
0.393158	0.0675	0.00388153
0.421241	0.0675	0.00372545
0.449324	0.0675	0.0035538
0.477407	0.0675	0.00337097
0.505489	0.0675	0.00318125
0.533572	0.0675	0.00298835
0.561655	0.0675	0.00279525
0.589738	0.0675	0.00260413
0.61782	0.0675	0.00241649
0.645903	0.0675	0.0022333
0.673986	0.0675	0.00205516
0.702069	0.0675	0.00188243
0.730151	0.0675	0.00171533
0.758234	0.0675	0.00155398
0.786317	0.0675	0.00139849
0.814399	0.0675	0.0012489
0.842482	0.0675	0.00110525
0.870565	0.0675	0.00096759
0.898648	0.0675	0.000835926
0.92673	0.0675	0.000710281
0.954813	0.0675	0.000590667
0.982896	0.0675	0.000477093
1.01098	0.0675	0.000369565
1.03906	0.0675	0.000268089
1.06714	0.0675	0.000172668
1.09523	0.0675	8.33043e-05
1.12331	0.0675	0
0	0.07	0.00449515
0.0287988	0.07	0.004495
0.0575975	0.07	0.00449429
0.0863963	0.07	0.00449306
0.115195	0.07	0.00449093
0.143994	0.07	0.00448701
0.172793	0.07	0.00447964
0.201591	0.07	0.00446622
0.23039	0.07	0.00444318
0.259189	0.07	0.00440631
0.287988	0.07	0.00435128
0.316786	0.07	0.00427451
0.345585	0.07	0.00417387
0.374384	0.07	0.00404917
0.403183	0.07	0.0039022
0.431982	0.07	0.00373636
0.46078	0.07	0.00355601
0.489579	0.07	0.00336578
0.518378	0.07	0.00317
0.547177	0.07	0.00297228
0.575975	0.07	0.00277542
0.604774	0.07	0.0025814
0.633573	0.07	0.00239154
0.662372	0.07	0.0022067
0.69117	0.07	0.00202737
0.719969	0.07	0.00185387
0.748768	0.07	0.00168636
0.777567	0.07	0.00152497
0.806366	0.07	0.00136977
0.835164	0.07	0.00122081
0.863963	0.07	0.00107812
0.892762	0.07	0.00094174
0.921561	0.07	0.000811681
0.950359	0.07	0.00068796
0.979158	0.07	0.000570588
1.00796	0.07	0.000459573
1.03676	0.07	0.00035492
1.06555	0.07	0.000256634
1.09435	0.07	0.000164717
1.12315	0.07	7.91721e-05
1.15195	0.07	0
0	0.0725	0.004566
0.0295148	0.0725	0.00456583
0.0590296	0.0725	0.00456508
0.0885444	0.0725	0.00456377
0.118059	0.0725	0.00456145
0.147574	0.0725	0.00455706
0.177089	0.0725	0.00454866
0.206604	0.0725	0.00453324
0.236118	0.0725	0.00450683
0.265633	0.0725	0.00446486
0.295148	0.0725	0.00440289
0.324663	0.0725	0.00431752
0.354178	0.0725	0.00420709
0.383692	0.0725	0.00407206
0.413207	0.0725	0.00391493
0.442722	0.0725	0.0037397
0.472237	0.0725	0.00355112
0.501752	0.0725	0.00335401
0.531266	0.0725	0.00315267
0.560781	0.0725	0.00295058
0.590296	0.0725	0.00275034
0.619811	0.0725	0.00255374
0.649326	0.0725	0.00236196
0.67884	0.0725	0.00217571
0.708355	0.0725	0.00199543
0.73787	0.0725	0.00182138
0.767385	0.0725	0.0016537
0.796899	0.0725	0.00149248
0.826414	0.0725	0.0013378
0.855929	0.0725	0.0011897
0.885444	0.0725	0.00104821
0.914959	0.0725	0.00091336
0.944473	0.0725	0.000785157
0.973988	0.0725	0.00066362
1.0035	0.0725	0.000548756
1.03302	0.0725	0.000440574
1.06253	0.0725	0.000339076
1.09205	0.0725	0.000244268
1.12156	0.0725	0.000156151
1.15108	0.0725	7.47287e-05
1.18059	0.0725	0
0	0.075	0.00463067
0.0302308	0.075	0.00463049
0.0604616	0.075	0.00462971
0.0906925	0.075	0.00462832
0.120923	0.075	0.00462579
0.151154	0.075	0.00462089
0.181385	0.075	0.00461134
0.211616	0.075	0.00459373
0.241847	0.075	0.00456364
0.272077	0.075	0.00451619
0.302308	0.075	0.0044469
0.332539	0.075	0.00435263
0.36277	0.075	0.00423226
0.393001	0.075	0.00408696
0.423232	0.075	0.00391992
0.453462	0.075	0.00373568
0.483693	0.075	0.00353935
0.513924	0.075	0.00333585
0.544155	0.075	0.00312942
0.574386	0.075	0.00292336
0.604616	0.075	0.0027201
0.634847	0.075	0.00252123
0.665078	0.075	0.00232778
0.695309	0.075	0.00214037
0.72554	0.075	0.00195936
0.755771	0.075	0.00178497
0.786001	0.075	0.00161733
0.816232	0.075	0.00145652
0.846463	0.075	0.00130259
0.876694	0.075	0.00115559
0.906925	0.075	0.00101553
0.937156	0.075	0.000882451
0.967386	0.075	0.000756357
0.997617	0.075	0.000637261
1.02785	0.075	0.000525172
1.05808	0.075	0.000420094
1.08831	0.075	0.000322033
1.11854	0.075	0.000230991
1.14877	0.075	0.000146971
1.179	0.075	6.99744e-05
1.20923	0.075	0
0	0.0775	0.00468919
0.0309469	0.0775	0.004689
0.0618937	0.0775	0.00468817
0.0928406	0.0775	0.0046867
0.123787	0.0775	0.00468396
0.154734	0.0775	0.00467849
0.185681	0.0775	0.00466768
0.216628	0.0775	0.00464766
0.247575	0.0775	0.00461358
0.278522	0.0775	0.0045603
0.309469	0.0775	0.00448334
0.340415	0.0775	0.00437991
0.371362	0.0775	0.0042495
0.402309	0.0775	0.00409402
0.433256	0.0775	0.00391733
0.464203	0.0775	0.00372449
0.49515	0.0775	0.00352087
0.526096	0.0775	0.00331145
0.557043	0.0775	0.00310036
0.58799	0.0775	0.00289072
0.618937	0.0775	0.00268476
0.649884	0.0775	0.00248389
0.680831	0.0775	0.00228903
0.711778	0.0775	0.00210068
0.742724	0.0775	0.00191917
0.773671	0.0775	0.00174467
0.804618	0.0775	0.00157729
0.835565	0.0775	0.0014171
0.866512	0.0775	0.00126414
0.897459	0.0775	0.00111846
0.928406	0.0775	0.000980081
0.959352	0.0775	0.000849016
0.990299	0.0775	0.000725281
1.02125	0.0775	0.000608885
1.05219	0.0775	0.000499835
1.08314	0.0775	0.000398136
1.11409	0.0775	0.000303791
1.14503	0.0775	0.000216803
1.17598	0.0775	0.000137176
1.20693	0.0775	6.491e-05
1.23787	0.0775	0
0	0.08	0.00474154
0.0316629	0.08	0.00474134
0.0633258	0.08	0.00474047
0.0949886	0.08	0.00473892
0.126652	0.08	0.00473594
0.158314	0.08	0.00472986
0.189977	0.08	0.00471766
0.22164	0.08	0.00469502
0.253303	0.08	0.00465665
0.284966	0.08	0.00459718
0.316629	0.08	0.00451222
0.348292	0.08	0.00439941
0.379955	0.08	0.00425891
0.411617	0.08	0.00409337
0.44328	0.08	0.00390733
0.474943	0.08	0.00370629
0.506606	0.08	0.00349584
0.538269	0.08	0.00328095
0.569932	0.08	0.0030656
0.601595	0.08	0.00285274
0.633258	0.08	0.00264438
0.66492	0.08	0.00244179
0.696583	0.08	0.00224574
0.728246	0.08	0.00205668
0.759909	0.08	0.00187488
0.791572	0.08	0.00170047
0.823235	0.08	0.00153356
0.854898	0.08	0.00137421
0.886561	0.08	0.00122246
0.918223	0.08	0.00107833
0.949886	0.08	0.000941861
0.981549	0.08	0.000813057
1.01321	0.08	0.000691932
1.04487	0.08	0.000578493
1.07654	0.08	0.000472748
1.1082	0.08	0.000374699
1.13986	0.08	0.00028435
1.17153	0.08	0.000201705
1.20319	0.08	0.000126768
1.23485	0.08	5.95372e-05
1.26652	0.08	0
0	0.0825	0.00478773
0.0323789	0.0825	0.00478751
0.0647578	0.0825	0.00478662
0.0971367	0.0825	0.00478498
0.129516	0.0825	0.00478176
0.161895	0.0825	0.004775
0.194273	0.0825	0.0047613
0.226652	0.0825	0.00473581
0.259031	0.0825	0.00469284
0.29141	0.0825	0.00462683
0.323789	0.0825	0.00453357
0.356168	0.0825	0.00441119
0.388547	0.0825	0.00426058
0.420926	0.0825	0.00408515
0.453305	0.0825	0.00389008
0.485684	0.0825	0.00368125
0.518062	0.0825	0.00346441
0.550441	0.0825	0.00324446
0.58282	0.0825	0.00302525
0.615199	0.0825	0.00280949
0.647578	0.0825	0.00259902
0.679957	0.0825	0.00239495
0.712336	0.0825	0.00219794
0.744715	0.0825	0.00200838
0.777094	0.0825	0.00182649
0.809473	0.0825	0.00165239
0.841852	0.0825	0.00148617
0.87423	0.0825	0.00132787
0.906609	0.0825	0.00117754
0.938988	0.0825	0.0010352
0.971367	0.0825	0.000900876
1.00375	0.0825	0.000774575
1.03612	0.0825	0.000656309
1.0685	0.0825	0.000546086
1.10088	0.0825	0.000443909
1.13326	0.0825	0.000349783
1.16564	0.0825	0.000263712
1.19802	0.0825	0.0001857
1.2304	0.0825	0.00011575
1.26278	0.0825	5.38586e-05
1.29516	0.0825	0
0	0.085	0.00482776
0.0330949	0.085	0.00482753
0.0661899	0.085	0.0048266
0.0992848	0.085	0.00482488
0.13238	0.085	0.0048214
0.165475	0.085	0.00481391
0.19857	0.085	0.00479857
0.231665	0.085	0.00477001
0.264759	0.085	0.00472214
0.297854	0.085	0.00464926
0.330949	0.085	0.00454741
0.364044	0.085	0.00441531
0.397139	0.085	0.00425461
0.430234	0.085	0.00406949
0.463329	0.085	0.00386571
0.496424	0.085	0.0036495
0.529519	0.085	0.00342669
0.562614	0.085	0.0032021
0.595709	0.085	0.00297937
0.628804	0.085	0.00276103
0.661899	0.085	0.00254871
0.694994	0.085	0.00234339
0.728089	0.085	0.00214564
0.761183	0.085	0.00195579
0.794278	0.085	0.00177402
0.827373	0.085	0.00160043
0.860468	0.085	0.00143511
0.893563	0.085	0.00127808
0.926658	0.085	0.0011294
0.959753	0.085	0.000989072
0.992848	0.085	0.000857127
1.02594	0.085	0.000733572
1.05904	0.085	0.000618415
1.09213	0.085	0.000511663
1.12523	0.085	0.00041332
1.15832	0.085	0.000323389
1.19142	0.085	0.000241877
1.22451	0.085	0.000168788
1.25761	0.085	0.000104126
1.2907	0.085	4.78788e-05
1.3238	0.085	0
0	0.0875	0.00486163
0.033811	0.0875	0.00486139
0.0676219	0.0875	0.00486043
0.101433	0.0875	0.00485862
0.135244	0.0875	0.00485487
0.169055	0.0875	0.0048466
0.202866	0.0875	0.00482947
0.236677	0.0875	0.00479762
0.270488	0.0875	0.00474454
0.304299	0.0875	0.00466447
0.33811	0.0875	0.00455379
0.371921	0.0875	0.00441184
0.405732	0.0875	0.0042411
0.439542	0.0875	0.00404651
0.473353	0.0875	0.00383436
0.507164	0.0875	0.00361118
0.540975	0.0875	0.0033828
0.574786	0.0875	0.00315395
0.608597	0.0875	0.00292805
0.642408	0.0875	0.00270741
0.676219	0.0875	0.00249349
0.71003	0.0875	0.00228715
0.743841	0.0875	0.00208887
0.777652	0.0875	0.00189893
0.811463	0.0875	0.00171747
0.845274	0.0875	0.00154461
0.879085	0.0875	0.00138038
0.912896	0.0875	0.00122485
0.946707	0.0875	0.00107803
0.980518	0.0875	0.000939945
1.01433	0.0875	0.000810615
1.04814	0.0875	0.000690048
1.08195	0.0875	0.00057825
1.11576	0.0875	0.000475226
1.14957	0.0875	0.000380981
1.18338	0.0875	0.000295519
1.21719	0.0875	0.000218849
1.25101	0.0875	0.000150976
1.28482	0.0875	9.19024e-05
1.31863	0.0875	4.16055e-05
1.35244	0.0875	0
0	0.09	0.00488933
0.034527	0.09	0.00488909
0.069054	0.09	0.00488809
0.103581	0.09	0.00488621
0.138108	0.09	0.00488217
0.172635	0.09	0.00487305
0.207162	0.09	0.004854
0.241689	0.09	0.00481862
0.276216	0.09	0.00476003
0.310743	0.09	0.00467248
0.34527	0.09	0.00455272
0.379797	0.09	0.00440083
0.414324	0.09	0.00422014
0.448851	0.09	0.00401631
0.483378	0.09	0.00379615
0.517905	0.09	0.00356638
0.552432	0.09	0.00333285
0.586959	0.09	0.0031001
0.621486	0.09	0.00287133
0.656013	0.09	0.00264867
0.69054	0.09	0.00243339
0.725067	0.09	0.00222624
0.759594	0.09	0.00202763
0.794121	0.09	0.00183779
0.828648	0.09	0.00165686
0.863175	0.09	0.00148491
0.897702	0.09	0.001322
0.932229	0.09	0.00116817
0.966756	0.09	0.00102343
1.00128	0.09	0.000887822
1.03581	0.09	0.000761342
1.07034	0.09	0.000644005
1.10486	0.09	0.000535814
1.13939	0.09	0.000436775
1.17392	0.09	0.000346893
1.20844	0.09	0.000266176
1.24297	0.09	0.000194633
1.2775	0.09	0.000132272
1.31203	0.09	7.90925e-05
1.34655	0.09	3.5051e-05
1.38108	0.09	0
0	0.0925	0.00491088
0.035243	0.0925	0.00491063
0.070486	0.0925	0.00490961
0.105729	0.0925	0.00490765
0.140972	0.0925	0.0049033
0.176215	0.0925	0.00489327
0.211458	0.0925	0.00487217
0.246701	0.0925	0.00483302
0.281944	0.0925	0.00476863
0.317187	0.0925	0.00467328
0.35243	0.0925	0.00454423
0.387673	0.0925	0.00438235
0.422916	0.0925	0.00419182
0.458159	0.0925	0.00397901
0.493402	0.0925	0.00375118
0.528645	0.0925	0.00351523
0.563888	0.0925	0.00327692
0.599131	0.0925	0.00304061
0.634374	0.0925	0.00280929
0.669617	0.0925	0.00258485
0.70486	0.0925	0.00236844
0.740103	0.0925	0.00216068
0.775346	0.0925	0.00196194
0.810589	0.0925	0.0017724
0.845832	0.0925	0.00159218
0.881075	0.0925	0.00142136
0.916318	0.0925	0.00125996
0.951561	0.0925	0.00110805
0.986804	0.0925	0.000965619
1.02205	0.0925	0.000832704
1.05729	0.0925	0.000709309
1.09253	0.0925	0.000595442
1.12778	0.0925	0.000491107
1.16302	0.0925	0.000396311
1.19826	0.0925	0.000311059
1.23351	0.0925	0.000235364
1.26875	0.0925	0.000169237
1.30399	0.0925	0.000112691
1.33923	0.0925	6.57153e-05
1.37448	0.0925	2.82347e-05
1.40972	0.0925	0
0	0.095	0.00492627
0.035959	0.095	0.00492601
0.0719181	0.095	0.00492496
0.107877	0.095	0.00492293
0.143836	0.095	0.00491826
0.179795	0.095	0.00490726
0.215754	0.095	0.00488396
0.251713	0.095	0.00484081
0.287672	0.095	0.00477032
0.323631	0.095	0.0046669
0.35959	0.095	0.00452837
0.395549	0.095	0.00435646
0.431509	0.095	0.00415621
0.467468	0.095	0.00393469
0.503427	0.095	0.00369956
0.539386	0.095	0.00345781
0.575345	0.095	0.0032151
0.611304	0.095	0.00297556
0.647263	0.095	0.00274195
0.683222	0.095	0.00251598
0.719181	0.095	0.00229865
0.75514	0.095	0.00209049
0.791099	0.095	0.0018918
0.827058	0.095	0.00170276
0.863017	0.095	0.00152345
0.898976	0.095	0.00135394
0.934935	0.095	0.00119428
0.970894	0.095	0.00104448
1.00685	0.095	0.000904586
1.04281	0.095	0.000774594
1.07877	0.095	0.000654517
1.11473	0.095	0.000544361
1.15069	0.095	0.000444132
1.18665	0.095	0.000353836
1.22261	0.095	0.000273484
1.25857	0.095	0.000203091
1.29453	0.095	0.000142677
1.33048	0.095	9.22546e-05
1.36644	0.095	5.18015e-05
1.4024	0.095	2.11872e-05
1.43836	0.095	0
0	0.0975	0.0049355
0.0366751	0.0975	0.00493524
0.0733501	0.0975	0.00493417
0.110025	0.0975	0.00493206
0.1467	0.0975	0.00492706
0.183375	0.0975	0.00491503
0.22005	0.0975	0.00488937
0.256725	0.0975	0.00484198
0.293401	0.0975	0.0047651
0.330076	0.0975	0.00465333
0.366751	0.0975	0.00450517
0.403426	0.0975	0.00432321
0.440101	0.0975	0.00411339
0.476776	0.0975	0.00388346
0.513451	0.0975	0.00364139
0.550126	0.0975	0.00339422
0.586801	0.0975	0.00314745
0.623476	0.0975	0.00290499
0.660151	0.0975	0.00266937
0.696826	0.0975	0.0024421
0.733501	0.0975	0.00222404
0.770176	0.0975	0.00201567
0.806852	0.0975	0.00181723
0.843527	0.0975	0.00162886
0.880202	0.0975	0.00145066
0.916877	0.0975	0.00128267
0.953552	0.0975	0.00112494
0.990227	0.0975	0.000977486
1.0269	0.0975	0.000840333
1.06358	0.0975	0.000713491
1.10025	0.0975	0.000596966
1.13693	0.0975	0.000490763
1.1736	0.0975	0.000394889
1.21028	0.0975	0.000309354
1.24695	0.0975	0.000234174
1.28363	0.0975	0.000169373
1.3203	0.0975	0.000114976
1.35698	0.0975	7.09992e-05
1.39365	0.0975	3.73987e-05
1.43033	0.0975	1.3955e-05
1.467	0.0975	0
0	0.1	0.00493858
0.0373911	0.1	0.0049383
0.0747822	0.1	0.00493722
0.112173	0.1	0.00493504
0.149564	0.1	0.0049297
0.186955	0.1	0.00491657
0.224347	0.1	0.0048884
0.261738	0.1	0.00483654
0.299129	0.1	0.00475297
0.33652	0.1	0.0046326
0.373911	0.1	0.00447464
0.411302	0.1	0.00428265
0.448693	0.1	0.00406345
0.486084	0.1	0.0038254
0.523475	0.1	0.00357675
0.560866	0.1	0.00332453
0.598258	0.1	0.00307405
0.635649	0.1	0.00282896
0.67304	0.1	0.00259157
0.710431	0.1	0.00236321
0.747822	0.1	0.00214463
0.785213	0.1	0.00193623
0.822604	0.1	0.00173822
0.859995	0.1	0.00155072
0.897386	0.1	0.00137381
0.934777	0.1	0.00120755
0.972169	0.1	0.00105195
1.00956	0.1	0.000907052
1.04695	0.1	0.000772864
1.08434	0.1	0.000649397
1.12173	0.1	0.000536657
1.15912	0.1	0.000434649
1.19652	0.1	0.000343382
1.23391	0.1	0.000262873
1.2713	0.1	0.000193144
1.30869	0.1	0.00013423
1.34608	0.1	8.61704e-05
1.38347	0.1	4.898e-05
1.42086	0.1	2.25792e-05
1.45825	0.1	6.60864e-06
1.49564	0.1	0
