0	0	0
0.00375	0	0
0.0075	0	0
0.01125	0	0
0.015	0	0
0.01875	0	0
0.0225	0	0
0.02625	0	0
0.03	0	0
0.03375	0	0
0.0375	0	0
0.04125	0	0
0.045	0	0
0.04875	0	0
0.0525	0	0
0.05625	0	0
0.06	0	0
0.06375	0	0
0.0675	0	0
0.07125	0	0
0.075	0	0
0.07875	0	0
0.0825	0	0
0.08625	0	0
0.09	0	0
0.09375	0	0
0.0975	0	0
0.10125	0	0
0.105	0	0
0.10875	0	0
0.1125	0	0
0.11625	0	0
0.12	0	0
0.12375	0	0
0.1275	0	0
0.13125	0	0
0.135	0	0
0.13875	0	0
0.1425	0	0
0.14625	0	0
0.15	0	0
0	0.0175	0.00670221
0.00447146	0.0175	0.00670098
0.00894292	0.0175	0.00669728
0.0134144	0.0175	0.0066911
0.0178858	0.0175	0.00668239
0.0223573	0.0175	0.00667112
0.0268288	0.0175	0.00665723
0.0313002	0.0175	0.00664065
0.0357717	0.0175	0.00662129
0.0402432	0.0175	0.00659903
0.0447146	0.0175	0.00657375
0.0491861	0.0175	0.00654528
0.0536575	0.0175	0.00651344
0.058129	0.0175	0.006478
0.0626005	0.0175	0.00643869
0.0670719	0.0175	0.00639519
0.0715434	0.0175	0.00634712
0.0760149	0.0175	0.00629401
0.0804863	0.0175	0.00623533
0.0849578	0.0175	0.00617042
0.0894292	0.0175	0.00609853
0.0939007	0.0175	0.00601876
0.0983722	0.0175	0.00593003
0.102844	0.0175	0.00583112
0.107315	0.0175	0.00572057
0.111787	0.0175	0.0055967
0.116258	0.0175	0.00545759
0.120729	0.0175	0.00530102
0.125201	0.0175	0.00512447
0.129672	0.0175	0.00492508
0.134144	0.0175	0.00469962
0.138615	0.0175	0.00444451
0.143087	0.0175	0.00415572
0.147558	0.0175	0.00382881
0.15203	0.0175	0.00345889
0.156501	0.0175	0.00304057
0.160973	0.0175	0.002568
0.165444	0.0175	0.00203482
0.169916	0.0175	0.00143413
0.174387	0.0175	0.000758516
0.178858	0.0175	0
0	0.035	0.013136
0.00519292	0.035	0.0131328
0.0103858	0.035	0.0131231
0.0155788	0.035	0.0131069
0.0207717	0.035	0.0130841
0.0259646	0.035	0.0130545
0.0311575	0.035	0.013018
0.0363505	0.035	0.0129743
0.0415434	0.035	0.0129231
0.0467363	0.035	0.0128641
0.0519292	0.035	0.0127968
0.0571222	0.035	0.0127207
0.0623151	0.035	0.0126353
0.067508	0.035	0.0125399
0.0727009	0.035	0.0124336
0.0778939	0.035	0.0123156
0.0830868	0.035	0.0121846
0.0882797	0.035	0.0120396
0.0934726	0.035	0.011879
0.0986656	0.035	0.0117014
0.103858	0.035	0.0115048
0.109051	0.035	0.0112873
0.114244	0.035	0.0110468
0.119437	0.035	0.0107807
0.12463	0.035	0.0104866
0.129823	0.035	0.0101618
0.135016	0.035	0.00980324
0.140209	0.035	0.00940815
0.145402	0.035	0.00897353
0.150595	0.035	0.00849647
0.155788	0.035	0.0079742
0.160981	0.035	0.00740419
0.166174	0.035	0.00678425
0.171367	0.035	0.0061127
0.176559	0.035	0.00538846
0.181752	0.035	0.00461128
0.186945	0.035	0.00378184
0.192138	0.035	0.00290198
0.197331	0.035	0.00197492
0.202524	0.035	0.0010054
0.207717	0.035	0
0	0.0525	0.0193369
0.00591439	0.0525	0.019331
0.0118288	0.0525	0.0193132
0.0177432	0.0525	0.0192834
0.0236575	0.0525	0.0192414
0.0295719	0.0525	0.0191869
0.0354863	0.0525	0.0191196
0.0414007	0.0525	0.0190389
0.0473151	0.0525	0.0189444
0.0532295	0.0525	0.0188353
0.0591439	0.0525	0.0187108
0.0650583	0.0525	0.0185701
0.0709726	0.0525	0.018412
0.076887	0.0525	0.0182353
0.0828014	0.0525	0.0180386
0.0887158	0.0525	0.0178204
0.0946302	0.0525	0.0175789
0.100545	0.0525	0.0173122
0.106459	0.0525	0.0170183
0.112373	0.0525	0.0166949
0.118288	0.0525	0.0163398
0.124202	0.0525	0.0159504
0.130117	0.0525	0.0155242
0.136031	0.0525	0.0150588
0.141945	0.0525	0.0145517
0.14786	0.0525	0.0140005
0.153774	0.0525	0.0134032
0.159688	0.0525	0.0127578
0.165603	0.0525	0.0120629
0.171517	0.0525	0.0113173
0.177432	0.0525	0.0105205
0.183346	0.0525	0.00967251
0.18926	0.0525	0.00877379
0.195175	0.0525	0.00782553
0.201089	0.0525	0.00682951
0.207004	0.0525	0.005788
0.212918	0.0525	0.00470375
0.218832	0.0525	0.00357979
0.224747	0.0525	0.00241927
0.230661	0.0525	0.00122517
0.236575	0.0525	0
0	0.07	0.0253354
0.00663585	0.07	0.0253262
0.0132717	0.07	0.0252985
0.0199075	0.07	0.0252521
0.0265434	0.07	0.0251867
0.0331792	0.07	0.0251018
0.0398151	0.07	0.024997
0.0464509	0.07	0.0248715
0.0530868	0.07	0.0247244
0.0597226	0.07	0.0245548
0.0663585	0.07	0.0243615
0.0729943	0.07	0.0241431
0.0796302	0.07	0.0238982
0.086266	0.07	0.0236251
0.0929019	0.07	0.023322
0.0995377	0.07	0.0229869
0.106174	0.07	0.0226179
0.112809	0.07	0.0222125
0.119445	0.07	0.0217687
0.126081	0.07	0.0212841
0.132717	0.07	0.0207564
0.139353	0.07	0.0201834
0.145989	0.07	0.0195632
0.152625	0.07	0.0188938
0.15926	0.07	0.0181738
0.165896	0.07	0.0174019
0.172532	0.07	0.0165773
0.179168	0.07	0.0156995
0.185804	0.07	0.0147688
0.19244	0.07	0.0137856
0.199075	0.07	0.012751
0.205711	0.07	0.0116664
0.212347	0.07	0.0105335
0.218983	0.07	0.00935452
0.225619	0.07	0.0081317
0.232255	0.07	0.00686741
0.238891	0.07	0.00556399
0.245526	0.07	0.00422367
0.252162	0.07	0.00284844
0.258798	0.07	0.00144006
0.265434	0.07	0
0	0.0875	0.0311561
0.00735731	0.0875	0.0311431
0.0147146	0.0875	0.0311041
0.0220719	0.0875	0.0310388
0.0294292	0.0875	0.0309468
0.0367866	0.0875	0.0308275
0.0441439	0.0875	0.0306803
0.0515012	0.0875	0.0305041
0.0588585	0.0875	0.0302979
0.0662158	0.0875	0.0300604
0.0735731	0.0875	0.0297902
0.0809304	0.0875	0.0294856
0.0882877	0.0875	0.029145
0.095645	0.0875	0.0287665
0.103002	0.0875	0.028348
0.11036	0.0875	0.0278875
0.117717	0.0875	0.0273828
0.125074	0.0875	0.0268319
0.132432	0.0875	0.0262327
0.139789	0.0875	0.0255832
0.147146	0.0875	0.0248816
0.154504	0.0875	0.0241265
0.161861	0.0875	0.0233167
0.169218	0.0875	0.0224511
0.176575	0.0875	0.0215294
0.183933	0.0875	0.0205514
0.19129	0.0875	0.0195174
0.198647	0.0875	0.0184282
0.206005	0.0875	0.0172848
0.213362	0.0875	0.0160887
0.220719	0.0875	0.0148416
0.228077	0.0875	0.0135454
0.235434	0.0875	0.0122022
0.242791	0.0875	0.0108141
0.250149	0.0875	0.00938308
0.257506	0.0875	0.00791123
0.264863	0.0875	0.00640041
0.272221	0.0875	0.00485236
0.279578	0.0875	0.00326866
0.286935	0.0875	0.00165076
0.294292	0.0875	0
0	0.105	0.0368175
0.00807877	0.105	0.0368004
0.0161575	0.105	0.0367491
0.0242363	0.105	0.0366633
0.0323151	0.105	0.0365425
0.0403939	0.105	0.036386
0.0484726	0.105	0.0361929
0.0565514	0.105	0.0359621
0.0646302	0.105	0.0356925
0.072709	0.105	0.0353825
0.0807877	0.105	0.0350306
0.0888665	0.105	0.0346351
0.0969453	0.105	0.034194
0.105024	0.105	0.0337056
0.113103	0.105	0.0331678
0.121182	0.105	0.0325787
0.12926	0.105	0.0319364
0.137339	0.105	0.0312392
0.145418	0.105	0.0304853
0.153497	0.105	0.0296735
0.161575	0.105	0.0288026
0.169654	0.105	0.0278719
0.177733	0.105	0.0268809
0.185812	0.105	0.0258297
0.193891	0.105	0.0247186
0.201969	0.105	0.0235484
0.210048	0.105	0.02232
0.218127	0.105	0.0210349
0.226206	0.105	0.0196947
0.234284	0.105	0.0183012
0.242363	0.105	0.0168563
0.250442	0.105	0.015362
0.258521	0.105	0.0138204
0.2666	0.105	0.0122334
0.274678	0.105	0.0106028
0.282757	0.105	0.0089306
0.290836	0.105	0.00721836
0.298915	0.105	0.0054677
0.306993	0.105	0.00368015
0.315072	0.105	0.00185713
0.323151	0.105	0
0	0.1225	0.042333
0.00880024	0.1225	0.0423116
0.0176005	0.1225	0.0422473
0.0264007	0.1225	0.0421399
0.0352009	0.1225	0.0419888
0.0440012	0.1225	0.0417932
0.0528014	0.1225	0.0415521
0.0616017	0.1225	0.0412645
0.0704019	0.1225	0.0409289
0.0792021	0.1225	0.0405438
0.0880024	0.1225	0.0401078
0.0968026	0.1225	0.039619
0.105603	0.1225	0.0390756
0.114403	0.1225	0.0384759
0.123203	0.1225	0.0378182
0.132004	0.1225	0.0371007
0.140804	0.1225	0.0363219
0.149604	0.1225	0.0354806
0.158404	0.1225	0.0345757
0.167204	0.1225	0.0336064
0.176005	0.1225	0.0325723
0.184805	0.1225	0.0314734
0.193605	0.1225	0.03031
0.202405	0.1225	0.0290826
0.211206	0.1225	0.0277923
0.220006	0.1225	0.0264404
0.228806	0.1225	0.0250284
0.237606	0.1225	0.023558
0.246407	0.1225	0.0220312
0.255207	0.1225	0.0204497
0.264007	0.1225	0.0188158
0.272807	0.1225	0.0171313
0.281608	0.1225	0.0153983
0.290408	0.1225	0.0136186
0.299208	0.1225	0.0117941
0.308008	0.1225	0.00992662
0.316808	0.1225	0.00801775
0.325609	0.1225	0.00606913
0.334409	0.1225	0.00408233
0.343209	0.1225	0.00205881
0.352009	0.1225	0
0	0.14	0.0477113
0.0095217	0.14	0.0476855
0.0190434	0.14	0.047608
0.0285651	0.14	0.0474783
0.0380868	0.14	0.047296
0.0476085	0.14	0.0470602
0.0571302	0.14	0.04677
0.0666519	0.14	0.0464242
0.0761736	0.14	0.0460214
0.0856953	0.14	0.0455602
0.095217	0.14	0.0450391
0.104739	0.14	0.0444564
0.11426	0.14	0.0438106
0.123782	0.14	0.0431
0.133304	0.14	0.0423233
0.142825	0.14	0.0414793
0.152347	0.14	0.0405667
0.161869	0.14	0.0395849
0.171391	0.14	0.0385333
0.180912	0.14	0.0374118
0.190434	0.14	0.0362206
0.199956	0.14	0.0349602
0.209477	0.14	0.0336314
0.218999	0.14	0.0322355
0.228521	0.14	0.0307738
0.238042	0.14	0.0292481
0.247564	0.14	0.02766
0.257086	0.14	0.0260117
0.266608	0.14	0.024305
0.276129	0.14	0.0225422
0.285651	0.14	0.0207252
0.295173	0.14	0.0188561
0.304694	0.14	0.0169369
0.314216	0.14	0.0149696
0.323738	0.14	0.0129559
0.333259	0.14	0.0108979
0.342781	0.14	0.0087971
0.352303	0.14	0.00665533
0.361825	0.14	0.00447417
0.371346	0.14	0.00225522
0.380868	0.14	0
0	0.1575	0.052958
0.0102432	0.1575	0.0529277
0.0204863	0.1575	0.0528366
0.0307295	0.1575	0.0526843
0.0409726	0.1575	0.0524704
0.0512158	0.1575	0.0521939
0.061459	0.1575	0.051854
0.0717021	0.1575	0.0514495
0.0819453	0.1575	0.0509792
0.0921884	0.1575	0.0504417
0.102432	0.1575	0.0498355
0.112675	0.1575	0.0491594
0.122918	0.1575	0.0484119
0.133161	0.1575	0.0475919
0.143404	0.1575	0.0466982
0.153647	0.1575	0.04573
0.163891	0.1575	0.0446868
0.174134	0.1575	0.0435682
0.184377	0.1575	0.0423743
0.19462	0.1575	0.0411055
0.204863	0.1575	0.0397624
0.215106	0.1575	0.0383461
0.22535	0.1575	0.0368579
0.235593	0.1575	0.0352993
0.245836	0.1575	0.0336722
0.256079	0.1575	0.0319784
0.266322	0.1575	0.03022
0.276565	0.1575	0.0283992
0.286808	0.1575	0.0265181
0.297052	0.1575	0.0245789
0.307295	0.1575	0.0225837
0.317538	0.1575	0.0205348
0.327781	0.1575	0.0184341
0.338024	0.1575	0.0162838
0.348267	0.1575	0.0140857
0.358511	0.1575	0.011842
0.368754	0.1575	0.00955428
0.378997	0.1575	0.00722451
0.38924	0.1575	0.00485442
0.399483	0.1575	0.0024457
0.409726	0.1575	0
0	0.175	0.0580757
0.0109646	0.175	0.0580409
0.0219292	0.175	0.0579361
0.0328939	0.175	0.0577611
0.0438585	0.175	0.0575153
0.0548231	0.175	0.0571981
0.0657877	0.175	0.0568084
0.0767524	0.175	0.0563452
0.087717	0.175	0.0558075
0.0986816	0.175	0.055194
0.109646	0.175	0.0545035
0.120611	0.175	0.0537348
0.131575	0.175	0.0528871
0.14254	0.175	0.0519592
0.153505	0.175	0.0509507
0.164469	0.175	0.0498611
0.175434	0.175	0.0486903
0.186399	0.175	0.0474385
0.197363	0.175	0.0461062
0.208328	0.175	0.0446942
0.219292	0.175	0.0432038
0.230257	0.175	0.0416363
0.241222	0.175	0.0399934
0.252186	0.175	0.038277
0.263151	0.175	0.0364892
0.274116	0.175	0.0346321
0.28508	0.175	0.032708
0.296045	0.175	0.0307193
0.307009	0.175	0.0286682
0.317974	0.175	0.0265571
0.328939	0.175	0.0243882
0.339903	0.175	0.0221639
0.350868	0.175	0.0198864
0.361833	0.175	0.0175578
0.372797	0.175	0.0151803
0.383762	0.175	0.0127559
0.394726	0.175	0.0102868
0.405691	0.175	0.00777467
0.416656	0.175	0.00522163
0.42762	0.175	0.00262946
0.438585	0.175	0
0	0.1925	0.0630651
0.0116861	0.1925	0.0630257
0.0233722	0.1925	0.0629072
0.0350583	0.1925	0.0627095
0.0467443	0.1925	0.0624319
0.0584304	0.1925	0.0620739
0.0701165	0.1925	0.0616346
0.0818026	0.1925	0.0611131
0.0934887	0.1925	0.0605084
0.105175	0.1925	0.0598196
0.116861	0.1925	0.0590456
0.128547	0.1925	0.0581857
0.140233	0.1925	0.0572392
0.151919	0.1925	0.0562055
0.163605	0.1925	0.0550844
0.175291	0.1925	0.0538759
0.186977	0.1925	0.0525804
0.198663	0.1925	0.0511985
0.21035	0.1925	0.0497312
0.222036	0.1925	0.0481798
0.233722	0.1925	0.0465458
0.245408	0.1925	0.044831
0.257094	0.1925	0.0430374
0.26878	0.1925	0.0411672
0.280466	0.1925	0.0392227
0.292152	0.1925	0.0372064
0.303838	0.1925	0.0351207
0.315524	0.1925	0.0329682
0.32721	0.1925	0.0307512
0.338896	0.1925	0.0284725
0.350583	0.1925	0.0261343
0.362269	0.1925	0.0237392
0.373955	0.1925	0.0212896
0.385641	0.1925	0.0187877
0.397327	0.1925	0.016236
0.409013	0.1925	0.0136366
0.420699	0.1925	0.0109918
0.432385	0.1925	0.00830363
0.444071	0.1925	0.00557427
0.455757	0.1925	0.00280572
0.467443	0.1925	0
0	0.21	0.0679253
0.0124075	0.21	0.0678813
0.0248151	0.21	0.0677493
0.0372226	0.21	0.0675289
0.0496302	0.21	0.0672197
0.0620377	0.21	0.0668211
0.0744453	0.21	0.0663325
0.0868528	0.21	0.065753
0.0992604	0.21	0.065082
0.111668	0.21	0.0643187
0.124075	0.21	0.0634623
0.136483	0.21	0.0625124
0.148891	0.21	0.0614686
0.161298	0.21	0.0603309
0.173706	0.21	0.0590993
0.186113	0.21	0.0577743
0.198521	0.21	0.0563567
0.210928	0.21	0.0548476
0.223336	0.21	0.0532483
0.235743	0.21	0.0515606
0.248151	0.21	0.0497862
0.260558	0.21	0.0479275
0.272966	0.21	0.0459867
0.285374	0.21	0.0439662
0.297781	0.21	0.0418688
0.310189	0.21	0.0396969
0.322596	0.21	0.0374534
0.335004	0.21	0.0351409
0.347411	0.21	0.0327623
0.359819	0.21	0.0303201
0.372226	0.21	0.0278171
0.384634	0.21	0.0252559
0.397042	0.21	0.0226391
0.409449	0.21	0.0199693
0.421857	0.21	0.0172489
0.434264	0.21	0.0144805
0.446672	0.21	0.0116665
0.459079	0.21	0.00880911
0.471487	0.21	0.00591075
0.483894	0.21	0.00297364
0.496302	0.21	0
0	0.2275	0.0726544
0.013129	0.2275	0.072606
0.026258	0.2275	0.0724604
0.039387	0.2275	0.0722174
0.052516	0.2275	0.0718767
0.065645	0.2275	0.0714379
0.0787741	0.2275	0.0709004
0.0919031	0.2275	0.0702635
0.105032	0.2275	0.0695269
0.118161	0.2275	0.0686898
0.13129	0.2275	0.0677521
0.144419	0.2275	0.0667135
0.157548	0.2275	0.0655739
0.170677	0.2275	0.0643338
0.183806	0.2275	0.0629936
0.196935	0.2275	0.0615542
0.210064	0.2275	0.0600168
0.223193	0.2275	0.058383
0.236322	0.2275	0.0566543
0.249451	0.2275	0.054833
0.26258	0.2275	0.0529213
0.275709	0.2275	0.0509216
0.288838	0.2275	0.0488367
0.301967	0.2275	0.0466692
0.315096	0.2275	0.0444221
0.328225	0.2275	0.0420982
0.341354	0.2275	0.0397005
0.354483	0.2275	0.037232
0.367612	0.2275	0.0346957
0.380741	0.2275	0.0320944
0.39387	0.2275	0.0294311
0.406999	0.2275	0.0267088
0.420128	0.2275	0.0239301
0.433257	0.2275	0.021098
0.446386	0.2275	0.0182151
0.459515	0.2275	0.0152842
0.472644	0.2275	0.0123079
0.485773	0.2275	0.00928879
0.498902	0.2275	0.00622944
0.512031	0.2275	0.00313236
0.52516	0.2275	0
0	0.245	0.0772499
0.0138505	0.245	0.0771969
0.0277009	0.245	0.0770379
0.0415514	0.245	0.0767725
0.0554019	0.245	0.0764006
0.0692524	0.245	0.0759218
0.0831028	0.245	0.0753357
0.0969533	0.245	0.074642
0.110804	0.245	0.0738403
0.124654	0.245	0.0729304
0.138505	0.245	0.0719123
0.152355	0.245	0.0707861
0.166206	0.245	0.0695521
0.180056	0.245	0.0682111
0.193907	0.245	0.066764
0.207757	0.245	0.0652121
0.221608	0.245	0.063557
0.235458	0.245	0.0618005
0.249308	0.245	0.0599449
0.263159	0.245	0.0579925
0.277009	0.245	0.055946
0.29086	0.245	0.0538081
0.30471	0.245	0.0515819
0.318561	0.245	0.0492705
0.332411	0.245	0.0468769
0.346262	0.245	0.0444043
0.360112	0.245	0.0418561
0.373963	0.245	0.0392354
0.387813	0.245	0.0365456
0.401664	0.245	0.0337897
0.415514	0.245	0.030971
0.429365	0.245	0.0280926
0.443215	0.245	0.0251577
0.457066	0.245	0.0221693
0.470916	0.245	0.0191304
0.484767	0.245	0.0160439
0.498617	0.245	0.012913
0.512467	0.245	0.00974025
0.526318	0.245	0.00652868
0.540168	0.245	0.00328101
0.554019	0.245	0
0	0.2625	0.0817085
0.0145719	0.2625	0.0816511
0.0291439	0.2625	0.0814786
0.0437158	0.2625	0.081191
0.0582877	0.2625	0.0807881
0.0728597	0.2625	0.0802696
0.0874316	0.2625	0.0796354
0.102004	0.2625	0.0788853
0.116575	0.2625	0.0780192
0.131147	0.2625	0.0770372
0.145719	0.2625	0.0759395
0.160291	0.2625	0.0747267
0.174863	0.2625	0.0733995
0.189435	0.2625	0.071959
0.204007	0.2625	0.0704065
0.218579	0.2625	0.0687437
0.233151	0.2625	0.0669726
0.247723	0.2625	0.0650955
0.262295	0.2625	0.0631149
0.276867	0.2625	0.0610336
0.291439	0.2625	0.0588546
0.306011	0.2625	0.0565811
0.320583	0.2625	0.0542164
0.335154	0.2625	0.0517638
0.349726	0.2625	0.0492269
0.364298	0.2625	0.0466091
0.37887	0.2625	0.0439139
0.393442	0.2625	0.041145
0.408014	0.2625	0.0383059
0.422586	0.2625	0.0354
0.437158	0.2625	0.0324309
0.45173	0.2625	0.029402
0.466302	0.2625	0.0263167
0.480874	0.2625	0.0231784
0.495446	0.2625	0.0199905
0.510018	0.2625	0.0167561
0.52459	0.2625	0.0134786
0.539162	0.2625	0.0101611
0.553733	0.2625	0.00680675
0.568305	0.2625	0.0034187
0.582877	0.2625	0
0	0.28	0.0860269
0.0152934	0.28	0.0859651
0.0305868	0.28	0.0857793
0.0458802	0.28	0.0854695
0.0611736	0.28	0.0850357
0.076467	0.28	0.0844778
0.0917604	0.28	0.0837958
0.107054	0.28	0.0829897
0.122347	0.28	0.0820597
0.137641	0.28	0.0810062
0.152934	0.28	0.0798297
0.168227	0.28	0.0785312
0.183521	0.28	0.0771118
0.198814	0.28	0.0755729
0.214108	0.28	0.0739162
0.229401	0.28	0.0721439
0.244694	0.28	0.0702584
0.259988	0.28	0.0682623
0.275281	0.28	0.0661586
0.290575	0.28	0.0639505
0.305868	0.28	0.0616412
0.321161	0.28	0.0592345
0.336455	0.28	0.0567337
0.351748	0.28	0.0541429
0.367042	0.28	0.0514656
0.382335	0.28	0.0487059
0.397628	0.28	0.0458675
0.412922	0.28	0.0429544
0.428215	0.28	0.0399703
0.443508	0.28	0.0369193
0.458802	0.28	0.033805
0.474095	0.28	0.0306314
0.489389	0.28	0.027402
0.504682	0.28	0.0241207
0.519975	0.28	0.0207912
0.535269	0.28	0.0174169
0.550562	0.28	0.0140016
0.565856	0.28	0.0105488
0.581149	0.28	0.00706194
0.596442	0.28	0.00354454
0.611736	0.28	0
0	0.2975	0.0902014
0.0160149	0.2975	0.0901351
0.0320297	0.2975	0.0899361
0.0480446	0.2975	0.0896043
0.0640594	0.2975	0.0891398
0.0800743	0.2975	0.0885426
0.0960892	0.2975	0.087813
0.112104	0.2975	0.0869512
0.128119	0.2975	0.0859578
0.144134	0.2975	0.0848332
0.160149	0.2975	0.0835786
0.176163	0.2975	0.0821951
0.192178	0.2975	0.0806843
0.208193	0.2975	0.0790479
0.224208	0.2975	0.0772882
0.240223	0.2975	0.0754076
0.256238	0.2975	0.073409
0.272253	0.2975	0.0712954
0.288267	0.2975	0.0690703
0.304282	0.2975	0.0667371
0.320297	0.2975	0.0642996
0.336312	0.2975	0.0617617
0.352327	0.2975	0.0591275
0.368342	0.2975	0.056401
0.384357	0.2975	0.0535865
0.400371	0.2975	0.0506882
0.416386	0.2975	0.0477102
0.432401	0.2975	0.044657
0.448416	0.2975	0.0415326
0.464431	0.2975	0.0383414
0.480446	0.2975	0.0350875
0.496461	0.2975	0.0317751
0.512475	0.2975	0.0284083
0.52849	0.2975	0.0249913
0.544505	0.2975	0.021528
0.56052	0.2975	0.0180225
0.576535	0.2975	0.0144788
0.59255	0.2975	0.0109009
0.608565	0.2975	0.00729248
0.624579	0.2975	0.00365758
0.640594	0.2975	0
0	0.315	0.0942284
0.0167363	0.315	0.0941577
0.0334726	0.315	0.0939454
0.050209	0.315	0.0935916
0.0669453	0.315	0.0930964
0.0836816	0.315	0.0924602
0.100418	0.315	0.0916831
0.117154	0.315	0.0907659
0.133891	0.315	0.0897092
0.150627	0.315	0.0885141
0.167363	0.315	0.0871817
0.1841	0.315	0.0857138
0.200836	0.315	0.0841121
0.217572	0.315	0.0823791
0.234308	0.315	0.0805171
0.251045	0.315	0.0785292
0.267781	0.315	0.0764187
0.284517	0.315	0.0741889
0.301254	0.315	0.0718437
0.31799	0.315	0.0693871
0.334726	0.315	0.0668232
0.351463	0.315	0.0641563
0.368199	0.315	0.0613909
0.384935	0.315	0.0585316
0.401672	0.315	0.0555828
0.418408	0.315	0.0525492
0.435144	0.315	0.0494355
0.451881	0.315	0.0462463
0.468617	0.315	0.0429863
0.485353	0.315	0.0396601
0.50209	0.315	0.0362723
0.518826	0.315	0.0328275
0.535562	0.315	0.0293303
0.552299	0.315	0.0257852
0.569035	0.315	0.0221966
0.585771	0.315	0.0185691
0.602508	0.315	0.014907
0.619244	0.315	0.0112147
0.63598	0.315	0.00749656
0.652717	0.315	0.0037569
0.669453	0.315	0
0	0.3325	0.098104
0.0174578	0.3325	0.0980289
0.0349156	0.3325	0.0978034
0.0523733	0.3325	0.0974276
0.0698311	0.3325	0.0969019
0.0872889	0.3325	0.0962265
0.104747	0.3325	0.0954021
0.122204	0.3325	0.0944296
0.139662	0.3325	0.0933098
0.15712	0.3325	0.0920443
0.174578	0.3325	0.0906345
0.192036	0.3325	0.0890824
0.209493	0.3325	0.0873904
0.226951	0.3325	0.0855611
0.244409	0.3325	0.0835976
0.261867	0.3325	0.0815032
0.279325	0.3325	0.0792816
0.296782	0.3325	0.0769367
0.31424	0.3325	0.0744727
0.331698	0.3325	0.0718942
0.349156	0.3325	0.0692056
0.366613	0.3325	0.0664117
0.384071	0.3325	0.0635174
0.401529	0.3325	0.0605277
0.418987	0.3325	0.0574476
0.436445	0.3325	0.0542821
0.453902	0.3325	0.0510364
0.47136	0.3325	0.0477156
0.488818	0.3325	0.0443247
0.506276	0.3325	0.0408689
0.523733	0.3325	0.0373532
0.541191	0.3325	0.0337827
0.558649	0.3325	0.0301625
0.576107	0.3325	0.0264974
0.593565	0.3325	0.0227924
0.611022	0.3325	0.0190526
0.62848	0.3325	0.0152827
0.645938	0.3325	0.0114877
0.663396	0.3325	0.00767236
0.680854	0.3325	0.00384154
0.698311	0.3325	0
0	0.35	0.101825
0.0181792	0.35	0.101745
0.0363585	0.35	0.101506
0.0545377	0.35	0.101109
0.072717	0.35	0.100552
0.0908962	0.35	0.0998377
0.109075	0.35	0.098966
0.127255	0.35	0.0979381
0.145434	0.35	0.0967553
0.163613	0.35	0.0954193
0.181792	0.35	0.0939322
0.199972	0.35	0.0922961
0.218151	0.35	0.090514
0.23633	0.35	0.0885889
0.254509	0.35	0.0865242
0.272689	0.35	0.0843239
0.290868	0.35	0.0819919
0.309047	0.35	0.0795327
0.327226	0.35	0.0769511
0.345406	0.35	0.0742519
0.363585	0.35	0.0714401
0.381764	0.35	0.068521
0.399943	0.35	0.0655
0.418123	0.35	0.0623825
0.436302	0.35	0.059174
0.454481	0.35	0.05588
0.47266	0.35	0.0525062
0.49084	0.35	0.0490581
0.509019	0.35	0.0455413
0.527198	0.35	0.0419615
0.545377	0.35	0.0383242
0.563557	0.35	0.0346349
0.581736	0.35	0.0308993
0.599915	0.35	0.0271228
0.618094	0.35	0.0233108
0.636274	0.35	0.019469
0.654453	0.35	0.0156026
0.672632	0.35	0.0117172
0.690811	0.35	0.00781801
0.708991	0.35	0.00391051
0.72717	0.35	0
0	0.3675	0.105387
0.0189007	0.3675	0.105303
0.0378014	0.3675	0.105051
0.0567021	0.3675	0.104631
0.0756028	0.3675	0.104044
0.0945035	0.3675	0.10329
0.113404	0.3675	0.102371
0.132305	0.3675	0.101287
0.151206	0.3675	0.100041
0.170106	0.3675	0.0986349
0.189007	0.3675	0.0970702
0.207908	0.3675	0.0953502
0.226808	0.3675	0.093478
0.245709	0.3675	0.0914571
0.26461	0.3675	0.0892915
0.283511	0.3675	0.0869855
0.302411	0.3675	0.0845437
0.321312	0.3675	0.0819709
0.340213	0.3675	0.0792725
0.359113	0.3675	0.0764537
0.378014	0.3675	0.0735202
0.396915	0.3675	0.0704776
0.415816	0.3675	0.0673319
0.434716	0.3675	0.064089
0.453617	0.3675	0.060755
0.472518	0.3675	0.0573359
0.491418	0.3675	0.0538378
0.510319	0.3675	0.050267
0.52922	0.3675	0.0466294
0.548121	0.3675	0.0429313
0.567021	0.3675	0.0391788
0.585922	0.3675	0.0353781
0.604823	0.3675	0.0315352
0.623723	0.3675	0.0276562
0.642624	0.3675	0.0237472
0.661525	0.3675	0.0198142
0.680425	0.3675	0.0158633
0.699326	0.3675	0.0119004
0.718227	0.3675	0.0079316
0.737128	0.3675	0.00396281
0.756028	0.3675	0
0	0.385	0.108787
0.0196222	0.385	0.108699
0.0392443	0.385	0.108433
0.0588665	0.385	0.107991
0.0784887	0.385	0.107373
0.0981109	0.385	0.10658
0.117733	0.385	0.105613
0.137355	0.385	0.104473
0.156977	0.385	0.103164
0.1766	0.385	0.101687
0.196222	0.385	0.100044
0.215844	0.385	0.0982399
0.235466	0.385	0.0962773
0.255088	0.385	0.0941606
0.27471	0.385	0.091894
0.294333	0.385	0.0894825
0.313955	0.385	0.086931
0.333577	0.385	0.0842451
0.353199	0.385	0.0814305
0.372821	0.385	0.0784931
0.392443	0.385	0.075439
0.412066	0.385	0.0722746
0.431688	0.385	0.0690061
0.45131	0.385	0.0656403
0.470932	0.385	0.0621836
0.490554	0.385	0.0586427
0.510176	0.385	0.0550243
0.529799	0.385	0.0513352
0.549421	0.385	0.0475821
0.569043	0.385	0.0437717
0.588665	0.385	0.0399108
0.608287	0.385	0.0360061
0.627909	0.385	0.0320644
0.647532	0.385	0.0280923
0.667154	0.385	0.0240966
0.686776	0.385	0.020084
0.706398	0.385	0.0160611
0.72602	0.385	0.0120346
0.745642	0.385	0.00801117
0.765265	0.385	0.00399742
0.784887	0.385	0
0	0.4025	0.112023
0.0203436	0.4025	0.11193
0.0406873	0.4025	0.111651
0.0610309	0.4025	0.111186
0.0813745	0.4025	0.110536
0.101718	0.4025	0.109703
0.122062	0.4025	0.108688
0.142405	0.4025	0.107492
0.162749	0.4025	0.106119
0.183093	0.4025	0.10457
0.203436	0.4025	0.102849
0.22378	0.4025	0.10096
0.244124	0.4025	0.0989071
0.264467	0.4025	0.0966941
0.284811	0.4025	0.0943263
0.305154	0.4025	0.091809
0.325498	0.4025	0.089148
0.345842	0.4025	0.0863492
0.366185	0.4025	0.0834189
0.386529	0.4025	0.0803636
0.406873	0.4025	0.07719
0.427216	0.4025	0.073905
0.44756	0.4025	0.0705157
0.467904	0.4025	0.0670291
0.488247	0.4025	0.0634525
0.508591	0.4025	0.0597932
0.528934	0.4025	0.0560585
0.549278	0.4025	0.0522557
0.569622	0.4025	0.0483924
0.589965	0.4025	0.0444759
0.610309	0.4025	0.0405135
0.630653	0.4025	0.0365128
0.650996	0.4025	0.0324811
0.67134	0.4025	0.0284258
0.691683	0.4025	0.0243543
0.712027	0.4025	0.0202741
0.732371	0.4025	0.0161925
0.752714	0.4025	0.012117
0.773058	0.4025	0.00805475
0.793402	0.4025	0.00401331
0.813745	0.4025	0
0	0.42	0.115089
0.0210651	0.42	0.114992
0.0421302	0.42	0.114699
0.0631953	0.42	0.114212
0.0842604	0.42	0.113531
0.105325	0.42	0.112657
0.126391	0.42	0.111593
0.147456	0.42	0.11034
0.168521	0.42	0.108902
0.189586	0.42	0.107281
0.210651	0.42	0.105482
0.231716	0.42	0.103507
0.252781	0.42	0.101362
0.273846	0.42	0.0990524
0.294911	0.42	0.0965829
0.315976	0.42	0.0939595
0.337042	0.42	0.0911887
0.358107	0.42	0.0882769
0.379172	0.42	0.0852312
0.400237	0.42	0.0820585
0.421302	0.42	0.0787662
0.442367	0.42	0.075362
0.463432	0.42	0.0718534
0.484497	0.42	0.0682483
0.505562	0.42	0.0645545
0.526627	0.42	0.0607801
0.547692	0.42	0.0569331
0.568758	0.42	0.0530214
0.589823	0.42	0.0490534
0.610888	0.42	0.045037
0.631953	0.42	0.0409804
0.653018	0.42	0.0368918
0.674083	0.42	0.0327793
0.695148	0.42	0.0286511
0.716213	0.42	0.0245154
0.737278	0.42	0.0203803
0.758343	0.42	0.0162539
0.779408	0.42	0.0121446
0.800474	0.42	0.00806032
0.821539	0.42	0.0040094
0.842604	0.42	0
0	0.4375	0.117985
0.0217866	0.4375	0.117883
0.0435731	0.4375	0.117576
0.0653597	0.4375	0.117066
0.0871462	0.4375	0.116352
0.108933	0.4375	0.115438
0.130719	0.4375	0.114324
0.152506	0.4375	0.113014
0.174292	0.4375	0.11151
0.196079	0.4375	0.109816
0.217866	0.4375	0.107936
0.239652	0.4375	0.105875
0.261439	0.4375	0.103638
0.283225	0.4375	0.101231
0.305012	0.4375	0.0986585
0.326798	0.4375	0.0959284
0.348585	0.4375	0.0930472
0.370371	0.4375	0.0900222
0.392158	0.4375	0.0868609
0.413945	0.4375	0.0835711
0.435731	0.4375	0.0801609
0.457518	0.4375	0.0766385
0.479304	0.4375	0.0730122
0.501091	0.4375	0.0692906
0.522877	0.4375	0.0654824
0.544664	0.4375	0.0615962
0.56645	0.4375	0.0576408
0.588237	0.4375	0.053625
0.610024	0.4375	0.0495578
0.63181	0.4375	0.0454481
0.653597	0.4375	0.0413048
0.675383	0.4375	0.0371368
0.69717	0.4375	0.0329531
0.718956	0.4375	0.0287627
0.740743	0.4375	0.0245747
0.762529	0.4375	0.0203979
0.784316	0.4375	0.0162415
0.806103	0.4375	0.0121144
0.827889	0.4375	0.00802579
0.849676	0.4375	0.00398462
0.871462	0.4375	0
0	0.455	0.120707
0.022508	0.455	0.1206
0.045016	0.455	0.120279
0.0675241	0.455	0.119745
0.0900321	0.455	0.118999
0.11254	0.455	0.118043
0.135048	0.455	0.116878
0.157556	0.455	0.115509
0.180064	0.455	0.113939
0.202572	0.455	0.112171
0.22508	0.455	0.11021
0.247588	0.455	0.108061
0.270096	0.455	0.10573
0.292604	0.455	0.103223
0.315112	0.455	0.100548
0.33762	0.455	0.0977098
0.360128	0.455	0.0947176
0.382636	0.455	0.0915788
0.405144	0.455	0.0883017
0.427652	0.455	0.0848949
0.45016	0.455	0.0813672
0.472668	0.455	0.0777274
0.495176	0.455	0.0739848
0.517684	0.455	0.0701487
0.540192	0.455	0.0662286
0.5627	0.455	0.0622338
0.585208	0.455	0.0581741
0.607717	0.455	0.0540591
0.630225	0.455	0.0498985
0.652733	0.455	0.0457021
0.675241	0.455	0.0414797
0.697749	0.455	0.0372411
0.720257	0.455	0.0329963
0.742765	0.455	0.0287549
0.765273	0.455	0.0245271
0.787781	0.455	0.0203226
0.810289	0.455	0.0161515
0.832797	0.455	0.0120236
0.855305	0.455	0.00794908
0.877813	0.455	0.00393786
0.900321	0.455	0
0	0.4725	0.123252
0.0232295	0.4725	0.12314
0.046459	0.4725	0.122805
0.0696884	0.4725	0.122247
0.0929179	0.4725	0.121467
0.116147	0.4725	0.120468
0.139377	0.4725	0.119252
0.162606	0.4725	0.117823
0.185836	0.4725	0.116185
0.209065	0.4725	0.114341
0.232295	0.4725	0.112297
0.255524	0.4725	0.110059
0.278754	0.4725	0.107633
0.301983	0.4725	0.105026
0.325213	0.4725	0.102245
0.348442	0.4725	0.0992983
0.371672	0.4725	0.0961939
0.394901	0.4725	0.0929405
0.418131	0.4725	0.0895471
0.44136	0.4725	0.0860231
0.46459	0.4725	0.082378
0.487819	0.4725	0.0786216
0.511049	0.4725	0.0747639
0.534278	0.4725	0.0708152
0.557508	0.4725	0.0667855
0.580737	0.4725	0.0626855
0.603967	0.4725	0.0585255
0.627196	0.4725	0.0543161
0.650425	0.4725	0.050068
0.673655	0.4725	0.0457918
0.696884	0.4725	0.0414983
0.720114	0.4725	0.0371983
0.743343	0.4725	0.0329025
0.766573	0.4725	0.0286219
0.789802	0.4725	0.0243673
0.813032	0.4725	0.0201497
0.836261	0.4725	0.0159799
0.859491	0.4725	0.011869
0.88272	0.4725	0.00782802
0.90595	0.4725	0.00386798
0.929179	0.4725	0
0	0.49	0.125618
0.0239509	0.49	0.125501
0.0479019	0.49	0.125151
0.0718528	0.49	0.124568
0.0958038	0.49	0.123754
0.119755	0.49	0.122711
0.143706	0.49	0.121443
0.167657	0.49	0.119952
0.191608	0.49	0.118244
0.215558	0.49	0.116323
0.239509	0.49	0.114195
0.26346	0.49	0.111866
0.287411	0.49	0.109343
0.311362	0.49	0.106633
0.335313	0.49	0.103745
0.359264	0.49	0.100688
0.383215	0.49	0.0974701
0.407166	0.49	0.094101
0.431117	0.49	0.0905904
0.455068	0.49	0.0869487
0.479019	0.49	0.0831863
0.50297	0.49	0.0793138
0.526921	0.49	0.0753421
0.550872	0.49	0.0712823
0.574823	0.49	0.0671457
0.598774	0.49	0.0629435
0.622725	0.49	0.0586873
0.646675	0.49	0.0543885
0.670626	0.49	0.0500588
0.694577	0.49	0.0457099
0.718528	0.49	0.0413535
0.742479	0.49	0.0370015
0.76643	0.49	0.0326656
0.790381	0.49	0.0283579
0.814332	0.49	0.0240902
0.838283	0.49	0.0198745
0.862234	0.49	0.0157229
0.886185	0.49	0.0116475
0.910136	0.49	0.00766042
0.934087	0.49	0.00377383
0.958038	0.49	0
0	0.5075	0.127803
0.0246724	0.5075	0.127681
0.0493448	0.5075	0.127315
0.0740172	0.5075	0.126707
0.0986896	0.5075	0.125858
0.123362	0.5075	0.12477
0.148034	0.5075	0.123447
0.172707	0.5075	0.121894
0.197379	0.5075	0.120114
0.222052	0.5075	0.118113
0.246724	0.5075	0.115898
0.271396	0.5075	0.113476
0.296069	0.5075	0.110854
0.320741	0.5075	0.10804
0.345414	0.5075	0.105044
0.370086	0.5075	0.101874
0.394758	0.5075	0.0985404
0.419431	0.5075	0.095054
0.444103	0.5075	0.0914253
0.468776	0.5075	0.0876651
0.493448	0.5075	0.0837851
0.518121	0.5075	0.0797967
0.542793	0.5075	0.0757118
0.567465	0.5075	0.0715426
0.592138	0.5075	0.0673012
0.61681	0.5075	0.0630001
0.641483	0.5075	0.0586516
0.666155	0.5075	0.0542685
0.690827	0.5075	0.0498633
0.7155	0.5075	0.0454489
0.740172	0.5075	0.0410381
0.764845	0.5075	0.0366438
0.789517	0.5075	0.032279
0.814189	0.5075	0.0279567
0.838862	0.5075	0.0236901
0.863534	0.5075	0.0194923
0.888207	0.5075	0.0153765
0.912879	0.5075	0.0113559
0.937551	0.5075	0.00744405
0.962224	0.5075	0.00365424
0.986896	0.5075	0
0	0.525	0.129804
0.0253939	0.525	0.129677
0.0507877	0.525	0.129296
0.0761816	0.525	0.128661
0.101575	0.525	0.127776
0.126969	0.525	0.126642
0.152363	0.525	0.125263
0.177757	0.525	0.123644
0.203151	0.525	0.121791
0.228545	0.525	0.119709
0.253939	0.525	0.117405
0.279333	0.525	0.114886
0.304726	0.525	0.112162
0.33012	0.525	0.109242
0.355514	0.525	0.106134
0.380908	0.525	0.102849
0.406302	0.525	0.0993988
0.431696	0.525	0.0957934
0.45709	0.525	0.0920448
0.482483	0.525	0.0881653
0.507877	0.525	0.0841671
0.533271	0.525	0.0800628
0.558665	0.525	0.0758655
0.584059	0.525	0.0715882
0.609453	0.525	0.0672443
0.634847	0.525	0.0628473
0.660241	0.525	0.0584106
0.685634	0.525	0.0539482
0.711028	0.525	0.0494737
0.736422	0.525	0.0450012
0.761816	0.525	0.0405447
0.78721	0.525	0.0361182
0.812604	0.525	0.0317361
0.837998	0.525	0.0274124
0.863392	0.525	0.0231616
0.888785	0.525	0.0189981
0.914179	0.525	0.0149364
0.939573	0.525	0.010991
0.964967	0.525	0.0071766
0.990361	0.525	0.00350799
1.01575	0.525	0
0	0.5425	0.131621
0.0261153	0.5425	0.131488
0.0522307	0.5425	0.131091
0.078346	0.5425	0.130429
0.104461	0.5425	0.129505
0.130577	0.5425	0.128323
0.156692	0.5425	0.126887
0.182807	0.5425	0.125201
0.208923	0.5425	0.123271
0.235038	0.5425	0.121105
0.261153	0.5425	0.118709
0.287269	0.5425	0.116092
0.313384	0.5425	0.113264
0.339499	0.5425	0.110233
0.365615	0.5425	0.107011
0.39173	0.5425	0.103609
0.417845	0.5425	0.100039
0.443961	0.5425	0.0963125
0.470076	0.5425	0.0924425
0.496191	0.5425	0.0884422
0.522307	0.5425	0.084325
0.548422	0.5425	0.0801047
0.574537	0.5425	0.0757954
0.600653	0.5425	0.0714113
0.626768	0.5425	0.066967
0.652883	0.5425	0.062477
0.678999	0.5425	0.0579562
0.705114	0.5425	0.0534196
0.731229	0.5425	0.0488822
0.757345	0.5425	0.0443592
0.78346	0.5425	0.0398659
0.809575	0.5425	0.0354178
0.835691	0.5425	0.0310302
0.861806	0.5425	0.0267187
0.887921	0.5425	0.0224991
0.914037	0.5425	0.0183871
0.940152	0.5425	0.0143985
0.966267	0.5425	0.0105494
0.992383	0.5425	0.00685576
1.0185	0.5425	0.00333387
1.04461	0.5425	0
0	0.56	0.133251
0.0268368	0.56	0.133112
0.0536736	0.56	0.132697
0.0805104	0.56	0.132008
0.107347	0.56	0.131045
0.134184	0.56	0.129813
0.161021	0.56	0.128317
0.187858	0.56	0.126561
0.214694	0.56	0.124553
0.241531	0.56	0.122299
0.268368	0.56	0.119808
0.295205	0.56	0.11709
0.322042	0.56	0.114153
0.348878	0.56	0.11101
0.375715	0.56	0.107671
0.402552	0.56	0.104148
0.429389	0.56	0.100455
0.456225	0.56	0.0966051
0.483062	0.56	0.0926115
0.509899	0.56	0.0884888
0.536736	0.56	0.0842515
0.563573	0.56	0.0799147
0.590409	0.56	0.0754937
0.617246	0.56	0.0710039
0.644083	0.56	0.0664611
0.67092	0.56	0.0618812
0.697757	0.56	0.0572803
0.724593	0.56	0.0526747
0.75143	0.56	0.0480808
0.778267	0.56	0.0435151
0.805104	0.56	0.0389943
0.831941	0.56	0.0345351
0.858777	0.56	0.0301544
0.885614	0.56	0.0258693
0.912451	0.56	0.0216967
0.939288	0.56	0.017654
0.966125	0.56	0.0137585
0.992961	0.56	0.0100277
1.0198	0.56	0.00647913
1.04663	0.56	0.00313062
1.07347	0.56	0
0	0.5775	0.134692
0.0275583	0.5775	0.134548
0.0551165	0.5775	0.134115
0.0826748	0.5775	0.133396
0.110233	0.5775	0.132393
0.137791	0.5775	0.131109
0.16535	0.5775	0.12955
0.192908	0.5775	0.127722
0.220466	0.5775	0.125632
0.248024	0.5775	0.123288
0.275583	0.5775	0.120699
0.303141	0.5775	0.117875
0.330699	0.5775	0.114827
0.358257	0.5775	0.111566
0.385816	0.5775	0.108106
0.413374	0.5775	0.10446
0.440932	0.5775	0.100641
0.46849	0.5775	0.0966646
0.496049	0.5775	0.0925449
0.523607	0.5775	0.0882978
0.551165	0.5775	0.0839391
0.578723	0.5775	0.0794851
0.606282	0.5775	0.0749524
0.63384	0.5775	0.0703578
0.661398	0.5775	0.0657184
0.688956	0.5775	0.0610514
0.716515	0.5775	0.0563745
0.744073	0.5775	0.0517051
0.771631	0.5775	0.0470613
0.799189	0.5775	0.0424609
0.826748	0.5775	0.037922
0.854306	0.5775	0.0334629
0.881864	0.5775	0.029102
0.909422	0.5775	0.0248577
0.936981	0.5775	0.0207488
0.964539	0.5775	0.0167939
0.992097	0.5775	0.0130121
1.01966	0.5775	0.00942246
1.04721	0.5775	0.00604428
1.07477	0.5775	0.00289697
1.10233	0.5775	0
0	0.595	0.135944
0.0282797	0.595	0.135793
0.0565594	0.595	0.135342
0.0848392	0.595	0.134592
0.113119	0.595	0.133547
0.141399	0.595	0.132209
0.169678	0.595	0.130585
0.197958	0.595	0.128682
0.226238	0.595	0.126506
0.254517	0.595	0.124068
0.282797	0.595	0.121376
0.311077	0.595	0.118443
0.339357	0.595	0.115279
0.367636	0.595	0.111898
0.395916	0.595	0.108313
0.424196	0.595	0.104539
0.452475	0.595	0.100591
0.480755	0.595	0.0964844
0.509035	0.595	0.0922359
0.537315	0.595	0.0878621
0.565594	0.595	0.0833803
0.593874	0.595	0.0788081
0.622154	0.595	0.0741636
0.650433	0.595	0.0694648
0.678713	0.595	0.0647305
0.706993	0.595	0.0599794
0.735273	0.595	0.0552304
0.763552	0.595	0.0505026
0.791832	0.595	0.0458155
0.820112	0.595	0.0411885
0.848392	0.595	0.0366413
0.876671	0.595	0.0321938
0.904951	0.595	0.0278657
0.933231	0.595	0.0236774
0.96151	0.595	0.0196492
0.98979	0.595	0.0158014
1.01807	0.595	0.0121547
1.04635	0.595	0.00873017
1.07463	0.595	0.00554876
1.10291	0.595	0.00263169
1.13119	0.595	0
0	0.6125	0.137005
0.0290012	0.6125	0.136848
0.0580024	0.6125	0.136378
0.0870035	0.6125	0.135596
0.116005	0.6125	0.134505
0.145006	0.6125	0.133111
0.174007	0.6125	0.131419
0.203008	0.6125	0.129437
0.232009	0.6125	0.127173
0.261011	0.6125	0.124636
0.290012	0.6125	0.121838
0.319013	0.6125	0.11879
0.348014	0.6125	0.115506
0.377015	0.6125	0.112
0.406017	0.6125	0.108286
0.435018	0.6125	0.10438
0.464019	0.6125	0.100298
0.49302	0.6125	0.096058
0.522021	0.6125	0.0916773
0.551022	0.6125	0.0871742
0.580024	0.6125	0.0825673
0.609025	0.6125	0.0778757
0.638026	0.6125	0.0731189
0.667027	0.6125	0.0683167
0.696028	0.6125	0.0634891
0.725029	0.6125	0.0586565
0.754031	0.6125	0.0538395
0.783032	0.6125	0.0490586
0.812033	0.6125	0.0443351
0.841034	0.6125	0.0396899
0.870035	0.6125	0.0351443
0.899037	0.6125	0.03072
0.928038	0.6125	0.0264385
0.957039	0.6125	0.0223218
0.98604	0.6125	0.0183918
1.01504	0.6125	0.014671
1.04404	0.6125	0.0111819
1.07304	0.6125	0.00794725
1.10204	0.6125	0.00499015
1.13105	0.6125	0.0023336
1.16005	0.6125	0
0	0.63	0.137874
0.0297226	0.63	0.137711
0.0594453	0.63	0.13722
0.0891679	0.63	0.136404
0.118891	0.63	0.135267
0.148613	0.63	0.133814
0.178336	0.63	0.132051
0.208058	0.63	0.129986
0.237781	0.63	0.127628
0.267504	0.63	0.124989
0.297226	0.63	0.12208
0.326949	0.63	0.118913
0.356672	0.63	0.115504
0.386394	0.63	0.111867
0.416117	0.63	0.108018
0.44584	0.63	0.103976
0.475562	0.63	0.099756
0.505285	0.63	0.0953785
0.535008	0.63	0.0908622
0.56473	0.63	0.0862267
0.594453	0.63	0.0814924
0.624175	0.63	0.0766799
0.653898	0.63	0.0718103
0.683621	0.63	0.0669049
0.713343	0.63	0.0619856
0.743066	0.63	0.0570742
0.772789	0.63	0.0521931
0.802511	0.63	0.0473646
0.832234	0.63	0.0426115
0.861957	0.63	0.0379565
0.891679	0.63	0.0334229
0.921402	0.63	0.0290339
0.951125	0.63	0.0248129
0.980847	0.63	0.0207838
1.01057	0.63	0.0169705
1.04029	0.63	0.0133974
1.07002	0.63	0.0100889
1.09974	0.63	0.00707016
1.12946	0.63	0.00436619
1.15918	0.63	0.00200179
1.18891	0.63	0
0	0.6475	0.138551
0.0304441	0.6475	0.138381
0.0608882	0.6475	0.137869
0.0913323	0.6475	0.137017
0.121776	0.6475	0.135831
0.152221	0.6475	0.134316
0.182665	0.6475	0.132478
0.213109	0.6475	0.130326
0.243553	0.6475	0.127871
0.273997	0.6475	0.125124
0.304441	0.6475	0.122098
0.334885	0.6475	0.118807
0.365329	0.6475	0.115267
0.395773	0.6475	0.111494
0.426217	0.6475	0.107506
0.456662	0.6475	0.103321
0.487106	0.6475	0.0989588
0.51755	0.6475	0.0944393
0.547994	0.6475	0.0897832
0.578438	0.6475	0.0850121
0.608882	0.6475	0.0801477
0.639326	0.6475	0.0752125
0.66977	0.6475	0.0702292
0.700214	0.6475	0.0652209
0.730658	0.6475	0.0602112
0.761103	0.6475	0.0552237
0.791547	0.6475	0.0502824
0.821991	0.6475	0.0454117
0.852435	0.6475	0.0406361
0.882879	0.6475	0.0359801
0.913323	0.6475	0.0314689
0.943767	0.6475	0.0271276
0.974211	0.6475	0.0229816
1.00466	0.6475	0.0190567
1.0351	0.6475	0.015379
1.06554	0.6475	0.0119749
1.09599	0.6475	0.00887127
1.12643	0.6475	0.00609556
1.15688	0.6475	0.00367504
1.18732	0.6475	0.00163588
1.21776	0.6475	0
0	0.665	0.139035
0.0311656	0.665	0.138857
0.0623311	0.665	0.138322
0.0934967	0.665	0.137434
0.124662	0.665	0.136196
0.155828	0.665	0.134615
0.186993	0.665	0.132698
0.218159	0.665	0.130456
0.249325	0.665	0.127898
0.28049	0.665	0.125038
0.311656	0.665	0.12189
0.342821	0.665	0.118469
0.373987	0.665	0.114792
0.405152	0.665	0.110877
0.436318	0.665	0.106743
0.467483	0.665	0.10241
0.498649	0.665	0.0978998
0.529815	0.665	0.0932333
0.56098	0.665	0.0884332
0.592146	0.665	0.0835226
0.623311	0.665	0.0785252
0.654477	0.665	0.0734652
0.685642	0.665	0.0683672
0.716808	0.665	0.063256
0.747974	0.665	0.0581571
0.779139	0.665	0.053096
0.810305	0.665	0.0480987
0.84147	0.665	0.0431912
0.872636	0.665	0.0384001
0.903801	0.665	0.033752
0.934967	0.665	0.0292739
0.966133	0.665	0.024993
0.997298	0.665	0.0209368
1.02846	0.665	0.0171333
1.05963	0.665	0.0136106
1.09079	0.665	0.0103979
1.12196	0.665	0.00752452
1.15313	0.665	0.00502065
1.18429	0.665	0.00291586
1.21546	0.665	0.00123669
1.24662	0.665	0
0	0.6825	0.139326
0.031887	0.6825	0.13914
0.0637741	0.6825	0.138581
0.0956611	0.6825	0.137653
0.127548	0.6825	0.136361
0.159435	0.6825	0.134711
0.191322	0.6825	0.132711
0.223209	0.6825	0.130372
0.255096	0.6825	0.127707
0.286983	0.6825	0.124728
0.31887	0.6825	0.121451
0.350757	0.6825	0.117893
0.382644	0.6825	0.114073
0.414531	0.6825	0.11001
0.446418	0.6825	0.105724
0.478305	0.6825	0.101237
0.510192	0.6825	0.0965726
0.542079	0.6825	0.0917536
0.573967	0.6825	0.0868046
0.605854	0.6825	0.0817505
0.637741	0.6825	0.0766169
0.669628	0.6825	0.0714297
0.701515	0.6825	0.0662156
0.733402	0.6825	0.0610014
0.765289	0.6825	0.0558144
0.797176	0.6825	0.0506822
0.829063	0.6825	0.0456327
0.86095	0.6825	0.0406941
0.892837	0.6825	0.0358948
0.924724	0.6825	0.0312636
0.956611	0.6825	0.0268296
0.988498	0.6825	0.0226221
1.02038	0.6825	0.0186709
1.05227	0.6825	0.0150062
1.08416	0.6825	0.0116589
1.11605	0.6825	0.00866091
1.14793	0.6825	0.00604482
1.17982	0.6825	0.00384391
1.21171	0.6825	0.00208996
1.24359	0.6825	0.00080752
1.27548	0.6825	0
0	0.7	0.139422
0.0326085	0.7	0.139228
0.065217	0.7	0.138645
0.0978255	0.7	0.137675
0.130434	0.7	0.136325
0.163042	0.7	0.134602
0.195651	0.7	0.132514
0.228259	0.7	0.130074
0.260868	0.7	0.127295
0.293476	0.7	0.124191
0.326085	0.7	0.120779
0.358693	0.7	0.117078
0.391302	0.7	0.113107
0.42391	0.7	0.108888
0.456519	0.7	0.104443
0.489127	0.7	0.0997954
0.521736	0.7	0.0949704
0.554344	0.7	0.0899932
0.586953	0.7	0.0848901
0.619561	0.7	0.079688
0.65217	0.7	0.0744144
0.684778	0.7	0.0690975
0.717387	0.7	0.0637658
0.749995	0.7	0.0584482
0.782604	0.7	0.0531741
0.815212	0.7	0.0479732
0.847821	0.7	0.0428754
0.880429	0.7	0.0379112
0.913038	0.7	0.033111
0.945646	0.7	0.0285059
0.978255	0.7	0.0241271
1.01086	0.7	0.0200064
1.04347	0.7	0.0161757
1.07608	0.7	0.0126681
1.10869	0.7	0.00951745
1.1413	0.7	0.00675901
1.17391	0.7	0.0044296
1.20651	0.7	0.00256648
1.23912	0.7	0.00120305
1.27173	0.7	0.000356688
1.30434	0.7	0
