0	0	0
0.0075	0	0
0.015	0	0
0.0225	0	0
0.03	0	0
0.0375	0	0
0.045	0	0
0.0525	0	0
0.06	0	0
0.0675	0	0
0.075	0	0
0.0825	0	0
0.09	0	0
0.0975	0	0
0.105	0	0
0.1125	0	0
0.12	0	0
0.1275	0	0
0.135	0	0
0.1425	0	0
0.15	0	0
0.1575	0	0
0.165	0	0
0.1725	0	0
0.18	0	0
0.1875	0	0
0.195	0	0
0.2025	0	0
0.21	0	0
0.2175	0	0
0.225	0	0
0.2325	0	0
0.24	0	0
0.2475	0	0
0.255	0	0
0.2625	0	0
0.27	0	0
0.2775	0	0
0.285	0	0
0.2925	0	0
0.3	0	0
0	0.01	0.00349724
0.00820711	0.01	0.00349694
0.0164142	0.01	0.00349603
0.0246213	0.01	0.00349451
0.0328284	0.01	0.00349238
0.0410355	0.01	0.00348962
0.0492426	0.01	0.00348623
0.0574497	0.01	0.00348219
0.0656569	0.01	0.00347748
0.073864	0.01	0.00347209
0.0820711	0.01	0.00346599
0.0902782	0.01	0.00345916
0.0984853	0.01	0.00345156
0.106692	0.01	0.00344316
0.114899	0.01	0.00343393
0.123107	0.01	0.00342382
0.131314	0.01	0.00341277
0.139521	0.01	0.00340073
0.147728	0.01	0.00338763
0.155935	0.01	0.0033734
0.164142	0.01	0.00335792
0.172349	0.01	0.00334107
0.180556	0.01	0.00332267
0.188763	0.01	0.00330246
0.196971	0.01	0.00328009
0.205178	0.01	0.00325503
0.213385	0.01	0.00322652
0.221592	0.01	0.00319349
0.229799	0.01	0.0031544
0.238006	0.01	0.00310714
0.246213	0.01	0.00304879
0.25442	0.01	0.0029754
0.262627	0.01	0.00288172
0.270835	0.01	0.00276084
0.279042	0.01	0.0026038
0.287249	0.01	0.00239908
0.295456	0.01	0.00213206
0.303663	0.01	0.00178437
0.31187	0.01	0.00133309
0.320077	0.01	0.000749895
0.328284	0.01	0
0	0.02	0.00689539
0.00891421	0.02	0.00689468
0.0178284	0.02	0.00689255
0.0267426	0.02	0.00688897
0.0356569	0.02	0.00688393
0.0445711	0.02	0.00687742
0.0534853	0.02	0.00686939
0.0623995	0.02	0.00685982
0.0713137	0.02	0.00684865
0.0802279	0.02	0.00683583
0.0891421	0.02	0.00682129
0.0980563	0.02	0.00680495
0.106971	0.02	0.00678673
0.115885	0.02	0.00676652
0.124799	0.02	0.00674419
0.133713	0.02	0.00671959
0.142627	0.02	0.00669255
0.151542	0.02	0.00666285
0.160456	0.02	0.00663022
0.16937	0.02	0.00659429
0.178284	0.02	0.00655461
0.187198	0.02	0.00651052
0.196113	0.02	0.00646117
0.205027	0.02	0.00640536
0.213941	0.02	0.00634148
0.222855	0.02	0.00626736
0.23177	0.02	0.00618014
0.240684	0.02	0.00607608
0.249598	0.02	0.00595049
0.258512	0.02	0.0057975
0.267426	0.02	0.00561007
0.276341	0.02	0.00537992
0.285255	0.02	0.00509771
0.294169	0.02	0.00475328
0.303083	0.02	0.00433619
0.311997	0.02	0.00383659
0.320912	0.02	0.00324642
0.329826	0.02	0.00256121
0.33874	0.02	0.00178242
0.347654	0.02	0.000920706
0.356569	0.02	0
0	0.03	0.0101954
0.00962132	0.03	0.0101941
0.0192426	0.03	0.0101904
0.028864	0.03	0.0101842
0.0384853	0.03	0.0101754
0.0481066	0.03	0.010164
0.0577279	0.03	0.01015
0.0673492	0.03	0.0101332
0.0769706	0.03	0.0101136
0.0865919	0.03	0.0100911
0.0962132	0.03	0.0100654
0.105835	0.03	0.0100366
0.115456	0.03	0.0100042
0.125077	0.03	0.00996815
0.134698	0.03	0.00992811
0.14432	0.03	0.00988371
0.153941	0.03	0.00983452
0.163562	0.03	0.00977995
0.173184	0.03	0.00971927
0.182805	0.03	0.00965152
0.192426	0.03	0.0095754
0.202048	0.03	0.00948924
0.211669	0.03	0.00939082
0.22129	0.03	0.0092773
0.230912	0.03	0.00914505
0.240533	0.03	0.00898959
0.250154	0.03	0.00880548
0.259776	0.03	0.00858635
0.269397	0.03	0.00832497
0.279018	0.03	0.00801346
0.28864	0.03	0.00764363
0.298261	0.03	0.00720751
0.307882	0.03	0.00669797
0.317504	0.03	0.00610955
0.327125	0.03	0.00543933
0.336746	0.03	0.00468776
0.346368	0.03	0.00385935
0.355989	0.03	0.00296291
0.36561	0.03	0.00201113
0.375231	0.03	0.0010189
0.384853	0.03	0
0	0.04	0.0133981
0.0103284	0.04	0.0133962
0.0206569	0.04	0.0133905
0.0309853	0.04	0.0133809
0.0413137	0.04	0.0133675
0.0516421	0.04	0.0133501
0.0619706	0.04	0.0133286
0.072299	0.04	0.0133028
0.0826274	0.04	0.0132726
0.0929558	0.04	0.0132378
0.103284	0.04	0.0131981
0.113613	0.04	0.0131533
0.123941	0.04	0.0131028
0.13427	0.04	0.0130463
0.144598	0.04	0.0129832
0.154926	0.04	0.0129127
0.165255	0.04	0.0128339
0.175583	0.04	0.0127457
0.185912	0.04	0.0126464
0.19624	0.04	0.0125343
0.206569	0.04	0.0124066
0.216897	0.04	0.0122604
0.227225	0.04	0.0120917
0.237554	0.04	0.0118957
0.247882	0.04	0.0116669
0.258211	0.04	0.0113989
0.268539	0.04	0.0110848
0.278868	0.04	0.0107174
0.289196	0.04	0.0102894
0.299524	0.04	0.0097942
0.309853	0.04	0.00922647
0.320181	0.04	0.00858263
0.33051	0.04	0.0078615
0.340838	0.04	0.00706474
0.351167	0.04	0.00619698
0.361495	0.04	0.00526564
0.371823	0.04	0.00428033
0.382152	0.04	0.00325173
0.39248	0.04	0.00219019
0.402809	0.04	0.00110432
0.413137	0.04	0
0	0.05	0.0165043
0.0110355	0.05	0.0165017
0.0220711	0.05	0.0164936
0.0331066	0.05	0.0164801
0.0441421	0.05	0.016461
0.0551777	0.05	0.0164363
0.0662132	0.05	0.0164057
0.0772487	0.05	0.016369
0.0882843	0.05	0.0163259
0.0993198	0.05	0.0162761
0.110355	0.05	0.0162192
0.121391	0.05	0.0161546
0.132426	0.05	0.0160816
0.143462	0.05	0.0159995
0.154497	0.05	0.0159072
0.165533	0.05	0.0158035
0.176569	0.05	0.0156867
0.187604	0.05	0.0155548
0.19864	0.05	0.0154052
0.209675	0.05	0.0152348
0.220711	0.05	0.0150396
0.231746	0.05	0.0148149
0.242782	0.05	0.0145554
0.253817	0.05	0.0142549
0.264853	0.05	0.0139068
0.275888	0.05	0.0135043
0.286924	0.05	0.0130408
0.297959	0.05	0.0125103
0.308995	0.05	0.0119083
0.32003	0.05	0.0112317
0.331066	0.05	0.0104797
0.342102	0.05	0.00965406
0.353137	0.05	0.00875881
0.364173	0.05	0.00780033
0.375208	0.05	0.00678663
0.386244	0.05	0.0057266
0.397279	0.05	0.00462911
0.408315	0.05	0.00350215
0.41935	0.05	0.00235212
0.430386	0.05	0.00118368
0.441421	0.05	0
0	0.06	0.0195151
0.0117426	0.06	0.0195115
0.0234853	0.06	0.0195006
0.0352279	0.06	0.0194824
0.0469706	0.06	0.0194567
0.0587132	0.06	0.0194233
0.0704558	0.06	0.019382
0.0821985	0.06	0.0193324
0.0939411	0.06	0.019274
0.105684	0.06	0.0192063
0.117426	0.06	0.0191287
0.129169	0.06	0.0190403
0.140912	0.06	0.0189401
0.152654	0.06	0.0188268
0.164397	0.06	0.0186989
0.17614	0.06	0.0185543
0.187882	0.06	0.0183905
0.199625	0.06	0.0182046
0.211368	0.06	0.0179927
0.22311	0.06	0.0177505
0.234853	0.06	0.0174727
0.246595	0.06	0.0171537
0.258338	0.06	0.0167871
0.270081	0.06	0.0163665
0.281823	0.06	0.0158854
0.293566	0.06	0.0153383
0.305309	0.06	0.0147205
0.317051	0.06	0.0140289
0.328794	0.06	0.0132625
0.340537	0.06	0.0124224
0.352279	0.06	0.0115119
0.364022	0.06	0.0105363
0.375765	0.06	0.0095025
0.387507	0.06	0.00841845
0.39925	0.06	0.00729221
0.410992	0.06	0.00613144
0.422735	0.06	0.00494279
0.434478	0.06	0.00373167
0.44622	0.06	0.00250222
0.457963	0.06	0.00125752
0.469706	0.06	0
0	0.07	0.0224311
0.0124497	0.07	0.0224265
0.0248995	0.07	0.0224124
0.0373492	0.07	0.0223888
0.049799	0.07	0.0223554
0.0622487	0.07	0.022312
0.0746985	0.07	0.0222582
0.0871482	0.07	0.0221935
0.099598	0.07	0.0221173
0.112048	0.07	0.0220287
0.124497	0.07	0.0219269
0.136947	0.07	0.0218105
0.149397	0.07	0.0216782
0.161847	0.07	0.0215281
0.174296	0.07	0.0213578
0.186746	0.07	0.0211646
0.199196	0.07	0.020945
0.211646	0.07	0.020695
0.224095	0.07	0.0204098
0.236545	0.07	0.020084
0.248995	0.07	0.0197117
0.261445	0.07	0.0192867
0.273894	0.07	0.0188027
0.286344	0.07	0.0182539
0.298794	0.07	0.0176357
0.311244	0.07	0.0169442
0.323693	0.07	0.016178
0.336143	0.07	0.015337
0.348593	0.07	0.0144237
0.361043	0.07	0.0134423
0.373492	0.07	0.0123987
0.385942	0.07	0.0113
0.398392	0.07	0.0101536
0.410842	0.07	0.0089672
0.423291	0.07	0.00774756
0.435741	0.07	0.00650068
0.448191	0.07	0.00523151
0.460641	0.07	0.00394397
0.47309	0.07	0.00264121
0.48554	0.07	0.00132581
0.49799	0.07	0
0	0.08	0.0252533
0.0131569	0.08	0.0252474
0.0263137	0.08	0.0252297
0.0394706	0.08	0.0251999
0.0526274	0.08	0.0251578
0.0657843	0.08	0.025103
0.0789411	0.08	0.025035
0.092098	0.08	0.0249531
0.105255	0.08	0.0248565
0.118412	0.08	0.024744
0.131569	0.08	0.0246143
0.144725	0.08	0.0244659
0.157882	0.08	0.0242965
0.171039	0.08	0.0241038
0.184196	0.08	0.0238846
0.197353	0.08	0.0236355
0.21051	0.08	0.0233519
0.223667	0.08	0.0230291
0.236823	0.08	0.0226615
0.24998	0.08	0.0222431
0.263137	0.08	0.0217679
0.276294	0.08	0.0212299
0.289451	0.08	0.0206241
0.302608	0.08	0.0199461
0.315765	0.08	0.0191932
0.328921	0.08	0.0183646
0.342078	0.08	0.0174613
0.355235	0.08	0.0164864
0.368392	0.08	0.0154446
0.381549	0.08	0.0143422
0.394706	0.08	0.0131861
0.407862	0.08	0.0119835
0.421019	0.08	0.0107416
0.434176	0.08	0.00946694
0.447333	0.08	0.00816505
0.46049	0.08	0.00684072
0.473647	0.08	0.00549787
0.486804	0.08	0.00413976
0.49996	0.08	0.00276916
0.513117	0.08	0.00138851
0.526274	0.08	0
0	0.09	0.0279823
0.013864	0.09	0.0279751
0.0277279	0.09	0.0279532
0.0415919	0.09	0.0279165
0.0554558	0.09	0.0278647
0.0693198	0.09	0.0277971
0.0831838	0.09	0.0277132
0.0970477	0.09	0.027612
0.110912	0.09	0.0274924
0.124776	0.09	0.027353
0.13864	0.09	0.0271919
0.152504	0.09	0.0270071
0.166368	0.09	0.026796
0.180231	0.09	0.0265553
0.194095	0.09	0.0262813
0.207959	0.09	0.0259695
0.221823	0.09	0.025615
0.235687	0.09	0.0252122
0.249551	0.09	0.0247553
0.263415	0.09	0.0242383
0.277279	0.09	0.0236556
0.291143	0.09	0.0230024
0.305007	0.09	0.022275
0.318871	0.09	0.0214713
0.332735	0.09	0.0205908
0.346599	0.09	0.0196353
0.360463	0.09	0.0186081
0.374327	0.09	0.0175144
0.388191	0.09	0.0163603
0.402055	0.09	0.0151529
0.415919	0.09	0.0138991
0.429783	0.09	0.0126059
0.443647	0.09	0.0112796
0.457511	0.09	0.00992575
0.471375	0.09	0.00854902
0.485239	0.09	0.00715346
0.499103	0.09	0.00574252
0.512967	0.09	0.00431916
0.526831	0.09	0.00288605
0.540694	0.09	0.00144559
0.554558	0.09	0
0	0.1	0.030619
0.0145711	0.1	0.0306102
0.0291421	0.1	0.0305838
0.0437132	0.1	0.0305395
0.0582843	0.1	0.0304769
0.0728553	0.1	0.0303952
0.0874264	0.1	0.0302936
0.101997	0.1	0.030171
0.116569	0.1	0.0300259
0.13114	0.1	0.0298565
0.145711	0.1	0.0296607
0.160282	0.1	0.0294357
0.174853	0.1	0.0291783
0.189424	0.1	0.0288846
0.203995	0.1	0.0285504
0.218566	0.1	0.0281704
0.233137	0.1	0.0277393
0.247708	0.1	0.0272513
0.262279	0.1	0.0267006
0.27685	0.1	0.0260819
0.291421	0.1	0.0253904
0.305992	0.1	0.024623
0.320563	0.1	0.0237777
0.335135	0.1	0.0228545
0.349706	0.1	0.0218553
0.364277	0.1	0.0207838
0.378848	0.1	0.0196452
0.393419	0.1	0.0184457
0.40799	0.1	0.0171922
0.422561	0.1	0.0158916
0.437132	0.1	0.0145509
0.451703	0.1	0.0131763
0.466274	0.1	0.0117733
0.480845	0.1	0.0103467
0.495416	0.1	0.00890091
0.509987	0.1	0.00743945
0.524558	0.1	0.00596555
0.53913	0.1	0.00448213
0.553701	0.1	0.0029918
0.568272	0.1	0.001497
0.582843	0.1	0
0	0.11	0.033164
0.0152782	0.11	0.0331536
0.0305563	0.11	0.0331222
0.0458345	0.11	0.0330696
0.0611127	0.11	0.0329951
0.0763909	0.11	0.0328979
0.091669	0.11	0.032777
0.106947	0.11	0.032631
0.122225	0.11	0.032458
0.137504	0.11	0.0322559
0.152782	0.11	0.032022
0.16806	0.11	0.031753
0.183338	0.11	0.0314453
0.198616	0.11	0.0310944
0.213894	0.11	0.0306954
0.229173	0.11	0.0302428
0.244451	0.11	0.0297309
0.259729	0.11	0.0291543
0.275007	0.11	0.0285075
0.290285	0.11	0.0277862
0.305563	0.11	0.0269872
0.320842	0.11	0.0261087
0.33612	0.11	0.0251509
0.351398	0.11	0.0241158
0.366676	0.11	0.023007
0.381954	0.11	0.0218298
0.397233	0.11	0.0205904
0.412511	0.11	0.0192956
0.427789	0.11	0.0179525
0.443067	0.11	0.0165678
0.458345	0.11	0.0151479
0.473623	0.11	0.0136985
0.488902	0.11	0.0122248
0.50418	0.11	0.010731
0.519458	0.11	0.00922112
0.534736	0.11	0.0076987
0.550014	0.11	0.00616687
0.565292	0.11	0.0046285
0.580571	0.11	0.00308628
0.595849	0.11	0.00154267
0.611127	0.11	0
0	0.12	0.035618
0.0159853	0.12	0.0356058
0.0319706	0.12	0.035569
0.0479558	0.12	0.0355073
0.0639411	0.12	0.03542
0.0799264	0.12	0.0353061
0.0959117	0.12	0.0351643
0.111897	0.12	0.0349928
0.127882	0.12	0.0347896
0.143868	0.12	0.0345521
0.159853	0.12	0.0342772
0.175838	0.12	0.033961
0.191823	0.12	0.0335994
0.207809	0.12	0.0331875
0.223794	0.12	0.0327201
0.239779	0.12	0.0321914
0.255765	0.12	0.0315961
0.27175	0.12	0.030929
0.287735	0.12	0.0301857
0.30372	0.12	0.0293629
0.319706	0.12	0.028459
0.335691	0.12	0.0274741
0.351676	0.12	0.02641
0.367661	0.12	0.0252705
0.383647	0.12	0.0240606
0.399632	0.12	0.0227865
0.415617	0.12	0.021455
0.431603	0.12	0.0200733
0.447588	0.12	0.0186482
0.463573	0.12	0.0171861
0.479558	0.12	0.0156931
0.495544	0.12	0.0141745
0.511529	0.12	0.0126349
0.527514	0.12	0.0110787
0.5435	0.12	0.00950959
0.559485	0.12	0.00793105
0.57547	0.12	0.00634623
0.591455	0.12	0.00475808
0.607441	0.12	0.00316932
0.623426	0.12	0.00158249
0.639411	0.12	0
0	0.13	0.0379816
0.0166924	0.13	0.0379675
0.0333848	0.13	0.0379249
0.0500772	0.13	0.0378535
0.0667696	0.13	0.0377524
0.0834619	0.13	0.0376205
0.100154	0.13	0.0374562
0.116847	0.13	0.0372575
0.133539	0.13	0.037022
0.150231	0.13	0.0367466
0.166924	0.13	0.0364279
0.183616	0.13	0.0360616
0.200309	0.13	0.035643
0.217001	0.13	0.0351672
0.233693	0.13	0.0346285
0.250386	0.13	0.0340215
0.267078	0.13	0.0333412
0.283771	0.13	0.0325831
0.300463	0.13	0.0317439
0.317155	0.13	0.0308219
0.333848	0.13	0.0298169
0.35054	0.13	0.0287306
0.367233	0.13	0.0275665
0.383925	0.13	0.0263296
0.400617	0.13	0.0250259
0.41731	0.13	0.0236624
0.434002	0.13	0.0222461
0.450694	0.13	0.020784
0.467387	0.13	0.0192829
0.484079	0.13	0.017749
0.500772	0.13	0.0161879
0.517464	0.13	0.0146047
0.534156	0.13	0.0130039
0.550849	0.13	0.0113898
0.567541	0.13	0.00976606
0.584234	0.13	0.00813616
0.600926	0.13	0.00650334
0.617618	0.13	0.00487059
0.634311	0.13	0.00324073
0.651003	0.13	0.00161637
0.667696	0.13	0
0	0.14	0.0402554
0.0173995	0.14	0.0402392
0.034799	0.14	0.0401905
0.0521985	0.14	0.0401088
0.069598	0.14	0.039993
0.0869975	0.14	0.0398419
0.104397	0.14	0.0396536
0.121796	0.14	0.039426
0.139196	0.14	0.0391561
0.156595	0.14	0.0388406
0.173995	0.14	0.0384757
0.191394	0.14	0.0380567
0.208794	0.14	0.0375787
0.226193	0.14	0.0370364
0.243593	0.14	0.0364245
0.260992	0.14	0.0357379
0.278392	0.14	0.034972
0.295791	0.14	0.0341234
0.313191	0.14	0.0331901
0.33059	0.14	0.0321718
0.34799	0.14	0.0310697
0.365389	0.14	0.0298871
0.382789	0.14	0.0286289
0.400188	0.14	0.0273008
0.417588	0.14	0.0259098
0.434987	0.14	0.024463
0.452387	0.14	0.0229676
0.469786	0.14	0.0214306
0.487186	0.14	0.0198585
0.504585	0.14	0.0182573
0.521985	0.14	0.0166326
0.539384	0.14	0.0149891
0.556784	0.14	0.0133315
0.574183	0.14	0.0116639
0.591583	0.14	0.00999012
0.608982	0.14	0.00831366
0.626382	0.14	0.00663784
0.643781	0.14	0.00496575
0.661181	0.14	0.00330029
0.67858	0.14	0.00164418
0.69598	0.14	0
0	0.15	0.04244
0.0181066	0.15	0.0424216
0.0362132	0.15	0.0423664
0.0543198	0.15	0.0422736
0.0724264	0.15	0.0421423
0.090533	0.15	0.0419709
0.10864	0.15	0.0417573
0.126746	0.15	0.0414991
0.144853	0.15	0.0411931
0.162959	0.15	0.0408355
0.181066	0.15	0.0404222
0.199173	0.15	0.0399484
0.217279	0.15	0.0394089
0.235386	0.15	0.0387985
0.253492	0.15	0.0381121
0.271599	0.15	0.0373451
0.289706	0.15	0.0364938
0.307812	0.15	0.035556
0.325919	0.15	0.0345308
0.344025	0.15	0.0334193
0.362132	0.15	0.0322244
0.380239	0.15	0.0309504
0.398345	0.15	0.0296032
0.416452	0.15	0.0281894
0.434558	0.15	0.0267164
0.452665	0.15	0.0251914
0.470772	0.15	0.0236218
0.488878	0.15	0.0220144
0.506985	0.15	0.0203757
0.525091	0.15	0.0187114
0.543198	0.15	0.017027
0.561305	0.15	0.0153275
0.579411	0.15	0.0136172
0.597518	0.15	0.0119006
0.615624	0.15	0.0101813
0.633731	0.15	0.00846309
0.651838	0.15	0.00674935
0.669944	0.15	0.00504325
0.688051	0.15	0.00334779
0.706157	0.15	0.00166582
0.724264	0.15	0
0	0.16	0.0445358
0.0188137	0.16	0.0445151
0.0376274	0.16	0.044453
0.0564411	0.16	0.0443487
0.0752548	0.16	0.044201
0.0940685	0.16	0.0440082
0.112882	0.16	0.0437681
0.131696	0.16	0.0434778
0.15051	0.16	0.043134
0.169323	0.16	0.0427325
0.188137	0.16	0.042269
0.206951	0.16	0.0417386
0.225765	0.16	0.041136
0.244578	0.16	0.0404562
0.263392	0.16	0.0396945
0.282206	0.16	0.038847
0.301019	0.16	0.0379112
0.319833	0.16	0.0368857
0.338647	0.16	0.0357711
0.35746	0.16	0.0345699
0.376274	0.16	0.0332861
0.395088	0.16	0.0319251
0.413902	0.16	0.0304936
0.432715	0.16	0.0289988
0.451529	0.16	0.0274482
0.470343	0.16	0.0258495
0.489156	0.16	0.0242099
0.50797	0.16	0.0225361
0.526784	0.16	0.0208345
0.545598	0.16	0.019111
0.564411	0.16	0.0173709
0.583225	0.16	0.0156192
0.602039	0.16	0.0138605
0.620852	0.16	0.0120992
0.639666	0.16	0.0103391
0.65848	0.16	0.008584
0.677294	0.16	0.00683746
0.696107	0.16	0.00510277
0.714921	0.16	0.00338303
0.733735	0.16	0.00168118
0.752548	0.16	0
0	0.17	0.0465433
0.0195208	0.17	0.0465203
0.0390416	0.17	0.046451
0.0585624	0.17	0.0463345
0.0780833	0.17	0.0461697
0.0976041	0.17	0.0459546
0.117125	0.17	0.0456867
0.136646	0.17	0.045363
0.156167	0.17	0.0449798
0.175687	0.17	0.0445329
0.195208	0.17	0.0440176
0.214729	0.17	0.0434291
0.23425	0.17	0.0427621
0.253771	0.17	0.0420121
0.273291	0.17	0.0411749
0.292812	0.17	0.0402474
0.312333	0.17	0.039228
0.331854	0.17	0.0381167
0.351375	0.17	0.0369154
0.370895	0.17	0.0356276
0.390416	0.17	0.0342585
0.409937	0.17	0.0328145
0.429458	0.17	0.0313027
0.448979	0.17	0.0297309
0.4685	0.17	0.0281068
0.48802	0.17	0.0264381
0.507541	0.17	0.0247321
0.527062	0.17	0.0229955
0.546583	0.17	0.0212347
0.566104	0.17	0.0194556
0.585624	0.17	0.0176636
0.605145	0.17	0.0158638
0.624666	0.17	0.0140608
0.644187	0.17	0.0122592
0.663708	0.17	0.0104629
0.683229	0.17	0.00867592
0.702749	0.17	0.00690181
0.72227	0.17	0.00514403
0.741791	0.17	0.0034058
0.761312	0.17	0.00169017
0.780833	0.17	0
0	0.18	0.0484631
0.0202279	0.18	0.0484375
0.0404558	0.18	0.0483606
0.0606838	0.18	0.0482316
0.0809117	0.18	0.0480489
0.10114	0.18	0.0478105
0.121368	0.18	0.0475137
0.141595	0.18	0.0471554
0.161823	0.18	0.0467315
0.182051	0.18	0.0462378
0.202279	0.18	0.0456694
0.222507	0.18	0.0450216
0.242735	0.18	0.0442894
0.262963	0.18	0.0434686
0.283191	0.18	0.0425559
0.303419	0.18	0.041549
0.323647	0.18	0.0404474
0.343875	0.18	0.0392523
0.364103	0.18	0.0379668
0.384331	0.18	0.0365955
0.404558	0.18	0.0351444
0.424786	0.18	0.0336208
0.445014	0.18	0.0320323
0.465242	0.18	0.030387
0.48547	0.18	0.0286928
0.505698	0.18	0.0269575
0.525926	0.18	0.0251884
0.546154	0.18	0.0233924
0.566382	0.18	0.0215758
0.58661	0.18	0.0197446
0.606838	0.18	0.0179045
0.627066	0.18	0.0160605
0.647294	0.18	0.0142175
0.667521	0.18	0.01238
0.687749	0.18	0.0105523
0.707977	0.18	0.00873839
0.728205	0.18	0.00694203
0.748433	0.18	0.00516676
0.768661	0.18	0.00341594
0.788889	0.18	0.00169269
0.809117	0.18	0
0	0.19	0.0502953
0.020935	0.19	0.0502672
0.0418701	0.19	0.0501824
0.0628051	0.19	0.0500403
0.0837401	0.19	0.049839
0.104675	0.19	0.0495765
0.12561	0.19	0.0492499
0.146545	0.19	0.0488558
0.16748	0.19	0.04839
0.188415	0.19	0.0478483
0.20935	0.19	0.0472257
0.230285	0.19	0.0465176
0.25122	0.19	0.0457196
0.272155	0.19	0.0448279
0.29309	0.19	0.0438398
0.314025	0.19	0.0427544
0.33496	0.19	0.041572
0.355895	0.19	0.040295
0.376831	0.19	0.0389277
0.397766	0.19	0.0374755
0.418701	0.19	0.0359455
0.439636	0.19	0.0343454
0.460571	0.19	0.0326833
0.481506	0.19	0.0309675
0.502441	0.19	0.0292063
0.523376	0.19	0.0274074
0.544311	0.19	0.0255784
0.565246	0.19	0.0237261
0.586181	0.19	0.0218571
0.607116	0.19	0.0199774
0.628051	0.19	0.0180928
0.648986	0.19	0.0162086
0.669921	0.19	0.0143298
0.690856	0.19	0.012461
0.711791	0.19	0.0106067
0.732726	0.19	0.00877099
0.753661	0.19	0.00695777
0.774596	0.19	0.00517071
0.795531	0.19	0.00341327
0.816466	0.19	0.00168868
0.837401	0.19	0
0	0.2	0.0520405
0.0216421	0.2	0.0520096
0.0432843	0.2	0.0519168
0.0649264	0.2	0.051761
0.0865685	0.2	0.0515406
0.108211	0.2	0.0512532
0.129853	0.2	0.0508958
0.151495	0.2	0.0504648
0.173137	0.2	0.0499561
0.194779	0.2	0.0493653
0.216421	0.2	0.0486876
0.238063	0.2	0.0479185
0.259706	0.2	0.0470542
0.281348	0.2	0.0460914
0.30299	0.2	0.0450286
0.324632	0.2	0.0438655
0.346274	0.2	0.0426037
0.367916	0.2	0.0412467
0.389558	0.2	0.0397997
0.411201	0.2	0.0382692
0.432843	0.2	0.0366629
0.454485	0.2	0.0349889
0.476127	0.2	0.0332559
0.497769	0.2	0.0314725
0.519411	0.2	0.0296471
0.541053	0.2	0.0277875
0.562696	0.2	0.0259014
0.584338	0.2	0.023996
0.60598	0.2	0.0220778
0.627622	0.2	0.0201532
0.649264	0.2	0.0182279
0.670906	0.2	0.0163075
0.692548	0.2	0.0143972
0.71419	0.2	0.0125017
0.735833	0.2	0.0106257
0.757475	0.2	0.00877334
0.779117	0.2	0.00694874
0.800759	0.2	0.00515567
0.822401	0.2	0.00339766
0.844043	0.2	0.00167807
0.865685	0.2	0
0	0.21	0.0536989
0.0223492	0.21	0.0536653
0.0446985	0.21	0.0535641
0.0670477	0.21	0.0533942
0.089397	0.21	0.053154
0.111746	0.21	0.0528409
0.134095	0.21	0.0524519
0.156445	0.21	0.0519832
0.178794	0.21	0.0514306
0.201143	0.21	0.0507897
0.223492	0.21	0.050056
0.245842	0.21	0.0492254
0.268191	0.21	0.0482945
0.29054	0.21	0.0472608
0.312889	0.21	0.0461237
0.335239	0.21	0.0448838
0.357588	0.21	0.043544
0.379937	0.21	0.0421087
0.402286	0.21	0.0405841
0.424636	0.21	0.0389774
0.446985	0.21	0.037297
0.469334	0.21	0.0355517
0.491683	0.21	0.0337503
0.514033	0.21	0.0319017
0.536382	0.21	0.0300146
0.558731	0.21	0.028097
0.58108	0.21	0.0261569
0.60343	0.21	0.0242013
0.625779	0.21	0.0222373
0.648128	0.21	0.0202711
0.670477	0.21	0.018309
0.692827	0.21	0.0163565
0.715176	0.21	0.014419
0.737525	0.21	0.0125015
0.759874	0.21	0.0106088
0.782223	0.21	0.00874508
0.804573	0.21	0.00691468
0.826922	0.21	0.00512144
0.849271	0.21	0.00336901
0.87162	0.21	0.0016608
0.89397	0.21	0
0	0.22	0.0552709
0.0230563	0.22	0.0552344
0.0461127	0.22	0.0551245
0.069169	0.22	0.0549402
0.0922254	0.22	0.0546797
0.115282	0.22	0.0543402
0.138338	0.22	0.0539187
0.161394	0.22	0.0534114
0.184451	0.22	0.052814
0.207507	0.22	0.0521223
0.230563	0.22	0.051332
0.25362	0.22	0.0504394
0.276676	0.22	0.0494416
0.299733	0.22	0.0483372
0.322789	0.22	0.0471262
0.345845	0.22	0.0458106
0.368902	0.22	0.044394
0.391958	0.22	0.0428819
0.415014	0.22	0.0412814
0.438071	0.22	0.0396006
0.461127	0.22	0.0378482
0.484183	0.22	0.0360336
0.50724	0.22	0.034166
0.530296	0.22	0.0322546
0.553352	0.22	0.0303083
0.576409	0.22	0.0283353
0.599465	0.22	0.0263438
0.622521	0.22	0.0243412
0.645578	0.22	0.0223346
0.668634	0.22	0.0203306
0.69169	0.22	0.0183354
0.714747	0.22	0.016355
0.737803	0.22	0.0143948
0.76086	0.22	0.01246
0.783916	0.22	0.0105556
0.806972	0.22	0.0086859
0.830029	0.22	0.00685535
0.853085	0.22	0.00506788
0.876141	0.22	0.00332723
0.899198	0.22	0.00163686
0.922254	0.22	0
0	0.23	0.0567567
0.0237635	0.23	0.0567172
0.0475269	0.23	0.0565985
0.0712904	0.23	0.0563993
0.0950538	0.23	0.0561179
0.118817	0.23	0.0557515
0.142581	0.23	0.0552968
0.166344	0.23	0.05475
0.190108	0.23	0.0541071
0.213871	0.23	0.0533638
0.237635	0.23	0.0525162
0.261398	0.23	0.0515612
0.285161	0.23	0.0504965
0.308925	0.23	0.0493215
0.332688	0.23	0.0480372
0.356452	0.23	0.0466466
0.380215	0.23	0.0451543
0.403979	0.23	0.0435669
0.427742	0.23	0.041892
0.451506	0.23	0.0401387
0.475269	0.23	0.0383162
0.499033	0.23	0.0364342
0.522796	0.23	0.0345025
0.546559	0.23	0.0325305
0.570323	0.23	0.0305273
0.594086	0.23	0.0285016
0.61785	0.23	0.0264615
0.641613	0.23	0.0244149
0.665377	0.23	0.022369
0.68914	0.23	0.0203307
0.712904	0.23	0.0183064
0.736667	0.23	0.0163023
0.760431	0.23	0.0143239
0.784194	0.23	0.0123768
0.807958	0.23	0.0104658
0.831721	0.23	0.00859557
0.855484	0.23	0.00677059
0.879248	0.23	0.00499489
0.903011	0.23	0.00327226
0.926775	0.23	0.00160621
0.950538	0.23	0
0	0.24	0.0581565
0.0244706	0.24	0.058114
0.0489411	0.24	0.0579862
0.0734117	0.24	0.0577718
0.0978823	0.24	0.057469
0.122353	0.24	0.0570749
0.146823	0.24	0.0565863
0.171294	0.24	0.0559994
0.195765	0.24	0.0553101
0.220235	0.24	0.0545146
0.244706	0.24	0.0536093
0.269176	0.24	0.0525914
0.293647	0.24	0.0514597
0.318117	0.24	0.0502143
0.342588	0.24	0.0488572
0.367058	0.24	0.0473923
0.391529	0.24	0.0458253
0.416	0.24	0.0441637
0.44047	0.24	0.042416
0.464941	0.24	0.0405916
0.489411	0.24	0.0387006
0.513882	0.24	0.0367531
0.538352	0.24	0.0347592
0.562823	0.24	0.0327287
0.587294	0.24	0.0306709
0.611764	0.24	0.0285949
0.636235	0.24	0.0265091
0.660705	0.24	0.0244215
0.685176	0.24	0.0223397
0.709646	0.24	0.0202708
0.734117	0.24	0.0182214
0.758587	0.24	0.0161979
0.783058	0.24	0.014206
0.807529	0.24	0.0122514
0.831999	0.24	0.0103391
0.85647	0.24	0.00847386
0.88094	0.24	0.00666026
0.905411	0.24	0.00490238
0.929881	0.24	0.00320406
0.954352	0.24	0.00156885
0.978823	0.24	0
0	0.25	0.0594706
0.0251777	0.25	0.059425
0.0503553	0.25	0.0592878
0.075533	0.25	0.0590579
0.100711	0.25	0.0587332
0.125888	0.25	0.0583109
0.151066	0.25	0.0577878
0.176244	0.25	0.05716
0.201421	0.25	0.0564237
0.226599	0.25	0.0555753
0.251777	0.25	0.0546117
0.276954	0.25	0.0535307
0.302132	0.25	0.0523319
0.32731	0.25	0.0510162
0.352487	0.25	0.0495866
0.377665	0.25	0.0480481
0.402843	0.25	0.0464073
0.42802	0.25	0.0446724
0.453198	0.25	0.042853
0.478376	0.25	0.040959
0.503553	0.25	0.039001
0.528731	0.25	0.0369896
0.553909	0.25	0.0349353
0.579086	0.25	0.0328483
0.604264	0.25	0.0307382
0.629442	0.25	0.0286144
0.654619	0.25	0.0264857
0.679797	0.25	0.0243602
0.704975	0.25	0.022246
0.730152	0.25	0.0201502
0.75533	0.25	0.0180798
0.780508	0.25	0.0160413
0.805685	0.25	0.0140406
0.830863	0.25	0.0120835
0.856041	0.25	0.0101752
0.881218	0.25	0.00832064
0.906396	0.25	0.00652426
0.931574	0.25	0.00479031
0.956751	0.25	0.00312263
0.981929	0.25	0.00152479
1.00711	0.25	0
0	0.26	0.0606992
0.0258848	0.26	0.0606504
0.0517696	0.26	0.0605037
0.0776543	0.26	0.0602579
0.103539	0.26	0.0599108
0.129424	0.26	0.0594598
0.155309	0.26	0.0589014
0.181193	0.26	0.0582321
0.207078	0.26	0.0574482
0.232963	0.26	0.0565463
0.258848	0.26	0.0555238
0.284733	0.26	0.0543794
0.310617	0.26	0.0531133
0.336502	0.26	0.0517273
0.362387	0.26	0.0502256
0.388272	0.26	0.0486139
0.414156	0.26	0.0469
0.440041	0.26	0.0450928
0.465926	0.26	0.0432026
0.491811	0.26	0.0412402
0.517696	0.26	0.0392165
0.54358	0.26	0.0371428
0.569465	0.26	0.0350299
0.59535	0.26	0.0328884
0.621235	0.26	0.0307283
0.647119	0.26	0.0285593
0.673004	0.26	0.0263905
0.698889	0.26	0.0242304
0.724774	0.26	0.0220872
0.750659	0.26	0.0199684
0.776543	0.26	0.0178811
0.802428	0.26	0.0158321
0.828313	0.26	0.0138275
0.854198	0.26	0.011873
0.880082	0.26	0.00997415
0.905967	0.26	0.0081358
0.931852	0.26	0.00636257
0.957737	0.26	0.00465867
0.983621	0.26	0.00302798
1.00951	0.26	0.00147403
1.03539	0.26	0
0	0.27	0.0618424
0.0265919	0.27	0.0617903
0.0531838	0.27	0.0616339
0.0797756	0.27	0.0613719
0.106368	0.27	0.0610021
0.132959	0.27	0.0605217
0.159551	0.27	0.0599276
0.186143	0.27	0.0592161
0.212735	0.27	0.0583838
0.239327	0.27	0.0574278
0.265919	0.27	0.056346
0.292511	0.27	0.0551378
0.319103	0.27	0.0538041
0.345694	0.27	0.0523479
0.372286	0.27	0.0507742
0.398878	0.27	0.0490897
0.42547	0.27	0.0473032
0.452062	0.27	0.0454245
0.478654	0.27	0.0434645
0.505246	0.27	0.0414346
0.531838	0.27	0.0393466
0.55843	0.27	0.037212
0.585021	0.27	0.0350421
0.611613	0.27	0.0328481
0.638205	0.27	0.0306403
0.664797	0.27	0.0284286
0.691389	0.27	0.0262227
0.717981	0.27	0.0240312
0.744573	0.27	0.0218626
0.771165	0.27	0.0197248
0.797756	0.27	0.017625
0.824348	0.27	0.01557
0.85094	0.27	0.0135663
0.877532	0.27	0.0116197
0.904124	0.27	0.00973568
0.930716	0.27	0.00791929
0.957308	0.27	0.00617516
0.9839	0.27	0.00450749
1.01049	0.27	0.00292015
1.03708	0.27	0.00141661
1.06368	0.27	0
0	0.28	0.0629003
0.027299	0.28	0.062845
0.054598	0.28	0.0626787
0.081897	0.28	0.0624001
0.109196	0.28	0.0620071
0.136495	0.28	0.0614969
0.163794	0.28	0.0608663
0.191093	0.28	0.060112
0.218392	0.28	0.0592308
0.245691	0.28	0.0582201
0.27299	0.28	0.0570785
0.300289	0.28	0.055806
0.327588	0.28	0.0544045
0.354887	0.28	0.052878
0.382186	0.28	0.0512323
0.409485	0.28	0.0494753
0.436784	0.28	0.0476165
0.464083	0.28	0.0456668
0.491382	0.28	0.0436377
0.518681	0.28	0.0415414
0.54598	0.28	0.0393902
0.573279	0.28	0.0371961
0.600578	0.28	0.0349711
0.627877	0.28	0.0327265
0.655176	0.28	0.0304733
0.682475	0.28	0.0282217
0.709774	0.28	0.0259816
0.737073	0.28	0.0237621
0.764372	0.28	0.0215718
0.791671	0.28	0.0194189
0.81897	0.28	0.0173109
0.846269	0.28	0.0152547
0.873568	0.28	0.0132568
0.900867	0.28	0.0113233
0.928166	0.28	0.00945976
0.955465	0.28	0.00767112
0.982764	0.28	0.00596207
1.01006	0.28	0.00433682
1.03736	0.28	0.00279918
1.06466	0.28	0.00135256
1.09196	0.28	0
0	0.29	0.0638733
0.0280061	0.29	0.0638145
0.0560122	0.29	0.0636381
0.0840183	0.29	0.0633427
0.112024	0.29	0.0629261
0.14003	0.29	0.0623855
0.168037	0.29	0.061718
0.196043	0.29	0.0609202
0.224049	0.29	0.0599893
0.252055	0.29	0.0589233
0.280061	0.29	0.0577213
0.308067	0.29	0.0563841
0.336073	0.29	0.0549144
0.364079	0.29	0.0533173
0.392085	0.29	0.0515996
0.420091	0.29	0.0497701
0.448098	0.29	0.0478394
0.476104	0.29	0.0458192
0.50411	0.29	0.0437217
0.532116	0.29	0.0415598
0.560122	0.29	0.0393465
0.588128	0.29	0.0370944
0.616134	0.29	0.0348159
0.64414	0.29	0.0325228
0.672146	0.29	0.0302265
0.700152	0.29	0.0279377
0.728159	0.29	0.0256665
0.756165	0.29	0.0234223
0.784171	0.29	0.0212142
0.812177	0.29	0.0190504
0.840183	0.29	0.0169385
0.868189	0.29	0.0148859
0.896195	0.29	0.012899
0.924201	0.29	0.010984
0.952207	0.29	0.0091464
0.980213	0.29	0.00739132
1.00822	0.29	0.00572339
1.03623	0.29	0.00414675
1.06423	0.29	0.00266516
1.09224	0.29	0.00128194
1.12024	0.29	0
0	0.3	0.0647612
0.0287132	0.3	0.0646991
0.0574264	0.3	0.0645124
0.0861396	0.3	0.0641998
0.114853	0.3	0.0637592
0.143566	0.3	0.0631878
0.172279	0.3	0.0624826
0.200992	0.3	0.0616407
0.229706	0.3	0.0606596
0.258419	0.3	0.0595375
0.287132	0.3	0.0582744
0.315845	0.3	0.0568719
0.344558	0.3	0.0553337
0.373272	0.3	0.0536656
0.401985	0.3	0.0518757
0.430698	0.3	0.0499738
0.459411	0.3	0.0479713
0.488124	0.3	0.0458808
0.516838	0.3	0.0437155
0.545551	0.3	0.0414889
0.574264	0.3	0.0392146
0.602977	0.3	0.0369059
0.63169	0.3	0.0345756
0.660404	0.3	0.0322361
0.689117	0.3	0.0298991
0.71783	0.3	0.0275758
0.746543	0.3	0.0252767
0.775256	0.3	0.0230115
0.80397	0.3	0.0207894
0.832683	0.3	0.0186188
0.861396	0.3	0.0165078
0.890109	0.3	0.0144635
0.918823	0.3	0.0124928
0.947536	0.3	0.0106016
0.976249	0.3	0.00879565
1.00496	0.3	0.00707999
1.03368	0.3	0.00545921
1.06239	0.3	0.00393739
1.0911	0.3	0.00251819
1.11981	0.3	0.0012048
1.14853	0.3	0
0	0.31	0.0655643
0.0294203	0.31	0.0654987
0.0588406	0.31	0.0653015
0.0882609	0.31	0.0649715
0.117681	0.31	0.0645065
0.147102	0.31	0.0639038
0.176522	0.31	0.0631604
0.205942	0.31	0.0622737
0.235362	0.31	0.0612415
0.264783	0.31	0.0600628
0.294203	0.31	0.0587379
0.323623	0.31	0.0572695
0.353044	0.31	0.0556621
0.382464	0.31	0.0539226
0.411884	0.31	0.0520602
0.441305	0.31	0.0500857
0.470725	0.31	0.0480115
0.500145	0.31	0.045851
0.529566	0.31	0.0436183
0.558986	0.31	0.0413278
0.588406	0.31	0.0389936
0.617827	0.31	0.0366296
0.647247	0.31	0.0342493
0.676667	0.31	0.0318655
0.706087	0.31	0.0294904
0.735508	0.31	0.0271355
0.764928	0.31	0.0248117
0.794348	0.31	0.0225291
0.823769	0.31	0.0202969
0.853189	0.31	0.018124
0.882609	0.31	0.0160184
0.91203	0.31	0.0139875
0.94145	0.31	0.0120381
0.97087	0.31	0.0101762
1.00029	0.31	0.00840761
1.02971	0.31	0.00673726
1.05913	0.31	0.00516968
1.08855	0.31	0.00370887
1.11797	0.31	0.00235837
1.14739	0.31	0.00112122
1.17681	0.31	0
0	0.32	0.0662827
0.0301274	0.32	0.0662135
0.0602548	0.32	0.0660057
0.0903823	0.32	0.065658
0.12051	0.32	0.0651681
0.150637	0.32	0.0645336
0.180765	0.32	0.0637515
0.210892	0.32	0.0628193
0.241019	0.32	0.0617353
0.271147	0.32	0.060499
0.301274	0.32	0.0591116
0.331402	0.32	0.0575765
0.361529	0.32	0.0558992
0.391656	0.32	0.0540878
0.421784	0.32	0.0521525
0.451911	0.32	0.050105
0.482039	0.32	0.047959
0.512166	0.32	0.0457288
0.542294	0.32	0.0434292
0.572421	0.32	0.0410755
0.602548	0.32	0.0386824
0.632676	0.32	0.0362646
0.662803	0.32	0.0338361
0.692931	0.32	0.0314102
0.723058	0.32	0.0289996
0.753185	0.32	0.0266162
0.783313	0.32	0.0242711
0.81344	0.32	0.0219747
0.843568	0.32	0.0197366
0.873695	0.32	0.0175658
0.903823	0.32	0.0154704
0.93395	0.32	0.0134578
0.964077	0.32	0.011535
0.994205	0.32	0.00970799
1.02433	0.32	0.00798244
1.05446	0.32	0.0063633
1.08459	0.32	0.00485498
1.11471	0.32	0.00346136
1.14484	0.32	0.00218583
1.17497	0.32	0.00103127
1.2051	0.32	0
0	0.33	0.0669164
0.0308345	0.33	0.0668436
0.061669	0.33	0.066625
0.0925036	0.33	0.0662593
0.123338	0.33	0.0657442
0.154173	0.33	0.0650773
0.185007	0.33	0.0642558
0.215842	0.33	0.0632775
0.246676	0.33	0.0621409
0.277511	0.33	0.0608462
0.308345	0.33	0.0593954
0.33918	0.33	0.0577927
0.370014	0.33	0.0560448
0.400849	0.33	0.0541608
0.431683	0.33	0.0521519
0.462518	0.33	0.0500312
0.493352	0.33	0.0478132
0.524187	0.33	0.0455133
0.555021	0.33	0.0431473
0.585856	0.33	0.040731
0.61669	0.33	0.0382802
0.647525	0.33	0.0358101
0.67836	0.33	0.0333353
0.709194	0.33	0.0308696
0.740029	0.33	0.0284261
0.770863	0.33	0.0260172
0.801698	0.33	0.0236543
0.832532	0.33	0.021348
0.863367	0.33	0.0191083
0.894201	0.33	0.016944
0.925036	0.33	0.0148636
0.95587	0.33	0.0128745
0.986705	0.33	0.0109836
1.01754	0.33	0.00919705
1.04837	0.33	0.00752032
1.07921	0.33	0.00595831
1.11004	0.33	0.0045153
1.14088	0.33	0.00319505
1.17171	0.33	0.00200075
1.20255	0.33	0.000935077
1.23338	0.33	0
0	0.34	0.0674654
0.0315416	0.34	0.067389
0.0630833	0.34	0.0671595
0.0946249	0.34	0.0667755
0.126167	0.34	0.0662348
0.157708	0.34	0.065535
0.18925	0.34	0.0646735
0.220791	0.34	0.0636482
0.252333	0.34	0.0624583
0.283875	0.34	0.0611043
0.315416	0.34	0.0595891
0.346958	0.34	0.0579179
0.3785	0.34	0.0560984
0.410041	0.34	0.0541408
0.441583	0.34	0.0520577
0.473124	0.34	0.0498633
0.504666	0.34	0.0475731
0.536208	0.34	0.0452036
0.567749	0.34	0.0427714
0.599291	0.34	0.0402935
0.630833	0.34	0.0377861
0.662374	0.34	0.0352652
0.693916	0.34	0.032746
0.725458	0.34	0.0302428
0.756999	0.34	0.0277693
0.788541	0.34	0.0253381
0.820082	0.34	0.022961
0.851624	0.34	0.0206488
0.883166	0.34	0.0184116
0.914707	0.34	0.0162586
0.946249	0.34	0.0141981
0.977791	0.34	0.0122377
1.00933	0.34	0.0103841
1.04087	0.34	0.00864361
1.07242	0.34	0.00702149
1.10396	0.34	0.00552253
1.1355	0.34	0.00415089
1.16704	0.34	0.00291015
1.19858	0.34	0.00180332
1.23012	0.34	0.000832768
1.26167	0.34	0
0	0.35	0.0679299
0.0322487	0.35	0.0678498
0.0644975	0.35	0.0676092
0.0967462	0.35	0.0672067
0.128995	0.35	0.0666401
0.161244	0.35	0.0659068
0.193492	0.35	0.0650046
0.225741	0.35	0.0639316
0.25799	0.35	0.0626873
0.290239	0.35	0.061273
0.322487	0.35	0.0596923
0.354736	0.35	0.0579515
0.386985	0.35	0.0560593
0.419234	0.35	0.0540274
0.451482	0.35	0.0518693
0.483731	0.35	0.0496005
0.51598	0.35	0.0472378
0.548229	0.35	0.0447987
0.580477	0.35	0.0423008
0.612726	0.35	0.0397619
0.644975	0.35	0.0371991
0.677223	0.35	0.034629
0.709472	0.35	0.0320675
0.741721	0.35	0.0295294
0.77397	0.35	0.0270288
0.806218	0.35	0.0245786
0.838467	0.35	0.0221909
0.870716	0.35	0.0198769
0.902965	0.35	0.0176467
0.935213	0.35	0.0155096
0.967462	0.35	0.013474
0.999711	0.35	0.0115475
1.03196	0.35	0.00973678
1.06421	0.35	0.00804793
1.09646	0.35	0.00648621
1.12871	0.35	0.00505624
1.16095	0.35	0.00376202
1.1932	0.35	0.00260694
1.22545	0.35	0.00159378
1.2577	0.35	0.000724539
1.28995	0.35	0
0	0.36	0.0683099
0.0329558	0.36	0.0682261
0.0659117	0.36	0.0679742
0.0988675	0.36	0.0675529
0.131823	0.36	0.0669599
0.164779	0.36	0.0661928
0.197735	0.36	0.0652492
0.230691	0.36	0.0641276
0.263647	0.36	0.0628279
0.296603	0.36	0.0613522
0.329558	0.36	0.0597048
0.362514	0.36	0.0578931
0.39547	0.36	0.0559271
0.428426	0.36	0.0538197
0.461382	0.36	0.0515857
0.494338	0.36	0.0492419
0.527294	0.36	0.0468064
0.560249	0.36	0.0442976
0.593205	0.36	0.0417344
0.626161	0.36	0.0391353
0.659117	0.36	0.0365183
0.692073	0.36	0.0339008
0.725029	0.36	0.0312991
0.757984	0.36	0.0287287
0.79094	0.36	0.026204
0.823896	0.36	0.0237382
0.856852	0.36	0.0213439
0.889808	0.36	0.0190322
0.922764	0.36	0.0168135
0.955719	0.36	0.0146971
0.988675	0.36	0.0126915
1.02163	0.36	0.0108042
1.05459	0.36	0.00904179
1.08754	0.36	0.00741028
1.1205	0.36	0.00591479
1.15345	0.36	0.00455976
1.18641	0.36	0.00334902
1.21937	0.36	0.00228576
1.25232	0.36	0.00137249
1.28528	0.36	0.000610675
1.31823	0.36	0
0	0.37	0.0686055
0.033663	0.37	0.0685178
0.0673259	0.37	0.0682546
0.100989	0.37	0.0678142
0.134652	0.37	0.0671945
0.168315	0.37	0.0663929
0.201978	0.37	0.0654072
0.235641	0.37	0.0642361
0.269304	0.37	0.06288
0.302967	0.37	0.0613416
0.33663	0.37	0.0596262
0.370292	0.37	0.0577423
0.403955	0.37	0.0557012
0.437618	0.37	0.053517
0.471281	0.37	0.0512061
0.504944	0.37	0.0487866
0.538607	0.37	0.0462778
0.57227	0.37	0.0436994
0.605933	0.37	0.0410712
0.639596	0.37	0.0384128
0.673259	0.37	0.0357431
0.706922	0.37	0.0330799
0.740585	0.37	0.0304403
0.774248	0.37	0.0278402
0.807911	0.37	0.0252945
0.841574	0.37	0.0228168
0.875237	0.37	0.0204197
0.9089	0.37	0.0181146
0.942563	0.37	0.015912
0.976226	0.37	0.0138212
1.00989	0.37	0.0118507
1.04355	0.37	0.010008
1.07721	0.37	0.00829948
1.11088	0.37	0.00673102
1.14454	0.37	0.00530758
1.1782	0.37	0.00403346
1.21187	0.37	0.00291228
1.24553	0.37	0.00194705
1.27919	0.37	0.00113991
1.31286	0.37	0.000491607
1.34652	0.37	0
0	0.38	0.0688165
0.0343701	0.38	0.068725
0.0687401	0.38	0.0684503
0.10311	0.38	0.0679907
0.13748	0.38	0.0673438
0.17185	0.38	0.0665072
0.20622	0.38	0.0654786
0.24059	0.38	0.0642571
0.27496	0.38	0.0628434
0.309331	0.38	0.061241
0.343701	0.38	0.0594561
0.378071	0.38	0.0574984
0.412441	0.38	0.0553807
0.446811	0.38	0.0531184
0.481181	0.38	0.0507295
0.515551	0.38	0.0482335
0.549921	0.38	0.045651
0.584291	0.38	0.043003
0.618661	0.38	0.0403104
0.653031	0.38	0.0375936
0.687401	0.38	0.0348725
0.721771	0.38	0.0321655
0.756141	0.38	0.0294904
0.790511	0.38	0.0268636
0.824881	0.38	0.0243001
0.859251	0.38	0.0218141
0.893621	0.38	0.0194182
0.927992	0.38	0.0171242
0.962362	0.38	0.0149424
0.996732	0.38	0.0128822
1.0311	0.38	0.0109521
1.06547	0.38	0.00915924
1.09984	0.38	0.00751019
1.13421	0.38	0.00601051
1.16858	0.38	0.00466499
1.20295	0.38	0.00347777
1.23732	0.38	0.00245233
1.27169	0.38	0.00159143
1.30606	0.38	0.000896792
1.34043	0.38	0.00036801
1.3748	0.38	0
0	0.39	0.0689432
0.0350772	0.39	0.0688478
0.0701543	0.39	0.0685614
0.105231	0.39	0.0680823
0.140309	0.39	0.067408
0.175386	0.39	0.0665358
0.210463	0.39	0.0654636
0.24554	0.39	0.0641905
0.280617	0.39	0.062718
0.315694	0.39	0.06105
0.350772	0.39	0.0591941
0.385849	0.39	0.057161
0.420926	0.39	0.054965
0.456003	0.39	0.0526233
0.49108	0.39	0.0501552
0.526157	0.39	0.0475818
0.561235	0.39	0.0449252
0.596312	0.39	0.0422075
0.631389	0.39	0.0394509
0.666466	0.39	0.0366769
0.701543	0.39	0.0339058
0.73662	0.39	0.0311571
0.771698	0.39	0.028449
0.806775	0.39	0.0257983
0.841852	0.39	0.0232205
0.876929	0.39	0.02073
0.912006	0.39	0.0183396
0.947083	0.39	0.016061
0.982161	0.39	0.0139048
1.01724	0.39	0.0118803
1.05231	0.39	0.00999574
1.08739	0.39	0.00825832
1.12247	0.39	0.00667434
1.15755	0.39	0.00524918
1.19262	0.39	0.00398749
1.2277	0.39	0.00289326
1.26278	0.39	0.00196984
1.29786	0.39	0.0012198
1.33293	0.39	0.00064424
1.36801	0.39	0.000240959
1.40309	0.39	0
0	0.4	0.0689854
0.0357843	0.4	0.0688861
0.0715685	0.4	0.068588
0.107353	0.4	0.0680892
0.143137	0.4	0.067387
0.178921	0.4	0.0664786
0.214706	0.4	0.0653619
0.25049	0.4	0.0640363
0.286274	0.4	0.0625035
0.322058	0.4	0.0607685
0.357843	0.4	0.0588396
0.393627	0.4	0.0567294
0.429411	0.4	0.0544534
0.465196	0.4	0.0520306
0.50098	0.4	0.049482
0.536764	0.4	0.0468304
0.572548	0.4	0.0440992
0.608333	0.4	0.041312
0.644117	0.4	0.038492
0.679901	0.4	0.0356617
0.715685	0.4	0.0328424
0.75147	0.4	0.0300541
0.787254	0.4	0.0273156
0.823038	0.4	0.0246441
0.858823	0.4	0.0220556
0.894607	0.4	0.0195644
0.930391	0.4	0.0171837
0.966175	0.4	0.0149253
1.00196	0.4	0.0127996
1.03774	0.4	0.0108158
1.07353	0.4	0.00898214
1.10931	0.4	0.00730563
1.1451	0.4	0.00579235
1.18088	0.4	0.00444752
1.21667	0.4	0.00327565
1.25245	0.4	0.00228065
1.28823	0.4	0.00146581
1.32402	0.4	0.000833521
1.3598	0.4	0.000384008
1.39559	0.4	0.000112167
1.43137	0.4	0
