0	0	0
0.005	0	0
0.01	0	0
0.015	0	0
0.02	0	0
0.025	0	0
0.03	0	0
0.035	0	0
0.04	0	0
0.045	0	0
0.05	0	0
0.055	0	0
0.06	0	0
0.065	0	0
0.07	0	0
0.075	0	0
0.08	0	0
0.085	0	0
0.09	0	0
0.095	0	0
0.1	0	0
0.105	0	0
0.11	0	0
0.115	0	0
0.12	0	0
0.125	0	0
0.13	0	0
0.135	0	0
0.14	0	0
0.145	0	0
0.15	0	0
0.155	0	0
0.16	0	0
0.165	0	0
0.17	0	0
0.175	0	0
0.18	0	0
0.185	0	0
0.19	0	0
0.195	0	0
0.2	0	0
0	0.01	0.00330199
0.00577308	0.01	0.0033017
0.0115462	0.01	0.00330082
0.0173192	0.01	0.00329934
0.0230923	0.01	0.00329725
0.0288654	0.01	0.00329455
0.0346385	0.01	0.00329123
0.0404116	0.01	0.00328728
0.0461847	0.01	0.00328267
0.0519577	0.01	0.00327739
0.0577308	0.01	0.00327142
0.0635039	0.01	0.00326472
0.069277	0.01	0.00325728
0.0750501	0.01	0.00324906
0.0808232	0.01	0.00324
0.0865962	0.01	0.00323005
0.0923693	0.01	0.00321912
0.0981424	0.01	0.00320712
0.103915	0.01	0.00319388
0.109689	0.01	0.00317919
0.115462	0.01	0.00316276
0.121235	0.01	0.0031442
0.127008	0.01	0.00312299
0.132781	0.01	0.00309845
0.138554	0.01	0.0030697
0.144327	0.01	0.00303564
0.1501	0.01	0.00299492
0.155873	0.01	0.00294586
0.161646	0.01	0.00288645
0.167419	0.01	0.00281431
0.173192	0.01	0.00272663
0.178966	0.01	0.00262014
0.184739	0.01	0.00249108
0.190512	0.01	0.00233515
0.196285	0.01	0.00214748
0.202058	0.01	0.00192258
0.207831	0.01	0.00165432
0.213604	0.01	0.00133588
0.219377	0.01	0.000959692
0.22515	0.01	0.000517446
0.230923	0.01	0
0	0.02	0.00650579
0.00654616	0.02	0.00650504
0.0130923	0.02	0.00650276
0.0196385	0.02	0.00649895
0.0261847	0.02	0.00649357
0.0327308	0.02	0.00648661
0.039277	0.02	0.00647801
0.0458232	0.02	0.00646773
0.0523693	0.02	0.00645571
0.0589155	0.02	0.00644187
0.0654616	0.02	0.00642612
0.0720078	0.02	0.00640832
0.078554	0.02	0.00638834
0.0851001	0.02	0.00636598
0.0916463	0.02	0.00634099
0.0981925	0.02	0.00631304
0.104739	0.02	0.00628169
0.111285	0.02	0.00624639
0.117831	0.02	0.0062064
0.124377	0.02	0.00616078
0.130923	0.02	0.00610836
0.137469	0.02	0.00604769
0.144016	0.02	0.00597701
0.150562	0.02	0.00589425
0.157108	0.02	0.005797
0.163654	0.02	0.00568253
0.1702	0.02	0.00554781
0.176746	0.02	0.00538955
0.183293	0.02	0.00520428
0.189839	0.02	0.00498845
0.196385	0.02	0.00473853
0.202931	0.02	0.00445116
0.209477	0.02	0.00412337
0.216023	0.02	0.00375274
0.22257	0.02	0.00333765
0.229116	0.02	0.00287757
0.235662	0.02	0.00237335
0.242208	0.02	0.00182754
0.248754	0.02	0.0012448
0.2553	0.02	0.000632259
0.261847	0.02	0
0	0.03	0.00961318
0.00731925	0.03	0.00961178
0.0146385	0.03	0.00960753
0.0219577	0.03	0.00960041
0.029277	0.03	0.00959036
0.0365962	0.03	0.00957731
0.0439155	0.03	0.00956117
0.0512347	0.03	0.00954179
0.058554	0.03	0.00951903
0.0658732	0.03	0.00949267
0.0731925	0.03	0.00946246
0.0805117	0.03	0.00942805
0.087831	0.03	0.00938903
0.0951502	0.03	0.00934487
0.102469	0.03	0.00929486
0.109789	0.03	0.00923813
0.117108	0.03	0.00917357
0.124427	0.03	0.00909983
0.131746	0.03	0.00901522
0.139066	0.03	0.00891776
0.146385	0.03	0.00880513
0.153704	0.03	0.00867469
0.161023	0.03	0.0085235
0.168343	0.03	0.00834839
0.175662	0.03	0.00814607
0.182981	0.03	0.00791319
0.1903	0.03	0.00764653
0.19762	0.03	0.00734311
0.204939	0.03	0.00700038
0.212258	0.03	0.00661639
0.219577	0.03	0.00618992
0.226897	0.03	0.00572069
0.234216	0.03	0.00520938
0.241535	0.03	0.00465776
0.248854	0.03	0.00406867
0.256174	0.03	0.00344595
0.263493	0.03	0.00279425
0.270812	0.03	0.00211877
0.278131	0.03	0.00142483
0.285451	0.03	0.000717336
0.29277	0.03	0
0	0.04	0.0126259
0.00809233	0.04	0.0126236
0.0161847	0.04	0.0126168
0.024277	0.04	0.0126053
0.0323693	0.04	0.0125891
0.0404616	0.04	0.012568
0.048554	0.04	0.0125417
0.0566463	0.04	0.0125102
0.0647386	0.04	0.0124729
0.072831	0.04	0.0124296
0.0809233	0.04	0.0123796
0.0890156	0.04	0.0123223
0.097108	0.04	0.0122567
0.1052	0.04	0.0121819
0.113293	0.04	0.0120965
0.121385	0.04	0.0119989
0.129477	0.04	0.011887
0.13757	0.04	0.0117587
0.145662	0.04	0.0116113
0.153754	0.04	0.0114418
0.161847	0.04	0.0112471
0.169939	0.04	0.0110239
0.178031	0.04	0.0107689
0.186124	0.04	0.0104789
0.194216	0.04	0.0101509
0.202308	0.04	0.00978253
0.210401	0.04	0.00937196
0.218493	0.04	0.00891813
0.226585	0.04	0.00842085
0.234678	0.04	0.00788087
0.24277	0.04	0.00729987
0.250862	0.04	0.00668043
0.258955	0.04	0.00602586
0.267047	0.04	0.00534009
0.275139	0.04	0.00462738
0.283232	0.04	0.00389206
0.291324	0.04	0.00313824
0.299416	0.04	0.00236958
0.307509	0.04	0.00158902
0.315601	0.04	0.000798704
0.323693	0.04	0
0	0.05	0.0155457
0.00886541	0.05	0.0155423
0.0177308	0.05	0.0155322
0.0265962	0.05	0.0155152
0.0354616	0.05	0.0154912
0.0443271	0.05	0.0154599
0.0531925	0.05	0.015421
0.0620579	0.05	0.015374
0.0709233	0.05	0.0153183
0.0797887	0.05	0.0152532
0.0886541	0.05	0.0151778
0.0975195	0.05	0.0150909
0.106385	0.05	0.014991
0.11525	0.05	0.0148765
0.124116	0.05	0.0147453
0.132981	0.05	0.0145949
0.141847	0.05	0.0144227
0.150712	0.05	0.0142255
0.159577	0.05	0.0140002
0.168443	0.05	0.0137432
0.177308	0.05	0.0134514
0.186174	0.05	0.0131216
0.195039	0.05	0.012751
0.203904	0.05	0.0123375
0.21277	0.05	0.0118795
0.221635	0.05	0.0113764
0.230501	0.05	0.0108285
0.239366	0.05	0.010237
0.248232	0.05	0.00960393
0.257097	0.05	0.00893209
0.265962	0.05	0.00822495
0.274828	0.05	0.00748637
0.283693	0.05	0.00672038
0.292559	0.05	0.00593095
0.301424	0.05	0.00512182
0.310289	0.05	0.00429628
0.319155	0.05	0.00345707
0.32802	0.05	0.00260639
0.336886	0.05	0.00174588
0.345751	0.05	0.000876764
0.354616	0.05	0
0	0.06	0.018374
0.00963849	0.06	0.0183694
0.019277	0.06	0.0183553
0.0289155	0.06	0.0183318
0.038554	0.06	0.0182984
0.0481925	0.06	0.0182548
0.057831	0.06	0.0182005
0.0674695	0.06	0.0181347
0.077108	0.06	0.0180566
0.0867464	0.06	0.017965
0.0963849	0.06	0.0178585
0.106023	0.06	0.0177355
0.115662	0.06	0.0175939
0.1253	0.06	0.0174312
0.134939	0.06	0.0172448
0.144577	0.06	0.0170317
0.154216	0.06	0.0167884
0.163854	0.06	0.0165117
0.173493	0.06	0.0161981
0.183131	0.06	0.0158445
0.19277	0.06	0.0154481
0.202408	0.06	0.0150066
0.212047	0.06	0.0145186
0.221685	0.06	0.0139834
0.231324	0.06	0.0134015
0.240962	0.06	0.012774
0.250601	0.06	0.012103
0.260239	0.06	0.0113915
0.269878	0.06	0.0106428
0.279516	0.06	0.00986071
0.289155	0.06	0.00904928
0.298793	0.06	0.00821235
0.308432	0.06	0.0073536
0.31807	0.06	0.00647631
0.327709	0.06	0.0055833
0.337347	0.06	0.00467692
0.346986	0.06	0.00375909
0.356624	0.06	0.00283132
0.366263	0.06	0.00189486
0.375901	0.06	0.000950771
0.38554	0.06	0
0	0.07	0.0211125
0.0104116	0.07	0.0211063
0.0208232	0.07	0.0210877
0.0312347	0.07	0.0210564
0.0416463	0.07	0.0210121
0.0520579	0.07	0.0209541
0.0624695	0.07	0.0208817
0.072881	0.07	0.020794
0.0832926	0.07	0.0206896
0.0937042	0.07	0.020567
0.104116	0.07	0.0204243
0.114527	0.07	0.0202592
0.124939	0.07	0.0200691
0.13535	0.07	0.0198512
0.145762	0.07	0.0196021
0.156174	0.07	0.0193184
0.166585	0.07	0.0189967
0.176997	0.07	0.0186337
0.187408	0.07	0.0182265
0.19782	0.07	0.0177725
0.208232	0.07	0.01727
0.218643	0.07	0.0167182
0.229055	0.07	0.0161172
0.239466	0.07	0.0154679
0.249878	0.07	0.0147723
0.260289	0.07	0.0140331
0.270701	0.07	0.0132537
0.281113	0.07	0.0124378
0.291524	0.07	0.0115894
0.301936	0.07	0.0107125
0.312347	0.07	0.00981071
0.322759	0.07	0.00888762
0.33317	0.07	0.00794624
0.343582	0.07	0.0069892
0.353994	0.07	0.00601871
0.364405	0.07	0.00503661
0.374817	0.07	0.00404445
0.385228	0.07	0.00304358
0.39564	0.07	0.00203518
0.406051	0.07	0.00102031
0.416463	0.07	0
0	0.08	0.0237624
0.0111847	0.08	0.0237545
0.0223693	0.08	0.0237307
0.033554	0.08	0.0236906
0.0447386	0.08	0.0236338
0.0559233	0.08	0.0235595
0.067108	0.08	0.0234666
0.0782926	0.08	0.0233539
0.0894773	0.08	0.0232196
0.100662	0.08	0.0230618
0.111847	0.08	0.0228782
0.123031	0.08	0.022666
0.134216	0.08	0.022422
0.145401	0.08	0.0221431
0.156585	0.08	0.0218256
0.16777	0.08	0.0214663
0.178955	0.08	0.0210618
0.190139	0.08	0.0206094
0.201324	0.08	0.0201068
0.212509	0.08	0.0195529
0.223693	0.08	0.018947
0.234878	0.08	0.0182899
0.246062	0.08	0.0175829
0.257247	0.08	0.0168286
0.268432	0.08	0.01603
0.279616	0.08	0.0151908
0.290801	0.08	0.014315
0.301986	0.08	0.0134066
0.31317	0.08	0.0124695
0.324355	0.08	0.0115076
0.33554	0.08	0.0105241
0.346724	0.08	0.00952208
0.357909	0.08	0.00850407
0.369094	0.08	0.00747231
0.380278	0.08	0.0064287
0.391463	0.08	0.00537491
0.402648	0.08	0.00431238
0.413832	0.08	0.00324245
0.425017	0.08	0.00216633
0.436202	0.08	0.00108516
0.447386	0.08	0
0	0.09	0.0263251
0.0119577	0.09	0.0263152
0.0239155	0.09	0.0262856
0.0358732	0.09	0.0262358
0.047831	0.09	0.026165
0.0597887	0.09	0.0260725
0.0717464	0.09	0.0259568
0.0837042	0.09	0.0258163
0.0956619	0.09	0.025649
0.10762	0.09	0.0254525
0.119577	0.09	0.025224
0.131535	0.09	0.0249604
0.143493	0.09	0.0246583
0.155451	0.09	0.0243142
0.167408	0.09	0.0239247
0.179366	0.09	0.0234867
0.191324	0.09	0.0229975
0.203282	0.09	0.0224552
0.215239	0.09	0.0218585
0.227197	0.09	0.0212074
0.239155	0.09	0.0205029
0.251113	0.09	0.0197466
0.26307	0.09	0.0189415
0.275028	0.09	0.0180908
0.286986	0.09	0.0171985
0.298944	0.09	0.0162686
0.310901	0.09	0.0153053
0.322859	0.09	0.0143127
0.334817	0.09	0.0132945
0.346774	0.09	0.0122541
0.358732	0.09	0.0111945
0.37069	0.09	0.0101184
0.382648	0.09	0.00902802
0.394605	0.09	0.00792553
0.406563	0.09	0.00681266
0.418521	0.09	0.00569104
0.430479	0.09	0.00456215
0.442436	0.09	0.00342737
0.454394	0.09	0.00228796
0.466352	0.09	0.00114513
0.47831	0.09	0
0	0.1	0.0288016
0.0127308	0.1	0.0287896
0.0254616	0.1	0.0287536
0.0381925	0.1	0.028693
0.0509233	0.1	0.0286071
0.0636541	0.1	0.0284946
0.0763849	0.1	0.0283541
0.0891158	0.1	0.0281834
0.101847	0.1	0.0279803
0.114577	0.1	0.027742
0.127308	0.1	0.0274654
0.140039	0.1	0.0271471
0.15277	0.1	0.0267837
0.165501	0.1	0.0263718
0.178232	0.1	0.0259082
0.190962	0.1	0.0253904
0.203693	0.1	0.0248164
0.216424	0.1	0.0241854
0.229155	0.1	0.0234973
0.241886	0.1	0.0227532
0.254616	0.1	0.0219552
0.267347	0.1	0.0211062
0.280078	0.1	0.0202098
0.292809	0.1	0.0192702
0.30554	0.1	0.0182914
0.318271	0.1	0.0172779
0.331001	0.1	0.0162338
0.343732	0.1	0.0151628
0.356463	0.1	0.0140687
0.369194	0.1	0.0129544
0.381925	0.1	0.0118229
0.394656	0.1	0.0106766
0.407386	0.1	0.00951765
0.420117	0.1	0.00834811
0.432848	0.1	0.00716975
0.445579	0.1	0.00598425
0.45831	0.1	0.00479314
0.47104	0.1	0.00359785
0.483771	0.1	0.00239973
0.496502	0.1	0.00120005
0.509233	0.1	0
0	0.11	0.0311929
0.0135039	0.11	0.0311786
0.0270078	0.11	0.0311357
0.0405117	0.11	0.0310636
0.0540156	0.11	0.0309613
0.0675195	0.11	0.0308274
0.0810234	0.11	0.03066
0.0945273	0.11	0.0304571
0.108031	0.11	0.0302158
0.121535	0.11	0.0299332
0.135039	0.11	0.0296059
0.148543	0.11	0.0292306
0.162047	0.11	0.0288038
0.175551	0.11	0.0283225
0.189055	0.11	0.0277839
0.202559	0.11	0.0271864
0.216062	0.11	0.0265288
0.229566	0.11	0.0258114
0.24307	0.11	0.0250352
0.256574	0.11	0.0242025
0.270078	0.11	0.0233162
0.283582	0.11	0.0223801
0.297086	0.11	0.0213985
0.31059	0.11	0.0203757
0.324094	0.11	0.0193163
0.337598	0.11	0.0182245
0.351102	0.11	0.0171043
0.364605	0.11	0.0159595
0.378109	0.11	0.0147934
0.391613	0.11	0.0136091
0.405117	0.11	0.0124092
0.418621	0.11	0.0111961
0.432125	0.11	0.00997211
0.445629	0.11	0.00873918
0.459133	0.11	0.00749917
0.472637	0.11	0.00625381
0.486141	0.11	0.00500472
0.499644	0.11	0.00375341
0.513148	0.11	0.0025013
0.526652	0.11	0.00124974
0.540156	0.11	0
0	0.12	0.0334998
0.014277	0.12	0.0334831
0.028554	0.12	0.0334329
0.042831	0.12	0.0333484
0.057108	0.12	0.0332287
0.0713849	0.12	0.033072
0.0856619	0.12	0.0328763
0.0999389	0.12	0.0326392
0.114216	0.12	0.0323578
0.128493	0.12	0.0320288
0.14277	0.12	0.031649
0.157047	0.12	0.0312149
0.171324	0.12	0.0307235
0.185601	0.12	0.030172
0.199878	0.12	0.0295586
0.214155	0.12	0.0288823
0.228432	0.12	0.0281429
0.242709	0.12	0.0273418
0.256986	0.12	0.0264811
0.271263	0.12	0.0255638
0.28554	0.12	0.0245939
0.299817	0.12	0.0235756
0.314094	0.12	0.0225136
0.328371	0.12	0.0214125
0.342648	0.12	0.0202767
0.356925	0.12	0.0191107
0.371202	0.12	0.0179183
0.385479	0.12	0.0167032
0.399756	0.12	0.0154686
0.414033	0.12	0.0142174
0.42831	0.12	0.0129524
0.442587	0.12	0.011676
0.456864	0.12	0.0103905
0.471141	0.12	0.00909785
0.485418	0.12	0.00780009
0.499695	0.12	0.00649901
0.513972	0.12	0.0051963
0.528249	0.12	0.00389358
0.542526	0.12	0.00259235
0.556803	0.12	0.00129404
0.57108	0.12	0
0	0.13	0.0357232
0.0150501	0.13	0.0357039
0.0301001	0.13	0.0356459
0.0451502	0.13	0.0355485
0.0602003	0.13	0.0354103
0.0752503	0.13	0.0352296
0.0903004	0.13	0.0350042
0.10535	0.13	0.0347314
0.120401	0.13	0.0344082
0.135451	0.13	0.0340314
0.150501	0.13	0.0335976
0.165551	0.13	0.0331037
0.180601	0.13	0.0325469
0.195651	0.13	0.0319253
0.210701	0.13	0.0312377
0.225751	0.13	0.0304839
0.240801	0.13	0.0296649
0.255851	0.13	0.028783
0.270901	0.13	0.027841
0.285951	0.13	0.0268431
0.301001	0.13	0.0257934
0.316051	0.13	0.024697
0.331102	0.13	0.0235585
0.346152	0.13	0.0223827
0.361202	0.13	0.0211743
0.376252	0.13	0.0199374
0.391302	0.13	0.0186759
0.406352	0.13	0.0173935
0.421402	0.13	0.0160934
0.436452	0.13	0.0147785
0.451502	0.13	0.0134517
0.466552	0.13	0.0121153
0.481602	0.13	0.0107717
0.496652	0.13	0.0094232
0.511702	0.13	0.00807169
0.526752	0.13	0.00671912
0.541803	0.13	0.0053673
0.556853	0.13	0.00401792
0.571903	0.13	0.00267257
0.586953	0.13	0.00133279
0.602003	0.13	0
0	0.14	0.0378637
0.0158232	0.14	0.0378417
0.0316463	0.14	0.0377755
0.0474695	0.14	0.0376644
0.0632926	0.14	0.0375069
0.0791158	0.14	0.0373012
0.0949389	0.14	0.0370449
0.110762	0.14	0.0367352
0.126585	0.14	0.0363689
0.142408	0.14	0.035943
0.158232	0.14	0.0354542
0.174055	0.14	0.0348999
0.189878	0.14	0.0342776
0.205701	0.14	0.0335862
0.221524	0.14	0.0328253
0.237347	0.14	0.0319957
0.25317	0.14	0.0310993
0.268994	0.14	0.0301392
0.284817	0.14	0.0291191
0.30064	0.14	0.0280437
0.316463	0.14	0.0269177
0.332286	0.14	0.0257463
0.348109	0.14	0.0245346
0.363933	0.14	0.0232873
0.379756	0.14	0.0220091
0.395579	0.14	0.0207042
0.411402	0.14	0.0193765
0.427225	0.14	0.0180297
0.443048	0.14	0.016667
0.458871	0.14	0.0152914
0.474695	0.14	0.0139059
0.490518	0.14	0.0125129
0.506341	0.14	0.011115
0.522164	0.14	0.00971435
0.537987	0.14	0.00831317
0.55381	0.14	0.00691347
0.569633	0.14	0.00551714
0.585457	0.14	0.00412598
0.60128	0.14	0.00274167
0.617103	0.14	0.00136584
0.632926	0.14	0
0	0.15	0.0399217
0.0165962	0.15	0.0398969
0.0331925	0.15	0.0398223
0.0497887	0.15	0.039697
0.0663849	0.15	0.0395195
0.0829812	0.15	0.0392878
0.0995774	0.15	0.0389995
0.116174	0.15	0.0386517
0.13277	0.15	0.0382414
0.149366	0.15	0.0377655
0.165962	0.15	0.0372212
0.182559	0.15	0.036606
0.199155	0.15	0.0359184
0.215751	0.15	0.0351578
0.232347	0.15	0.0343248
0.248944	0.15	0.033421
0.26554	0.15	0.0324493
0.282136	0.15	0.0314134
0.298732	0.15	0.0303178
0.315328	0.15	0.0291677
0.331925	0.15	0.0279682
0.348521	0.15	0.0267247
0.365117	0.15	0.0254423
0.381713	0.15	0.0241262
0.39831	0.15	0.0227807
0.414906	0.15	0.0214104
0.431502	0.15	0.0200191
0.448098	0.15	0.0186106
0.464695	0.15	0.0171881
0.481291	0.15	0.0157549
0.497887	0.15	0.0143139
0.514483	0.15	0.0128678
0.53108	0.15	0.0114192
0.547676	0.15	0.00997041
0.564272	0.15	0.00852378
0.580868	0.15	0.0070814
0.597464	0.15	0.0056453
0.614061	0.15	0.00421736
0.630657	0.15	0.00279938
0.647253	0.15	0.00139306
0.663849	0.15	0
0	0.16	0.0418979
0.0173693	0.16	0.0418701
0.0347386	0.16	0.0417867
0.052108	0.16	0.0416466
0.0694773	0.16	0.0414485
0.0868466	0.16	0.0411901
0.104216	0.16	0.0408689
0.121585	0.16	0.0404822
0.138955	0.16	0.040027
0.156324	0.16	0.0395005
0.173693	0.16	0.0389
0.191062	0.16	0.038224
0.208432	0.16	0.0374713
0.225801	0.16	0.0366424
0.24317	0.16	0.0357384
0.26054	0.16	0.034762
0.277909	0.16	0.0337168
0.295278	0.16	0.0326073
0.312648	0.16	0.0314386
0.330017	0.16	0.0302161
0.347386	0.16	0.0289454
0.364756	0.16	0.0276321
0.382125	0.16	0.0262816
0.399494	0.16	0.0248988
0.416864	0.16	0.0234885
0.434233	0.16	0.0220551
0.451602	0.16	0.0206027
0.468972	0.16	0.0191351
0.486341	0.16	0.0176557
0.50371	0.16	0.0161679
0.52108	0.16	0.0146747
0.538449	0.16	0.013179
0.555818	0.16	0.0116834
0.573187	0.16	0.0101906
0.590557	0.16	0.00870277
0.607926	0.16	0.0072223
0.625295	0.16	0.00575128
0.642665	0.16	0.0042917
0.660034	0.16	0.00284545
0.677403	0.16	0.00141432
0.694773	0.16	0
0	0.17	0.0437924
0.0181424	0.17	0.0437617
0.0362848	0.17	0.0436692
0.0544272	0.17	0.043514
0.0725696	0.17	0.0432945
0.090712	0.17	0.0430086
0.108854	0.17	0.0426539
0.126997	0.17	0.0422275
0.145139	0.17	0.0417267
0.163282	0.17	0.041149
0.181424	0.17	0.0404923
0.199566	0.17	0.0397554
0.217709	0.17	0.0389381
0.235851	0.17	0.0380415
0.253994	0.17	0.0370677
0.272136	0.17	0.0360202
0.290278	0.17	0.0349033
0.308421	0.17	0.033722
0.326563	0.17	0.032482
0.344706	0.17	0.0311892
0.362848	0.17	0.0298494
0.38099	0.17	0.0284683
0.399133	0.17	0.0270515
0.417275	0.17	0.0256042
0.435418	0.17	0.0241313
0.45356	0.17	0.0226371
0.471702	0.17	0.0211261
0.489845	0.17	0.019602
0.507987	0.17	0.0180686
0.52613	0.17	0.0165293
0.544272	0.17	0.0149872
0.562414	0.17	0.0134455
0.580557	0.17	0.0119068
0.598699	0.17	0.010374
0.616842	0.17	0.00884948
0.634984	0.17	0.00733561
0.653126	0.17	0.00583464
0.671269	0.17	0.00434866
0.689411	0.17	0.00287967
0.707554	0.17	0.00142953
0.725696	0.17	0
0	0.18	0.0456057
0.0189155	0.18	0.0455719
0.037831	0.18	0.04547
0.0567464	0.18	0.0452992
0.0756619	0.18	0.0450579
0.0945774	0.18	0.044744
0.113493	0.18	0.044355
0.132408	0.18	0.0438883
0.151324	0.18	0.0433414
0.170239	0.18	0.0427121
0.189155	0.18	0.0419989
0.20807	0.18	0.0412013
0.226986	0.18	0.0403199
0.245901	0.18	0.0393563
0.264817	0.18	0.0383138
0.283732	0.18	0.0371964
0.302648	0.18	0.0360092
0.321563	0.18	0.0347577
0.340479	0.18	0.0334482
0.359394	0.18	0.0320867
0.37831	0.18	0.0306795
0.397225	0.18	0.0292325
0.416141	0.18	0.0277514
0.435056	0.18	0.0262415
0.453972	0.18	0.0247079
0.472887	0.18	0.0231553
0.491803	0.18	0.021588
0.510718	0.18	0.0200102
0.529633	0.18	0.0184256
0.548549	0.18	0.0168379
0.567464	0.18	0.0152504
0.58638	0.18	0.0136663
0.605295	0.18	0.0120886
0.624211	0.18	0.01052
0.643126	0.18	0.00896329
0.662042	0.18	0.00742083
0.680957	0.18	0.00589498
0.699873	0.18	0.00438797
0.718788	0.18	0.00290185
0.737704	0.18	0.00143859
0.756619	0.18	0
0	0.19	0.047338
0.0196886	0.19	0.047301
0.0393771	0.19	0.0471896
0.0590657	0.19	0.0470028
0.0787543	0.19	0.0467392
0.0984428	0.19	0.0463966
0.118131	0.19	0.0459727
0.13782	0.19	0.0454651
0.157509	0.19	0.0448716
0.177197	0.19	0.0441904
0.196886	0.19	0.0434207
0.216574	0.19	0.0425625
0.236263	0.19	0.0416173
0.255951	0.19	0.0405876
0.27564	0.19	0.0394772
0.295328	0.19	0.038291
0.315017	0.19	0.0370347
0.334706	0.19	0.0357145
0.354394	0.19	0.0343367
0.374083	0.19	0.0329081
0.393771	0.19	0.0314351
0.41346	0.19	0.0299237
0.433148	0.19	0.02838
0.452837	0.19	0.0268094
0.472526	0.19	0.0252173
0.492214	0.19	0.0236084
0.511903	0.19	0.0219874
0.531591	0.19	0.0203585
0.55128	0.19	0.0187257
0.570968	0.19	0.0170928
0.590657	0.19	0.0154634
0.610345	0.19	0.0138407
0.630034	0.19	0.012228
0.649723	0.19	0.010628
0.669411	0.19	0.00904367
0.6891	0.19	0.00747751
0.708788	0.19	0.00593198
0.728477	0.19	0.00440938
0.748165	0.19	0.00291186
0.767854	0.19	0.00144144
0.787543	0.19	0
0	0.2	0.0489895
0.0204616	0.2	0.0489492
0.0409233	0.2	0.048828
0.0613849	0.2	0.0486249
0.0818466	0.2	0.0483385
0.102308	0.2	0.0479667
0.12277	0.2	0.0475074
0.143232	0.2	0.0469584
0.163693	0.2	0.0463179
0.184155	0.2	0.0455845
0.204616	0.2	0.0447582
0.225078	0.2	0.0438396
0.24554	0.2	0.0428309
0.266001	0.2	0.0417356
0.286463	0.2	0.0405581
0.306925	0.2	0.039304
0.327386	0.2	0.0379797
0.347848	0.2	0.0365917
0.36831	0.2	0.0351471
0.388771	0.2	0.0336526
0.409233	0.2	0.0321151
0.429695	0.2	0.0305409
0.450156	0.2	0.0289362
0.470618	0.2	0.0273068
0.49108	0.2	0.0256581
0.511541	0.2	0.0239952
0.532003	0.2	0.0223229
0.552464	0.2	0.0206457
0.572926	0.2	0.0189678
0.593388	0.2	0.017293
0.613849	0.2	0.0156253
0.634311	0.2	0.0139679
0.654773	0.2	0.0123242
0.675234	0.2	0.0106973
0.695696	0.2	0.00909013
0.716158	0.2	0.00750528
0.736619	0.2	0.00594535
0.757081	0.2	0.0044127
0.777543	0.2	0.00290957
0.798004	0.2	0.00143802
0.818466	0.2	0
0	0.21	0.0505603
0.0212347	0.21	0.0505166
0.0424695	0.21	0.0503854
0.0637042	0.21	0.0501657
0.0849389	0.21	0.0498561
0.106174	0.21	0.0494546
0.127408	0.21	0.0489593
0.148643	0.21	0.0483684
0.169878	0.21	0.0476804
0.191113	0.21	0.0468947
0.212347	0.21	0.0460116
0.233582	0.21	0.0450326
0.254817	0.21	0.0439608
0.276051	0.21	0.0428003
0.297286	0.21	0.0415563
0.318521	0.21	0.0402352
0.339756	0.21	0.0388436
0.36099	0.21	0.0373889
0.382225	0.21	0.0358784
0.40346	0.21	0.0343193
0.424695	0.21	0.0327185
0.445929	0.21	0.0310829
0.467164	0.21	0.0294189
0.488399	0.21	0.0277325
0.509633	0.21	0.0260293
0.530868	0.21	0.0243146
0.552103	0.21	0.0225936
0.573338	0.21	0.0208709
0.594572	0.21	0.0191508
0.615807	0.21	0.0174376
0.637042	0.21	0.0157352
0.658277	0.21	0.0140471
0.679511	0.21	0.0123768
0.700746	0.21	0.0107275
0.721981	0.21	0.00910227
0.743215	0.21	0.00750383
0.76445	0.21	0.00593485
0.785685	0.21	0.00439777
0.80692	0.21	0.00289488
0.828154	0.21	0.0014283
0.849389	0.21	0
0	0.22	0.0520505
0.0220078	0.22	0.0520035
0.0440156	0.22	0.0518621
0.0660234	0.22	0.0516254
0.0880312	0.22	0.051292
0.110039	0.22	0.0508604
0.132047	0.22	0.0503287
0.154055	0.22	0.0496954
0.176062	0.22	0.0489595
0.19807	0.22	0.0481211
0.220078	0.22	0.047181
0.242086	0.22	0.0461418
0.264094	0.22	0.045007
0.286102	0.22	0.0437816
0.308109	0.22	0.0424716
0.330117	0.22	0.0410839
0.352125	0.22	0.0396259
0.374133	0.22	0.0381053
0.396141	0.22	0.0365298
0.418148	0.22	0.034907
0.440156	0.22	0.0332443
0.462164	0.22	0.0315487
0.484172	0.22	0.0298269
0.50618	0.22	0.0280852
0.528187	0.22	0.0263295
0.550195	0.22	0.0245655
0.572203	0.22	0.0227983
0.594211	0.22	0.021033
0.616219	0.22	0.019274
0.638227	0.22	0.0175258
0.660234	0.22	0.0157925
0.682242	0.22	0.0140777
0.70425	0.22	0.0123852
0.726258	0.22	0.0107181
0.748266	0.22	0.00907974
0.770273	0.22	0.0074729
0.792281	0.22	0.00590031
0.814289	0.22	0.00436449
0.836297	0.22	0.00286775
0.858305	0.22	0.00141226
0.880312	0.22	0
0	0.23	0.0534603
0.0227809	0.23	0.0534098
0.0455618	0.23	0.0532579
0.0683427	0.23	0.0530039
0.0911236	0.23	0.0526465
0.113904	0.23	0.0521842
0.136685	0.23	0.0516155
0.159466	0.23	0.0509393
0.182247	0.23	0.0501552
0.205028	0.23	0.0492637
0.227809	0.23	0.0482665
0.25059	0.23	0.0471668
0.273371	0.23	0.0459691
0.296152	0.23	0.0446791
0.318933	0.23	0.0433034
0.341713	0.23	0.0418496
0.364494	0.23	0.0403257
0.387275	0.23	0.0387398
0.410056	0.23	0.0371001
0.432837	0.23	0.0354147
0.455618	0.23	0.0336911
0.478399	0.23	0.0319369
0.50118	0.23	0.0301589
0.523961	0.23	0.0283638
0.546741	0.23	0.0265577
0.569522	0.23	0.0247467
0.592303	0.23	0.0229361
0.615084	0.23	0.021131
0.637865	0.23	0.0193365
0.660646	0.23	0.0175569
0.683427	0.23	0.0157964
0.706208	0.23	0.0140592
0.728989	0.23	0.0123488
0.751769	0.23	0.0106688
0.77455	0.23	0.00902229
0.797331	0.23	0.0074123
0.820112	0.23	0.00584161
0.842893	0.23	0.00431277
0.865674	0.23	0.00282814
0.888455	0.23	0.00138988
0.911236	0.23	0
0	0.24	0.0547896
0.023554	0.24	0.0547355
0.047108	0.24	0.0545731
0.0706619	0.24	0.0543014
0.0942159	0.24	0.0539195
0.11777	0.24	0.053426
0.141324	0.24	0.0528198
0.164878	0.24	0.0521002
0.188432	0.24	0.0512673
0.211986	0.24	0.0503224
0.23554	0.24	0.0492678
0.259094	0.24	0.0481076
0.282648	0.24	0.0468469
0.306202	0.24	0.0454923
0.329756	0.24	0.0440511
0.35331	0.24	0.0425315
0.376864	0.24	0.0409421
0.400418	0.24	0.0392916
0.423972	0.24	0.0375885
0.447526	0.24	0.0358412
0.47108	0.24	0.0340579
0.494633	0.24	0.0322463
0.518187	0.24	0.0304137
0.541741	0.24	0.0285671
0.565295	0.24	0.0267129
0.588849	0.24	0.0248572
0.612403	0.24	0.0230059
0.635957	0.24	0.0211643
0.659511	0.24	0.0193374
0.683065	0.24	0.0175301
0.706619	0.24	0.0157466
0.730173	0.24	0.0139911
0.753727	0.24	0.0122675
0.777281	0.24	0.0105792
0.800835	0.24	0.0089297
0.824389	0.24	0.00732191
0.847943	0.24	0.00575867
0.871497	0.24	0.00424259
0.895051	0.24	0.00277603
0.918605	0.24	0.00136118
0.942159	0.24	0
0	0.25	0.0560385
0.0243271	0.25	0.0559808
0.0486541	0.25	0.0558075
0.0729812	0.25	0.0555179
0.0973082	0.25	0.055111
0.121635	0.25	0.0545858
0.145962	0.25	0.0539416
0.170289	0.25	0.053178
0.194616	0.25	0.0522959
0.218944	0.25	0.051297
0.243271	0.25	0.0501847
0.267598	0.25	0.0489636
0.291925	0.25	0.0476398
0.316252	0.25	0.0462205
0.340579	0.25	0.0447139
0.364906	0.25	0.0431288
0.389233	0.25	0.0414742
0.41356	0.25	0.0397595
0.437887	0.25	0.0379936
0.462214	0.25	0.0361855
0.486541	0.25	0.0343435
0.510868	0.25	0.032476
0.535195	0.25	0.0305904
0.559522	0.25	0.0286941
0.583849	0.25	0.0267939
0.608176	0.25	0.0248962
0.632503	0.25	0.023007
0.656831	0.25	0.0211319
0.681158	0.25	0.0192762
0.705485	0.25	0.0174449
0.729812	0.25	0.0156424
0.754139	0.25	0.0138731
0.778466	0.25	0.0121408
0.802793	0.25	0.0104493
0.82712	0.25	0.00880185
0.851447	0.25	0.00720163
0.875774	0.25	0.00565145
0.900101	0.25	0.00415394
0.924428	0.25	0.00271146
0.948755	0.25	0.00132616
0.973082	0.25	0
0	0.26	0.057207
0.0251001	0.26	0.0571457
0.0502003	0.26	0.0569613
0.0753004	0.26	0.0566533
0.100401	0.26	0.056221
0.125501	0.26	0.0556636
0.150601	0.26	0.0549807
0.175701	0.26	0.0541726
0.200801	0.26	0.0532406
0.225901	0.26	0.0521874
0.251001	0.26	0.0510168
0.276102	0.26	0.0497345
0.301202	0.26	0.0483473
0.326302	0.26	0.0468632
0.351402	0.26	0.0452911
0.376502	0.26	0.0436405
0.401602	0.26	0.041921
0.426702	0.26	0.0401425
0.451803	0.26	0.0383144
0.476903	0.26	0.0364462
0.502003	0.26	0.0345468
0.527103	0.26	0.0326246
0.552203	0.26	0.0306877
0.577303	0.26	0.0287437
0.602403	0.26	0.0267998
0.627503	0.26	0.0248626
0.652604	0.26	0.0229385
0.677704	0.26	0.0210332
0.702804	0.26	0.0191523
0.727904	0.26	0.0173008
0.753004	0.26	0.0154835
0.778104	0.26	0.0137048
0.803204	0.26	0.0119686
0.828305	0.26	0.0102788
0.853405	0.26	0.00863866
0.878505	0.26	0.00705144
0.903605	0.26	0.00551997
0.928705	0.26	0.00404685
0.953805	0.26	0.00263444
0.978905	0.26	0.00128486
1.00401	0.26	0
0	0.27	0.0582951
0.0258732	0.27	0.05823
0.0517464	0.27	0.0580343
0.0776197	0.27	0.0577077
0.103493	0.27	0.0572495
0.129366	0.27	0.0566593
0.155239	0.27	0.0559371
0.181113	0.27	0.0550838
0.206986	0.27	0.0541013
0.232859	0.27	0.052993
0.258732	0.27	0.0517636
0.284605	0.27	0.0504196
0.310479	0.27	0.0489686
0.336352	0.27	0.0474195
0.362225	0.27	0.0457817
0.388098	0.27	0.0440656
0.413972	0.27	0.0422814
0.439845	0.27	0.0404394
0.465718	0.27	0.0385498
0.491591	0.27	0.0366224
0.517464	0.27	0.0346665
0.543338	0.27	0.0326911
0.569211	0.27	0.0307046
0.595084	0.27	0.028715
0.620957	0.27	0.0267298
0.646831	0.27	0.0247558
0.672704	0.27	0.0227997
0.698577	0.27	0.0208676
0.72445	0.27	0.0189651
0.750323	0.27	0.0170975
0.776197	0.27	0.0152696
0.80207	0.27	0.013486
0.827943	0.27	0.0117507
0.853816	0.27	0.0100676
0.87969	0.27	0.0084401
0.905563	0.27	0.00687137
0.931436	0.27	0.00536427
0.957309	0.27	0.0039214
0.983182	0.27	0.00254505
1.00906	0.27	0.00123731
1.03493	0.27	0
0	0.28	0.0593028
0.0266463	0.28	0.0592338
0.0532926	0.28	0.0590267
0.0799389	0.28	0.0586809
0.106585	0.28	0.0581963
0.133232	0.28	0.0575727
0.159878	0.28	0.0568106
0.186524	0.28	0.0559113
0.21317	0.28	0.0548776
0.239817	0.28	0.0537135
0.266463	0.28	0.0524247
0.293109	0.28	0.0510184
0.319756	0.28	0.0495031
0.346402	0.28	0.0478885
0.373048	0.28	0.0461849
0.399695	0.28	0.0444031
0.426341	0.28	0.0425543
0.452987	0.28	0.0406492
0.479633	0.28	0.0386986
0.50628	0.28	0.0367128
0.532926	0.28	0.0347016
0.559572	0.28	0.0326745
0.586219	0.28	0.0306402
0.612865	0.28	0.0286071
0.639511	0.28	0.0265829
0.666158	0.28	0.024575
0.692804	0.28	0.0225902
0.71945	0.28	0.0206346
0.746097	0.28	0.0187143
0.772743	0.28	0.0168346
0.799389	0.28	0.0150005
0.826035	0.28	0.0132166
0.852682	0.28	0.0114871
0.879328	0.28	0.0098158
0.905974	0.28	0.00820621
0.932621	0.28	0.00666148
0.959267	0.28	0.00518444
0.985913	0.28	0.00377764
1.01256	0.28	0.00244335
1.03921	0.28	0.00118355
1.06585	0.28	0
0	0.29	0.0602301
0.0274194	0.29	0.0601572
0.0548388	0.29	0.0599382
0.0822582	0.29	0.059573
0.109678	0.29	0.0590614
0.137097	0.29	0.0584037
0.164516	0.29	0.0576009
0.191936	0.29	0.0566549
0.219355	0.29	0.0555692
0.246774	0.29	0.0543485
0.274194	0.29	0.0529995
0.301613	0.29	0.0515302
0.329033	0.29	0.04995
0.356452	0.29	0.0482694
0.383871	0.29	0.0464995
0.411291	0.29	0.044652
0.43871	0.29	0.0427386
0.46613	0.29	0.0407707
0.493549	0.29	0.0387597
0.520968	0.29	0.0367164
0.548388	0.29	0.0346511
0.575807	0.29	0.0325738
0.603227	0.29	0.0304935
0.630646	0.29	0.0284191
0.658065	0.29	0.0263586
0.685485	0.29	0.0243196
0.712904	0.29	0.0223092
0.740323	0.29	0.0203338
0.767743	0.29	0.0183995
0.795162	0.29	0.0165119
0.822582	0.29	0.014676
0.850001	0.29	0.0128965
0.87742	0.29	0.0111777
0.90484	0.29	0.0095234
0.932259	0.29	0.00793707
0.959679	0.29	0.00642187
0.987098	0.29	0.00498059
1.01452	0.29	0.00361571
1.04194	0.29	0.00232942
1.06936	0.29	0.00112363
1.09678	0.29	0
0	0.3	0.0610768
0.0281925	0.3	0.0609999
0.0563849	0.3	0.0607689
0.0845774	0.3	0.0603838
0.11277	0.3	0.0598447
0.140962	0.3	0.0591522
0.169155	0.3	0.0583079
0.197347	0.3	0.0573143
0.22554	0.3	0.0561756
0.253732	0.3	0.0548975
0.281925	0.3	0.0534873
0.310117	0.3	0.0519542
0.33831	0.3	0.0503084
0.366502	0.3	0.0485612
0.394695	0.3	0.0467248
0.422887	0.3	0.0448113
0.45108	0.3	0.0428332
0.479272	0.3	0.0408028
0.507464	0.3	0.038732
0.535657	0.3	0.0366321
0.563849	0.3	0.034514
0.592042	0.3	0.032388
0.620234	0.3	0.0302637
0.648427	0.3	0.0281503
0.676619	0.3	0.0260561
0.704812	0.3	0.023989
0.733004	0.3	0.0219564
0.761197	0.3	0.0199648
0.789389	0.3	0.0180205
0.817582	0.3	0.0161292
0.845774	0.3	0.014296
0.873967	0.3	0.0125257
0.902159	0.3	0.0108226
0.930351	0.3	0.00919048
0.958544	0.3	0.00763281
0.986736	0.3	0.00615269
1.01493	0.3	0.00475285
1.04312	0.3	0.00343571
1.07131	0.3	0.00220336
1.09951	0.3	0.00105761
1.1277	0.3	0
0	0.31	0.0618431
0.0289656	0.31	0.061762
0.0579311	0.31	0.0615187
0.0868967	0.31	0.0611132
0.115862	0.31	0.0605459
0.144828	0.31	0.059818
0.173793	0.31	0.0589313
0.202759	0.31	0.0578891
0.231724	0.31	0.0566965
0.26069	0.31	0.0553598
0.289656	0.31	0.0538876
0.318621	0.31	0.0522898
0.347587	0.31	0.0505775
0.376552	0.31	0.0487631
0.405518	0.31	0.0468595
0.434483	0.31	0.0448798
0.463449	0.31	0.0428372
0.492414	0.31	0.0407445
0.52138	0.31	0.0386145
0.550345	0.31	0.0364589
0.579311	0.31	0.0342892
0.608277	0.31	0.0321163
0.637242	0.31	0.02995
0.666208	0.31	0.0278
0.695173	0.31	0.0256749
0.724139	0.31	0.0235828
0.753104	0.31	0.0215313
0.78207	0.31	0.0195273
0.811035	0.31	0.0175771
0.840001	0.31	0.0156864
0.868967	0.31	0.0138606
0.897932	0.31	0.0121043
0.926898	0.31	0.0104219
0.955863	0.31	0.00881718
0.984829	0.31	0.00729357
1.01379	0.31	0.00585409
1.04276	0.31	0.00450139
1.07173	0.31	0.00323779
1.10069	0.31	0.00206528
1.12966	0.31	0.000985547
1.15862	0.31	0
0	0.32	0.0625288
0.0297386	0.32	0.0624435
0.0594773	0.32	0.0621876
0.0892159	0.32	0.0617612
0.118955	0.32	0.0611651
0.148693	0.32	0.0604008
0.178432	0.32	0.0594708
0.20817	0.32	0.058379
0.237909	0.32	0.0571313
0.267648	0.32	0.0557351
0.297386	0.32	0.0541997
0.327125	0.32	0.052536
0.356864	0.32	0.0507564
0.386602	0.32	0.048874
0.416341	0.32	0.0469027
0.44608	0.32	0.0448565
0.475818	0.32	0.0427493
0.505557	0.32	0.0405947
0.535295	0.32	0.038406
0.565034	0.32	0.0361958
0.594773	0.32	0.033976
0.624511	0.32	0.0317578
0.65425	0.32	0.0295517
0.683989	0.32	0.0273675
0.713727	0.32	0.0252144
0.743466	0.32	0.0231005
0.773204	0.32	0.0210338
0.802943	0.32	0.0190212
0.832682	0.32	0.0170691
0.86242	0.32	0.0151835
0.892159	0.32	0.0133697
0.921898	0.32	0.0116323
0.951636	0.32	0.00997574
0.981375	0.32	0.0084037
1.01111	0.32	0.00691957
1.04085	0.32	0.00552628
1.07059	0.32	0.00422639
1.10033	0.32	0.0030221
1.13007	0.32	0.00191529
1.15981	0.32	0.000907518
1.18955	0.32	0
0	0.33	0.0631339
0.0305117	0.33	0.0630444
0.0610234	0.33	0.0627755
0.0915351	0.33	0.0623277
0.122047	0.33	0.0617021
0.152559	0.33	0.0609005
0.18307	0.33	0.0599262
0.213582	0.33	0.0587837
0.244094	0.33	0.0574796
0.274605	0.33	0.0560225
0.305117	0.33	0.0544227
0.335629	0.33	0.0526922
0.366141	0.33	0.0508442
0.396652	0.33	0.048893
0.427164	0.33	0.0468534
0.457676	0.33	0.0447403
0.488187	0.33	0.0425685
0.518699	0.33	0.0403523
0.549211	0.33	0.0381058
0.579723	0.33	0.035842
0.610234	0.33	0.0335734
0.640746	0.33	0.0313118
0.671258	0.33	0.0290681
0.701769	0.33	0.0268525
0.732281	0.33	0.0246742
0.762793	0.33	0.0225419
0.793305	0.33	0.0204635
0.823816	0.33	0.0184463
0.854328	0.33	0.0164967
0.88484	0.33	0.0146206
0.915351	0.33	0.0128235
0.945863	0.33	0.01111
0.976375	0.33	0.00948431
1.00689	0.33	0.00795024
1.0374	0.33	0.00651101
1.06791	0.33	0.00516946
1.09842	0.33	0.00392804
1.12893	0.33	0.00278882
1.15945	0.33	0.00175354
1.18996	0.33	0.000823604
1.22047	0.33	0
0	0.34	0.0636584
0.0312848	0.34	0.0635644
0.0625696	0.34	0.0632823
0.0938544	0.34	0.0628126
0.125139	0.34	0.0621567
0.156424	0.34	0.0613169
0.187709	0.34	0.0602971
0.218994	0.34	0.0591026
0.250278	0.34	0.057741
0.281563	0.34	0.0562217
0.312848	0.34	0.0545561
0.344133	0.34	0.0527574
0.375418	0.34	0.05084
0.406702	0.34	0.0488191
0.437987	0.34	0.0467106
0.469272	0.34	0.0445302
0.500557	0.34	0.0422938
0.531842	0.34	0.0400164
0.563126	0.34	0.0377127
0.594411	0.34	0.0353965
0.625696	0.34	0.0330807
0.656981	0.34	0.0307777
0.688266	0.34	0.0284988
0.71955	0.34	0.0262543
0.750835	0.34	0.024054
0.78212	0.34	0.0219067
0.813405	0.34	0.0198204
0.84469	0.34	0.0178026
0.875974	0.34	0.0158597
0.907259	0.34	0.0139978
0.938544	0.34	0.0122221
0.969829	0.34	0.0105374
1.00111	0.34	0.00894785
1.0324	0.34	0.00745704
1.06368	0.34	0.00606814
1.09497	0.34	0.00478388
1.12625	0.34	0.00360656
1.15754	0.34	0.00253813
1.18882	0.34	0.00158018
1.22011	0.34	0.000733913
1.25139	0.34	0
0	0.35	0.0641023
0.0320579	0.35	0.0640038
0.0641158	0.35	0.063708
0.0961736	0.35	0.0632158
0.128232	0.35	0.0625288
0.160289	0.35	0.0616498
0.192347	0.35	0.0605833
0.224405	0.35	0.0593355
0.256463	0.35	0.0579148
0.288521	0.35	0.0563318
0.320579	0.35	0.054599
0.352637	0.35	0.0527308
0.384695	0.35	0.0507427
0.416752	0.35	0.0486512
0.44881	0.35	0.0464731
0.480868	0.35	0.0442252
0.512926	0.35	0.0419242
0.544984	0.35	0.039586
0.577042	0.35	0.0372259
0.6091	0.35	0.0348585
0.641158	0.35	0.0324972
0.673215	0.35	0.0301548
0.705273	0.35	0.027843
0.737331	0.35	0.0255726
0.769389	0.35	0.0233535
0.801447	0.35	0.0211947
0.833505	0.35	0.0191044
0.865563	0.35	0.0170901
0.897621	0.35	0.0151583
0.929679	0.35	0.0133152
0.961736	0.35	0.0115658
0.993794	0.35	0.00991495
1.02585	0.35	0.00836664
1.05791	0.35	0.00692439
1.08997	0.35	0.00559124
1.12203	0.35	0.00436978
1.15408	0.35	0.00326218
1.18614	0.35	0.00227025
1.2182	0.35	0.00139541
1.25026	0.35	0.000638597
1.28232	0.35	0
0	0.36	0.0644655
0.032831	0.36	0.0643623
0.0656619	0.36	0.0640525
0.0984929	0.36	0.0635372
0.131324	0.36	0.0628182
0.164155	0.36	0.0618989
0.196986	0.36	0.0607844
0.229817	0.36	0.0594818
0.262648	0.36	0.0580005
0.295479	0.36	0.0563522
0.32831	0.36	0.0545507
0.361141	0.36	0.0526115
0.393972	0.36	0.0505516
0.426803	0.36	0.0483884
0.459633	0.36	0.04614
0.492464	0.36	0.0438242
0.525295	0.36	0.0414586
0.558126	0.36	0.0390601
0.590957	0.36	0.0366446
0.623788	0.36	0.0342273
0.656619	0.36	0.0318222
0.68945	0.36	0.0294426
0.722281	0.36	0.0271006
0.755112	0.36	0.0248071
0.787943	0.36	0.0225725
0.820774	0.36	0.0204058
0.853605	0.36	0.0183154
0.886436	0.36	0.0163088
0.919267	0.36	0.0143927
0.952098	0.36	0.012573
0.984929	0.36	0.0108548
1.01776	0.36	0.00924282
1.05059	0.36	0.00774095
1.08342	0.36	0.00635257
1.11625	0.36	0.00508059
1.14908	0.36	0.00392745
1.18191	0.36	0.00289519
1.21475	0.36	0.00198546
1.24758	0.36	0.00119949
1.28041	0.36	0.00053788
1.31324	0.36	0
0	0.37	0.064748
0.033604	0.37	0.06464
0.0672081	0.37	0.0643158
0.100812	0.37	0.0637767
0.134416	0.37	0.0630248
0.16802	0.37	0.062064
0.201624	0.37	0.0609001
0.235228	0.37	0.0595412
0.268832	0.37	0.0579976
0.302436	0.37	0.0562823
0.33604	0.37	0.0544103
0.369644	0.37	0.0523987
0.403249	0.37	0.0502655
0.436853	0.37	0.0480296
0.470457	0.37	0.0457102
0.504061	0.37	0.0433262
0.537665	0.37	0.0408962
0.571269	0.37	0.0384378
0.604873	0.37	0.0359679
0.638477	0.37	0.0335021
0.672081	0.37	0.0310552
0.705685	0.37	0.0286407
0.739289	0.37	0.026271
0.772893	0.37	0.0239576
0.806497	0.37	0.0217108
0.840101	0.37	0.01954
0.873705	0.37	0.0174536
0.907309	0.37	0.015459
0.940913	0.37	0.013563
0.974517	0.37	0.0117714
1.00812	0.37	0.0100894
1.04173	0.37	0.00852135
1.07533	0.37	0.0070711
1.10893	0.37	0.00574191
1.14254	0.37	0.00453651
1.17614	0.37	0.0034572
1.20975	0.37	0.0025059
1.24335	0.37	0.00168411
1.27695	0.37	0.000992837
1.31056	0.37	0.000432121
1.34416	0.37	0
0	0.38	0.0649498
0.0343771	0.38	0.0648369
0.0687543	0.38	0.0644979
0.103131	0.38	0.0639342
0.137509	0.38	0.0631484
0.171886	0.38	0.0621449
0.206263	0.38	0.0609302
0.24064	0.38	0.0595131
0.275017	0.38	0.0579054
0.309394	0.38	0.0561212
0.343771	0.38	0.0541771
0.378148	0.38	0.0520913
0.412526	0.38	0.0498835
0.446903	0.38	0.0475738
0.48128	0.38	0.0451827
0.515657	0.38	0.0427303
0.550034	0.38	0.040236
0.584411	0.38	0.0377184
0.618788	0.38	0.0351951
0.653165	0.38	0.0326824
0.687543	0.38	0.0301955
0.72192	0.38	0.0277485
0.756297	0.38	0.0253541
0.790674	0.38	0.0230239
0.825051	0.38	0.0207685
0.859428	0.38	0.0185974
0.893805	0.38	0.016519
0.928182	0.38	0.0145409
0.96256	0.38	0.0126696
0.996937	0.38	0.0109109
1.03131	0.38	0.00926991
1.06569	0.38	0.00775088
1.10007	0.38	0.00635745
1.13445	0.38	0.00509274
1.16882	0.38	0.00395933
1.2032	0.38	0.0029594
1.23758	0.38	0.00209475
1.27195	0.38	0.00136674
1.30633	0.38	0.000776061
1.34071	0.38	0.000321902
1.37509	0.38	0
0	0.39	0.0650709
0.0351502	0.39	0.0649529
0.0703004	0.39	0.0645986
0.105451	0.39	0.0640097
0.140601	0.39	0.063189
0.175751	0.39	0.0621414
0.210901	0.39	0.0608742
0.246051	0.39	0.0593972
0.281202	0.39	0.0577234
0.316352	0.39	0.0558684
0.351502	0.39	0.0538502
0.386652	0.39	0.0516886
0.421803	0.39	0.0494047
0.456953	0.39	0.0470201
0.492103	0.39	0.0445566
0.527253	0.39	0.0420355
0.562403	0.39	0.0394771
0.597554	0.39	0.036901
0.632704	0.39	0.0343255
0.667854	0.39	0.0317675
0.703004	0.39	0.0292428
0.738154	0.39	0.0267658
0.773305	0.39	0.0243495
0.808455	0.39	0.0220058
0.843605	0.39	0.0197455
0.878755	0.39	0.017578
0.913905	0.39	0.0155118
0.949056	0.39	0.0135545
0.984206	0.39	0.0117126
1.01936	0.39	0.00999168
1.05451	0.39	0.00839669
1.08966	0.39	0.00693175
1.12481	0.39	0.00560036
1.15996	0.39	0.00440544
1.19511	0.39	0.00334947
1.23026	0.39	0.00243452
1.26541	0.39	0.00166232
1.30056	0.39	0.00103413
1.33571	0.39	0.000550161
1.37086	0.39	0.00020819
1.40601	0.39	0
0	0.4	0.0651112
0.0359233	0.4	0.064988
0.0718466	0.4	0.064618
0.10777	0.4	0.064003
0.143693	0.4	0.0631463
0.179616	0.4	0.0620532
0.21554	0.4	0.0607318
0.251463	0.4	0.059193
0.287386	0.4	0.057451
0.32331	0.4	0.0555231
0.359233	0.4	0.0534287
0.395156	0.4	0.0511894
0.43108	0.4	0.048828
0.467003	0.4	0.0463674
0.502926	0.4	0.0438309
0.538849	0.4	0.0412408
0.574773	0.4	0.0386187
0.610696	0.4	0.0359849
0.646619	0.4	0.0333585
0.682543	0.4	0.030757
0.718466	0.4	0.0281967
0.754389	0.4	0.0256923
0.790312	0.4	0.0232572
0.826236	0.4	0.0209034
0.862159	0.4	0.0186418
0.898082	0.4	0.0164819
0.934006	0.4	0.0144323
0.969929	0.4	0.0125003
1.00585	0.4	0.0106924
1.04178	0.4	0.0090141
1.0777	0.4	0.0074701
1.11362	0.4	0.00606437
1.14955	0.4	0.00480022
1.18547	0.4	0.00368044
1.22139	0.4	0.00270742
1.25732	0.4	0.0018832
1.29324	0.4	0.00120953
1.32916	0.4	0.000687533
1.36509	0.4	0.000316767
1.40101	0.4	9.25825e-05
1.43693	0.4	0
