0	0	0
0.0125	0	0
0.025	0	0
0.0375	0	0
0.05	0	0
0.0625	0	0
0.075	0	0
0.0875	0	0
0.1	0	0
0.1125	0	0
0.125	0	0
0.1375	0	0
0.15	0	0
0.1625	0	0
0.175	0	0
0.1875	0	0
0.2	0	0
0.2125	0	0
0.225	0	0
0.2375	0	0
0.25	0	0
0.2625	0	0
0.275	0	0
0.2875	0	0
0.3	0	0
0.3125	0	0
0.325	0	0
0.3375	0	0
0.35	0	0
0.3625	0	0
0.375	0	0
0.3875	0	0
0.4	0	0
0.4125	0	0
0.425	0	0
0.4375	0	0
0.45	0	0
0.4625	0	0
0.475	0	0
0.4875	0	0
0.5	0	0
0	0.025	0.00893146
0.0125	0.025	0.00892759
0.025	0.025	0.00891597
0.0375	0.025	0.00889658
0.05	0.025	0.00886938
0.0625	0.025	0.00883435
0.075	0.025	0.00879141
0.0875	0.025	0.00874051
0.1	0.025	0.00868155
0.1125	0.025	0.00861444
0.125	0.025	0.00853907
0.1375	0.025	0.00845531
0.15	0.025	0.00836301
0.1625	0.025	0.008262
0.175	0.025	0.0081521
0.1875	0.025	0.0080331
0.2	0.025	0.00790477
0.2125	0.025	0.00776684
0.225	0.025	0.00761903
0.2375	0.025	0.007461
0.25	0.025	0.0072924
0.2625	0.025	0.00711281
0.275	0.025	0.00692177
0.2875	0.025	0.00671878
0.3	0.025	0.00650323
0.3125	0.025	0.00627447
0.325	0.025	0.00603172
0.3375	0.025	0.00577412
0.35	0.025	0.00550062
0.3625	0.025	0.00521004
0.375	0.025	0.00490094
0.3875	0.025	0.00457161
0.4	0.025	0.00421996
0.4125	0.025	0.00384338
0.425	0.025	0.00343856
0.4375	0.025	0.00300116
0.45	0.025	0.00252535
0.4625	0.025	0.00200293
0.475	0.025	0.00142195
0.4875	0.025	0.000764131
0.5	0.025	0
0	0.05	0.0172689
0.0125	0.05	0.0172612
0.025	0.05	0.017238
0.0375	0.05	0.0171994
0.05	0.05	0.0171452
0.0625	0.05	0.0170753
0.075	0.05	0.0169897
0.0875	0.05	0.0168882
0.1	0.05	0.0167707
0.1125	0.05	0.016637
0.125	0.05	0.0164867
0.1375	0.05	0.0163198
0.15	0.05	0.0161359
0.1625	0.05	0.0159346
0.175	0.05	0.0157156
0.1875	0.05	0.0154786
0.2	0.05	0.0152229
0.2125	0.05	0.0149482
0.225	0.05	0.0146539
0.2375	0.05	0.0143393
0.25	0.05	0.0140037
0.2625	0.05	0.0136464
0.275	0.05	0.0132664
0.2875	0.05	0.0128628
0.3	0.05	0.0124343
0.3125	0.05	0.0119799
0.325	0.05	0.0114979
0.3375	0.05	0.0109868
0.35	0.05	0.0104446
0.3625	0.05	0.00986914
0.375	0.05	0.0092578
0.3875	0.05	0.00860752
0.4	0.05	0.00791464
0.4125	0.05	0.00717474
0.425	0.05	0.00638243
0.4375	0.05	0.00553102
0.45	0.05	0.00461211
0.4625	0.05	0.00361506
0.475	0.05	0.0025263
0.4875	0.05	0.0013285
0.5	0.05	0
0	0.075	0.0250432
0.0125	0.075	0.0250317
0.025	0.075	0.0249971
0.0375	0.075	0.0249394
0.05	0.075	0.0248585
0.0625	0.075	0.0247543
0.075	0.075	0.0246266
0.0875	0.075	0.0244752
0.1	0.075	0.0242999
0.1125	0.075	0.0241003
0.125	0.075	0.0238763
0.1375	0.075	0.0236273
0.15	0.075	0.023353
0.1625	0.075	0.023053
0.175	0.075	0.0227266
0.1875	0.075	0.0223733
0.2	0.075	0.0219924
0.2125	0.075	0.0215832
0.225	0.075	0.0211449
0.2375	0.075	0.0206766
0.25	0.075	0.0201772
0.2625	0.075	0.0196457
0.275	0.075	0.0190807
0.2875	0.075	0.0184809
0.3	0.075	0.0178447
0.3125	0.075	0.0171703
0.325	0.075	0.0164557
0.3375	0.075	0.0156987
0.35	0.075	0.0148967
0.3625	0.075	0.0140468
0.375	0.075	0.0131454
0.3875	0.075	0.0121888
0.4	0.075	0.0111724
0.4125	0.075	0.0100908
0.425	0.075	0.00893773
0.4375	0.075	0.00770585
0.45	0.075	0.0063864
0.4625	0.075	0.00496908
0.475	0.075	0.00344181
0.4875	0.075	0.00179066
0.5	0.075	0
0	0.1	0.0322847
0.0125	0.1	0.0322695
0.025	0.1	0.0322237
0.0375	0.1	0.0321473
0.05	0.1	0.0320403
0.0625	0.1	0.0319023
0.075	0.1	0.0317333
0.0875	0.1	0.0315329
0.1	0.1	0.0313009
0.1125	0.1	0.0310369
0.125	0.1	0.0307405
0.1375	0.1	0.0304112
0.15	0.1	0.0300485
0.1625	0.1	0.0296517
0.175	0.1	0.0292203
0.1875	0.1	0.0287533
0.2	0.1	0.0282502
0.2125	0.1	0.0277097
0.225	0.1	0.0271311
0.2375	0.1	0.026513
0.25	0.1	0.0258544
0.2625	0.1	0.0251536
0.275	0.1	0.0244093
0.2875	0.1	0.0236196
0.3	0.1	0.0227827
0.3125	0.1	0.0218964
0.325	0.1	0.0209583
0.3375	0.1	0.0199658
0.35	0.1	0.0189157
0.3625	0.1	0.0178048
0.375	0.1	0.0166292
0.3875	0.1	0.0153845
0.4	0.1	0.0140658
0.4125	0.1	0.0126676
0.425	0.1	0.0111834
0.4375	0.1	0.00960596
0.45	0.1	0.00792721
0.4625	0.1	0.00613791
0.475	0.1	0.00422785
0.4875	0.1	0.00218586
0.5	0.1	0
0	0.125	0.0390233
0.0125	0.125	0.0390045
0.025	0.125	0.0389478
0.0375	0.125	0.0388532
0.05	0.125	0.0387205
0.0625	0.125	0.0385497
0.075	0.125	0.0383404
0.0875	0.125	0.0380923
0.1	0.125	0.037805
0.1125	0.125	0.0374782
0.125	0.125	0.0371113
0.1375	0.125	0.0367038
0.15	0.125	0.036255
0.1625	0.125	0.0357643
0.175	0.125	0.0352308
0.1875	0.125	0.0346536
0.2	0.125	0.0340318
0.2125	0.125	0.0333643
0.225	0.125	0.0326498
0.2375	0.125	0.0318872
0.25	0.125	0.0310748
0.2625	0.125	0.0302111
0.275	0.125	0.0292943
0.2875	0.125	0.0283224
0.3	0.125	0.0272934
0.3125	0.125	0.0262047
0.325	0.125	0.0250539
0.3375	0.125	0.0238378
0.35	0.125	0.0225533
0.3625	0.125	0.0211968
0.375	0.125	0.0197642
0.3875	0.125	0.0182512
0.4	0.125	0.0166527
0.4125	0.125	0.0149632
0.425	0.125	0.0131767
0.4375	0.125	0.0112865
0.45	0.125	0.0092852
0.4625	0.125	0.00716478
0.475	0.125	0.00491661
0.4875	0.125	0.00253154
0.5	0.125	0
0	0.15	0.0452882
0.0125	0.15	0.0452658
0.025	0.15	0.0451985
0.0375	0.15	0.0450862
0.05	0.15	0.0449288
0.0625	0.15	0.044726
0.075	0.15	0.0444776
0.0875	0.15	0.0441833
0.1	0.15	0.0438425
0.1125	0.15	0.0434548
0.125	0.15	0.0430197
0.1375	0.15	0.0425366
0.15	0.15	0.0420046
0.1625	0.15	0.0414231
0.175	0.15	0.040791
0.1875	0.15	0.0401075
0.2	0.15	0.0393714
0.2125	0.15	0.0385816
0.225	0.15	0.0377366
0.2375	0.15	0.0368351
0.25	0.15	0.0358755
0.2625	0.15	0.0348559
0.275	0.15	0.0337745
0.2875	0.15	0.0326291
0.3	0.15	0.0314175
0.3125	0.15	0.0301371
0.325	0.15	0.0287851
0.3375	0.15	0.0273585
0.35	0.15	0.025854
0.3625	0.15	0.024268
0.375	0.15	0.0225963
0.3875	0.15	0.0208346
0.4	0.15	0.0189783
0.4125	0.15	0.0170219
0.425	0.15	0.0149601
0.4375	0.15	0.0127865
0.45	0.15	0.0104947
0.4625	0.15	0.00807762
0.475	0.15	0.005528
0.4875	0.15	0.0028381
0.5	0.15	0
0	0.175	0.0511076
0.0125	0.175	0.0510818
0.025	0.175	0.0510043
0.0375	0.175	0.0508749
0.05	0.175	0.0506936
0.0625	0.175	0.05046
0.075	0.175	0.0501739
0.0875	0.175	0.0498349
0.1	0.175	0.0494426
0.1125	0.175	0.0489963
0.125	0.175	0.0484955
0.1375	0.175	0.0479396
0.15	0.175	0.0473276
0.1625	0.175	0.0466588
0.175	0.175	0.0459323
0.1875	0.175	0.0451468
0.2	0.175	0.0443013
0.2125	0.175	0.0433944
0.225	0.175	0.0424248
0.2375	0.175	0.0413908
0.25	0.175	0.0402909
0.2625	0.175	0.0391231
0.275	0.175	0.0378855
0.2875	0.175	0.0365759
0.3	0.175	0.0351918
0.3125	0.175	0.0337307
0.325	0.175	0.0321898
0.3375	0.175	0.0305661
0.35	0.175	0.0288562
0.3625	0.175	0.0270565
0.375	0.175	0.0251632
0.3875	0.175	0.0231721
0.4	0.175	0.0210787
0.4125	0.175	0.0188781
0.425	0.175	0.0165651
0.4375	0.175	0.0141344
0.45	0.175	0.01158
0.4625	0.175	0.00889581
0.475	0.175	0.0060755
0.4875	0.175	0.00311247
0.5	0.175	0
0	0.2	0.0565089
0.0125	0.2	0.0564798
0.025	0.2	0.0563925
0.0375	0.2	0.0562467
0.05	0.2	0.0560424
0.0625	0.2	0.0557793
0.075	0.2	0.055457
0.0875	0.2	0.0550752
0.1	0.2	0.0546334
0.1125	0.2	0.0541309
0.125	0.2	0.0535672
0.1375	0.2	0.0529416
0.15	0.2	0.0522531
0.1625	0.2	0.051501
0.175	0.2	0.0506841
0.1875	0.2	0.0498014
0.2	0.2	0.0488516
0.2125	0.2	0.0478333
0.225	0.2	0.0467452
0.2375	0.2	0.0455856
0.25	0.2	0.0443528
0.2625	0.2	0.0430449
0.275	0.2	0.0416598
0.2875	0.2	0.0401954
0.3	0.2	0.0386492
0.3125	0.2	0.0370187
0.325	0.2	0.0353011
0.3375	0.2	0.0334934
0.35	0.2	0.0315924
0.3625	0.2	0.0295946
0.375	0.2	0.0274964
0.3875	0.2	0.0252939
0.4	0.2	0.0229827
0.4125	0.2	0.0205585
0.425	0.2	0.0180166
0.4375	0.2	0.0153519
0.45	0.2	0.0125594
0.4625	0.2	0.00963357
0.475	0.2	0.00656889
0.4875	0.2	0.00335964
0.5	0.2	0
0	0.225	0.0615183
0.0125	0.225	0.0614861
0.025	0.225	0.0613893
0.0375	0.225	0.0612279
0.05	0.225	0.0610016
0.0625	0.225	0.0607102
0.075	0.225	0.0603534
0.0875	0.225	0.0599307
0.1	0.225	0.0594416
0.1125	0.225	0.0588856
0.125	0.225	0.058262
0.1375	0.225	0.0575699
0.15	0.225	0.0568086
0.1625	0.225	0.0559771
0.175	0.225	0.0550744
0.1875	0.225	0.0540993
0.2	0.225	0.0530506
0.2125	0.225	0.0519269
0.225	0.225	0.0507267
0.2375	0.225	0.0494484
0.25	0.225	0.0480902
0.2625	0.225	0.0466503
0.275	0.225	0.0451266
0.2875	0.225	0.0435169
0.3	0.225	0.0418189
0.3125	0.225	0.0400301
0.325	0.225	0.0381477
0.3375	0.225	0.0361689
0.35	0.225	0.0340906
0.3625	0.225	0.0319096
0.375	0.225	0.0296223
0.3875	0.225	0.027225
0.4	0.225	0.024714
0.4125	0.225	0.022085
0.425	0.225	0.0193338
0.4375	0.225	0.016456
0.45	0.225	0.0134469
0.4625	0.225	0.0103018
0.475	0.225	0.00701557
0.4875	0.225	0.00358335
0.5	0.225	0
0	0.25	0.0661609
0.0125	0.25	0.0661257
0.025	0.25	0.0660199
0.0375	0.25	0.0658436
0.05	0.25	0.0655964
0.0625	0.25	0.0652782
0.075	0.25	0.0648885
0.0875	0.25	0.0644269
0.1	0.25	0.0638929
0.1125	0.25	0.063286
0.125	0.25	0.0626054
0.1375	0.25	0.0618503
0.15	0.25	0.06102
0.1625	0.25	0.0601133
0.175	0.25	0.0591294
0.1875	0.25	0.058067
0.2	0.25	0.0569249
0.2125	0.25	0.0557016
0.225	0.25	0.0543957
0.2375	0.25	0.0530057
0.25	0.25	0.0515297
0.2625	0.25	0.0499659
0.275	0.25	0.0483124
0.2875	0.25	0.0465668
0.3	0.25	0.0447271
0.3125	0.25	0.0427908
0.325	0.25	0.0407552
0.3375	0.25	0.0386176
0.35	0.25	0.0363751
0.3625	0.25	0.0340246
0.375	0.25	0.0315629
0.3875	0.25	0.0289865
0.4	0.25	0.0262919
0.4125	0.25	0.0234753
0.425	0.25	0.0205328
0.4375	0.25	0.0174604
0.45	0.25	0.0142539
0.4625	0.25	0.010909
0.475	0.25	0.00742139
0.4875	0.25	0.00378655
0.5	0.25	0
0	0.275	0.0704605
0.0125	0.275	0.0704225
0.025	0.275	0.0703083
0.0375	0.275	0.0701178
0.05	0.275	0.0698508
0.0625	0.275	0.069507
0.075	0.275	0.0690862
0.0875	0.275	0.0685878
0.1	0.275	0.0680113
0.1125	0.275	0.0673562
0.125	0.275	0.0666217
0.1375	0.275	0.0658071
0.15	0.275	0.0649115
0.1625	0.275	0.063934
0.175	0.275	0.0628734
0.1875	0.275	0.0617287
0.2	0.275	0.0604986
0.2125	0.275	0.0591818
0.225	0.275	0.0577767
0.2375	0.275	0.0562819
0.25	0.275	0.0546955
0.2625	0.275	0.0530158
0.275	0.275	0.0512409
0.2875	0.275	0.0493687
0.3	0.275	0.047397
0.3125	0.275	0.0453235
0.325	0.275	0.0431456
0.3375	0.275	0.0408609
0.35	0.275	0.0384665
0.3625	0.275	0.0359596
0.375	0.275	0.0333371
0.3875	0.275	0.030596
0.4	0.275	0.0277327
0.4125	0.275	0.0247441
0.425	0.275	0.0216264
0.4375	0.275	0.0183761
0.45	0.275	0.0149893
0.4625	0.275	0.0114623
0.475	0.275	0.00779106
0.4875	0.275	0.00397164
0.5	0.275	0
0	0.3	0.0744398
0.0125	0.3	0.0743992
0.025	0.3	0.0742769
0.0375	0.3	0.0740731
0.05	0.3	0.0737874
0.0625	0.3	0.0734196
0.075	0.3	0.0729693
0.0875	0.3	0.0724361
0.1	0.3	0.0718196
0.1125	0.3	0.071119
0.125	0.3	0.0703337
0.1375	0.3	0.069463
0.15	0.3	0.068506
0.1625	0.3	0.0674618
0.175	0.3	0.0663292
0.1875	0.3	0.0651072
0.2	0.3	0.0637946
0.2125	0.3	0.06239
0.225	0.3	0.060892
0.2375	0.3	0.0592991
0.25	0.3	0.0576097
0.2625	0.3	0.0558219
0.275	0.3	0.0539339
0.2875	0.3	0.0519437
0.3	0.3	0.0498493
0.3125	0.3	0.0476485
0.325	0.3	0.0453388
0.3375	0.3	0.0429179
0.35	0.3	0.0403832
0.3625	0.3	0.037732
0.375	0.3	0.0349614
0.3875	0.3	0.0320686
0.4	0.3	0.0290505
0.4125	0.3	0.0259039
0.425	0.3	0.0226257
0.4375	0.3	0.0192125
0.45	0.3	0.0156609
0.4625	0.3	0.0119674
0.475	0.3	0.0081285
0.4875	0.3	0.00414056
0.5	0.3	0
0	0.325	0.0781204
0.0125	0.325	0.0780771
0.025	0.325	0.0779474
0.0375	0.325	0.0777309
0.05	0.325	0.0774276
0.0625	0.325	0.0770371
0.075	0.325	0.0765592
0.0875	0.325	0.0759933
0.1	0.325	0.075339
0.1125	0.325	0.0745957
0.125	0.325	0.0737628
0.1375	0.325	0.0728394
0.15	0.325	0.0718247
0.1625	0.325	0.0707179
0.175	0.325	0.0695178
0.1875	0.325	0.0682235
0.2	0.325	0.0668336
0.2125	0.325	0.065347
0.225	0.325	0.0637622
0.2375	0.325	0.0620778
0.25	0.325	0.0602922
0.2625	0.325	0.0584037
0.275	0.325	0.0564106
0.2875	0.325	0.0543109
0.3	0.325	0.0521026
0.3125	0.325	0.0497838
0.325	0.325	0.0473521
0.3375	0.325	0.0448053
0.35	0.325	0.042141
0.3625	0.325	0.0393567
0.375	0.325	0.0364497
0.3875	0.325	0.0334174
0.4	0.325	0.030257
0.4125	0.325	0.0269655
0.425	0.325	0.0235401
0.4375	0.325	0.0199777
0.45	0.325	0.0162751
0.4625	0.325	0.0124293
0.475	0.325	0.00843699
0.4875	0.325	0.00429499
0.5	0.325	0
0	0.35	0.0815222
0.0125	0.35	0.0814766
0.025	0.35	0.0813398
0.0375	0.35	0.0811115
0.05	0.35	0.0807916
0.0625	0.35	0.0803799
0.075	0.35	0.0798759
0.0875	0.35	0.0792794
0.1	0.35	0.0785897
0.1125	0.35	0.0778064
0.125	0.35	0.0769287
0.1375	0.35	0.075956
0.15	0.35	0.0748874
0.1625	0.35	0.073722
0.175	0.35	0.0724588
0.1875	0.35	0.0710968
0.2	0.35	0.0696349
0.2125	0.35	0.0680718
0.225	0.35	0.0664061
0.2375	0.35	0.0646365
0.25	0.35	0.0627615
0.2625	0.35	0.0607794
0.275	0.35	0.0586886
0.2875	0.35	0.0564872
0.3	0.35	0.0541735
0.3125	0.35	0.0517455
0.325	0.35	0.049201
0.3375	0.35	0.0465379
0.35	0.35	0.043754
0.3625	0.35	0.040847
0.375	0.35	0.0378144
0.3875	0.35	0.0346538
0.4	0.35	0.0313626
0.4125	0.35	0.0279381
0.425	0.35	0.0243775
0.4375	0.35	0.0206783
0.45	0.35	0.0168374
0.4625	0.35	0.0128521
0.475	0.35	0.00871935
0.4875	0.35	0.00443632
0.5	0.35	0
0	0.375	0.0846643
0.0125	0.375	0.0846165
0.025	0.375	0.084473
0.0375	0.375	0.0842337
0.05	0.375	0.0838983
0.0625	0.375	0.0834666
0.075	0.375	0.0829384
0.0875	0.375	0.0823131
0.1	0.375	0.0815904
0.1125	0.375	0.0807696
0.125	0.375	0.0798501
0.1375	0.375	0.0788313
0.15	0.375	0.0777123
0.1625	0.375	0.0764923
0.175	0.375	0.0751703
0.1875	0.375	0.0737453
0.2	0.375	0.0722162
0.2125	0.375	0.0705818
0.225	0.375	0.0688409
0.2375	0.375	0.0669922
0.25	0.375	0.0650341
0.2625	0.375	0.0629651
0.275	0.375	0.0607838
0.2875	0.375	0.0584883
0.3	0.375	0.056077
0.3125	0.375	0.0535479
0.325	0.375	0.0508992
0.3375	0.375	0.0481288
0.35	0.375	0.0452347
0.3625	0.375	0.0422147
0.375	0.375	0.0390665
0.3875	0.375	0.0357878
0.4	0.375	0.0323763
0.4125	0.375	0.0288296
0.425	0.375	0.0251451
0.4375	0.375	0.0213203
0.45	0.375	0.0173526
0.4625	0.375	0.0132394
0.475	0.375	0.00897801
0.4875	0.375	0.00456578
0.5	0.375	0
0	0.4	0.0875644
0.0125	0.4	0.0875146
0.025	0.4	0.0873649
0.0375	0.4	0.0871152
0.05	0.4	0.0867653
0.0625	0.4	0.0863151
0.075	0.4	0.0857641
0.0875	0.4	0.0851121
0.1	0.4	0.0843585
0.1125	0.4	0.0835028
0.125	0.4	0.0825443
0.1375	0.4	0.0814825
0.15	0.4	0.0803166
0.1625	0.4	0.0790457
0.175	0.4	0.0776689
0.1875	0.4	0.0761853
0.2	0.4	0.0745938
0.2125	0.4	0.0728932
0.225	0.4	0.0710825
0.2375	0.4	0.0691603
0.25	0.4	0.0671252
0.2625	0.4	0.0649758
0.275	0.4	0.0627106
0.2875	0.4	0.0603281
0.3	0.4	0.0578265
0.3125	0.4	0.0552041
0.325	0.4	0.0524592
0.3375	0.4	0.0495899
0.35	0.4	0.0465941
0.3625	0.4	0.04347
0.375	0.4	0.0402154
0.3875	0.4	0.0368282
0.4	0.4	0.0333063
0.4125	0.4	0.0296472
0.425	0.4	0.0258489
0.4375	0.4	0.0219089
0.45	0.4	0.0178249
0.4625	0.4	0.0135944
0.475	0.4	0.00921508
0.4875	0.4	0.00468443
0.5	0.4	0
0	0.425	0.0902391
0.0125	0.425	0.0901874
0.025	0.425	0.0900319
0.0375	0.425	0.0897725
0.05	0.425	0.0894092
0.0625	0.425	0.0889417
0.075	0.425	0.0883696
0.0875	0.425	0.0876926
0.1	0.425	0.0869102
0.1125	0.425	0.086022
0.125	0.425	0.0850273
0.1375	0.425	0.0839255
0.15	0.425	0.0827159
0.1625	0.425	0.0813977
0.175	0.425	0.0799701
0.1875	0.425	0.0784321
0.2	0.425	0.0767826
0.2125	0.425	0.0750207
0.225	0.425	0.0731452
0.2375	0.425	0.0711549
0.25	0.425	0.0690486
0.2625	0.425	0.0668247
0.275	0.425	0.0644821
0.2875	0.425	0.0620191
0.3	0.425	0.0594342
0.3125	0.425	0.0567257
0.325	0.425	0.0538921
0.3375	0.425	0.0509316
0.35	0.425	0.0478423
0.3625	0.425	0.0446223
0.375	0.425	0.0412699
0.3875	0.425	0.0377829
0.4	0.425	0.0341594
0.4125	0.425	0.0303972
0.425	0.425	0.0264944
0.4375	0.425	0.0224487
0.45	0.425	0.0182579
0.4625	0.425	0.0139199
0.475	0.425	0.00943243
0.4875	0.425	0.00479321
0.5	0.425	0
0	0.45	0.0927039
0.0125	0.45	0.0926503
0.025	0.45	0.0924895
0.0375	0.45	0.0922212
0.05	0.45	0.0918453
0.0625	0.45	0.0913617
0.075	0.45	0.0907699
0.0875	0.45	0.0900697
0.1	0.45	0.0892607
0.1125	0.45	0.0883422
0.125	0.45	0.0873139
0.1375	0.45	0.086175
0.15	0.45	0.084925
0.1625	0.45	0.0835629
0.175	0.45	0.0820881
0.1875	0.45	0.0804996
0.2	0.45	0.0787965
0.2125	0.45	0.0769778
0.225	0.45	0.0750424
0.2375	0.45	0.0729892
0.25	0.45	0.0708169
0.2625	0.45	0.0685243
0.275	0.45	0.0661101
0.2875	0.45	0.0635728
0.3	0.45	0.0609111
0.3125	0.45	0.0581233
0.325	0.45	0.055208
0.3375	0.45	0.0521634
0.35	0.45	0.048988
0.3625	0.45	0.0456799
0.375	0.45	0.0422375
0.3875	0.45	0.0386588
0.4	0.45	0.034942
0.4125	0.45	0.0310852
0.425	0.45	0.0270864
0.4375	0.45	0.0229437
0.45	0.45	0.018655
0.4625	0.45	0.0142184
0.475	0.45	0.00963171
0.4875	0.45	0.00489294
0.5	0.45	0
0	0.475	0.0949731
0.0125	0.475	0.0949179
0.025	0.475	0.094752
0.0375	0.475	0.0944754
0.05	0.475	0.0940879
0.0625	0.475	0.0935893
0.075	0.475	0.0929793
0.0875	0.475	0.0922577
0.1	0.475	0.0914238
0.1125	0.475	0.0904774
0.125	0.475	0.0894179
0.1375	0.475	0.0882447
0.15	0.475	0.0869571
0.1625	0.475	0.0855545
0.175	0.475	0.084036
0.1875	0.475	0.0824008
0.2	0.475	0.0806481
0.2125	0.475	0.0787769
0.225	0.475	0.0767862
0.2375	0.475	0.0746748
0.25	0.475	0.0724417
0.2625	0.475	0.0700857
0.275	0.475	0.0676054
0.2875	0.475	0.0649997
0.3	0.475	0.0622671
0.3125	0.475	0.0594063
0.325	0.475	0.0564157
0.3375	0.475	0.0532939
0.35	0.475	0.0500393
0.3625	0.475	0.0466502
0.375	0.475	0.0431251
0.3875	0.475	0.0394622
0.4	0.475	0.0356597
0.4125	0.475	0.031716
0.425	0.475	0.0276292
0.4375	0.475	0.0233975
0.45	0.475	0.0190191
0.4625	0.475	0.014492
0.475	0.475	0.0098144
0.4875	0.475	0.00498437
0.5	0.475	0
0	0.5	0.09706
0.0125	0.5	0.0970033
0.025	0.5	0.0968328
0.0375	0.5	0.0965485
0.05	0.5	0.0961502
0.0625	0.5	0.0956378
0.075	0.5	0.095011
0.0875	0.5	0.0942694
0.1	0.5	0.0934126
0.1125	0.5	0.0924404
0.125	0.5	0.091352
0.1375	0.5	0.090147
0.15	0.5	0.0888248
0.1625	0.5	0.0873846
0.175	0.5	0.0858258
0.1875	0.5	0.0841476
0.2	0.5	0.0823491
0.2125	0.5	0.0804294
0.225	0.5	0.0783876
0.2375	0.5	0.0762226
0.25	0.5	0.0739334
0.2625	0.5	0.0715189
0.275	0.5	0.0689779
0.2875	0.5	0.0663092
0.3	0.5	0.0635115
0.3125	0.5	0.0605834
0.325	0.5	0.0575237
0.3375	0.5	0.0543308
0.35	0.5	0.0510034
0.3625	0.5	0.04754
0.375	0.5	0.0439389
0.3875	0.5	0.0401987
0.4	0.5	0.0363177
0.4125	0.5	0.0322943
0.425	0.5	0.0281268
0.4375	0.5	0.0238135
0.45	0.5	0.0193527
0.4625	0.5	0.0147427
0.475	0.5	0.00998181
0.4875	0.5	0.00506815
0.5	0.5	0
0	0.525	0.098977
0.0125	0.525	0.0989189
0.025	0.525	0.0987441
0.0375	0.525	0.0984527
0.05	0.525	0.0980445
0.0625	0.525	0.0975193
0.075	0.525	0.0968769
0.0875	0.525	0.0961169
0.1	0.525	0.0952391
0.1125	0.525	0.0942429
0.125	0.525	0.0931279
0.1375	0.525	0.0918936
0.15	0.525	0.0905394
0.1625	0.525	0.0890646
0.175	0.525	0.0874686
0.1875	0.525	0.0857507
0.2	0.525	0.08391
0.2125	0.525	0.0819456
0.225	0.525	0.0798568
0.2375	0.525	0.0776425
0.25	0.525	0.0753017
0.2625	0.525	0.0728334
0.275	0.525	0.0702365
0.2875	0.525	0.0675098
0.3	0.525	0.0646522
0.3125	0.525	0.0616624
0.325	0.525	0.0585392
0.3375	0.525	0.0552811
0.35	0.525	0.0518869
0.3625	0.525	0.0483552
0.375	0.525	0.0446845
0.3875	0.525	0.0408734
0.4	0.525	0.0369204
0.4125	0.525	0.0328239
0.425	0.525	0.0285824
0.4375	0.525	0.0241944
0.45	0.525	0.0196583
0.4625	0.525	0.0149724
0.475	0.525	0.0101351
0.4875	0.525	0.00514486
0.5	0.525	0
0	0.55	0.100736
0.0125	0.55	0.100676
0.025	0.55	0.100497
0.0375	0.55	0.100199
0.05	0.55	0.0997821
0.0625	0.55	0.0992451
0.075	0.55	0.0985883
0.0875	0.55	0.0978114
0.1	0.55	0.0969141
0.1125	0.55	0.0958959
0.125	0.55	0.0947564
0.1375	0.55	0.093495
0.15	0.55	0.0921114
0.1625	0.55	0.0906048
0.175	0.55	0.0889746
0.1875	0.55	0.0872201
0.2	0.55	0.0853406
0.2125	0.55	0.0833352
0.225	0.55	0.0812031
0.2375	0.55	0.0789434
0.25	0.55	0.0765553
0.2625	0.55	0.0740376
0.275	0.55	0.0713893
0.2875	0.55	0.0686095
0.3	0.55	0.0656969
0.3125	0.55	0.0626505
0.325	0.55	0.059469
0.3375	0.55	0.0561511
0.35	0.55	0.0526957
0.3625	0.55	0.0491015
0.375	0.55	0.045367
0.3875	0.55	0.0414909
0.4	0.55	0.0374719
0.4125	0.55	0.0333086
0.425	0.55	0.0289994
0.4375	0.55	0.024543
0.45	0.55	0.0199378
0.4625	0.55	0.0151825
0.475	0.55	0.0102754
0.4875	0.55	0.00521505
0.5	0.55	0
0	0.575	0.102346
0.0125	0.575	0.102285
0.025	0.575	0.102103
0.0375	0.575	0.101799
0.05	0.575	0.101373
0.0625	0.575	0.100826
0.075	0.575	0.100156
0.0875	0.575	0.0993631
0.1	0.575	0.0984478
0.1125	0.575	0.0974094
0.125	0.575	0.0962473
0.1375	0.575	0.0949612
0.15	0.575	0.0935505
0.1625	0.575	0.0920147
0.175	0.575	0.090353
0.1875	0.575	0.088565
0.2	0.575	0.0866498
0.2125	0.575	0.0846068
0.225	0.575	0.082435
0.2375	0.575	0.0801338
0.25	0.575	0.0777021
0.2625	0.575	0.0751391
0.275	0.575	0.0724438
0.2875	0.575	0.0696153
0.3	0.575	0.0666524
0.3125	0.575	0.063554
0.325	0.575	0.0603192
0.3375	0.575	0.0569466
0.35	0.575	0.0534352
0.3625	0.575	0.0497837
0.375	0.575	0.0459908
0.3875	0.575	0.0420554
0.4	0.575	0.0379761
0.4125	0.575	0.0337515
0.425	0.575	0.0293805
0.4375	0.575	0.0248615
0.45	0.575	0.0201933
0.4625	0.575	0.0153744
0.475	0.575	0.0104035
0.4875	0.575	0.00527919
0.5	0.575	0
0	0.6	0.103818
0.0125	0.6	0.103757
0.025	0.6	0.103571
0.0375	0.6	0.103261
0.05	0.6	0.102828
0.0625	0.6	0.10227
0.075	0.6	0.101588
0.0875	0.6	0.100781
0.1	0.6	0.0998496
0.1125	0.6	0.0987926
0.125	0.6	0.0976099
0.1375	0.6	0.0963011
0.15	0.6	0.0948656
0.1625	0.6	0.0933029
0.175	0.6	0.0916125
0.1875	0.6	0.0897937
0.2	0.6	0.0878459
0.2125	0.6	0.0857683
0.225	0.6	0.0835603
0.2375	0.6	0.0812209
0.25	0.6	0.0787495
0.2625	0.6	0.076145
0.275	0.6	0.0734067
0.2875	0.6	0.0705336
0.3	0.6	0.0675247
0.3125	0.6	0.0643789
0.325	0.6	0.0610953
0.3375	0.6	0.0576727
0.35	0.6	0.0541101
0.3625	0.6	0.0504063
0.375	0.6	0.0465601
0.3875	0.6	0.0425705
0.4	0.6	0.0384361
0.4125	0.6	0.0341557
0.425	0.6	0.0297282
0.4375	0.6	0.0251522
0.45	0.6	0.0204264
0.4625	0.6	0.0155496
0.475	0.6	0.0105205
0.4875	0.6	0.0053377
0.5	0.6	0
0	0.625	0.105161
0.0125	0.625	0.105098
0.025	0.625	0.10491
0.0375	0.625	0.104595
0.05	0.625	0.104155
0.0625	0.625	0.103588
0.075	0.625	0.102895
0.0875	0.625	0.102075
0.1	0.625	0.101128
0.1125	0.625	0.100054
0.125	0.625	0.0988524
0.1375	0.625	0.0975228
0.15	0.625	0.0960646
0.1625	0.625	0.0944774
0.175	0.625	0.0927607
0.1875	0.625	0.0909138
0.2	0.625	0.0889362
0.2125	0.625	0.0868271
0.225	0.625	0.0845859
0.2375	0.625	0.0822118
0.25	0.625	0.079704
0.2625	0.625	0.0770618
0.275	0.625	0.0742842
0.2875	0.625	0.0713704
0.3	0.625	0.0683194
0.3125	0.625	0.0651304
0.325	0.625	0.0618023
0.3375	0.625	0.0583341
0.35	0.625	0.0547249
0.3625	0.625	0.0509734
0.375	0.625	0.0470787
0.3875	0.625	0.0430396
0.4	0.625	0.0388551
0.4125	0.625	0.0345239
0.425	0.625	0.0300448
0.4375	0.625	0.0254168
0.45	0.625	0.0206387
0.4625	0.625	0.0157091
0.475	0.625	0.0106269
0.4875	0.625	0.00539099
0.5	0.625	0
0	0.65	0.106383
0.0125	0.65	0.106319
0.025	0.65	0.106128
0.0375	0.65	0.105808
0.05	0.65	0.105361
0.0625	0.65	0.104786
0.075	0.65	0.104083
0.0875	0.65	0.103251
0.1	0.65	0.102291
0.1125	0.65	0.101201
0.125	0.65	0.0999825
0.1375	0.65	0.0986339
0.15	0.65	0.097155
0.1625	0.65	0.0955455
0.175	0.65	0.0938048
0.1875	0.65	0.0919324
0.2	0.65	0.0899275
0.2125	0.65	0.0877898
0.225	0.65	0.0855183
0.2375	0.65	0.0831126
0.25	0.65	0.0805717
0.2625	0.65	0.077895
0.275	0.65	0.0750817
0.2875	0.65	0.0721309
0.3	0.65	0.0690418
0.3125	0.65	0.0658134
0.325	0.65	0.0624448
0.3375	0.65	0.0589352
0.35	0.65	0.0552835
0.3625	0.65	0.0514887
0.375	0.65	0.0475499
0.3875	0.65	0.0434659
0.4	0.65	0.0392357
0.4125	0.65	0.0348583
0.425	0.65	0.0303325
0.4375	0.65	0.0256573
0.45	0.65	0.0208315
0.4625	0.65	0.015854
0.475	0.65	0.0107237
0.4875	0.65	0.00543939
0.5	0.65	0
0	0.675	0.10749
0.0125	0.675	0.107426
0.025	0.675	0.107232
0.0375	0.675	0.106908
0.05	0.675	0.106455
0.0625	0.675	0.105873
0.075	0.675	0.10516
0.0875	0.675	0.104318
0.1	0.675	0.103345
0.1125	0.675	0.102241
0.125	0.675	0.101007
0.1375	0.675	0.0996411
0.15	0.675	0.0981436
0.1625	0.675	0.0965138
0.175	0.675	0.0947513
0.1875	0.675	0.0928556
0.2	0.675	0.0908261
0.2125	0.675	0.0886623
0.225	0.675	0.0863634
0.2375	0.675	0.0839289
0.25	0.675	0.0813581
0.2625	0.675	0.0786501
0.275	0.675	0.0758044
0.2875	0.675	0.07282
0.3	0.675	0.0696962
0.3125	0.675	0.0664322
0.325	0.675	0.063027
0.3375	0.675	0.0594797
0.35	0.675	0.0557896
0.3625	0.675	0.0519555
0.375	0.675	0.0479767
0.3875	0.675	0.043852
0.4	0.675	0.0395805
0.4125	0.675	0.0351612
0.425	0.675	0.030593
0.4375	0.675	0.025875
0.45	0.675	0.0210061
0.4625	0.675	0.0159852
0.475	0.675	0.0108113
0.4875	0.675	0.00548323
0.5	0.675	0
0	0.7	0.108491
0.0125	0.7	0.108425
0.025	0.7	0.108229
0.0375	0.7	0.107902
0.05	0.7	0.107444
0.0625	0.7	0.106854
0.075	0.7	0.106134
0.0875	0.7	0.105281
0.1	0.7	0.104297
0.1125	0.7	0.103181
0.125	0.7	0.101932
0.1375	0.7	0.100551
0.15	0.7	0.0990363
0.1625	0.7	0.0973881
0.175	0.7	0.0956059
0.1875	0.7	0.0936892
0.2	0.7	0.0916374
0.2125	0.7	0.08945
0.225	0.7	0.0871264
0.2375	0.7	0.0846659
0.25	0.7	0.082068
0.2625	0.7	0.0793318
0.275	0.7	0.0764568
0.2875	0.7	0.0734421
0.3	0.7	0.070287
0.3125	0.7	0.0669907
0.325	0.7	0.0635524
0.3375	0.7	0.0599712
0.35	0.7	0.0562463
0.3625	0.7	0.0523768
0.375	0.7	0.0483618
0.3875	0.7	0.0442004
0.4	0.7	0.0398916
0.4125	0.7	0.0354345
0.425	0.7	0.0308282
0.4375	0.7	0.0260716
0.45	0.7	0.0211637
0.4625	0.7	0.0161036
0.475	0.7	0.0108903
0.4875	0.7	0.00552278
0.5	0.7	0
0	0.725	0.10939
0.0125	0.725	0.109324
0.025	0.725	0.109126
0.0375	0.725	0.108795
0.05	0.725	0.108332
0.0625	0.725	0.107737
0.075	0.725	0.107008
0.0875	0.725	0.106147
0.1	0.725	0.105153
0.1125	0.725	0.104025
0.125	0.725	0.102764
0.1375	0.725	0.101368
0.15	0.725	0.0998386
0.1625	0.725	0.098174
0.175	0.725	0.0963741
0.1875	0.725	0.0944385
0.2	0.725	0.0923666
0.2125	0.725	0.090158
0.225	0.725	0.0878121
0.2375	0.725	0.0853283
0.25	0.725	0.0827059
0.2625	0.725	0.0799444
0.275	0.725	0.077043
0.2875	0.725	0.074001
0.3	0.725	0.0708178
0.3125	0.725	0.0674925
0.325	0.725	0.0640244
0.3375	0.725	0.0604127
0.35	0.725	0.0566566
0.3625	0.725	0.0527553
0.375	0.725	0.0487078
0.3875	0.725	0.0445134
0.4	0.725	0.0401711
0.4125	0.725	0.0356801
0.425	0.725	0.0310394
0.4375	0.725	0.0262481
0.45	0.725	0.0213052
0.4625	0.725	0.01621
0.475	0.725	0.0109613
0.4875	0.725	0.00555831
0.5	0.725	0
0	0.75	0.110194
0.0125	0.75	0.110127
0.025	0.75	0.109927
0.0375	0.75	0.109593
0.05	0.75	0.109126
0.0625	0.75	0.108525
0.075	0.75	0.10779
0.0875	0.75	0.106921
0.1	0.75	0.105918
0.1125	0.75	0.10478
0.125	0.75	0.103507
0.1375	0.75	0.102099
0.15	0.75	0.100556
0.1625	0.75	0.0988762
0.175	0.75	0.0970604
0.1875	0.75	0.0951079
0.2	0.75	0.0930181
0.2125	0.75	0.0907906
0.225	0.75	0.0884247
0.2375	0.75	0.08592
0.25	0.75	0.0832758
0.2625	0.75	0.0804916
0.275	0.75	0.0775666
0.2875	0.75	0.0745003
0.3	0.75	0.0712919
0.3125	0.75	0.0679408
0.325	0.75	0.0644461
0.3375	0.75	0.0608071
0.35	0.75	0.0570231
0.3625	0.75	0.0530933
0.375	0.75	0.0490169
0.3875	0.75	0.0447929
0.4	0.75	0.0404207
0.4125	0.75	0.0358994
0.425	0.75	0.031228
0.4375	0.75	0.0264057
0.45	0.75	0.0214317
0.4625	0.75	0.016305
0.475	0.75	0.0110247
0.4875	0.75	0.00559004
0.5	0.75	0
0	0.775	0.110907
0.0125	0.775	0.11084
0.025	0.775	0.110638
0.0375	0.775	0.110302
0.05	0.775	0.109831
0.0625	0.775	0.109225
0.075	0.775	0.108484
0.0875	0.775	0.107608
0.1	0.775	0.106596
0.1125	0.775	0.105449
0.125	0.775	0.104166
0.1375	0.775	0.102747
0.15	0.775	0.101192
0.1625	0.775	0.0994991
0.175	0.775	0.0976693
0.1875	0.775	0.0957017
0.2	0.775	0.093596
0.2125	0.775	0.0913516
0.225	0.775	0.0889681
0.2375	0.775	0.0864448
0.25	0.775	0.0837813
0.2625	0.775	0.0809769
0.275	0.775	0.0780311
0.2875	0.775	0.0749431
0.3	0.775	0.0717124
0.3125	0.775	0.0683383
0.325	0.775	0.06482
0.3375	0.775	0.0611569
0.35	0.775	0.0573481
0.3625	0.775	0.0533931
0.375	0.775	0.0492909
0.3875	0.775	0.0450408
0.4	0.775	0.0406421
0.4125	0.775	0.0360938
0.425	0.775	0.0313952
0.4375	0.775	0.0265455
0.45	0.775	0.0215438
0.4625	0.775	0.0163892
0.475	0.775	0.011081
0.4875	0.775	0.00561817
0.5	0.775	0
0	0.8	0.111534
0.0125	0.8	0.111466
0.025	0.8	0.111263
0.0375	0.8	0.110924
0.05	0.8	0.11045
0.0625	0.8	0.10984
0.075	0.8	0.109093
0.0875	0.8	0.108211
0.1	0.8	0.107193
0.1125	0.8	0.106038
0.125	0.8	0.104746
0.1375	0.8	0.103317
0.15	0.8	0.101751
0.1625	0.8	0.100047
0.175	0.8	0.0982043
0.1875	0.8	0.0962236
0.2	0.8	0.0941038
0.2125	0.8	0.0918447
0.225	0.8	0.0894456
0.2375	0.8	0.086906
0.25	0.8	0.0842255
0.2625	0.8	0.0814034
0.275	0.8	0.0784392
0.2875	0.8	0.0753322
0.3	0.8	0.0720819
0.3125	0.8	0.0686875
0.325	0.8	0.0651485
0.3375	0.8	0.0614641
0.35	0.8	0.0576337
0.3625	0.8	0.0536564
0.375	0.8	0.0495317
0.3875	0.8	0.0452586
0.4	0.8	0.0408365
0.4125	0.8	0.0362646
0.425	0.8	0.0315421
0.4375	0.8	0.0266683
0.45	0.8	0.0216422
0.4625	0.8	0.0164632
0.475	0.8	0.0111303
0.4875	0.8	0.00564289
0.5	0.8	0
0	0.825	0.112078
0.0125	0.825	0.11201
0.025	0.825	0.111806
0.0375	0.825	0.111465
0.05	0.825	0.110987
0.0625	0.825	0.110373
0.075	0.825	0.109623
0.0875	0.825	0.108735
0.1	0.825	0.107711
0.1125	0.825	0.106549
0.125	0.825	0.105249
0.1375	0.825	0.103812
0.15	0.825	0.102236
0.1625	0.825	0.100522
0.175	0.825	0.0986689
0.1875	0.825	0.0966767
0.2	0.825	0.0945448
0.2125	0.825	0.0922728
0.225	0.825	0.0898602
0.2375	0.825	0.0873064
0.25	0.825	0.0846111
0.2625	0.825	0.0817736
0.275	0.825	0.0787935
0.2875	0.825	0.07567
0.3	0.825	0.0724026
0.3125	0.825	0.0689908
0.325	0.825	0.0654337
0.3375	0.825	0.0617309
0.35	0.825	0.0578816
0.3625	0.825	0.0538851
0.375	0.825	0.0497407
0.3875	0.825	0.0454477
0.4	0.825	0.0410053
0.4125	0.825	0.0364129
0.425	0.825	0.0316697
0.4375	0.825	0.0267749
0.45	0.825	0.0217277
0.4625	0.825	0.0165274
0.475	0.825	0.0111732
0.4875	0.825	0.00566434
0.5	0.825	0
0	0.85	0.112543
0.0125	0.85	0.112475
0.025	0.85	0.112269
0.0375	0.85	0.111927
0.05	0.85	0.111447
0.0625	0.85	0.11083
0.075	0.85	0.110075
0.0875	0.85	0.109183
0.1	0.85	0.108153
0.1125	0.85	0.106985
0.125	0.85	0.105679
0.1375	0.85	0.104234
0.15	0.85	0.102651
0.1625	0.85	0.100928
0.175	0.85	0.099066
0.1875	0.85	0.0970639
0.2	0.85	0.0949216
0.2125	0.85	0.0926386
0.225	0.85	0.0902144
0.2375	0.85	0.0876486
0.25	0.85	0.0849406
0.2625	0.85	0.08209
0.275	0.85	0.0790962
0.2875	0.85	0.0759586
0.3	0.85	0.0726767
0.3125	0.85	0.0692499
0.325	0.85	0.0656774
0.3375	0.85	0.0619588
0.35	0.85	0.0580934
0.3625	0.85	0.0540804
0.375	0.85	0.0499192
0.3875	0.85	0.0456092
0.4	0.85	0.0411495
0.4125	0.85	0.0365396
0.425	0.85	0.0317786
0.4375	0.85	0.0268659
0.45	0.85	0.0218007
0.4625	0.85	0.0165823
0.475	0.85	0.0112098
0.4875	0.85	0.00568267
0.5	0.85	0
0	0.875	0.112932
0.0125	0.875	0.112863
0.025	0.875	0.112657
0.0375	0.875	0.112313
0.05	0.875	0.111831
0.0625	0.875	0.111211
0.075	0.875	0.110453
0.0875	0.875	0.109557
0.1	0.875	0.108523
0.1125	0.875	0.10735
0.125	0.875	0.106038
0.1375	0.875	0.104588
0.15	0.875	0.102998
0.1625	0.875	0.101268
0.175	0.875	0.0993979
0.1875	0.875	0.0973876
0.2	0.875	0.0952366
0.2125	0.875	0.0929444
0.225	0.875	0.0905105
0.2375	0.875	0.0879346
0.25	0.875	0.0852161
0.2625	0.875	0.0823545
0.275	0.875	0.0793493
0.2875	0.875	0.0761999
0.3	0.875	0.0729058
0.3125	0.875	0.0694664
0.325	0.875	0.0658811
0.3375	0.875	0.0621493
0.35	0.875	0.0582704
0.3625	0.875	0.0542436
0.375	0.875	0.0500685
0.3875	0.875	0.0457442
0.4	0.875	0.0412701
0.4125	0.875	0.0366455
0.425	0.875	0.0318697
0.4375	0.875	0.026942
0.45	0.875	0.0218618
0.4625	0.875	0.0166281
0.475	0.875	0.0112405
0.4875	0.875	0.00569799
0.5	0.875	0
0	0.9	0.113247
0.0125	0.9	0.113178
0.025	0.9	0.112971
0.0375	0.9	0.112626
0.05	0.9	0.112142
0.0625	0.9	0.11152
0.075	0.9	0.11076
0.0875	0.9	0.109861
0.1	0.9	0.108823
0.1125	0.9	0.107646
0.125	0.9	0.10633
0.1375	0.9	0.104874
0.15	0.9	0.103278
0.1625	0.9	0.101543
0.175	0.9	0.0996667
0.1875	0.9	0.0976498
0.2	0.9	0.0954917
0.2125	0.9	0.0931921
0.225	0.9	0.0907504
0.2375	0.9	0.0881662
0.25	0.9	0.0854392
0.2625	0.9	0.0825687
0.275	0.9	0.0795542
0.2875	0.9	0.0763953
0.3	0.9	0.0730913
0.3125	0.9	0.0696418
0.325	0.9	0.0660461
0.3375	0.9	0.0623036
0.35	0.9	0.0584137
0.3625	0.9	0.0543759
0.375	0.9	0.0501893
0.3875	0.9	0.0458535
0.4	0.9	0.0413677
0.4125	0.9	0.0367312
0.425	0.9	0.0319435
0.4375	0.9	0.0270037
0.45	0.9	0.0219112
0.4625	0.9	0.0166653
0.475	0.9	0.0112652
0.4875	0.9	0.00571039
0.5	0.9	0
0	0.925	0.11349
0.0125	0.925	0.113421
0.025	0.925	0.113213
0.0375	0.925	0.112867
0.05	0.925	0.112382
0.0625	0.925	0.111759
0.075	0.925	0.110996
0.0875	0.925	0.110095
0.1	0.925	0.109054
0.1125	0.925	0.107874
0.125	0.925	0.106554
0.1375	0.925	0.105095
0.15	0.925	0.103495
0.1625	0.925	0.101755
0.175	0.925	0.0998741
0.1875	0.925	0.097852
0.2	0.925	0.0956885
0.2125	0.925	0.0933831
0.225	0.925	0.0909354
0.2375	0.925	0.088345
0.25	0.925	0.0856113
0.2625	0.925	0.0827339
0.275	0.925	0.0797123
0.2875	0.925	0.076546
0.3	0.925	0.0732345
0.3125	0.925	0.0697771
0.325	0.925	0.0661733
0.3375	0.925	0.0624226
0.35	0.925	0.0585243
0.3625	0.925	0.0544778
0.375	0.925	0.0502826
0.3875	0.925	0.0459378
0.4	0.925	0.041443
0.4125	0.925	0.0367974
0.425	0.925	0.0320004
0.4375	0.925	0.0270512
0.45	0.925	0.0219493
0.4625	0.925	0.0166939
0.475	0.925	0.0112844
0.4875	0.925	0.00571996
0.5	0.925	0
0	0.95	0.113663
0.0125	0.95	0.113593
0.025	0.95	0.113385
0.0375	0.95	0.113038
0.05	0.95	0.112553
0.0625	0.95	0.111928
0.075	0.95	0.111164
0.0875	0.95	0.110261
0.1	0.95	0.109218
0.1125	0.95	0.108036
0.125	0.95	0.106714
0.1375	0.95	0.105252
0.15	0.95	0.103649
0.1625	0.95	0.101906
0.175	0.95	0.100021
0.1875	0.95	0.0979957
0.2	0.95	0.0958283
0.2125	0.95	0.0935188
0.225	0.95	0.0910668
0.2375	0.95	0.0884718
0.25	0.95	0.0857335
0.2625	0.95	0.0828512
0.275	0.95	0.0798246
0.2875	0.95	0.076653
0.3	0.95	0.0733361
0.3125	0.95	0.0698731
0.325	0.95	0.0662637
0.3375	0.95	0.0625071
0.35	0.95	0.0586028
0.3625	0.95	0.0545503
0.375	0.95	0.0503488
0.3875	0.95	0.0459977
0.4	0.95	0.0414964
0.4125	0.95	0.0368443
0.425	0.95	0.0320407
0.4375	0.95	0.027085
0.45	0.95	0.0219764
0.4625	0.95	0.0167143
0.475	0.95	0.0112979
0.4875	0.95	0.00572676
0.5	0.95	0
0	0.975	0.113766
0.0125	0.975	0.113697
0.025	0.975	0.113488
0.0375	0.975	0.113141
0.05	0.975	0.112655
0.0625	0.975	0.112029
0.075	0.975	0.111264
0.0875	0.975	0.11036
0.1	0.975	0.109316
0.1125	0.975	0.108133
0.125	0.975	0.106809
0.1375	0.975	0.105345
0.15	0.975	0.103741
0.1625	0.975	0.101996
0.175	0.975	0.100109
0.1875	0.975	0.0980815
0.2	0.975	0.0959118
0.2125	0.975	0.0935999
0.225	0.975	0.0911453
0.2375	0.975	0.0885477
0.25	0.975	0.0858065
0.2625	0.975	0.0829213
0.275	0.975	0.0798917
0.2875	0.975	0.076717
0.3	0.975	0.0733968
0.3125	0.975	0.0699306
0.325	0.975	0.0663177
0.3375	0.975	0.0625576
0.35	0.975	0.0586498
0.3625	0.975	0.0545935
0.375	0.975	0.0503883
0.3875	0.975	0.0460335
0.4	0.975	0.0415284
0.4125	0.975	0.0368724
0.425	0.975	0.0320649
0.4375	0.975	0.0271052
0.45	0.975	0.0219926
0.4625	0.975	0.0167264
0.475	0.975	0.0113061
0.4875	0.975	0.00573082
0.5	0.975	0
0	1	0.1138
0.0125	1	0.113731
0.025	1	0.113523
0.0375	1	0.113175
0.05	1	0.112689
0.0625	1	0.112063
0.075	1	0.111298
0.0875	1	0.110393
0.1	1	0.109349
0.1125	1	0.108165
0.125	1	0.106841
0.1375	1	0.105377
0.15	1	0.103772
0.1625	1	0.102026
0.175	1	0.100139
0.1875	1	0.0981101
0.2	1	0.0959397
0.2125	1	0.0936269
0.225	1	0.0911715
0.2375	1	0.088573
0.25	1	0.0858309
0.2625	1	0.0829447
0.275	1	0.079914
0.2875	1	0.0767383
0.3	1	0.0734171
0.3125	1	0.0699497
0.325	1	0.0663357
0.3375	1	0.0625745
0.35	1	0.0586654
0.3625	1	0.054608
0.375	1	0.0504015
0.3875	1	0.0460454
0.4	1	0.0415391
0.4125	1	0.0368818
0.425	1	0.0320729
0.4375	1	0.0271119
0.45	1	0.021998
0.4625	1	0.0167305
0.475	1	0.0113088
0.4875	1	0.00573217
0.5	1	0
