0	0	0
0.00125	0	0
0.0025	0	0
0.00375	0	0
0.005	0	0
0.00625	0	0
0.0075	0	0
0.00875	0	0
0.01	0	0
0.01125	0	0
0.0125	0	0
0.01375	0	0
0.015	0	0
0.01625	0	0
0.0175	0	0
0.01875	0	0
0.02	0	0
0.02125	0	0
0.0225	0	0
0.02375	0	0
0.025	0	0
0.02625	0	0
0.0275	0	0
0.02875	0	0
0.03	0	0
0.03125	0	0
0.0325	0	0
0.03375	0	0
0.035	0	0
0.03625	0	0
0.0375	0	0
0.03875	0	0
0.04	0	0
0.04125	0	0
0.0425	0	0
0.04375	0	0
0.045	0	0
0.04625	0	0
0.0475	0	0
0.04875	0	0
0.05	0	0
0	0.0125	0.00345255
0.00210067	0.0125	0.00345155
0.00420133	0.0125	0.00344852
0.006302	0.0125	0.00344343
0.00840266	0.0125	0.00343621
0.0105033	0.0125	0.00342678
0.012604	0.0125	0.00341502
0.0147047	0.0125	0.00340079
0.0168053	0.0125	0.00338392
0.018906	0.0125	0.00336423
0.0210067	0.0125	0.00334149
0.0231073	0.0125	0.00331548
0.025208	0.0125	0.00328595
0.0273087	0.0125	0.00325264
0.0294093	0.0125	0.00321525
0.03151	0.0125	0.00317353
0.0336107	0.0125	0.00312716
0.0357113	0.0125	0.00307587
0.037812	0.0125	0.00301936
0.0399127	0.0125	0.00295735
0.0420133	0.0125	0.00288956
0.044114	0.0125	0.00281571
0.0462147	0.0125	0.00273556
0.0483153	0.0125	0.00264886
0.050416	0.0125	0.00255536
0.0525167	0.0125	0.00245486
0.0546173	0.0125	0.00234714
0.056718	0.0125	0.00223201
0.0588187	0.0125	0.0021093
0.0609193	0.0125	0.00197885
0.06302	0.0125	0.0018405
0.0651206	0.0125	0.00169413
0.0672213	0.0125	0.00153962
0.069322	0.0125	0.00137685
0.0714226	0.0125	0.00120575
0.0735233	0.0125	0.00102621
0.075624	0.0125	0.000838177
0.0777246	0.0125	0.000641586
0.0798253	0.0125	0.000436385
0.081926	0.0125	0.000222534
0.0840266	0.0125	0
0	0.025	0.00682026
0.00295133	0.025	0.00681725
0.00590266	0.025	0.00680818
0.008854	0.025	0.00679295
0.0118053	0.025	0.00677143
0.0147567	0.025	0.00674341
0.017708	0.025	0.00670864
0.0206593	0.025	0.0066668
0.0236107	0.025	0.00661757
0.026562	0.025	0.00656058
0.0295133	0.025	0.00649545
0.0324647	0.025	0.00642178
0.035416	0.025	0.00633919
0.0383673	0.025	0.00624728
0.0413187	0.025	0.0061457
0.04427	0.025	0.00603412
0.0472213	0.025	0.00591224
0.0501726	0.025	0.00577982
0.053124	0.025	0.00563666
0.0560753	0.025	0.00548261
0.0590266	0.025	0.00531756
0.061978	0.025	0.0051415
0.0649293	0.025	0.00495441
0.0678806	0.025	0.0047564
0.070832	0.025	0.00454756
0.0737833	0.025	0.00432809
0.0767346	0.025	0.0040982
0.079686	0.025	0.00385816
0.0826373	0.025	0.00360829
0.0855886	0.025	0.00334894
0.08854	0.025	0.0030805
0.0914913	0.025	0.00280337
0.0944426	0.025	0.00251802
0.097394	0.025	0.00222492
0.100345	0.025	0.00192456
0.103297	0.025	0.00161745
0.106248	0.025	0.00130414
0.109199	0.025	0.000985178
0.112151	0.025	0.000661116
0.115102	0.025	0.00033253
0.118053	0.025	0
0	0.0375	0.0101401
0.003802	0.0375	0.0101344
0.007604	0.0375	0.0101174
0.011406	0.0375	0.0100889
0.015208	0.0375	0.0100488
0.01901	0.0375	0.00999669
0.022812	0.0375	0.00993231
0.026614	0.0375	0.00985527
0.030416	0.0375	0.0097652
0.034218	0.0375	0.00966166
0.03802	0.0375	0.00954428
0.041822	0.0375	0.00941269
0.045624	0.0375	0.00926657
0.049426	0.0375	0.00910566
0.053228	0.0375	0.00892976
0.05703	0.0375	0.00873876
0.060832	0.0375	0.00853263
0.064634	0.0375	0.00831142
0.068436	0.0375	0.00807526
0.072238	0.0375	0.00782438
0.07604	0.0375	0.00755907
0.079842	0.0375	0.0072797
0.083644	0.0375	0.00698668
0.087446	0.0375	0.0066805
0.091248	0.0375	0.00636168
0.09505	0.0375	0.00603077
0.098852	0.0375	0.00568835
0.102654	0.0375	0.00533502
0.106456	0.0375	0.00497138
0.110258	0.0375	0.00459803
0.11406	0.0375	0.00421555
0.117862	0.0375	0.00382453
0.121664	0.0375	0.00342551
0.125466	0.0375	0.00301901
0.129268	0.0375	0.00260552
0.13307	0.0375	0.0021855
0.136872	0.0375	0.00175935
0.140674	0.0375	0.00132744
0.144476	0.0375	0.000890073
0.148278	0.0375	0.000447522
0.15208	0.0375	0
0	0.05	0.013426
0.00465266	0.05	0.0134173
0.00930533	0.05	0.0133913
0.013958	0.05	0.0133479
0.0186107	0.05	0.0132867
0.0232633	0.05	0.0132075
0.027916	0.05	0.0131101
0.0325687	0.05	0.012994
0.0372213	0.05	0.012859
0.041874	0.05	0.0127047
0.0465266	0.05	0.0125309
0.0511793	0.05	0.0123373
0.055832	0.05	0.0121241
0.0604846	0.05	0.011891
0.0651373	0.05	0.0116383
0.06979	0.05	0.0113662
0.0744426	0.05	0.011075
0.0790953	0.05	0.0107652
0.083748	0.05	0.0104372
0.0884006	0.05	0.0100917
0.0930533	0.05	0.00972938
0.097706	0.05	0.00935088
0.102359	0.05	0.00895695
0.107011	0.05	0.00854838
0.111664	0.05	0.00812591
0.116317	0.05	0.00769032
0.120969	0.05	0.00724233
0.125622	0.05	0.00678268
0.130275	0.05	0.00631204
0.134927	0.05	0.00583106
0.13958	0.05	0.00534035
0.144233	0.05	0.00484047
0.148885	0.05	0.00433193
0.153538	0.05	0.0038152
0.158191	0.05	0.00329071
0.162843	0.05	0.00275885
0.167496	0.05	0.00221996
0.172149	0.05	0.00167436
0.176801	0.05	0.00112232
0.181454	0.05	0.000564124
0.186107	0.05	0
0	0.0625	0.0166807
0.00550333	0.0625	0.0166689
0.0110067	0.0625	0.0166333
0.01651	0.0625	0.0165739
0.0220133	0.0625	0.0164904
0.0275167	0.0625	0.0163827
0.03302	0.0625	0.0162505
0.0385233	0.0625	0.0160936
0.0440266	0.0625	0.0159118
0.04953	0.0625	0.0157051
0.0550333	0.0625	0.0154734
0.0605366	0.0625	0.0152169
0.06604	0.0625	0.0149357
0.0715433	0.0625	0.0146303
0.0770466	0.0625	0.0143011
0.08255	0.0625	0.0139487
0.0880533	0.0625	0.0135738
0.0935566	0.0625	0.0131773
0.0990599	0.0625	0.01276
0.104563	0.0625	0.0123227
0.110067	0.0625	0.0118665
0.11557	0.0625	0.0113923
0.121073	0.0625	0.0109011
0.126577	0.0625	0.0103937
0.13208	0.0625	0.00987114
0.137583	0.0625	0.00933421
0.143087	0.0625	0.00878373
0.14859	0.0625	0.00822048
0.154093	0.0625	0.00764519
0.159597	0.0625	0.0070585
0.1651	0.0625	0.00646105
0.170603	0.0625	0.00585339
0.176107	0.0625	0.00523604
0.18161	0.0625	0.0046095
0.187113	0.0625	0.0039742
0.192617	0.0625	0.00333055
0.19812	0.0625	0.00267896
0.203623	0.0625	0.00201976
0.209127	0.0625	0.00135333
0.21463	0.0625	0.000679966
0.220133	0.0625	0
0	0.075	0.0199017
0.006354	0.075	0.0198866
0.012708	0.075	0.0198411
0.019062	0.075	0.0197652
0.025416	0.075	0.0196588
0.03177	0.075	0.0195218
0.038124	0.075	0.0193541
0.044478	0.075	0.0191557
0.050832	0.075	0.0189266
0.057186	0.075	0.018667
0.06354	0.075	0.0183772
0.069894	0.075	0.0180576
0.076248	0.075	0.0177089
0.082602	0.075	0.0173318
0.088956	0.075	0.016927
0.0953099	0.075	0.0164957
0.101664	0.075	0.0160388
0.108018	0.075	0.0155574
0.114372	0.075	0.0150526
0.120726	0.075	0.0145257
0.12708	0.075	0.0139778
0.133434	0.075	0.01341
0.139788	0.075	0.0128235
0.146142	0.075	0.0122192
0.152496	0.075	0.0115982
0.15885	0.075	0.0109615
0.165204	0.075	0.0103098
0.171558	0.075	0.00964411
0.177912	0.075	0.00896511
0.184266	0.075	0.00827353
0.19062	0.075	0.00757004
0.196974	0.075	0.00685527
0.203328	0.075	0.00612978
0.209682	0.075	0.00539413
0.216036	0.075	0.00464884
0.22239	0.075	0.00389437
0.228744	0.075	0.00313121
0.235098	0.075	0.00235978
0.241452	0.075	0.0015805
0.247806	0.075	0.000793783
0.25416	0.075	0
0	0.0875	0.0230839
0.00720466	0.0875	0.0230654
0.0144093	0.0875	0.0230099
0.021614	0.0875	0.0229173
0.0288187	0.0875	0.0227877
0.0360233	0.0875	0.0226211
0.043228	0.0875	0.0224176
0.0504326	0.0875	0.0221775
0.0576373	0.0875	0.0219009
0.064842	0.0875	0.0215885
0.0720466	0.0875	0.0212408
0.0792513	0.0875	0.0208587
0.086456	0.0875	0.0204431
0.0936606	0.0875	0.0199951
0.100865	0.0875	0.0195158
0.10807	0.0875	0.0190067
0.115275	0.0875	0.0184689
0.122479	0.0875	0.017904
0.129684	0.0875	0.0173132
0.136889	0.0875	0.016698
0.144093	0.0875	0.0160597
0.151298	0.0875	0.0153996
0.158503	0.0875	0.0147189
0.165707	0.0875	0.0140188
0.172912	0.0875	0.0133004
0.180117	0.0875	0.0125647
0.187321	0.0875	0.0118128
0.194526	0.0875	0.0110454
0.201731	0.0875	0.0102636
0.208935	0.0875	0.00946803
0.21614	0.0875	0.00865949
0.223345	0.0875	0.0078387
0.230549	0.0875	0.00700631
0.237754	0.0875	0.00616297
0.244959	0.0875	0.00530927
0.252163	0.0875	0.00444579
0.259368	0.0875	0.00357307
0.266573	0.0875	0.00269165
0.273777	0.0875	0.00180201
0.280982	0.0875	0.000904644
0.288187	0.0875	0
0	0.1	0.0262214
0.00805533	0.1	0.0261996
0.0161107	0.1	0.026134
0.024166	0.1	0.0260246
0.0322213	0.1	0.0258717
0.0402766	0.1	0.0256754
0.048332	0.1	0.0254361
0.0563873	0.1	0.0251542
0.0644426	0.1	0.0248303
0.072498	0.1	0.0244653
0.0805533	0.1	0.0240602
0.0886086	0.1	0.023616
0.0966639	0.1	0.0231341
0.104719	0.1	0.0226159
0.112775	0.1	0.022063
0.12083	0.1	0.0214768
0.128885	0.1	0.0208592
0.136941	0.1	0.0202116
0.144996	0.1	0.0195358
0.153051	0.1	0.0188332
0.161107	0.1	0.0181053
0.169162	0.1	0.0173537
0.177217	0.1	0.0165797
0.185273	0.1	0.0157847
0.193328	0.1	0.0149697
0.201383	0.1	0.014136
0.209439	0.1	0.0132847
0.217494	0.1	0.0124168
0.225549	0.1	0.0115332
0.233605	0.1	0.0106349
0.24166	0.1	0.00972277
0.249715	0.1	0.00879756
0.257771	0.1	0.00786007
0.265826	0.1	0.00691103
0.273881	0.1	0.00595116
0.281937	0.1	0.00498113
0.289992	0.1	0.00400157
0.298047	0.1	0.0030131
0.306102	0.1	0.0020163
0.314158	0.1	0.00101176
0.322213	0.1	0
0	0.1125	0.0293083
0.00890599	0.1125	0.0292831
0.017812	0.1125	0.0292073
0.026718	0.1125	0.0290812
0.035624	0.1125	0.028905
0.04453	0.1125	0.028679
0.053436	0.1125	0.0284039
0.062342	0.1125	0.0280804
0.071248	0.1125	0.0277094
0.080154	0.1125	0.027292
0.0890599	0.1125	0.0268297
0.0979659	0.1125	0.0263239
0.106872	0.1125	0.0257762
0.115778	0.1125	0.0251884
0.124684	0.1125	0.0245624
0.13359	0.1125	0.0239
0.142496	0.1125	0.0232032
0.151402	0.1125	0.0224737
0.160308	0.1125	0.0217134
0.169214	0.1125	0.0209241
0.17812	0.1125	0.0201075
0.187026	0.1125	0.0192651
0.195932	0.1125	0.0183986
0.204838	0.1125	0.0175094
0.213744	0.1125	0.0165988
0.22265	0.1125	0.0156681
0.231556	0.1125	0.0147185
0.240462	0.1125	0.0137513
0.249368	0.1125	0.0127675
0.258274	0.1125	0.0117681
0.26718	0.1125	0.0107542
0.276086	0.1125	0.00972659
0.284992	0.1125	0.00868626
0.293898	0.1125	0.00763405
0.302804	0.1125	0.00657076
0.31171	0.1125	0.00549718
0.320616	0.1125	0.00441405
0.329522	0.1125	0.00332209
0.338428	0.1125	0.00222199
0.347334	0.1125	0.00111442
0.35624	0.1125	0
0	0.125	0.0323386
0.00975666	0.125	0.0323101
0.0195133	0.125	0.0322242
0.02927	0.125	0.0320813
0.0390266	0.125	0.0318817
0.0487833	0.125	0.0316261
0.05854	0.125	0.0313153
0.0682966	0.125	0.0309502
0.0780533	0.125	0.0305323
0.0878099	0.125	0.0300629
0.0975666	0.125	0.0295437
0.107323	0.125	0.0289766
0.11708	0.125	0.0283635
0.126837	0.125	0.0277066
0.136593	0.125	0.027008
0.14635	0.125	0.0262698
0.156107	0.125	0.0254942
0.165863	0.125	0.0246834
0.17562	0.125	0.0238392
0.185377	0.125	0.0229639
0.195133	0.125	0.0220591
0.20489	0.125	0.0211268
0.214647	0.125	0.0201686
0.224403	0.125	0.0191861
0.23416	0.125	0.0181809
0.243917	0.125	0.0171544
0.253673	0.125	0.016108
0.26343	0.125	0.015043
0.273187	0.125	0.0139607
0.282943	0.125	0.0128622
0.2927	0.125	0.0117486
0.302456	0.125	0.0106211
0.312213	0.125	0.00948061
0.32197	0.125	0.00832816
0.331726	0.125	0.00716467
0.341483	0.125	0.00599104
0.35124	0.125	0.00480814
0.360996	0.125	0.00361681
0.370753	0.125	0.00241783
0.38051	0.125	0.00121198
0.390266	0.125	0
0	0.1375	0.035307
0.0106073	0.1375	0.0352751
0.0212147	0.1375	0.0351791
0.031822	0.1375	0.0350194
0.0424293	0.1375	0.0347965
0.0530366	0.1375	0.0345113
0.063644	0.1375	0.0341648
0.0742513	0.1375	0.0337584
0.0848586	0.1375	0.0332936
0.0954659	0.1375	0.0327722
0.106073	0.1375	0.0321964
0.116681	0.1375	0.0315682
0.127288	0.1375	0.0308901
0.137895	0.1375	0.0301643
0.148503	0.1375	0.0293935
0.15911	0.1375	0.0285799
0.169717	0.1375	0.027726
0.180325	0.1375	0.0268343
0.190932	0.1375	0.0259069
0.201539	0.1375	0.024946
0.212147	0.1375	0.0239538
0.222754	0.1375	0.0229322
0.233361	0.1375	0.0218832
0.243969	0.1375	0.0208086
0.254576	0.1375	0.01971
0.265183	0.1375	0.0185891
0.275791	0.1375	0.0174474
0.286398	0.1375	0.0162864
0.297005	0.1375	0.0151076
0.307612	0.1375	0.0139122
0.31822	0.1375	0.0127015
0.328827	0.1375	0.0114768
0.339434	0.1375	0.0102392
0.350042	0.1375	0.00898984
0.360649	0.1375	0.00772977
0.371256	0.1375	0.00646005
0.381864	0.1375	0.00518165
0.392471	0.1375	0.00389555
0.403078	0.1375	0.00260265
0.413686	0.1375	0.00130385
0.424293	0.1375	0
0	0.15	0.0382084
0.011458	0.15	0.0381731
0.022916	0.15	0.0380669
0.034374	0.15	0.0378904
0.045832	0.15	0.0376442
0.05729	0.15	0.0373294
0.068748	0.15	0.0369473
0.080206	0.15	0.0364995
0.0916639	0.15	0.035988
0.103122	0.15	0.0354148
0.11458	0.15	0.0347825
0.126038	0.15	0.0340934
0.137496	0.15	0.0333504
0.148954	0.15	0.032556
0.160412	0.15	0.0317131
0.17187	0.15	0.0308245
0.183328	0.15	0.0298927
0.194786	0.15	0.0289204
0.206244	0.15	0.0279102
0.217702	0.15	0.0268645
0.22916	0.15	0.0257855
0.240618	0.15	0.0246756
0.252076	0.15	0.0235368
0.263534	0.15	0.0223711
0.274992	0.15	0.0211804
0.28645	0.15	0.0199666
0.297908	0.15	0.0187314
0.309366	0.15	0.0174765
0.320824	0.15	0.0162034
0.332282	0.15	0.0149136
0.34374	0.15	0.0136086
0.355198	0.15	0.0122898
0.366656	0.15	0.0109584
0.378114	0.15	0.00961581
0.389572	0.15	0.00826319
0.40103	0.15	0.00690172
0.412488	0.15	0.00553254
0.423946	0.15	0.00415674
0.435404	0.15	0.00277538
0.446862	0.15	0.00138947
0.45832	0.15	0
0	0.1625	0.0410381
0.0123087	0.1625	0.0409993
0.0246173	0.1625	0.040883
0.036926	0.1625	0.0406897
0.0492346	0.1625	0.0404202
0.0615433	0.1625	0.0400757
0.073852	0.1625	0.039658
0.0861606	0.1625	0.0391689
0.0984693	0.1625	0.0386106
0.110778	0.1625	0.0379857
0.123087	0.1625	0.0372968
0.135395	0.1625	0.036547
0.147704	0.1625	0.0357391
0.160013	0.1625	0.0348763
0.172321	0.1625	0.0339616
0.18463	0.1625	0.0329981
0.196939	0.1625	0.0319887
0.209247	0.1625	0.0309364
0.221556	0.1625	0.0298438
0.233865	0.1625	0.0287138
0.246173	0.1625	0.0275488
0.258482	0.1625	0.0263514
0.270791	0.1625	0.0251238
0.283099	0.1625	0.0238684
0.295408	0.1625	0.0225871
0.307716	0.1625	0.0212821
0.320025	0.1625	0.0199553
0.332334	0.1625	0.0186086
0.344642	0.1625	0.0172436
0.356951	0.1625	0.0158622
0.36926	0.1625	0.0144659
0.381568	0.1625	0.0130563
0.393877	0.1625	0.0116349
0.406186	0.1625	0.010203
0.418494	0.1625	0.00876223
0.430803	0.1625	0.00731377
0.443112	0.1625	0.00585892
0.45542	0.1625	0.00439895
0.467729	0.1625	0.00293503
0.480038	0.1625	0.00146834
0.492346	0.1625	0
0	0.175	0.0437918
0.0131593	0.175	0.0437497
0.0263187	0.175	0.0436232
0.039478	0.175	0.043413
0.0526373	0.175	0.0431201
0.0657966	0.175	0.042746
0.078956	0.175	0.0422925
0.0921153	0.175	0.041762
0.105275	0.175	0.0411569
0.118434	0.175	0.0404801
0.131593	0.175	0.0397348
0.144753	0.175	0.0389242
0.157912	0.175	0.0380515
0.171071	0.175	0.0371203
0.184231	0.175	0.0361339
0.19739	0.175	0.0350957
0.210549	0.175	0.034009
0.223709	0.175	0.0328769
0.236868	0.175	0.0317025
0.250027	0.175	0.0304888
0.263187	0.175	0.0292386
0.276346	0.175	0.0279546
0.289505	0.175	0.0266394
0.302664	0.175	0.0252955
0.315824	0.175	0.0239252
0.328983	0.175	0.0225309
0.342142	0.175	0.0211145
0.355302	0.175	0.0196783
0.368461	0.175	0.0182242
0.38162	0.175	0.016754
0.39478	0.175	0.0152697
0.407939	0.175	0.0137729
0.421098	0.175	0.0122654
0.434258	0.175	0.0107487
0.447417	0.175	0.00922438
0.460576	0.175	0.00769402
0.473736	0.175	0.00615902
0.486895	0.175	0.00462079
0.500054	0.175	0.00308068
0.513214	0.175	0.00153999
0.526373	0.175	0
0	0.1875	0.0464657
0.01401	0.1875	0.0464202
0.02802	0.1875	0.0462835
0.04203	0.1875	0.0460563
0.05604	0.1875	0.0457399
0.07005	0.1875	0.045336
0.0840599	0.1875	0.0448467
0.0980699	0.1875	0.0442746
0.11208	0.1875	0.0436226
0.12609	0.1875	0.0428939
0.1401	0.1875	0.042092
0.15411	0.1875	0.0412205
0.16812	0.1875	0.040283
0.18213	0.1875	0.0392834
0.19614	0.1875	0.0382254
0.21015	0.1875	0.0371126
0.22416	0.1875	0.0359487
0.23817	0.1875	0.0347372
0.25218	0.1875	0.0334815
0.26619	0.1875	0.0321847
0.2802	0.1875	0.03085
0.29421	0.1875	0.0294805
0.30822	0.1875	0.0280788
0.32223	0.1875	0.0266479
0.33624	0.1875	0.0251902
0.35025	0.1875	0.0237084
0.36426	0.1875	0.0222047
0.37827	0.1875	0.0206815
0.39228	0.1875	0.019141
0.40629	0.1875	0.0175853
0.4203	0.1875	0.0160164
0.43431	0.1875	0.0144364
0.44832	0.1875	0.0128469
0.46233	0.1875	0.01125
0.47634	0.1875	0.00964729
0.49035	0.1875	0.00804048
0.50436	0.1875	0.0064312
0.51837	0.1875	0.00482101
0.53238	0.1875	0.00321145
0.54639	0.1875	0.00160397
0.5604	0.1875	0
0	0.2	0.0490563
0.0148607	0.2	0.0490073
0.0297213	0.2	0.0488603
0.044582	0.2	0.0486161
0.0594426	0.2	0.0482761
0.0743033	0.2	0.0478423
0.0891639	0.2	0.047317
0.104025	0.2	0.0467031
0.118885	0.2	0.046004
0.133746	0.2	0.0452232
0.148607	0.2	0.0443644
0.163467	0.2	0.0434318
0.178328	0.2	0.0424294
0.193189	0.2	0.0413613
0.208049	0.2	0.0402316
0.22291	0.2	0.0390443
0.237771	0.2	0.0378035
0.252631	0.2	0.0365128
0.267492	0.2	0.0351761
0.282352	0.2	0.0337969
0.297213	0.2	0.0323786
0.312074	0.2	0.0309244
0.326934	0.2	0.0294376
0.341795	0.2	0.0279211
0.356656	0.2	0.0263778
0.371516	0.2	0.0248105
0.386377	0.2	0.0232218
0.401238	0.2	0.0216143
0.416098	0.2	0.0199904
0.430959	0.2	0.0183525
0.44582	0.2	0.0167029
0.46068	0.2	0.0150436
0.475541	0.2	0.0133768
0.490402	0.2	0.0117045
0.505262	0.2	0.0100287
0.520123	0.2	0.00835125
0.534984	0.2	0.0066739
0.549844	0.2	0.00499845
0.564705	0.2	0.00332656
0.579566	0.2	0.00165989
0.594426	0.2	0
0	0.2125	0.0515602
0.0157113	0.2125	0.0515079
0.0314226	0.2125	0.0513505
0.047134	0.2125	0.0510892
0.0628453	0.2125	0.0507254
0.0785566	0.2125	0.0502614
0.0942679	0.2125	0.0496998
0.109979	0.2125	0.0490439
0.125691	0.2125	0.0482974
0.141402	0.2125	0.0474641
0.157113	0.2125	0.0465483
0.172825	0.2125	0.0455543
0.188536	0.2125	0.0444867
0.204247	0.2125	0.0433499
0.219959	0.2125	0.0421484
0.23567	0.2125	0.0408867
0.251381	0.2125	0.039569
0.267093	0.2125	0.0381995
0.282804	0.2125	0.0367822
0.298515	0.2125	0.0353211
0.314226	0.2125	0.0338199
0.329938	0.2125	0.0322822
0.345649	0.2125	0.0307114
0.36136	0.2125	0.0291109
0.377072	0.2125	0.0274838
0.392783	0.2125	0.0258332
0.408494	0.2125	0.024162
0.424206	0.2125	0.022473
0.439917	0.2125	0.0207689
0.455628	0.2125	0.0190524
0.47134	0.2125	0.0173258
0.487051	0.2125	0.0155917
0.502762	0.2125	0.0138523
0.518474	0.2125	0.0121099
0.534185	0.2125	0.0103667
0.549896	0.2125	0.0086246
0.565608	0.2125	0.00688573
0.581319	0.2125	0.005152
0.59703	0.2125	0.00342528
0.612742	0.2125	0.00170737
0.628453	0.2125	0
0	0.225	0.0539747
0.016562	0.225	0.0539189
0.033124	0.225	0.0537511
0.049686	0.225	0.0534724
0.066248	0.225	0.0530846
0.0828099	0.225	0.0525901
0.0993719	0.225	0.051992
0.115934	0.225	0.0512938
0.132496	0.225	0.0504994
0.149058	0.225	0.0496133
0.16562	0.225	0.04864
0.182182	0.225	0.0475843
0.198744	0.225	0.0464512
0.215306	0.225	0.0452455
0.231868	0.225	0.0439721
0.24843	0.225	0.0426358
0.264992	0.225	0.0412412
0.281554	0.225	0.0397931
0.298116	0.225	0.0382957
0.314678	0.225	0.0367533
0.33124	0.225	0.03517
0.347802	0.225	0.0335498
0.364364	0.225	0.0318964
0.380926	0.225	0.0302134
0.397488	0.225	0.0285045
0.41405	0.225	0.0267728
0.430612	0.225	0.0250216
0.447174	0.225	0.0232541
0.463736	0.225	0.0214732
0.480298	0.225	0.0196817
0.49686	0.225	0.0178824
0.513422	0.225	0.016078
0.529984	0.225	0.0142711
0.546546	0.225	0.012464
0.563108	0.225	0.0106592
0.57967	0.225	0.00885889
0.596232	0.225	0.00706535
0.612794	0.225	0.00528069
0.629356	0.225	0.00350694
0.645918	0.225	0.00174607
0.66248	0.225	0
0	0.2375	0.0562971
0.0174127	0.2375	0.0562377
0.0348253	0.2375	0.0560593
0.052238	0.2375	0.0557631
0.0696506	0.2375	0.055351
0.0870633	0.2375	0.0548258
0.104476	0.2375	0.0541907
0.121889	0.2375	0.0534496
0.139301	0.2375	0.052607
0.156714	0.2375	0.0516675
0.174127	0.2375	0.0506363
0.191539	0.2375	0.0495185
0.208952	0.2375	0.0483194
0.226365	0.2375	0.0470444
0.243777	0.2375	0.0456988
0.26119	0.2375	0.0442878
0.278602	0.2375	0.0428165
0.296015	0.2375	0.0412898
0.313428	0.2375	0.0397126
0.33084	0.2375	0.0380895
0.348253	0.2375	0.0364249
0.365666	0.2375	0.0347232
0.383078	0.2375	0.0329886
0.400491	0.2375	0.0312249
0.417904	0.2375	0.029436
0.435316	0.2375	0.0276256
0.452729	0.2375	0.0257972
0.470142	0.2375	0.0239542
0.487554	0.2375	0.0220999
0.504967	0.2375	0.0202375
0.52238	0.2375	0.0183699
0.539792	0.2375	0.0165
0.557205	0.2375	0.0146307
0.574618	0.2375	0.0127647
0.59203	0.2375	0.0109045
0.609443	0.2375	0.00905265
0.626856	0.2375	0.00721158
0.644268	0.2375	0.0053836
0.661681	0.2375	0.00357092
0.679094	0.2375	0.0017757
0.696506	0.2375	0
0	0.25	0.0585248
0.0182633	0.25	0.0584618
0.0365266	0.25	0.0582727
0.05479	0.25	0.0579587
0.0730533	0.25	0.057522
0.0913166	0.25	0.0569656
0.10958	0.25	0.056293
0.127843	0.25	0.0555087
0.146107	0.25	0.0546172
0.16437	0.25	0.0536238
0.182633	0.25	0.052534
0.200897	0.25	0.0513535
0.21916	0.25	0.050088
0.237423	0.25	0.0487433
0.255687	0.25	0.0473251
0.27395	0.25	0.0458391
0.292213	0.25	0.0442909
0.310476	0.25	0.0426859
0.32874	0.25	0.0410292
0.347003	0.25	0.0393259
0.365266	0.25	0.0375809
0.38353	0.25	0.0357988
0.401793	0.25	0.0339843
0.420056	0.25	0.0321416
0.43832	0.25	0.0302749
0.456583	0.25	0.0283882
0.474846	0.25	0.0264854
0.49311	0.25	0.0245703
0.511373	0.25	0.0226463
0.529636	0.25	0.020717
0.5479	0.25	0.0187855
0.566163	0.25	0.0168552
0.584426	0.25	0.0149291
0.60269	0.25	0.01301
0.620953	0.25	0.0111009
0.639216	0.25	0.0092045
0.65748	0.25	0.00732332
0.675743	0.25	0.00545992
0.694006	0.25	0.00361671
0.71227	0.25	0.001796
0.730533	0.25	0
0	0.2625	0.0606557
0.019114	0.2625	0.060589
0.038228	0.2625	0.060389
0.057342	0.2625	0.060057
0.076456	0.2625	0.0595953
0.0955699	0.2625	0.0590072
0.114684	0.2625	0.0582966
0.133798	0.2625	0.0574683
0.152912	0.2625	0.0565273
0.172026	0.2625	0.0554793
0.19114	0.2625	0.0543303
0.210254	0.2625	0.0530864
0.229368	0.2625	0.0517538
0.248482	0.2625	0.0503388
0.267596	0.2625	0.0488476
0.28671	0.2625	0.0472864
0.305824	0.2625	0.0456612
0.324938	0.2625	0.0439778
0.344052	0.2625	0.0422419
0.363166	0.2625	0.0404589
0.38228	0.2625	0.0386343
0.401394	0.2625	0.036773
0.420508	0.2625	0.03488
0.439622	0.2625	0.0329601
0.458736	0.2625	0.0310177
0.47785	0.2625	0.0290574
0.496964	0.2625	0.0270832
0.516078	0.2625	0.0250992
0.535192	0.2625	0.0231094
0.554306	0.2625	0.0211175
0.57342	0.2625	0.019127
0.592534	0.2625	0.0171415
0.611648	0.2625	0.0151642
0.630762	0.2625	0.0131984
0.649876	0.2625	0.0112471
0.66899	0.2625	0.00931321
0.688104	0.2625	0.00739959
0.707218	0.2625	0.00550893
0.726332	0.2625	0.00364381
0.745446	0.2625	0.00180671
0.76456	0.2625	0
0	0.275	0.0626877
0.0199647	0.275	0.0626173
0.0399293	0.275	0.0624062
0.059894	0.275	0.0620558
0.0798586	0.275	0.0615687
0.0998233	0.275	0.0609483
0.119788	0.275	0.0601991
0.139753	0.275	0.059326
0.159717	0.275	0.0583348
0.179682	0.275	0.0572314
0.199647	0.275	0.0560223
0.219611	0.275	0.0547142
0.239576	0.275	0.0533137
0.259541	0.275	0.0518278
0.279505	0.275	0.0502631
0.29947	0.275	0.0486263
0.319434	0.275	0.0469238
0.339399	0.275	0.0451621
0.359364	0.275	0.0433472
0.379328	0.275	0.0414851
0.399293	0.275	0.0395816
0.419258	0.275	0.0376422
0.439222	0.275	0.0356723
0.459187	0.275	0.033677
0.479152	0.275	0.0316613
0.499116	0.275	0.0296299
0.519081	0.275	0.0275874
0.539046	0.275	0.0255383
0.55901	0.275	0.0234867
0.578975	0.275	0.0214366
0.59894	0.275	0.0193921
0.618904	0.275	0.0173568
0.638869	0.275	0.0153344
0.658834	0.275	0.0133282
0.678798	0.275	0.0113416
0.698763	0.275	0.00937768
0.718728	0.275	0.00743952
0.738692	0.275	0.00552998
0.758657	0.275	0.00365182
0.778622	0.275	0.00180766
0.798586	0.275	0
0	0.2875	0.0646189
0.0208153	0.2875	0.0645448
0.0416306	0.2875	0.0643224
0.062446	0.2875	0.0639532
0.0832613	0.2875	0.0634401
0.104077	0.2875	0.0627868
0.124892	0.2875	0.0619982
0.145707	0.2875	0.0610796
0.166523	0.2875	0.0600371
0.187338	0.2875	0.0588774
0.208153	0.2875	0.0576073
0.228969	0.2875	0.0562341
0.249784	0.2875	0.054765
0.270599	0.2875	0.0532073
0.291414	0.2875	0.0515685
0.31223	0.2875	0.0498555
0.333045	0.2875	0.0480756
0.35386	0.2875	0.0462354
0.374676	0.2875	0.0443418
0.395491	0.2875	0.0424011
0.416306	0.2875	0.0404196
0.437122	0.2875	0.0384033
0.457937	0.2875	0.036358
0.478752	0.2875	0.0342893
0.499568	0.2875	0.0322026
0.520383	0.2875	0.030103
0.541198	0.2875	0.0279954
0.562014	0.2875	0.0258848
0.582829	0.2875	0.0237755
0.603644	0.2875	0.0216721
0.62446	0.2875	0.0195787
0.645275	0.2875	0.0174993
0.66609	0.2875	0.0154378
0.686906	0.2875	0.013398
0.707721	0.2875	0.0113832
0.728536	0.2875	0.00939693
0.749352	0.2875	0.00744235
0.770167	0.2875	0.00552253
0.790982	0.2875	0.00364038
0.811797	0.2875	0.00179866
0.832613	0.2875	0
0	0.3	0.0664478
0.021666	0.3	0.0663698
0.043332	0.3	0.0661357
0.064998	0.3	0.0657473
0.0866639	0.3	0.0652077
0.10833	0.3	0.0645208
0.129996	0.3	0.0636919
0.151662	0.3	0.0627268
0.173328	0.3	0.0616321
0.194994	0.3	0.0604149
0.21666	0.3	0.0590828
0.238326	0.3	0.0576434
0.259992	0.3	0.0561046
0.281658	0.3	0.0544744
0.303324	0.3	0.0527606
0.32499	0.3	0.050971
0.346656	0.3	0.0491132
0.368322	0.3	0.0471946
0.389988	0.3	0.0452224
0.411654	0.3	0.0432036
0.43332	0.3	0.0411449
0.454986	0.3	0.039053
0.476652	0.3	0.0369339
0.498318	0.3	0.0347938
0.519984	0.3	0.0326386
0.54165	0.3	0.0304737
0.563316	0.3	0.0283045
0.584982	0.3	0.0261362
0.606648	0.3	0.0239737
0.628314	0.3	0.0218218
0.64998	0.3	0.0196848
0.671646	0.3	0.0175672
0.693312	0.3	0.0154731
0.714978	0.3	0.0134064
0.736644	0.3	0.0113709
0.75831	0.3	0.0093701
0.779976	0.3	0.00740743
0.801641	0.3	0.00548611
0.823307	0.3	0.0036092
0.844973	0.3	0.00177959
0.866639	0.3	0
0	0.3125	0.0681727
0.0225167	0.3125	0.0680908
0.0450333	0.3125	0.0678448
0.06755	0.3125	0.0674366
0.0900666	0.3125	0.0668697
0.112583	0.3125	0.0661484
0.1351	0.3125	0.0652782
0.157617	0.3125	0.0642656
0.180133	0.3125	0.0631175
0.20265	0.3125	0.0618417
0.225167	0.3125	0.0604462
0.247683	0.3125	0.0589395
0.2702	0.3125	0.05733
0.292716	0.3125	0.0556262
0.315233	0.3125	0.0538367
0.33775	0.3125	0.0519698
0.360266	0.3125	0.0500337
0.382783	0.3125	0.0480365
0.4053	0.3125	0.0459859
0.427816	0.3125	0.0438895
0.450333	0.3125	0.0417546
0.47285	0.3125	0.0395881
0.495366	0.3125	0.037397
0.517883	0.3125	0.0351877
0.5404	0.3125	0.0329665
0.562916	0.3125	0.0307394
0.585433	0.3125	0.0285122
0.60795	0.3125	0.0262903
0.630466	0.3125	0.0240791
0.652983	0.3125	0.0218837
0.6755	0.3125	0.0197088
0.698016	0.3125	0.0175591
0.720533	0.3125	0.0154389
0.74305	0.3125	0.0133525
0.765566	0.3125	0.0113038
0.788083	0.3125	0.00929648
0.810599	0.3125	0.00733422
0.833116	0.3125	0.00542035
0.855633	0.3125	0.00355806
0.878149	0.3125	0.00175034
0.900666	0.3125	0
0	0.325	0.0697922
0.0233673	0.325	0.0697062
0.0467346	0.325	0.069448
0.070102	0.325	0.0690196
0.0934693	0.325	0.0684246
0.116837	0.325	0.067668
0.140204	0.325	0.0667554
0.163571	0.325	0.0656939
0.186939	0.325	0.0644911
0.210306	0.325	0.0631553
0.233673	0.325	0.0616953
0.257041	0.325	0.0601199
0.280408	0.325	0.0584384
0.303775	0.325	0.05666
0.327142	0.325	0.0547938
0.35051	0.325	0.0528489
0.373877	0.325	0.0508341
0.397244	0.325	0.0487581
0.420612	0.325	0.0466292
0.443979	0.325	0.0444557
0.467346	0.325	0.0422454
0.490714	0.325	0.0400059
0.514081	0.325	0.0377445
0.537448	0.325	0.0354682
0.560816	0.325	0.0331838
0.584183	0.325	0.0308977
0.60755	0.325	0.0286161
0.630918	0.325	0.0263449
0.654285	0.325	0.0240898
0.677652	0.325	0.0218562
0.70102	0.325	0.0196491
0.724387	0.325	0.0174735
0.747754	0.325	0.0153341
0.771122	0.325	0.0132352
0.794489	0.325	0.011181
0.817856	0.325	0.00917544
0.841223	0.325	0.00722226
0.864591	0.325	0.00532494
0.887958	0.325	0.00348677
0.911325	0.325	0.00171083
0.934693	0.325	0
0	0.3375	0.0713051
0.024218	0.3375	0.0712149
0.048436	0.3375	0.070944
0.072654	0.3375	0.0704947
0.0968719	0.3375	0.0698709
0.12109	0.3375	0.0690778
0.145308	0.3375	0.0681217
0.169526	0.3375	0.06701
0.193744	0.3375	0.0657511
0.217962	0.3375	0.0643538
0.24218	0.3375	0.0628276
0.266398	0.3375	0.0611821
0.290616	0.3375	0.0594273
0.314834	0.3375	0.057573
0.339052	0.3375	0.0556291
0.36327	0.3375	0.0536054
0.387488	0.3375	0.0515113
0.411706	0.3375	0.0493563
0.435924	0.3375	0.0471494
0.460142	0.3375	0.0448994
0.48436	0.3375	0.0426147
0.508578	0.3375	0.0403035
0.532796	0.3375	0.0379737
0.557014	0.3375	0.0356328
0.581232	0.3375	0.033288
0.60545	0.3375	0.0309462
0.629668	0.3375	0.0286142
0.653886	0.3375	0.0262981
0.678104	0.3375	0.0240039
0.702322	0.3375	0.0217375
0.72654	0.3375	0.0195043
0.750758	0.3375	0.0173093
0.774976	0.3375	0.0151576
0.799193	0.3375	0.0130537
0.823411	0.3375	0.011002
0.847629	0.3375	0.00900652
0.871847	0.3375	0.00707121
0.896065	0.3375	0.00519966
0.920283	0.3375	0.00339522
0.944501	0.3375	0.00166103
0.968719	0.3375	0
0	0.35	0.0727102
0.0250687	0.35	0.0726157
0.0501373	0.35	0.0723317
0.075206	0.35	0.0718608
0.100275	0.35	0.0712072
0.125343	0.35	0.0703764
0.150412	0.35	0.0693754
0.175481	0.35	0.0682121
0.200549	0.35	0.0668954
0.225618	0.35	0.065435
0.250687	0.35	0.063841
0.275755	0.35	0.0621238
0.300824	0.35	0.0602941
0.325892	0.35	0.0583626
0.350961	0.35	0.0563399
0.37603	0.35	0.0542365
0.401098	0.35	0.0520627
0.426167	0.35	0.0498285
0.451236	0.35	0.0475437
0.476304	0.35	0.0452177
0.501373	0.35	0.0428596
0.526442	0.35	0.0404782
0.55151	0.35	0.038082
0.576579	0.35	0.0356789
0.601648	0.35	0.0332767
0.626716	0.35	0.0308829
0.651785	0.35	0.0285044
0.676854	0.35	0.0261479
0.701922	0.35	0.0238199
0.726991	0.35	0.0215264
0.75206	0.35	0.0192731
0.777128	0.35	0.0170654
0.802197	0.35	0.0149086
0.827265	0.35	0.0128073
0.852334	0.35	0.0107661
0.877403	0.35	0.00878932
0.902471	0.35	0.00688084
0.92754	0.35	0.00504437
0.952609	0.35	0.00328333
0.977677	0.35	0.00160091
1.00275	0.35	0
0	0.3625	0.0740065
0.0259193	0.3625	0.0739074
0.0518386	0.3625	0.0736099
0.077758	0.3625	0.0731167
0.103677	0.3625	0.0724322
0.129597	0.3625	0.0715625
0.155516	0.3625	0.070515
0.181435	0.3625	0.0692983
0.207355	0.3625	0.0679221
0.233274	0.3625	0.0663968
0.259193	0.3625	0.0647332
0.285112	0.3625	0.0629426
0.311032	0.3625	0.0610364
0.336951	0.3625	0.0590262
0.36287	0.3625	0.0569235
0.38879	0.3625	0.0547395
0.414709	0.3625	0.0524853
0.440628	0.3625	0.0501717
0.466548	0.3625	0.0478091
0.492467	0.3625	0.0454078
0.518386	0.3625	0.0429774
0.544306	0.3625	0.0405274
0.570225	0.3625	0.0380668
0.596144	0.3625	0.0356042
0.622064	0.3625	0.0331478
0.647983	0.3625	0.0307056
0.673902	0.3625	0.0282849
0.699822	0.3625	0.0258929
0.725741	0.3625	0.0235363
0.75166	0.3625	0.0212215
0.77758	0.3625	0.0189545
0.803499	0.3625	0.016741
0.829418	0.3625	0.0145863
0.855337	0.3625	0.0124955
0.881257	0.3625	0.0104731
0.907176	0.3625	0.0085236
0.933095	0.3625	0.00665097
0.959015	0.3625	0.00485899
0.984934	0.3625	0.0031511
1.01085	0.3625	0.00153047
1.03677	0.3625	0
0	0.375	0.075193
0.02677	0.375	0.0750892
0.05354	0.375	0.0747776
0.0803099	0.375	0.0742612
0.10708	0.375	0.0735446
0.13385	0.375	0.0726346
0.16062	0.375	0.071539
0.18739	0.375	0.0702672
0.21416	0.375	0.0688295
0.24093	0.375	0.0672373
0.2677	0.375	0.0655021
0.29447	0.375	0.0636361
0.32124	0.375	0.0616518
0.34801	0.375	0.0595614
0.37478	0.375	0.0573774
0.40155	0.375	0.0551118
0.42832	0.375	0.0527765
0.45509	0.375	0.0503833
0.48186	0.375	0.0479432
0.50863	0.375	0.0454672
0.5354	0.375	0.0429657
0.56217	0.375	0.0404488
0.58894	0.375	0.037926
0.61571	0.375	0.0354066
0.64248	0.375	0.0328994
0.66925	0.375	0.0304125
0.69602	0.375	0.0279541
0.72279	0.375	0.0255315
0.74956	0.375	0.0231518
0.77633	0.375	0.0208218
0.803099	0.375	0.0185476
0.829869	0.375	0.0163353
0.856639	0.375	0.0141903
0.883409	0.375	0.0121179
0.910179	0.375	0.0101227
0.936949	0.375	0.00820918
0.963719	0.375	0.00638154
0.990489	0.375	0.00464351
1.01726	0.375	0.00299853
1.04403	0.375	0.00144975
1.0708	0.375	0
0	0.3875	0.0762689
0.0276206	0.3875	0.0761602
0.0552413	0.3875	0.075834
0.0828619	0.3875	0.0752933
0.110483	0.3875	0.0745435
0.138103	0.3875	0.0735914
0.165724	0.3875	0.0724459
0.193345	0.3875	0.071117
0.220965	0.3875	0.0696158
0.248586	0.3875	0.0679544
0.276206	0.3875	0.0661455
0.303827	0.3875	0.0642022
0.331448	0.3875	0.0621378
0.359068	0.3875	0.0599656
0.386689	0.3875	0.0576988
0.41431	0.3875	0.0553506
0.44193	0.3875	0.0529337
0.469551	0.3875	0.0504606
0.497172	0.3875	0.0479432
0.524792	0.3875	0.0453933
0.552413	0.3875	0.042822
0.580034	0.3875	0.0402399
0.607654	0.3875	0.0376574
0.635275	0.3875	0.0350841
0.662896	0.3875	0.0325294
0.690516	0.3875	0.0300021
0.718137	0.3875	0.0275105
0.745758	0.3875	0.0250624
0.773378	0.3875	0.0226654
0.800999	0.3875	0.0203263
0.828619	0.3875	0.0180517
0.85624	0.3875	0.0158478
0.883861	0.3875	0.0137202
0.911481	0.3875	0.0116741
0.939102	0.3875	0.00971459
0.966723	0.3875	0.00784602
0.994343	0.3875	0.00607257
1.02196	0.3875	0.004398
1.04958	0.3875	0.00282572
1.07721	0.3875	0.00135881
1.10483	0.3875	0
0	0.4	0.0772334
0.0284713	0.4	0.0771196
0.0569426	0.4	0.0767781
0.0854139	0.4	0.0762122
0.113885	0.4	0.0754276
0.142357	0.4	0.0744319
0.170828	0.4	0.0732345
0.199299	0.4	0.0718462
0.227771	0.4	0.0702792
0.256242	0.4	0.0685464
0.284713	0.4	0.0666615
0.313184	0.4	0.0646387
0.341656	0.4	0.0624921
0.370127	0.4	0.0602363
0.398598	0.4	0.0578854
0.42707	0.4	0.0554535
0.455541	0.4	0.0529543
0.484012	0.4	0.0504011
0.512484	0.4	0.0478068
0.540955	0.4	0.0451837
0.569426	0.4	0.0425439
0.597898	0.4	0.0398986
0.626369	0.4	0.0372588
0.65484	0.4	0.0346348
0.683312	0.4	0.0320363
0.711783	0.4	0.0294727
0.740254	0.4	0.0269527
0.768726	0.4	0.0244846
0.797197	0.4	0.022076
0.825668	0.4	0.0197343
0.854139	0.4	0.0174662
0.882611	0.4	0.015278
0.911082	0.4	0.0131755
0.939553	0.4	0.0111642
0.968025	0.4	0.00924887
0.996496	0.4	0.00743415
1.02497	0.4	0.00572414
1.05344	0.4	0.00412256
1.08191	0.4	0.00263276
1.11038	0.4	0.00125771
1.13885	0.4	0
0	0.4125	0.0780859
0.029322	0.4125	0.0779668
0.058644	0.4125	0.0776092
0.0879659	0.4125	0.077017
0.117288	0.4125	0.0761961
0.14661	0.4125	0.0751548
0.175932	0.4125	0.0739033
0.205254	0.4125	0.0724534
0.234576	0.4125	0.070818
0.263898	0.4125	0.0690113
0.29322	0.4125	0.0670479
0.322542	0.4125	0.0649432
0.351864	0.4125	0.0627125
0.381186	0.4125	0.0603712
0.410508	0.4125	0.0579347
0.43983	0.4125	0.055418
0.469152	0.4125	0.0528358
0.498474	0.4125	0.0502024
0.527796	0.4125	0.0475314
0.557118	0.4125	0.0448362
0.58644	0.4125	0.0421293
0.615762	0.4125	0.0394229
0.645084	0.4125	0.0367285
0.674406	0.4125	0.0340569
0.703728	0.4125	0.0314185
0.73305	0.4125	0.028823
0.762372	0.4125	0.0262796
0.791693	0.4125	0.0237969
0.821015	0.4125	0.021383
0.850337	0.4125	0.0190452
0.879659	0.4125	0.0167906
0.908981	0.4125	0.0146257
0.938303	0.4125	0.0125563
0.967625	0.4125	0.0105879
0.996947	0.4125	0.00872557
1.02627	0.4125	0.0069737
1.05559	0.4125	0.00533641
1.08491	0.4125	0.00381737
1.11424	0.4125	0.00241981
1.14356	0.4125	0.00114657
1.17288	0.4125	0
0	0.425	0.0788258
0.0301726	0.425	0.0787011
0.0603453	0.425	0.0783268
0.0905179	0.425	0.0777069
0.120691	0.425	0.076848
0.150863	0.425	0.0757591
0.181036	0.425	0.0744512
0.211209	0.425	0.072937
0.241381	0.425	0.0712306
0.271554	0.425	0.0693472
0.301726	0.425	0.0673028
0.331899	0.425	0.0651137
0.362072	0.425	0.0627965
0.392244	0.425	0.0603679
0.422417	0.425	0.0578442
0.45259	0.425	0.0552416
0.482762	0.425	0.0525758
0.512935	0.425	0.049862
0.543108	0.425	0.0471149
0.57328	0.425	0.0443485
0.603453	0.425	0.0415762
0.633626	0.425	0.0388108
0.663798	0.425	0.0360646
0.693971	0.425	0.0333489
0.724144	0.425	0.0306746
0.754316	0.425	0.0280519
0.784489	0.425	0.0254903
0.814661	0.425	0.0229987
0.844834	0.425	0.0205856
0.875007	0.425	0.0182585
0.905179	0.425	0.0160247
0.935352	0.425	0.0138907
0.965525	0.425	0.0118625
0.995697	0.425	0.00994551
1.02587	0.425	0.00814482
1.05604	0.425	0.00646486
1.08622	0.425	0.00490963
1.11639	0.425	0.00348268
1.14656	0.425	0.0021871
1.17673	0.425	0.00102553
1.20691	0.425	0
0	0.4375	0.0794527
0.0310233	0.4375	0.0793221
0.0620466	0.4375	0.0789301
0.0930699	0.4375	0.0782812
0.124093	0.4375	0.0773825
0.155117	0.4375	0.0762437
0.18614	0.4375	0.0748768
0.217163	0.4375	0.0732955
0.248187	0.4375	0.0715152
0.27921	0.4375	0.0695524
0.310233	0.4375	0.067424
0.341256	0.4375	0.065148
0.37228	0.4375	0.062742
0.403303	0.4375	0.060224
0.434326	0.4375	0.0576116
0.46535	0.4375	0.0549219
0.496373	0.4375	0.0521719
0.527396	0.4375	0.0493777
0.55842	0.4375	0.0465549
0.589443	0.4375	0.0437185
0.620466	0.4375	0.0408825
0.65149	0.4375	0.0380606
0.682513	0.4375	0.0352656
0.713536	0.4375	0.0325093
0.74456	0.4375	0.0298033
0.775583	0.4375	0.0271582
0.806606	0.4375	0.0245838
0.837629	0.4375	0.0220893
0.868653	0.4375	0.0196834
0.899676	0.4375	0.017374
0.930699	0.4375	0.0151683
0.961723	0.4375	0.013073
0.992746	0.4375	0.0110941
1.02377	0.4375	0.00923708
1.05479	0.4375	0.0075069
1.08582	0.4375	0.00590794
1.11684	0.4375	0.0044441
1.14786	0.4375	0.00311878
1.17889	0.4375	0.00193491
1.20991	0.4375	0.000894816
1.24093	0.4375	0
0	0.45	0.0799661
0.031874	0.45	0.0798293
0.063748	0.45	0.0794188
0.0956219	0.45	0.0787393
0.127496	0.45	0.0777987
0.15937	0.45	0.0766076
0.191244	0.45	0.0751789
0.223118	0.45	0.0735276
0.254992	0.45	0.0716704
0.286866	0.45	0.0696249
0.31874	0.45	0.0674097
0.350614	0.45	0.0650439
0.382488	0.45	0.0625467
0.414362	0.45	0.0599373
0.446236	0.45	0.0572344
0.47811	0.45	0.0544567
0.509984	0.45	0.0516219
0.541858	0.45	0.0487473
0.573732	0.45	0.0458495
0.605606	0.45	0.0429442
0.63748	0.45	0.0400465
0.669354	0.45	0.0371706
0.701228	0.45	0.0343299
0.733102	0.45	0.031537
0.764976	0.45	0.0288037
0.796849	0.45	0.0261411
0.828723	0.45	0.0235594
0.860597	0.45	0.0210682
0.892471	0.45	0.0186762
0.924345	0.45	0.0163914
0.956219	0.45	0.0142214
0.988093	0.45	0.0121727
1.01997	0.45	0.0102514
1.05184	0.45	0.00846292
1.08372	0.45	0.00681213
1.11559	0.45	0.00530332
1.14746	0.45	0.00394023
1.17934	0.45	0.00272611
1.21121	0.45	0.00166365
1.24309	0.45	0.000754746
1.27496	0.45	0
0	0.4625	0.0803657
0.0327246	0.4625	0.0802224
0.0654493	0.4625	0.0797923
0.0981739	0.4625	0.0790806
0.130899	0.4625	0.0780959
0.163623	0.4625	0.0768498
0.196348	0.4625	0.0753564
0.229073	0.4625	0.0736319
0.261797	0.4625	0.0716944
0.294522	0.4625	0.069563
0.327246	0.4625	0.0672578
0.359971	0.4625	0.0647994
0.392696	0.4625	0.0622084
0.42542	0.4625	0.0595054
0.458145	0.4625	0.0567106
0.49087	0.4625	0.0538436
0.523594	0.4625	0.0509235
0.556319	0.4625	0.0479686
0.589044	0.4625	0.0449965
0.621768	0.4625	0.0420239
0.654493	0.4625	0.0390665
0.687218	0.4625	0.0361393
0.719942	0.4625	0.0332563
0.752667	0.4625	0.0304306
0.785391	0.4625	0.0276747
0.818116	0.4625	0.0249998
0.850841	0.4625	0.0224167
0.883565	0.4625	0.0199349
0.91629	0.4625	0.0175636
0.949015	0.4625	0.0153108
0.981739	0.4625	0.0131841
1.01446	0.4625	0.01119
1.04719	0.4625	0.00933468
1.07991	0.4625	0.00762342
1.11264	0.4625	0.00606096
1.14536	0.4625	0.00465147
1.17809	0.4625	0.00339855
1.21081	0.4625	0.00230525
1.24354	0.4625	0.00137395
1.27626	0.4625	0.00060586
1.30899	0.4625	0
0	0.475	0.0806512
0.0335753	0.475	0.080501
0.0671506	0.475	0.0800502
0.100726	0.475	0.0793045
0.134301	0.475	0.0782734
0.167877	0.475	0.0769695
0.201452	0.475	0.075408
0.235027	0.475	0.0736069
0.268602	0.475	0.0715855
0.302178	0.475	0.0693648
0.335753	0.475	0.0669664
0.369328	0.475	0.0644123
0.402904	0.475	0.0617249
0.436479	0.475	0.0589262
0.470054	0.475	0.0560377
0.50363	0.475	0.0530804
0.537205	0.475	0.0500746
0.57078	0.475	0.0470396
0.604356	0.475	0.0439942
0.637931	0.475	0.0409557
0.671506	0.475	0.0379408
0.705082	0.475	0.0349652
0.738657	0.475	0.0320435
0.772232	0.475	0.0291894
0.805807	0.475	0.0264155
0.839383	0.475	0.0237339
0.872958	0.475	0.0211551
0.906533	0.475	0.0186894
0.940109	0.475	0.0163456
0.973684	0.475	0.0141322
1.00726	0.475	0.0120565
1.04083	0.475	0.0101253
1.07441	0.475	0.00834439
1.10799	0.475	0.00671907
1.14156	0.475	0.00525394
1.17514	0.475	0.00395302
1.20871	0.475	0.00281978
1.24229	0.475	0.00185707
1.27586	0.475	0.0010668
1.30944	0.475	0.000449071
1.34301	0.475	0
0	0.4875	0.0808226
0.034426	0.4875	0.0806651
0.068852	0.4875	0.0801923
0.103278	0.4875	0.0794107
0.137704	0.4875	0.0783305
0.17213	0.4875	0.0769656
0.206556	0.4875	0.0753327
0.240982	0.4875	0.0734513
0.275408	0.4875	0.0713423
0.309834	0.4875	0.0690286
0.34426	0.4875	0.0665334
0.378686	0.4875	0.0638806
0.413112	0.4875	0.0610941
0.447538	0.4875	0.0581974
0.481964	0.4875	0.0552136
0.51639	0.4875	0.052165
0.550816	0.4875	0.0490731
0.585242	0.4875	0.0459584
0.619668	0.4875	0.0428406
0.654094	0.4875	0.039738
0.68852	0.4875	0.0366681
0.722946	0.4875	0.0336471
0.757372	0.4875	0.0306905
0.791797	0.4875	0.0278122
0.826223	0.4875	0.0250256
0.860649	0.4875	0.0223427
0.895075	0.4875	0.0197746
0.929501	0.4875	0.0173314
0.963927	0.4875	0.0150224
0.998353	0.4875	0.0128559
1.03278	0.4875	0.0108392
1.06721	0.4875	0.00897898
1.10163	0.4875	0.00728103
1.13606	0.4875	0.00575047
1.17048	0.4875	0.00439176
1.20491	0.4875	0.00320882
1.23934	0.4875	0.00220501
1.27376	0.4875	0.00138295
1.30819	0.4875	0.000743895
1.34261	0.4875	0.000285971
1.37704	0.4875	0
0	0.5	0.0808797
0.0352766	0.5	0.0807144
0.0705533	0.5	0.0802184
0.10583	0.5	0.0793987
0.141107	0.5	0.0782666
0.176383	0.5	0.0768374
0.21166	0.5	0.0751293
0.246937	0.5	0.0731636
0.282213	0.5	0.0709631
0.31749	0.5	0.0685525
0.352766	0.5	0.065957
0.388043	0.5	0.0632022
0.42332	0.5	0.0603138
0.458596	0.5	0.0573169
0.493873	0.5	0.0542362
0.52915	0.5	0.0510953
0.564426	0.5	0.0479171
0.599703	0.5	0.0447232
0.63498	0.5	0.0415341
0.670256	0.5	0.0383693
0.705533	0.5	0.0352469
0.74081	0.5	0.032184
0.776086	0.5	0.0291963
0.811363	0.5	0.0262986
0.846639	0.5	0.0235044
0.881916	0.5	0.020826
0.917193	0.5	0.0182748
0.952469	0.5	0.0158611
0.987746	0.5	0.0135941
1.02302	0.5	0.0114821
1.0583	0.5	0.00953246
1.09358	0.5	0.00775161
1.12885	0.5	0.00614525
1.16413	0.5	0.00471836
1.19941	0.5	0.00347535
1.23468	0.5	0.00242007
1.26996	0.5	0.00155587
1.30524	0.5	0.00088516
1.34051	0.5	0.000408115
1.37579	0.5	0.000119356
1.41107	0.5	0
