0	0	0
0	0	0
0	0	0
0	0	0
0	0	0
0	0	0
0	0	0
0	0	0
0	0	0
0	0	0
0	0	0
0	0	0
0	0	0
0	0	0
0	0	0
0	0	0
0	0	0
0	0	0
0	0	0
0	0	0
0	0	0
0	0	0
0	0	0
0	0	0
0	0	0
0	0	0
0	0	0
0	0	0
0	0	0
0	0	0
0	0	0
0	0	0
0	0	0
0	0	0
0	0	0
0	0	0
0	0	0
0	0	0
0	0	0
0	0	0
0	0	0
0	0.02	0.00181085
0.000793036	0.02	0.00180952
0.00158607	0.02	0.0018055
0.00237911	0.02	0.0017988
0.00317214	0.02	0.00178943
0.00396518	0.02	0.00177742
0.00475822	0.02	0.00176279
0.00555125	0.02	0.00174557
0.00634429	0.02	0.00172579
0.00713732	0.02	0.0017035
0.00793036	0.02	0.00167872
0.0087234	0.02	0.0016515
0.00951643	0.02	0.00162189
0.0103095	0.02	0.00158993
0.0111025	0.02	0.00155567
0.0118955	0.02	0.00151916
0.0126886	0.02	0.00148044
0.0134816	0.02	0.00143957
0.0142746	0.02	0.00139659
0.0150677	0.02	0.00135154
0.0158607	0.02	0.00130448
0.0166538	0.02	0.00125545
0.0174468	0.02	0.00120449
0.0182398	0.02	0.00115164
0.0190329	0.02	0.00109696
0.0198259	0.02	0.00104046
0.0206189	0.02	0.00098221
0.021412	0.02	0.000922228
0.022205	0.02	0.000860555
0.022998	0.02	0.000797226
0.0237911	0.02	0.000732274
0.0245841	0.02	0.000665732
0.0253772	0.02	0.00059763
0.0261702	0.02	0.000527998
0.0269632	0.02	0.000456865
0.0277563	0.02	0.000384257
0.0285493	0.02	0.000310202
0.0293423	0.02	0.000234725
0.0301354	0.02	0.00015785
0.0309284	0.02	7.96011e-05
0.0317214	0.02	0
0	0.04	0.00493727
0.00158607	0.04	0.00493377
0.00317214	0.04	0.00492322
0.00475822	0.04	0.00490564
0.00634429	0.04	0.00488106
0.00793036	0.04	0.00484953
0.00951643	0.04	0.00481108
0.0111025	0.04	0.00476578
0.0126886	0.04	0.0047137
0.0142746	0.04	0.0046549
0.0158607	0.04	0.00458948
0.0174468	0.04	0.00451751
0.0190329	0.04	0.00443909
0.0206189	0.04	0.00435431
0.022205	0.04	0.00426327
0.0237911	0.04	0.00416607
0.0253772	0.04	0.00406279
0.0269632	0.04	0.00395356
0.0285493	0.04	0.00383845
0.0301354	0.04	0.00371757
0.0317214	0.04	0.00359102
0.0333075	0.04	0.00345889
0.0348936	0.04	0.00332127
0.0364797	0.04	0.00317826
0.0380657	0.04	0.00302995
0.0396518	0.04	0.00287642
0.0412379	0.04	0.00271776
0.0428239	0.04	0.00255405
0.04441	0.04	0.00238538
0.0459961	0.04	0.00221181
0.0475822	0.04	0.00203343
0.0491682	0.04	0.00185031
0.0507543	0.04	0.00166251
0.0523404	0.04	0.00147012
0.0539265	0.04	0.0012732
0.0555125	0.04	0.00107181
0.0570986	0.04	0.000866013
0.0586847	0.04	0.000655875
0.0602707	0.04	0.000441456
0.0618568	0.04	0.000222812
0.0634429	0.04	0
0	0.06	0.00878681
0.00237911	0.06	0.0087806
0.00475822	0.06	0.00876193
0.00713732	0.06	0.00873081
0.00951643	0.06	0.00868731
0.0118955	0.06	0.00863147
0.0142746	0.06	0.00856339
0.0166538	0.06	0.00848315
0.0190329	0.06	0.00839088
0.021412	0.06	0.00828668
0.0237911	0.06	0.00817069
0.0261702	0.06	0.00804306
0.0285493	0.06	0.00790393
0.0309284	0.06	0.00775346
0.0333075	0.06	0.00759182
0.0356866	0.06	0.00741916
0.0380657	0.06	0.00723566
0.0404448	0.06	0.00704149
0.0428239	0.06	0.00683681
0.0452031	0.06	0.0066218
0.0475822	0.06	0.00639662
0.0499613	0.06	0.00616145
0.0523404	0.06	0.00591645
0.0547195	0.06	0.00566179
0.0570986	0.06	0.00539762
0.0594777	0.06	0.00512412
0.0618568	0.06	0.00484142
0.0642359	0.06	0.0045497
0.066615	0.06	0.00424909
0.0689941	0.06	0.00393975
0.0713732	0.06	0.00362183
0.0737524	0.06	0.00329546
0.0761315	0.06	0.00296078
0.0785106	0.06	0.00261793
0.0808897	0.06	0.00226704
0.0832688	0.06	0.00190825
0.0856479	0.06	0.00154167
0.088027	0.06	0.00116744
0.0904061	0.06	0.000785668
0.0927852	0.06	0.000396484
0.0951643	0.06	0
0	0.08	0.0131193
0.00317214	0.08	0.01311
0.00634429	0.08	0.0130821
0.00951643	0.08	0.0130355
0.0126886	0.08	0.0129705
0.0158607	0.08	0.012887
0.0190329	0.08	0.0127852
0.022205	0.08	0.0126653
0.0253772	0.08	0.0125273
0.0285493	0.08	0.0123715
0.0317214	0.08	0.012198
0.0348936	0.08	0.0120072
0.0380657	0.08	0.0117991
0.0412379	0.08	0.0115741
0.04441	0.08	0.0113323
0.0475822	0.08	0.0110741
0.0507543	0.08	0.0107996
0.0539265	0.08	0.0105092
0.0570986	0.08	0.0102031
0.0602707	0.08	0.00988158
0.0634429	0.08	0.00954486
0.066615	0.08	0.00919322
0.0697872	0.08	0.00882692
0.0729593	0.08	0.00844621
0.0761315	0.08	0.00805136
0.0793036	0.08	0.0076426
0.0824758	0.08	0.00722019
0.0856479	0.08	0.00678437
0.08882	0.08	0.00633537
0.0919922	0.08	0.00587342
0.0951643	0.08	0.00539876
0.0983365	0.08	0.00491162
0.101509	0.08	0.0044122
0.104681	0.08	0.00390073
0.107853	0.08	0.00337741
0.111025	0.08	0.00284246
0.114197	0.08	0.00229607
0.117369	0.08	0.00173844
0.120541	0.08	0.00116976
0.123714	0.08	0.000590218
0.126886	0.08	0
0	0.1	0.017794
0.00396518	0.1	0.0177813
0.00793036	0.1	0.0177433
0.0118955	0.1	0.01768
0.0158607	0.1	0.0175915
0.0198259	0.1	0.0174779
0.0237911	0.1	0.0173394
0.0277563	0.1	0.0171762
0.0317214	0.1	0.0169884
0.0356866	0.1	0.0167764
0.0396518	0.1	0.0165404
0.043617	0.1	0.0162808
0.0475822	0.1	0.0159977
0.0515473	0.1	0.0156917
0.0555125	0.1	0.0153628
0.0594777	0.1	0.0150117
0.0634429	0.1	0.0146385
0.0674081	0.1	0.0142437
0.0713732	0.1	0.0138275
0.0753384	0.1	0.0133905
0.0793036	0.1	0.0129329
0.0832688	0.1	0.0124552
0.087234	0.1	0.0119576
0.0911992	0.1	0.0114405
0.0951643	0.1	0.0109044
0.0991295	0.1	0.0103495
0.103095	0.1	0.00977625
0.10706	0.1	0.00918492
0.111025	0.1	0.00857588
0.11499	0.1	0.00794945
0.118955	0.1	0.00730597
0.122921	0.1	0.00664575
0.126886	0.1	0.0059691
0.130851	0.1	0.00527634
0.134816	0.1	0.00456776
0.138781	0.1	0.00384365
0.142746	0.1	0.0031043
0.146712	0.1	0.00234998
0.150677	0.1	0.00158099
0.154642	0.1	0.000797573
0.158607	0.1	0
0	0.12	0.022715
0.00475822	0.12	0.0226987
0.00951643	0.12	0.02265
0.0142746	0.12	0.0225689
0.0190329	0.12	0.0224554
0.0237911	0.12	0.0223098
0.0285493	0.12	0.0221323
0.0333075	0.12	0.0219231
0.0380657	0.12	0.0216825
0.0428239	0.12	0.0214109
0.0475822	0.12	0.0211085
0.0523404	0.12	0.0207759
0.0570986	0.12	0.0204133
0.0618568	0.12	0.0200213
0.066615	0.12	0.0196002
0.0713732	0.12	0.0191506
0.0761315	0.12	0.0186728
0.0808897	0.12	0.0181674
0.0856479	0.12	0.0176349
0.0904061	0.12	0.0170758
0.0951643	0.12	0.0164904
0.0999225	0.12	0.0158794
0.104681	0.12	0.0152432
0.109439	0.12	0.0145823
0.114197	0.12	0.0138971
0.118955	0.12	0.0131882
0.123714	0.12	0.012456
0.128472	0.12	0.0117009
0.13323	0.12	0.0109234
0.137988	0.12	0.010124
0.142746	0.12	0.0093031
0.147505	0.12	0.00846108
0.152263	0.12	0.00759839
0.157021	0.12	0.00671544
0.161779	0.12	0.00581263
0.166538	0.12	0.00489035
0.171296	0.12	0.00394898
0.176054	0.12	0.0029889
0.180812	0.12	0.00201047
0.18557	0.12	0.00101405
0.190329	0.12	0
0	0.14	0.0278112
0.00555125	0.14	0.0277913
0.0111025	0.14	0.0277314
0.0166538	0.14	0.0276316
0.022205	0.14	0.027492
0.0277563	0.14	0.027313
0.0333075	0.14	0.0270947
0.0388588	0.14	0.0268374
0.04441	0.14	0.0265416
0.0499613	0.14	0.0262077
0.0555125	0.14	0.025836
0.0610638	0.14	0.0254271
0.066615	0.14	0.0249816
0.0721663	0.14	0.0244998
0.0777175	0.14	0.0239825
0.0832688	0.14	0.0234302
0.08882	0.14	0.0228435
0.0943713	0.14	0.022223
0.0999225	0.14	0.0215693
0.105474	0.14	0.020883
0.111025	0.14	0.0201648
0.116576	0.14	0.0194153
0.122128	0.14	0.018635
0.127679	0.14	0.0178247
0.13323	0.14	0.0169849
0.138781	0.14	0.0161162
0.144333	0.14	0.0152192
0.149884	0.14	0.0142945
0.155435	0.14	0.0133426
0.160986	0.14	0.0123642
0.166538	0.14	0.0113598
0.172089	0.14	0.0103299
0.17764	0.14	0.00927515
0.183191	0.14	0.00819595
0.188743	0.14	0.00709286
0.194294	0.14	0.00596638
0.199845	0.14	0.004817
0.205396	0.14	0.00364521
0.210948	0.14	0.00245148
0.216499	0.14	0.00123625
0.22205	0.14	0
0	0.16	0.0330273
0.00634429	0.16	0.0330035
0.0126886	0.16	0.032932
0.0190329	0.16	0.0328129
0.0253772	0.16	0.0326464
0.0317214	0.16	0.0324327
0.0380657	0.16	0.0321723
0.04441	0.16	0.0318654
0.0507543	0.16	0.0315125
0.0570986	0.16	0.0311142
0.0634429	0.16	0.0306709
0.0697872	0.16	0.0301834
0.0761315	0.16	0.0296522
0.0824758	0.16	0.0290779
0.08882	0.16	0.0284614
0.0951643	0.16	0.0278032
0.101509	0.16	0.0271042
0.107853	0.16	0.0263651
0.114197	0.16	0.0255867
0.120541	0.16	0.0247696
0.126886	0.16	0.0239148
0.13323	0.16	0.0230229
0.139574	0.16	0.0220947
0.145919	0.16	0.0211309
0.152263	0.16	0.0201324
0.158607	0.16	0.0190999
0.164952	0.16	0.018034
0.171296	0.16	0.0169356
0.17764	0.16	0.0158054
0.183984	0.16	0.0146439
0.190329	0.16	0.013452
0.196673	0.16	0.0122304
0.203017	0.16	0.0109795
0.209362	0.16	0.00970026
0.215706	0.16	0.00839314
0.22205	0.16	0.00705881
0.228394	0.16	0.00569788
0.234739	0.16	0.00431096
0.241083	0.16	0.00289862
0.247427	0.16	0.00146145
0.253772	0.16	0
0	0.18	0.0383182
0.00713732	0.18	0.0382905
0.0142746	0.18	0.0382071
0.021412	0.18	0.0380682
0.0285493	0.18	0.037874
0.0356866	0.18	0.0376249
0.0428239	0.18	0.0373212
0.0499613	0.18	0.0369634
0.0570986	0.18	0.0365521
0.0642359	0.18	0.0360878
0.0713732	0.18	0.0355712
0.0785106	0.18	0.0350031
0.0856479	0.18	0.0343842
0.0927852	0.18	0.0337153
0.0999225	0.18	0.0329973
0.10706	0.18	0.0322309
0.114197	0.18	0.0314172
0.121335	0.18	0.030557
0.128472	0.18	0.0296512
0.135609	0.18	0.0287007
0.142746	0.18	0.0277065
0.149884	0.18	0.0266695
0.157021	0.18	0.0255906
0.164158	0.18	0.0244708
0.171296	0.18	0.0233109
0.178433	0.18	0.0221118
0.18557	0.18	0.0208745
0.192708	0.18	0.0195997
0.199845	0.18	0.0182885
0.206982	0.18	0.0169416
0.21412	0.18	0.0155598
0.221257	0.18	0.0141441
0.228394	0.18	0.0126951
0.235532	0.18	0.0112137
0.242669	0.18	0.00970075
0.249806	0.18	0.00815687
0.256944	0.18	0.00658287
0.264081	0.18	0.00497947
0.271218	0.18	0.0033474
0.278356	0.18	0.00168734
0.285493	0.18	0
0	0.2	0.0436467
0.00793036	0.2	0.0436149
0.0158607	0.2	0.0435194
0.0237911	0.2	0.0433604
0.0317214	0.2	0.043138
0.0396518	0.2	0.0428527
0.0475822	0.2	0.042505
0.0555125	0.2	0.0420953
0.0634429	0.2	0.0416244
0.0713732	0.2	0.041093
0.0793036	0.2	0.0405018
0.087234	0.2	0.0398517
0.0951643	0.2	0.0391436
0.103095	0.2	0.0383784
0.111025	0.2	0.0375572
0.118955	0.2	0.036681
0.126886	0.2	0.0357508
0.134816	0.2	0.0347676
0.142746	0.2	0.0337326
0.150677	0.2	0.0326469
0.158607	0.2	0.0315116
0.166538	0.2	0.0303277
0.174468	0.2	0.0290963
0.182398	0.2	0.0278187
0.190329	0.2	0.0264957
0.198259	0.2	0.0251285
0.206189	0.2	0.0237182
0.21412	0.2	0.0222658
0.22205	0.2	0.0207723
0.22998	0.2	0.0192388
0.237911	0.2	0.0176662
0.245841	0.2	0.0160555
0.253772	0.2	0.0144078
0.261702	0.2	0.0127239
0.269632	0.2	0.0110047
0.277563	0.2	0.00925127
0.285493	0.2	0.0074644
0.293423	0.2	0.00564498
0.301354	0.2	0.00379388
0.309284	0.2	0.00191195
0.317214	0.2	0
0	0.22	0.0489812
0.0087234	0.22	0.0489453
0.0174468	0.22	0.0488375
0.0261702	0.22	0.0486579
0.0348936	0.22	0.048407
0.043617	0.22	0.048085
0.0523404	0.22	0.0476926
0.0610638	0.22	0.0472304
0.0697872	0.22	0.0466991
0.0785106	0.22	0.0460996
0.087234	0.22	0.0454327
0.0959574	0.22	0.0446996
0.104681	0.22	0.0439012
0.113404	0.22	0.0430386
0.122128	0.22	0.0421131
0.130851	0.22	0.0411257
0.139574	0.22	0.0400778
0.148298	0.22	0.0389705
0.157021	0.22	0.0378052
0.165745	0.22	0.0365831
0.174468	0.22	0.0353055
0.183191	0.22	0.0339737
0.191915	0.22	0.0325889
0.200638	0.22	0.0311525
0.209362	0.22	0.0296657
0.218085	0.22	0.0281298
0.226808	0.22	0.0265459
0.235532	0.22	0.0249155
0.244255	0.22	0.0232396
0.252979	0.22	0.0215194
0.261702	0.22	0.0197562
0.270425	0.22	0.017951
0.279149	0.22	0.0161051
0.287872	0.22	0.0142195
0.296596	0.22	0.0122954
0.305319	0.22	0.0103338
0.314042	0.22	0.00833575
0.322766	0.22	0.00630235
0.331489	0.22	0.00423459
0.340212	0.22	0.00213348
0.348936	0.22	0
0	0.24	0.0542943
0.00951643	0.24	0.0542542
0.0190329	0.24	0.054134
0.0285493	0.24	0.0539337
0.0380657	0.24	0.0536539
0.0475822	0.24	0.0532948
0.0570986	0.24	0.0528572
0.066615	0.24	0.0523419
0.0761315	0.24	0.0517496
0.0856479	0.24	0.0510813
0.0951643	0.24	0.0503382
0.104681	0.24	0.0495213
0.114197	0.24	0.0486318
0.123714	0.24	0.047671
0.13323	0.24	0.0466403
0.142746	0.24	0.0455411
0.152263	0.24	0.0443747
0.161779	0.24	0.0431426
0.171296	0.24	0.0418462
0.180812	0.24	0.0404871
0.190329	0.24	0.0390667
0.199845	0.24	0.0375866
0.209362	0.24	0.0360481
0.218878	0.24	0.0344528
0.228394	0.24	0.0328021
0.237911	0.24	0.0310975
0.247427	0.24	0.0293405
0.256944	0.24	0.0275325
0.26646	0.24	0.0256749
0.275977	0.24	0.0237691
0.285493	0.24	0.0218164
0.295009	0.24	0.0198182
0.304526	0.24	0.0177759
0.314042	0.24	0.0156907
0.323559	0.24	0.013564
0.333075	0.24	0.0113969
0.342592	0.24	0.00919081
0.352108	0.24	0.00694688
0.361624	0.24	0.00466631
0.371141	0.24	0.0023503
0.380657	0.24	0
0	0.26	0.0595623
0.0103095	0.26	0.059518
0.0206189	0.26	0.0593852
0.0309284	0.26	0.0591641
0.0412379	0.26	0.0588551
0.0515473	0.26	0.0584586
0.0618568	0.26	0.0579755
0.0721663	0.26	0.0574066
0.0824758	0.26	0.0567529
0.0927852	0.26	0.0560154
0.103095	0.26	0.0551954
0.113404	0.26	0.0542942
0.123714	0.26	0.0533131
0.134023	0.26	0.0522536
0.144333	0.26	0.0511173
0.154642	0.26	0.0499057
0.164952	0.26	0.0486205
0.175261	0.26	0.0472632
0.18557	0.26	0.0458356
0.19588	0.26	0.0443393
0.206189	0.26	0.0427761
0.216499	0.26	0.0411477
0.226808	0.26	0.0394557
0.237118	0.26	0.0377019
0.247427	0.26	0.035888
0.257737	0.26	0.0340156
0.268046	0.26	0.0320865
0.278356	0.26	0.0301021
0.288665	0.26	0.0280643
0.298975	0.26	0.0259746
0.309284	0.26	0.0238346
0.319594	0.26	0.0216458
0.329903	0.26	0.0194098
0.340212	0.26	0.0171282
0.350522	0.26	0.0148023
0.360831	0.26	0.0124337
0.371141	0.26	0.0100239
0.38145	0.26	0.0075742
0.39176	0.26	0.00508607
0.402069	0.26	0.00256088
0.412379	0.26	0
0	0.28	0.0647642
0.0111025	0.28	0.0647158
0.022205	0.28	0.0645703
0.0333075	0.28	0.0643282
0.04441	0.28	0.0639898
0.0555125	0.28	0.0635557
0.066615	0.28	0.0630268
0.0777175	0.28	0.0624041
0.08882	0.28	0.0616886
0.0999225	0.28	0.0608815
0.111025	0.28	0.0599843
0.122128	0.28	0.0589984
0.13323	0.28	0.0579254
0.144333	0.28	0.0567669
0.155435	0.28	0.0555247
0.166538	0.28	0.0542006
0.17764	0.28	0.0527963
0.188743	0.28	0.0513139
0.199845	0.28	0.0497551
0.210948	0.28	0.0481219
0.22205	0.28	0.0464162
0.233153	0.28	0.04464
0.244255	0.28	0.0427953
0.255358	0.28	0.0408839
0.26646	0.28	0.0389079
0.277563	0.28	0.0368691
0.288665	0.28	0.0347694
0.299768	0.28	0.0326107
0.31087	0.28	0.0303949
0.321973	0.28	0.0281239
0.333075	0.28	0.0257994
0.344178	0.28	0.0234233
0.35528	0.28	0.0209973
0.366383	0.28	0.0185233
0.377485	0.28	0.0160028
0.388588	0.28	0.0134377
0.39969	0.28	0.0108296
0.410793	0.28	0.00818015
0.421895	0.28	0.005491
0.432998	0.28	0.00276375
0.4441	0.28	0
0	0.3	0.0698814
0.0118955	0.3	0.0698288
0.0237911	0.3	0.0696706
0.0356866	0.3	0.0694074
0.0475822	0.3	0.0690394
0.0594777	0.3	0.0685676
0.0713732	0.3	0.0679927
0.0832688	0.3	0.0673158
0.0951643	0.3	0.0665383
0.10706	0.3	0.0656614
0.118955	0.3	0.0646867
0.130851	0.3	0.0636159
0.142746	0.3	0.0624508
0.154642	0.3	0.0611932
0.166538	0.3	0.0598451
0.178433	0.3	0.0584084
0.190329	0.3	0.0568853
0.202224	0.3	0.0552778
0.21412	0.3	0.0535882
0.226015	0.3	0.0518186
0.237911	0.3	0.0499711
0.249806	0.3	0.0480481
0.261702	0.3	0.0460516
0.273597	0.3	0.043984
0.285493	0.3	0.0418474
0.297389	0.3	0.039644
0.309284	0.3	0.0373759
0.32118	0.3	0.0350454
0.333075	0.3	0.0326545
0.344971	0.3	0.0302053
0.356866	0.3	0.0277
0.368762	0.3	0.0251406
0.380657	0.3	0.0225292
0.392553	0.3	0.0198677
0.404448	0.3	0.0171581
0.416344	0.3	0.0144025
0.428239	0.3	0.0116027
0.440135	0.3	0.00876071
0.452031	0.3	0.00587835
0.463926	0.3	0.00295749
0.475822	0.3	0
0	0.32	0.0748973
0.0126886	0.32	0.0748404
0.0253772	0.32	0.0746695
0.0380657	0.32	0.074385
0.0507543	0.32	0.0739874
0.0634429	0.32	0.0734776
0.0761315	0.32	0.0728565
0.08882	0.32	0.0721254
0.101509	0.32	0.0712856
0.114197	0.32	0.0703387
0.126886	0.32	0.0692864
0.139574	0.32	0.0681306
0.152263	0.32	0.0668732
0.164952	0.32	0.0655165
0.17764	0.32	0.0640624
0.190329	0.32	0.0625133
0.203017	0.32	0.0608716
0.215706	0.32	0.0591395
0.228394	0.32	0.0573196
0.241083	0.32	0.0554143
0.253772	0.32	0.053426
0.26646	0.32	0.0513572
0.279149	0.32	0.0492105
0.291837	0.32	0.0469883
0.304526	0.32	0.0446931
0.317214	0.32	0.0423273
0.329903	0.32	0.0398935
0.342592	0.32	0.0373941
0.35528	0.32	0.0348314
0.367969	0.32	0.032208
0.380657	0.32	0.0295261
0.393346	0.32	0.0267882
0.406034	0.32	0.0239965
0.418723	0.32	0.0211535
0.431412	0.32	0.0182612
0.4441	0.32	0.0153221
0.456789	0.32	0.0123383
0.469477	0.32	0.00931198
0.482166	0.32	0.00624541
0.494855	0.32	0.00314071
0.507543	0.32	0
0	0.34	0.0797969
0.0134816	0.34	0.0797357
0.0269632	0.34	0.079552
0.0404448	0.34	0.0792462
0.0539265	0.34	0.0788188
0.0674081	0.34	0.0782709
0.0808897	0.34	0.0776034
0.0943713	0.34	0.0768178
0.107853	0.34	0.0759156
0.121335	0.34	0.0748985
0.134816	0.34	0.0737684
0.148298	0.34	0.0725275
0.161779	0.34	0.0711779
0.175261	0.34	0.0697219
0.188743	0.34	0.0681621
0.202224	0.34	0.0665008
0.215706	0.34	0.0647408
0.229187	0.34	0.0628847
0.242669	0.34	0.0609352
0.256151	0.34	0.0588951
0.269632	0.34	0.056767
0.283114	0.34	0.0545539
0.296596	0.34	0.0522585
0.310077	0.34	0.0498836
0.323559	0.34	0.0474321
0.33704	0.34	0.0449066
0.350522	0.34	0.0423101
0.364004	0.34	0.0396452
0.377485	0.34	0.0369147
0.390967	0.34	0.0341213
0.404448	0.34	0.0312678
0.41793	0.34	0.0283567
0.431412	0.34	0.0253908
0.444893	0.34	0.0223728
0.458375	0.34	0.0193051
0.471856	0.34	0.0161904
0.485338	0.34	0.0130312
0.49882	0.34	0.00983007
0.512301	0.34	0.00658952
0.525783	0.34	0.00331201
0.539265	0.34	0
0	0.36	0.0845666
0.0142746	0.36	0.0845012
0.0285493	0.36	0.0843046
0.0428239	0.36	0.0839773
0.0570986	0.36	0.0835201
0.0713732	0.36	0.0829338
0.0856479	0.36	0.0822198
0.0999225	0.36	0.0813795
0.114197	0.36	0.0804147
0.128472	0.36	0.0793272
0.142746	0.36	0.0781192
0.157021	0.36	0.076793
0.171296	0.36	0.0753511
0.18557	0.36	0.073796
0.199845	0.36	0.0721305
0.21412	0.36	0.0703574
0.228394	0.36	0.0684795
0.242669	0.36	0.0664999
0.256944	0.36	0.0644216
0.271218	0.36	0.0622476
0.285493	0.36	0.059981
0.299768	0.36	0.0576251
0.314042	0.36	0.0551828
0.328317	0.36	0.0526575
0.342592	0.36	0.0500521
0.356866	0.36	0.0473699
0.371141	0.36	0.0446139
0.385416	0.36	0.0417874
0.39969	0.36	0.0388934
0.413965	0.36	0.0359349
0.428239	0.36	0.0329151
0.442514	0.36	0.029837
0.456789	0.36	0.0267036
0.471063	0.36	0.0235179
0.485338	0.36	0.0202829
0.499613	0.36	0.0170015
0.513887	0.36	0.0136766
0.528162	0.36	0.0103111
0.542437	0.36	0.00690798
0.556711	0.36	0.00346999
0.570986	0.36	0
0	0.38	0.0891942
0.0150677	0.38	0.0891245
0.0301354	0.38	0.0889149
0.0452031	0.38	0.0885661
0.0602707	0.38	0.0880788
0.0753384	0.38	0.087454
0.0904061	0.38	0.0866933
0.105474	0.38	0.0857981
0.120541	0.38	0.0847704
0.135609	0.38	0.0836123
0.150677	0.38	0.0823262
0.165745	0.38	0.0809146
0.180812	0.38	0.0793803
0.19588	0.38	0.0777261
0.210948	0.38	0.075955
0.226015	0.38	0.0740702
0.241083	0.38	0.0720749
0.256151	0.38	0.0699724
0.271218	0.38	0.067766
0.286286	0.38	0.0654593
0.301354	0.38	0.0630556
0.316421	0.38	0.0605584
0.331489	0.38	0.0579712
0.346557	0.38	0.0552977
0.361624	0.38	0.0525412
0.376692	0.38	0.0497054
0.39176	0.38	0.0467938
0.406828	0.38	0.0438098
0.421895	0.38	0.0407569
0.436963	0.38	0.0376387
0.452031	0.38	0.0344586
0.467098	0.38	0.0312201
0.482166	0.38	0.0279265
0.497234	0.38	0.0245813
0.512301	0.38	0.0211878
0.527369	0.38	0.0177494
0.542437	0.38	0.0142695
0.557504	0.38	0.0107513
0.572572	0.38	0.00719812
0.58764	0.38	0.00361327
0.602707	0.38	0
0	0.4	0.0936685
0.0158607	0.4	0.0935944
0.0317214	0.4	0.0933718
0.0475822	0.4	0.0930013
0.0634429	0.4	0.0924837
0.0793036	0.4	0.0918203
0.0951643	0.4	0.0910124
0.111025	0.4	0.090062
0.126886	0.4	0.0889711
0.142746	0.4	0.0877422
0.158607	0.4	0.0863777
0.174468	0.4	0.0848805
0.190329	0.4	0.0832536
0.206189	0.4	0.0815002
0.22205	0.4	0.0796237
0.237911	0.4	0.0776274
0.253772	0.4	0.075515
0.269632	0.4	0.0732901
0.285493	0.4	0.0709566
0.301354	0.4	0.0685181
0.317214	0.4	0.0659785
0.333075	0.4	0.0633418
0.348936	0.4	0.0606118
0.364797	0.4	0.0577925
0.380657	0.4	0.0548879
0.396518	0.4	0.0519019
0.412379	0.4	0.0488384
0.428239	0.4	0.0457014
0.4441	0.4	0.0424948
0.459961	0.4	0.0392226
0.475822	0.4	0.0358886
0.491682	0.4	0.0324968
0.507543	0.4	0.029051
0.523404	0.4	0.0255551
0.539265	0.4	0.0220129
0.555125	0.4	0.0184282
0.570986	0.4	0.0148048
0.586847	0.4	0.0111466
0.602707	0.4	0.00745719
0.618568	0.4	0.00374042
0.634429	0.4	0
0	0.42	0.0979794
0.0166538	0.42	0.0979009
0.0333075	0.42	0.0976651
0.0499613	0.42	0.0972727
0.066615	0.42	0.0967246
0.0832688	0.42	0.0960221
0.0999225	0.42	0.0951669
0.116576	0.42	0.0941609
0.13323	0.42	0.0930064
0.149884	0.42	0.0917062
0.166538	0.42	0.0902629
0.183191	0.42	0.0886798
0.199845	0.42	0.0869601
0.216499	0.42	0.0851073
0.233153	0.42	0.0831252
0.249806	0.42	0.0810175
0.26646	0.42	0.0787883
0.283114	0.42	0.0764416
0.299768	0.42	0.0739815
0.316421	0.42	0.0714123
0.333075	0.42	0.0687382
0.349729	0.42	0.0659636
0.366383	0.42	0.0630929
0.383036	0.42	0.0601305
0.39969	0.42	0.0570807
0.416344	0.42	0.053948
0.432998	0.42	0.0507368
0.449651	0.42	0.0474515
0.466305	0.42	0.0440967
0.482959	0.42	0.0406765
0.499613	0.42	0.0371956
0.516266	0.42	0.0336582
0.53292	0.42	0.0300688
0.549574	0.42	0.0264317
0.566228	0.42	0.0227512
0.582882	0.42	0.0190318
0.599535	0.42	0.0152776
0.616189	0.42	0.0114931
0.632843	0.42	0.00768242
0.649497	0.42	0.00384998
0.66615	0.42	0
0	0.44	0.102117
0.0174468	0.44	0.102034
0.0348936	0.44	0.101785
0.0523404	0.44	0.101371
0.0697872	0.44	0.100792
0.087234	0.44	0.10005
0.104681	0.44	0.0991469
0.122128	0.44	0.0980849
0.139574	0.44	0.0968664
0.157021	0.44	0.0954942
0.174468	0.44	0.0939717
0.191915	0.44	0.0923021
0.209362	0.44	0.0904891
0.226808	0.44	0.0885367
0.244255	0.44	0.0864488
0.261702	0.44	0.0842297
0.279149	0.44	0.0818838
0.296596	0.44	0.0794156
0.314042	0.44	0.0768296
0.331489	0.44	0.0741306
0.348936	0.44	0.0713233
0.366383	0.44	0.0684125
0.383829	0.44	0.0654032
0.401276	0.44	0.0623001
0.418723	0.44	0.0591083
0.43617	0.44	0.0558326
0.453617	0.44	0.052478
0.471063	0.44	0.0490495
0.48851	0.44	0.045552
0.505957	0.44	0.0419905
0.523404	0.44	0.0383699
0.540851	0.44	0.0346952
0.558297	0.44	0.0309713
0.575744	0.44	0.0272032
0.593191	0.44	0.0233958
0.610638	0.44	0.019554
0.628085	0.44	0.0156826
0.645531	0.44	0.0117867
0.662978	0.44	0.00787099
0.680425	0.44	0.00394048
0.697872	0.44	0
0	0.46	0.106074
0.0182398	0.46	0.105987
0.0364797	0.46	0.105724
0.0547195	0.46	0.105287
0.0729593	0.46	0.104677
0.0911992	0.46	0.103895
0.109439	0.46	0.102944
0.127679	0.46	0.101825
0.145919	0.46	0.100542
0.164158	0.46	0.0990971
0.182398	0.46	0.0974945
0.200638	0.46	0.0957378
0.218878	0.46	0.093831
0.237118	0.46	0.0917784
0.255358	0.46	0.0895843
0.273597	0.46	0.0872535
0.291837	0.46	0.0847909
0.310077	0.46	0.0822013
0.328317	0.46	0.07949
0.346557	0.46	0.0766619
0.364797	0.46	0.0737226
0.383036	0.46	0.0706772
0.401276	0.46	0.0675313
0.419516	0.46	0.0642902
0.437756	0.46	0.0609594
0.455996	0.46	0.0575445
0.474236	0.46	0.054051
0.492475	0.46	0.0504844
0.510715	0.46	0.0468503
0.528955	0.46	0.0431542
0.547195	0.46	0.0394018
0.565435	0.46	0.0355985
0.583675	0.46	0.03175
0.601914	0.46	0.0278618
0.620154	0.46	0.0239394
0.638394	0.46	0.0199885
0.656634	0.46	0.0160146
0.674874	0.46	0.0120233
0.693114	0.46	0.00802
0.711353	0.46	0.00401039
0.729593	0.46	0
0	0.48	0.109842
0.0190329	0.48	0.10975
0.0380657	0.48	0.109474
0.0570986	0.48	0.109014
0.0761315	0.48	0.108372
0.0951643	0.48	0.10755
0.114197	0.48	0.106549
0.13323	0.48	0.105373
0.152263	0.48	0.104024
0.171296	0.48	0.102506
0.190329	0.48	0.100822
0.209362	0.48	0.0989778
0.228394	0.48	0.0969763
0.247427	0.48	0.0948226
0.26646	0.48	0.0925218
0.285493	0.48	0.0900789
0.304526	0.48	0.0874992
0.323559	0.48	0.0847884
0.342592	0.48	0.0819519
0.361624	0.48	0.0789955
0.380657	0.48	0.0759251
0.39969	0.48	0.0727466
0.418723	0.48	0.0694661
0.437756	0.48	0.0660895
0.456789	0.48	0.062623
0.475822	0.48	0.0590727
0.494855	0.48	0.0554448
0.513887	0.48	0.0517455
0.53292	0.48	0.047981
0.551953	0.48	0.0441576
0.570986	0.48	0.0402814
0.590019	0.48	0.0363588
0.609052	0.48	0.032396
0.628085	0.48	0.0283992
0.647117	0.48	0.0243749
0.66615	0.48	0.0203291
0.685183	0.48	0.0162682
0.704216	0.48	0.0121986
0.723249	0.48	0.00812647
0.742282	0.48	0.00405816
0.761315	0.48	0
0	0.5	0.113413
0.0198259	0.5	0.113317
0.0396518	0.5	0.113027
0.0594777	0.5	0.112544
0.0793036	0.5	0.11187
0.0991295	0.5	0.111006
0.118955	0.5	0.109955
0.138781	0.5	0.108721
0.158607	0.5	0.107305
0.178433	0.5	0.105713
0.198259	0.5	0.103947
0.218085	0.5	0.102013
0.237911	0.5	0.0999159
0.257737	0.5	0.0976603
0.277563	0.5	0.0952517
0.297389	0.5	0.0926959
0.317214	0.5	0.0899988
0.33704	0.5	0.0871663
0.356866	0.5	0.0842048
0.376692	0.5	0.0811205
0.396518	0.5	0.0779199
0.416344	0.5	0.0746097
0.43617	0.5	0.0711964
0.455996	0.5	0.0676868
0.475822	0.5	0.0640877
0.495648	0.5	0.0604059
0.515473	0.5	0.0566483
0.535299	0.5	0.0528218
0.555125	0.5	0.0489334
0.574951	0.5	0.0449901
0.594777	0.5	0.0409988
0.614603	0.5	0.0369665
0.634429	0.5	0.0329004
0.654255	0.5	0.0288074
0.674081	0.5	0.0246946
0.693907	0.5	0.0205691
0.713732	0.5	0.0164379
0.733558	0.5	0.0123083
0.753384	0.5	0.00818736
0.77321	0.5	0.00408219
0.793036	0.5	0
0	0.52	0.116782
0.0206189	0.52	0.116681
0.0412379	0.52	0.116377
0.0618568	0.52	0.11587
0.0824758	0.52	0.115163
0.103095	0.52	0.114257
0.123714	0.52	0.113156
0.144333	0.52	0.111861
0.164952	0.52	0.110378
0.18557	0.52	0.108709
0.206189	0.52	0.10686
0.226808	0.52	0.104836
0.247427	0.52	0.102641
0.268046	0.52	0.100282
0.288665	0.52	0.0977649
0.309284	0.52	0.0950952
0.329903	0.52	0.0922797
0.350522	0.52	0.0893252
0.371141	0.52	0.0862384
0.39176	0.52	0.0830263
0.412379	0.52	0.0796962
0.432998	0.52	0.0762553
0.453617	0.52	0.0727111
0.474236	0.52	0.0690708
0.494855	0.52	0.0653422
0.515473	0.52	0.0615328
0.536092	0.52	0.0576502
0.556711	0.52	0.0537023
0.57733	0.52	0.0496967
0.597949	0.52	0.0456412
0.618568	0.52	0.0415437
0.639187	0.52	0.037412
0.659806	0.52	0.033254
0.680425	0.52	0.0290777
0.701044	0.52	0.0248909
0.721663	0.52	0.0207017
0.742282	0.52	0.0165181
0.762901	0.52	0.012348
0.78352	0.52	0.00819954
0.804139	0.52	0.00408083
0.824758	0.52	0
0	0.54	0.119943
0.021412	0.54	0.119836
0.0428239	0.54	0.119517
0.0642359	0.54	0.118987
0.0856479	0.54	0.118246
0.10706	0.54	0.117297
0.128472	0.54	0.116143
0.149884	0.54	0.114787
0.171296	0.54	0.113234
0.192708	0.54	0.111488
0.21412	0.54	0.109554
0.235532	0.54	0.107437
0.256944	0.54	0.105144
0.278356	0.54	0.10268
0.299768	0.54	0.100052
0.32118	0.54	0.0972673
0.342592	0.54	0.0943323
0.364004	0.54	0.0912548
0.385416	0.54	0.0880422
0.406828	0.54	0.0847024
0.428239	0.54	0.0812431
0.449651	0.54	0.0776726
0.471063	0.54	0.0739988
0.492475	0.54	0.0702302
0.513887	0.54	0.0663751
0.535299	0.54	0.062442
0.556711	0.54	0.0584393
0.578123	0.54	0.0543756
0.599535	0.54	0.0502597
0.620947	0.54	0.0461002
0.642359	0.54	0.0419058
0.663771	0.54	0.0376854
0.685183	0.54	0.0334477
0.706595	0.54	0.0292017
0.728007	0.54	0.0249562
0.749419	0.54	0.0207202
0.770831	0.54	0.0165028
0.792243	0.54	0.012313
0.813655	0.54	0.00815977
0.835067	0.54	0.00405238
0.856479	0.54	0
0	0.56	0.122889
0.022205	0.56	0.122778
0.04441	0.56	0.122444
0.066615	0.56	0.121888
0.08882	0.56	0.121112
0.111025	0.56	0.120119
0.13323	0.56	0.118911
0.155435	0.56	0.117493
0.17764	0.56	0.115869
0.199845	0.56	0.114043
0.22205	0.56	0.112022
0.244255	0.56	0.109811
0.26646	0.56	0.107416
0.288665	0.56	0.104845
0.31087	0.56	0.102105
0.333075	0.56	0.099203
0.35528	0.56	0.0961471
0.377485	0.56	0.0929454
0.39969	0.56	0.0896062
0.421895	0.56	0.0861381
0.4441	0.56	0.0825498
0.466305	0.56	0.0788502
0.48851	0.56	0.0750484
0.510715	0.56	0.0711536
0.53292	0.56	0.0671749
0.555125	0.56	0.0631218
0.57733	0.56	0.0590038
0.599535	0.56	0.0548304
0.62174	0.56	0.0506113
0.643945	0.56	0.0463561
0.66615	0.56	0.0420745
0.688355	0.56	0.0377764
0.71056	0.56	0.0334717
0.732765	0.56	0.0291704
0.75497	0.56	0.0248823
0.777175	0.56	0.0206175
0.79938	0.56	0.0163862
0.821585	0.56	0.0121985
0.84379	0.56	0.00806473
0.865995	0.56	0.00399509
0.8882	0.56	0
0	0.58	0.125617
0.022998	0.58	0.1255
0.0459961	0.58	0.125151
0.0689941	0.58	0.124569
0.0919922	0.58	0.123757
0.11499	0.58	0.122718
0.137988	0.58	0.121455
0.160986	0.58	0.119972
0.183984	0.58	0.118274
0.206982	0.58	0.116367
0.22998	0.58	0.114256
0.252979	0.58	0.111948
0.275977	0.58	0.10945
0.298975	0.58	0.106769
0.321973	0.58	0.103914
0.344971	0.58	0.100893
0.367969	0.58	0.0977144
0.390967	0.58	0.0943869
0.413965	0.58	0.0909199
0.436963	0.58	0.0873228
0.459961	0.58	0.0836053
0.482959	0.58	0.0797772
0.505957	0.58	0.0758484
0.528955	0.58	0.0718292
0.551953	0.58	0.0677298
0.574951	0.58	0.0635607
0.597949	0.58	0.0593322
0.620947	0.58	0.0550551
0.643945	0.58	0.0507399
0.666943	0.58	0.0463976
0.689941	0.58	0.0420389
0.712939	0.58	0.0376749
0.735937	0.58	0.0333164
0.758936	0.58	0.0289747
0.781934	0.58	0.0246609
0.804932	0.58	0.0203863
0.82793	0.58	0.0161621
0.850928	0.58	0.0119998
0.873926	0.58	0.00791097
0.896924	0.58	0.00390713
0.919922	0.58	0
0	0.6	0.128121
0.0237911	0.6	0.127999
0.0475822	0.6	0.127634
0.0713732	0.6	0.127025
0.0951643	0.6	0.126176
0.118955	0.6	0.125089
0.142746	0.6	0.123769
0.166538	0.6	0.122219
0.190329	0.6	0.120445
0.21412	0.6	0.118453
0.237911	0.6	0.11625
0.261702	0.6	0.113842
0.285493	0.6	0.111237
0.309284	0.6	0.108445
0.333075	0.6	0.105472
0.356866	0.6	0.102329
0.380657	0.6	0.099025
0.404448	0.6	0.0955696
0.428239	0.6	0.0919732
0.452031	0.6	0.0882459
0.475822	0.6	0.0843986
0.499613	0.6	0.0804421
0.523404	0.6	0.0763873
0.547195	0.6	0.0722455
0.570986	0.6	0.068028
0.594777	0.6	0.0637464
0.618568	0.6	0.0594124
0.642359	0.6	0.0550376
0.66615	0.6	0.0506339
0.689941	0.6	0.0462134
0.713732	0.6	0.041788
0.737524	0.6	0.0373701
0.761315	0.6	0.0329718
0.785106	0.6	0.0286055
0.808897	0.6	0.0242837
0.832688	0.6	0.020019
0.856479	0.6	0.0158241
0.88027	0.6	0.0117118
0.904061	0.6	0.00769495
0.927852	0.6	0.00378663
0.951643	0.6	0
0	0.62	0.130399
0.0245841	0.62	0.130271
0.0491682	0.62	0.129889
0.0737524	0.62	0.129252
0.0983365	0.62	0.128364
0.122921	0.62	0.127228
0.147505	0.62	0.125848
0.172089	0.62	0.124228
0.196673	0.62	0.122376
0.221257	0.62	0.120296
0.245841	0.62	0.117997
0.270425	0.62	0.115486
0.295009	0.62	0.112771
0.319594	0.62	0.109863
0.344178	0.62	0.106769
0.368762	0.62	0.103501
0.393346	0.62	0.100069
0.41793	0.62	0.0964836
0.442514	0.62	0.0927556
0.467098	0.62	0.0888968
0.491682	0.62	0.0849187
0.516266	0.62	0.0808335
0.540851	0.62	0.0766533
0.565435	0.62	0.0723904
0.590019	0.62	0.0680574
0.614603	0.62	0.063667
0.639187	0.62	0.0592322
0.663771	0.62	0.0547659
0.688355	0.62	0.0502813
0.712939	0.62	0.0457917
0.737524	0.62	0.0413104
0.762108	0.62	0.0368511
0.786692	0.62	0.0324274
0.811276	0.62	0.028053
0.83586	0.62	0.0237419
0.860444	0.62	0.0195081
0.885028	0.62	0.0153658
0.909612	0.62	0.0113292
0.934197	0.62	0.00741298
0.958781	0.62	0.00363164
0.983365	0.62	0
0	0.64	0.132445
0.0253772	0.64	0.132312
0.0507543	0.64	0.131912
0.0761315	0.64	0.131246
0.101509	0.64	0.130318
0.126886	0.64	0.12913
0.152263	0.64	0.127687
0.17764	0.64	0.125995
0.203017	0.64	0.12406
0.228394	0.64	0.121889
0.253772	0.64	0.119491
0.279149	0.64	0.116873
0.304526	0.64	0.114044
0.329903	0.64	0.111016
0.35528	0.64	0.107798
0.380657	0.64	0.104402
0.406034	0.64	0.100838
0.431412	0.64	0.097119
0.456789	0.64	0.0932569
0.482166	0.64	0.0892644
0.507543	0.64	0.0851544
0.53292	0.64	0.0809399
0.558297	0.64	0.0766345
0.583675	0.64	0.0722518
0.609052	0.64	0.0678056
0.634429	0.64	0.06331
0.659806	0.64	0.0587792
0.685183	0.64	0.0542277
0.71056	0.64	0.0496699
0.735937	0.64	0.0451205
0.761315	0.64	0.0405946
0.786692	0.64	0.0361069
0.812069	0.64	0.0316728
0.837446	0.64	0.0273075
0.862823	0.64	0.0230265
0.8882	0.64	0.0188455
0.913578	0.64	0.0147802
0.938955	0.64	0.0108467
0.964332	0.64	0.00706122
0.989709	0.64	0.00344011
1.01509	0.64	0
0	0.66	0.134258
0.0261702	0.66	0.134119
0.0523404	0.66	0.1337
0.0785106	0.66	0.133004
0.104681	0.66	0.132033
0.130851	0.66	0.130791
0.157021	0.66	0.129283
0.183191	0.66	0.127515
0.209362	0.66	0.125494
0.235532	0.66	0.123228
0.261702	0.66	0.120726
0.287872	0.66	0.117996
0.314042	0.66	0.115049
0.340212	0.66	0.111897
0.366383	0.66	0.10855
0.392553	0.66	0.105021
0.418723	0.66	0.101322
0.444893	0.66	0.0974657
0.471063	0.66	0.0934666
0.497234	0.66	0.089338
0.523404	0.66	0.0850942
0.549574	0.66	0.0807496
0.575744	0.66	0.076319
0.601914	0.66	0.0718175
0.628085	0.66	0.0672602
0.654255	0.66	0.0626628
0.680425	0.66	0.0580408
0.706595	0.66	0.0534102
0.732765	0.66	0.0487871
0.758936	0.66	0.0441877
0.785106	0.66	0.0396284
0.811276	0.66	0.0351259
0.837446	0.66	0.0306971
0.863616	0.66	0.0263587
0.889787	0.66	0.0221282
0.915957	0.66	0.0180229
0.942127	0.66	0.0140604
0.968297	0.66	0.0102586
0.994467	0.66	0.00663568
1.02064	0.66	0.00320994
1.04681	0.66	0
0	0.68	0.135835
0.0269632	0.68	0.135689
0.0539265	0.68	0.135251
0.0808897	0.68	0.134522
0.107853	0.68	0.133506
0.134816	0.68	0.132207
0.161779	0.68	0.130631
0.188743	0.68	0.128783
0.215706	0.68	0.126672
0.242669	0.68	0.124307
0.269632	0.68	0.121695
0.296596	0.68	0.118849
0.323559	0.68	0.115779
0.350522	0.68	0.112497
0.377485	0.68	0.109016
0.404448	0.68	0.10535
0.431412	0.68	0.101511
0.458375	0.68	0.0975138
0.485338	0.68	0.093374
0.512301	0.68	0.0891064
0.539265	0.68	0.0847266
0.566228	0.68	0.0802506
0.593191	0.68	0.0756944
0.620154	0.68	0.0710748
0.647117	0.68	0.0664084
0.674081	0.68	0.0617124
0.701044	0.68	0.057004
0.728007	0.68	0.0523007
0.75497	0.68	0.0476202
0.781934	0.68	0.0429806
0.808897	0.68	0.0383999
0.83586	0.68	0.0338965
0.862823	0.68	0.029489
0.889787	0.68	0.0251963
0.91675	0.68	0.0210375
0.943713	0.68	0.0170319
0.970676	0.68	0.0131991
0.997639	0.68	0.00955912
1.0246	0.68	0.00613221
1.05157	0.68	0.00293892
1.07853	0.68	0
0	0.7	0.137173
0.0277563	0.7	0.13702
0.0555125	0.7	0.136561
0.0832688	0.7	0.135798
0.111025	0.7	0.134735
0.138781	0.7	0.133376
0.166538	0.7	0.131728
0.194294	0.7	0.129796
0.22205	0.7	0.12759
0.249806	0.7	0.125119
0.277563	0.7	0.122394
0.305319	0.7	0.119426
0.333075	0.7	0.116227
0.360831	0.7	0.11281
0.388588	0.7	0.109189
0.416344	0.7	0.105379
0.4441	0.7	0.101395
0.471856	0.7	0.0972531
0.499613	0.7	0.0929685
0.527369	0.7	0.0885585
0.555125	0.7	0.0840401
0.582882	0.7	0.0794307
0.610638	0.7	0.0747484
0.638394	0.7	0.070011
0.66615	0.7	0.0652373
0.693907	0.7	0.0604458
0.721663	0.7	0.0556555
0.749419	0.7	0.0508858
0.777175	0.7	0.0461562
0.804932	0.7	0.0414863
0.832688	0.7	0.0368963
0.860444	0.7	0.0324064
0.8882	0.7	0.0280371
0.915957	0.7	0.0238094
0.943713	0.7	0.0197444
0.971469	0.7	0.0158635
0.999225	0.7	0.0121886
1.02698	0.7	0.00874208
1.05474	0.7	0.0055465
1.08249	0.7	0.00262485
1.11025	0.7	0
0	0.72	0.13827
0.0285493	0.72	0.13811
0.0570986	0.72	0.137629
0.0856479	0.72	0.13683
0.114197	0.72	0.135717
0.142746	0.72	0.134295
0.171296	0.72	0.132569
0.199845	0.72	0.130549
0.228394	0.72	0.128243
0.256944	0.72	0.125662
0.285493	0.72	0.122816
0.314042	0.72	0.11972
0.342592	0.72	0.116385
0.371141	0.72	0.112827
0.39969	0.72	0.10906
0.428239	0.72	0.105101
0.456789	0.72	0.100967
0.485338	0.72	0.0966733
0.513887	0.72	0.0922393
0.542437	0.72	0.0876828
0.570986	0.72	0.0830226
0.599535	0.72	0.0782778
0.628085	0.72	0.0734681
0.656634	0.72	0.0686132
0.685183	0.72	0.0637335
0.713732	0.72	0.0588495
0.742282	0.72	0.053982
0.770831	0.72	0.0491522
0.79938	0.72	0.0443815
0.82793	0.72	0.0396917
0.856479	0.72	0.0351048
0.885028	0.72	0.0306432
0.913578	0.72	0.0263295
0.942127	0.72	0.0221868
0.970676	0.72	0.0182385
0.999225	0.72	0.0145084
1.02777	0.72	0.0110211
1.05632	0.72	0.0078012
1.08487	0.72	0.00487422
1.11342	0.72	0.00226559
1.14197	0.72	0
0	0.74	0.139125
0.0293423	0.74	0.138957
0.0586847	0.74	0.138453
0.088027	0.74	0.137616
0.117369	0.74	0.13645
0.146712	0.74	0.13496
0.176054	0.74	0.133153
0.205396	0.74	0.131039
0.234739	0.74	0.128627
0.264081	0.74	0.125929
0.293423	0.74	0.122956
0.322766	0.74	0.119724
0.352108	0.74	0.116247
0.38145	0.74	0.11254
0.410793	0.74	0.108621
0.440135	0.74	0.104506
0.469477	0.74	0.100214
0.49882	0.74	0.095764
0.528162	0.74	0.0911753
0.557504	0.74	0.0864678
0.586847	0.74	0.0816622
0.616189	0.74	0.0767793
0.645531	0.74	0.0718407
0.674874	0.74	0.0668681
0.704216	0.74	0.0618836
0.733558	0.74	0.0569098
0.762901	0.74	0.0519695
0.792243	0.74	0.0470859
0.821585	0.74	0.0422825
0.850928	0.74	0.0375832
0.88027	0.74	0.0330122
0.909612	0.74	0.0285941
0.938955	0.74	0.0243538
0.968297	0.74	0.0203168
0.997639	0.74	0.0165091
1.02698	0.74	0.0129571
1.05632	0.74	0.00968817
1.08567	0.74	0.00673011
1.11501	0.74	0.00411125
1.14435	0.74	0.00185951
1.17369	0.74	0
0	0.76	0.139736
0.0301354	0.76	0.13956
0.0602707	0.76	0.139032
0.0904061	0.76	0.138154
0.120541	0.76	0.136931
0.150677	0.76	0.135369
0.180812	0.76	0.133476
0.210948	0.76	0.131262
0.241083	0.76	0.128737
0.271218	0.76	0.125915
0.301354	0.76	0.122809
0.331489	0.76	0.119434
0.361624	0.76	0.115806
0.39176	0.76	0.111943
0.421895	0.76	0.107863
0.452031	0.76	0.103584
0.482166	0.76	0.0991283
0.512301	0.76	0.0945148
0.542437	0.76	0.0897654
0.572572	0.76	0.0849018
0.602707	0.76	0.0799465
0.632843	0.76	0.0749225
0.662978	0.76	0.0698531
0.693114	0.76	0.0647622
0.723249	0.76	0.0596739
0.753384	0.76	0.0546129
0.78352	0.76	0.0496041
0.813655	0.76	0.044673
0.84379	0.76	0.0398452
0.873926	0.76	0.035147
0.904061	0.76	0.0306048
0.934197	0.76	0.0262457
0.964332	0.76	0.0220972
0.994467	0.76	0.0181873
1.0246	0.76	0.0145449
1.05474	0.76	0.0111995
1.08487	0.76	0.00818163
1.11501	0.76	0.00552275
1.14514	0.76	0.00325442
1.17528	0.76	0.0014062
1.20541	0.76	0
0	0.78	0.140103
0.0309284	0.78	0.139918
0.0618568	0.78	0.139364
0.0927852	0.78	0.138442
0.123714	0.78	0.137159
0.154642	0.78	0.13552
0.18557	0.78	0.133535
0.216499	0.78	0.131215
0.247427	0.78	0.128571
0.278356	0.78	0.125617
0.309284	0.78	0.122368
0.340212	0.78	0.118841
0.371141	0.78	0.115055
0.402069	0.78	0.111026
0.432998	0.78	0.106777
0.463926	0.78	0.102327
0.494855	0.78	0.0976991
0.525783	0.78	0.092915
0.556711	0.78	0.0879983
0.58764	0.78	0.0829729
0.618568	0.78	0.0778633
0.649497	0.78	0.0726944
0.680425	0.78	0.067492
0.711353	0.78	0.0622818
0.742282	0.78	0.0570903
0.77321	0.78	0.0519444
0.804139	0.78	0.0468713
0.835067	0.78	0.0418989
0.865995	0.78	0.0370551
0.896924	0.78	0.0323685
0.927852	0.78	0.0278684
0.958781	0.78	0.0235842
0.989709	0.78	0.0195463
1.02064	0.78	0.0157856
1.05157	0.78	0.0123342
1.08249	0.78	0.00922529
1.11342	0.78	0.00649345
1.14435	0.78	0.00417438
1.17528	0.78	0.00230306
1.20621	0.78	0.000908395
1.23714	0.78	0
0	0.8	0.140226
0.0317214	0.8	0.140031
0.0634429	0.8	0.139448
0.0951643	0.8	0.13848
0.126886	0.8	0.137132
0.158607	0.8	0.135412
0.190329	0.8	0.133329
0.22205	0.8	0.130895
0.253772	0.8	0.128123
0.285493	0.8	0.125029
0.317214	0.8	0.121629
0.348936	0.8	0.117942
0.380657	0.8	0.113986
0.412379	0.8	0.109783
0.4441	0.8	0.105356
0.475822	0.8	0.100725
0.507543	0.8	0.0959164
0.539265	0.8	0.0909537
0.570986	0.8	0.0858625
0.602707	0.8	0.080669
0.634429	0.8	0.0753997
0.66615	0.8	0.070082
0.697872	0.8	0.0647436
0.729593	0.8	0.0594129
0.761315	0.8	0.0541185
0.793036	0.8	0.0488899
0.824758	0.8	0.0437565
0.856479	0.8	0.0387488
0.8882	0.8	0.0338973
0.919922	0.8	0.0292333
0.951643	0.8	0.0247885
0.983365	0.8	0.0205954
1.01509	0.8	0.0166873
1.04681	0.8	0.0130986
1.07853	0.8	0.00986504
1.11025	0.8	0.00702456
1.14197	0.8	0.00461708
1.17369	0.8	0.00268377
1.20541	0.8	0.00126262
1.23714	0.8	0.000375929
1.26886	0.8	0
