0	0	0
0.00375	0	0
0.0075	0	0
0.01125	0	0
0.015	0	0
0.01875	0	0
0.0225	0	0
0.02625	0	0
0.03	0	0
0.03375	0	0
0.0375	0	0
0.04125	0	0
0.045	0	0
0.04875	0	0
0.0525	0	0
0.05625	0	0
0.06	0	0
0.06375	0	0
0.0675	0	0
0.07125	0	0
0.075	0	0
0.07875	0	0
0.0825	0	0
0.08625	0	0
0.09	0	0
0.09375	0	0
0.0975	0	0
0.10125	0	0
0.105	0	0
0.10875	0	0
0.1125	0	0
0.11625	0	0
0.12	0	0
0.12375	0	0
0.1275	0	0
0.13125	0	0
0.135	0	0
0.13875	0	0
0.1425	0	0
0.14625	0	0
0.15	0	0
0	0.0225	0.00785057
0.00437889	0.0225	0.0078486
0.00875779	0.0225	0.00784269
0.0131367	0.0225	0.00783279
0.0175156	0.0225	0.00781889
0.0218945	0.0225	0.0078009
0.0262734	0.0225	0.00777877
0.0306523	0.0225	0.0077524
0.0350312	0.0225	0.00772166
0.03941	0.0225	0.00768642
0.0437889	0.0225	0.00764651
0.0481678	0.0225	0.00760174
0.0525467	0.0225	0.00755188
0.0569256	0.0225	0.00749666
0.0613045	0.0225	0.00743578
0.0656834	0.0225	0.00736889
0.0700623	0.0225	0.00729556
0.0744412	0.0225	0.00721533
0.0788201	0.0225	0.00712764
0.083199	0.0225	0.00703185
0.0875779	0.0225	0.00692723
0.0919568	0.0225	0.00681293
0.0963357	0.0225	0.00668795
0.100715	0.0225	0.00655117
0.105093	0.0225	0.00640126
0.109472	0.0225	0.00623673
0.113851	0.0225	0.00605584
0.11823	0.0225	0.00585659
0.122609	0.0225	0.00563672
0.126988	0.0225	0.00539363
0.131367	0.0225	0.00512437
0.135746	0.0225	0.00482557
0.140125	0.0225	0.00449346
0.144504	0.0225	0.00412375
0.148882	0.0225	0.00371163
0.153261	0.0225	0.00325172
0.15764	0.0225	0.002738
0.162019	0.0225	0.00216379
0.166398	0.0225	0.00152166
0.170777	0.0225	0.000803407
0.175156	0.0225	0
0	0.045	0.0152992
0.00500779	0.045	0.0152943
0.0100156	0.045	0.0152796
0.0150234	0.045	0.015255
0.0200312	0.045	0.0152204
0.0250389	0.045	0.0151757
0.0300467	0.045	0.0151207
0.0350545	0.045	0.015055
0.0400623	0.045	0.0149785
0.0450701	0.045	0.0148906
0.0500779	0.045	0.014791
0.0550857	0.045	0.0146792
0.0600935	0.045	0.0145545
0.0651012	0.045	0.0144164
0.070109	0.045	0.0142641
0.0751168	0.045	0.0140966
0.0801246	0.045	0.013913
0.0851324	0.045	0.0137123
0.0901402	0.045	0.0134932
0.095148	0.045	0.0132544
0.100156	0.045	0.0129942
0.105164	0.045	0.0127112
0.110171	0.045	0.0124033
0.115179	0.045	0.0120687
0.120187	0.045	0.0117052
0.125195	0.045	0.0113104
0.130202	0.045	0.0108819
0.13521	0.045	0.0104171
0.140218	0.045	0.00991322
0.145226	0.045	0.0093676
0.150234	0.045	0.00877746
0.155241	0.045	0.00814007
0.160249	0.045	0.00745288
0.165257	0.045	0.00671357
0.170265	0.045	0.00592016
0.175273	0.045	0.00507121
0.18028	0.045	0.0041659
0.185288	0.045	0.00320431
0.190296	0.045	0.00218756
0.195304	0.045	0.00111811
0.200312	0.045	0
0	0.0675	0.0224393
0.00563668	0.0675	0.0224308
0.0112734	0.0675	0.022405
0.01691	0.0675	0.022362
0.0225467	0.0675	0.0223015
0.0281834	0.0675	0.0222232
0.0338201	0.0675	0.0221268
0.0394568	0.0675	0.022012
0.0450935	0.0675	0.021878
0.0507301	0.0675	0.0217244
0.0563668	0.0675	0.0215505
0.0620035	0.0675	0.0213554
0.0676402	0.0675	0.0211382
0.0732769	0.0675	0.0208979
0.0789136	0.0675	0.0206333
0.0845502	0.0675	0.0203432
0.0901869	0.0675	0.0200263
0.0958236	0.0675	0.0196809
0.10146	0.0675	0.0193056
0.107097	0.0675	0.0188984
0.112734	0.0675	0.0184577
0.11837	0.0675	0.0179815
0.124007	0.0675	0.0174677
0.129644	0.0675	0.0169144
0.13528	0.0675	0.0163193
0.140917	0.0675	0.0156804
0.146554	0.0675	0.0149958
0.15219	0.0675	0.0142634
0.157827	0.0675	0.0134814
0.163464	0.0675	0.0126484
0.1691	0.0675	0.011763
0.174737	0.0675	0.0108242
0.180374	0.0675	0.00983126
0.186011	0.0675	0.00878406
0.191647	0.0675	0.00768278
0.197284	0.0675	0.00652803
0.202921	0.0675	0.00532089
0.208557	0.0675	0.00406278
0.214194	0.0675	0.00275539
0.219831	0.0675	0.00140055
0.225467	0.0675	0
0	0.09	0.0293466
0.00626558	0.09	0.0293339
0.0125312	0.09	0.0292955
0.0187967	0.09	0.0292314
0.0250623	0.09	0.0291413
0.0313279	0.09	0.0290249
0.0375935	0.09	0.0288816
0.043859	0.09	0.028711
0.0501246	0.09	0.0285122
0.0563902	0.09	0.0282846
0.0626558	0.09	0.0280272
0.0689213	0.09	0.0277391
0.0751869	0.09	0.027419
0.0814525	0.09	0.0270657
0.0877181	0.09	0.026678
0.0939836	0.09	0.0262542
0.100249	0.09	0.0257931
0.106515	0.09	0.0252927
0.11278	0.09	0.0247516
0.119046	0.09	0.024168
0.125312	0.09	0.0235401
0.131577	0.09	0.0228662
0.137843	0.09	0.0221444
0.144108	0.09	0.0213733
0.150374	0.09	0.0205512
0.156639	0.09	0.0196766
0.162905	0.09	0.0187484
0.169171	0.09	0.0177655
0.175436	0.09	0.0167271
0.181702	0.09	0.0156326
0.187967	0.09	0.0144819
0.194233	0.09	0.0132749
0.200498	0.09	0.0120119
0.206764	0.09	0.0106936
0.21303	0.09	0.00932075
0.219295	0.09	0.00789433
0.225561	0.09	0.00641548
0.231826	0.09	0.00488543
0.238092	0.09	0.00330539
0.244357	0.09	0.00167654
0.250623	0.09	0
0	0.1125	0.0360773
0.00689447	0.1125	0.03606
0.0137889	0.1125	0.0360081
0.0206834	0.1125	0.0359214
0.0275779	0.1125	0.0357996
0.0344724	0.1125	0.0356422
0.0413668	0.1125	0.0354487
0.0482613	0.1125	0.0352185
0.0551558	0.1125	0.0349508
0.0620502	0.1125	0.0346447
0.0689447	0.1125	0.0342992
0.0758392	0.1125	0.0339131
0.0827336	0.1125	0.0334852
0.0896281	0.1125	0.0330144
0.0965226	0.1125	0.0324991
0.103417	0.1125	0.0319379
0.110312	0.1125	0.0313293
0.117206	0.1125	0.0306719
0.1241	0.1125	0.0299641
0.130995	0.1125	0.0292043
0.137889	0.1125	0.0283912
0.144784	0.1125	0.0275233
0.151678	0.1125	0.0265994
0.158573	0.1125	0.0256183
0.165467	0.1125	0.024579
0.172362	0.1125	0.0234808
0.179256	0.1125	0.0223231
0.186151	0.1125	0.0211054
0.193045	0.1125	0.0198277
0.19994	0.1125	0.0184899
0.206834	0.1125	0.0170925
0.213729	0.1125	0.0156358
0.220623	0.1125	0.0141206
0.227518	0.1125	0.0125475
0.234412	0.1125	0.0109176
0.241306	0.1125	0.00923178
0.248201	0.1125	0.00749107
0.255095	0.1125	0.00569653
0.26199	0.1125	0.00384916
0.268884	0.1125	0.00194999
0.275779	0.1125	0
0	0.135	0.0426702
0.00752336	0.135	0.0426482
0.0150467	0.135	0.0425823
0.0225701	0.135	0.0424721
0.0300935	0.135	0.0423173
0.0376168	0.135	0.0421176
0.0451402	0.135	0.0418724
0.0526636	0.135	0.0415808
0.0601869	0.135	0.0412422
0.0677103	0.135	0.0408556
0.0752336	0.135	0.04042
0.082757	0.135	0.0399343
0.0902804	0.135	0.0393972
0.0978037	0.135	0.0388076
0.105327	0.135	0.0381641
0.11285	0.135	0.0374655
0.120374	0.135	0.0367103
0.127897	0.135	0.0358974
0.135421	0.135	0.0350253
0.142944	0.135	0.034093
0.150467	0.135	0.0330994
0.157991	0.135	0.0320434
0.165514	0.135	0.0309242
0.173037	0.135	0.0297411
0.180561	0.135	0.0284937
0.188084	0.135	0.0271816
0.195607	0.135	0.0258047
0.203131	0.135	0.024363
0.210654	0.135	0.0228567
0.218178	0.135	0.0212864
0.225701	0.135	0.0196524
0.233224	0.135	0.0179556
0.240748	0.135	0.0161966
0.248271	0.135	0.0143764
0.255794	0.135	0.0124958
0.263318	0.135	0.0105558
0.270841	0.135	0.00855749
0.278364	0.135	0.00650174
0.285888	0.135	0.00438959
0.293411	0.135	0.00222201
0.300935	0.135	0
0	0.1575	0.0491502
0.00815226	0.1575	0.0491235
0.0163045	0.1575	0.0490433
0.0244568	0.1575	0.0489092
0.032609	0.1575	0.0487212
0.0407613	0.1575	0.0484786
0.0489136	0.1575	0.0481809
0.0570658	0.1575	0.0478274
0.0652181	0.1575	0.0474174
0.0733703	0.1575	0.0469499
0.0815226	0.1575	0.046424
0.0896748	0.1575	0.0458386
0.0978271	0.1575	0.0451926
0.105979	0.1575	0.0444849
0.114132	0.1575	0.0437144
0.122284	0.1575	0.04288
0.130436	0.1575	0.0419805
0.138588	0.1575	0.0410149
0.146741	0.1575	0.0399822
0.154893	0.1575	0.0388815
0.163045	0.1575	0.0377121
0.171197	0.1575	0.0364735
0.17935	0.1575	0.035165
0.187502	0.1575	0.0337864
0.195654	0.1575	0.0323376
0.203806	0.1575	0.0308186
0.211959	0.1575	0.0292295
0.220111	0.1575	0.0275707
0.228263	0.1575	0.0258427
0.236416	0.1575	0.0240461
0.244568	0.1575	0.0221816
0.25272	0.1575	0.0202499
0.260872	0.1575	0.018252
0.269025	0.1575	0.0161887
0.277177	0.1575	0.0140611
0.285329	0.1575	0.0118701
0.293481	0.1575	0.00961674
0.301634	0.1575	0.00730204
0.309786	0.1575	0.004927
0.317938	0.1575	0.00249265
0.32609	0.1575	0
0	0.18	0.0555317
0.00878115	0.18	0.0555002
0.0175623	0.18	0.0554056
0.0263435	0.18	0.0552477
0.0351246	0.18	0.0550263
0.0439058	0.18	0.0547408
0.0526869	0.18	0.0543907
0.0614681	0.18	0.0539754
0.0702492	0.18	0.0534942
0.0790304	0.18	0.0529462
0.0878115	0.18	0.0523305
0.0965927	0.18	0.0516463
0.105374	0.18	0.0508926
0.114155	0.18	0.0500684
0.122936	0.18	0.0491727
0.131717	0.18	0.0482047
0.140498	0.18	0.0471635
0.14928	0.18	0.0460483
0.158061	0.18	0.0448584
0.166842	0.18	0.0435933
0.175623	0.18	0.0422525
0.184404	0.18	0.0408357
0.193185	0.18	0.0393427
0.201967	0.18	0.0377735
0.210748	0.18	0.0361283
0.219529	0.18	0.0344073
0.22831	0.18	0.032611
0.237091	0.18	0.0307399
0.245872	0.18	0.0287947
0.254653	0.18	0.0267761
0.263435	0.18	0.0246849
0.272216	0.18	0.022522
0.280997	0.18	0.0202885
0.289778	0.18	0.0179853
0.298559	0.18	0.0156134
0.30734	0.18	0.0131739
0.316122	0.18	0.0106679
0.324903	0.18	0.0080964
0.333684	0.18	0.00546055
0.342465	0.18	0.00276139
0.351246	0.18	0
0	0.2025	0.061821
0.00941005	0.2025	0.0617848
0.0188201	0.2025	0.0616759
0.0282301	0.2025	0.0614943
0.0376402	0.2025	0.0612396
0.0470502	0.2025	0.0609115
0.0564603	0.2025	0.0605094
0.0658703	0.2025	0.0600328
0.0752804	0.2025	0.059481
0.0846904	0.2025	0.0588533
0.0941005	0.2025	0.0581489
0.103511	0.2025	0.0573672
0.112921	0.2025	0.0565072
0.122331	0.2025	0.0555681
0.131741	0.2025	0.0545493
0.141151	0.2025	0.0534501
0.150561	0.2025	0.0522698
0.159971	0.2025	0.0510079
0.169381	0.2025	0.049664
0.178791	0.2025	0.0482378
0.188201	0.2025	0.0467291
0.197611	0.2025	0.0451378
0.207021	0.2025	0.0434641
0.216431	0.2025	0.0417082
0.225841	0.2025	0.0398705
0.235251	0.2025	0.0379515
0.244661	0.2025	0.0359517
0.254071	0.2025	0.0338719
0.263481	0.2025	0.0317129
0.272891	0.2025	0.0294756
0.282301	0.2025	0.027161
0.291711	0.2025	0.02477
0.301122	0.2025	0.0223038
0.310532	0.2025	0.0197634
0.319942	0.2025	0.0171499
0.329352	0.2025	0.0144646
0.338762	0.2025	0.0117085
0.348172	0.2025	0.00888287
0.357582	0.2025	0.00598879
0.366992	0.2025	0.00302744
0.376402	0.2025	0
0	0.225	0.0680191
0.0100389	0.225	0.0679782
0.0200779	0.225	0.0678552
0.0301168	0.225	0.0676501
0.0401558	0.225	0.0673625
0.0501947	0.225	0.0669921
0.0602336	0.225	0.0665385
0.0702726	0.225	0.0660012
0.0803115	0.225	0.0653797
0.0903505	0.225	0.0646733
0.100389	0.225	0.0638814
0.110428	0.225	0.0630035
0.120467	0.225	0.0620387
0.130506	0.225	0.0609867
0.140545	0.225	0.0598468
0.150584	0.225	0.0586186
0.160623	0.225	0.0573016
0.170662	0.225	0.0558956
0.180701	0.225	0.0544005
0.19074	0.225	0.0528161
0.200779	0.225	0.0511425
0.210818	0.225	0.0493799
0.220857	0.225	0.0475287
0.230896	0.225	0.0455893
0.240935	0.225	0.0435623
0.250974	0.225	0.0414484
0.261012	0.225	0.0392483
0.271051	0.225	0.0369629
0.28109	0.225	0.0345933
0.291129	0.225	0.0321404
0.301168	0.225	0.0296053
0.311207	0.225	0.0269892
0.321246	0.225	0.0242933
0.331285	0.225	0.0215187
0.341324	0.225	0.0186667
0.351363	0.225	0.0157386
0.361402	0.225	0.0127356
0.371441	0.225	0.00965892
0.38148	0.225	0.00650994
0.391519	0.225	0.00328988
0.401558	0.225	0
0	0.2475	0.0741231
0.0106678	0.2475	0.0740775
0.0213357	0.2475	0.0739405
0.0320035	0.2475	0.0737121
0.0426713	0.2475	0.073392
0.0533392	0.2475	0.0729799
0.064007	0.2475	0.0724754
0.0746748	0.2475	0.0718782
0.0853427	0.2475	0.0711878
0.0960105	0.2475	0.0704038
0.106678	0.2475	0.0695256
0.117346	0.2475	0.0685528
0.128014	0.2475	0.0674849
0.138682	0.2475	0.0663215
0.14935	0.2475	0.0650624
0.160018	0.2475	0.0637072
0.170685	0.2475	0.0622558
0.181353	0.2475	0.0607081
0.192021	0.2475	0.0590642
0.202689	0.2475	0.0573242
0.213357	0.2475	0.0554885
0.224025	0.2475	0.0535574
0.234692	0.2475	0.0515315
0.24536	0.2475	0.0494115
0.256028	0.2475	0.0471981
0.266696	0.2475	0.0448922
0.277364	0.2475	0.0424948
0.288032	0.2475	0.0400069
0.298699	0.2475	0.0374296
0.309367	0.2475	0.0347642
0.320035	0.2475	0.0320118
0.330703	0.2475	0.0291737
0.341371	0.2475	0.0262513
0.352039	0.2475	0.0232459
0.362706	0.2475	0.0201589
0.373374	0.2475	0.0169916
0.384042	0.2475	0.0137454
0.39471	0.2475	0.0104218
0.405378	0.2475	0.00702205
0.416046	0.2475	0.00354767
0.426713	0.2475	0
0	0.27	0.0801273
0.0112967	0.27	0.0800771
0.0225935	0.27	0.0799263
0.0338902	0.27	0.0796748
0.0451869	0.27	0.0793225
0.0564836	0.27	0.0788692
0.0677804	0.27	0.0783145
0.0790771	0.27	0.0776581
0.0903738	0.27	0.0768998
0.101671	0.27	0.0760391
0.112967	0.27	0.0750758
0.124264	0.27	0.0740094
0.135561	0.27	0.0728399
0.146857	0.27	0.0715669
0.158154	0.27	0.0701903
0.169451	0.27	0.06871
0.180748	0.27	0.0671262
0.192044	0.27	0.065439
0.203341	0.27	0.0636486
0.214638	0.27	0.0617554
0.225935	0.27	0.05976
0.237231	0.27	0.057663
0.248528	0.27	0.0554651
0.259825	0.27	0.0531672
0.271122	0.27	0.0507702
0.282418	0.27	0.0482753
0.293715	0.27	0.0456835
0.305012	0.27	0.0429961
0.316308	0.27	0.0402143
0.327605	0.27	0.0373396
0.338902	0.27	0.0343733
0.350199	0.27	0.0313168
0.361495	0.27	0.0281716
0.372792	0.27	0.0249392
0.384089	0.27	0.0216212
0.395386	0.27	0.018219
0.406682	0.27	0.0147342
0.417979	0.27	0.0111684
0.429276	0.27	0.00752304
0.440572	0.27	0.00379973
0.451869	0.27	0
0	0.2925	0.0860243
0.0119256	0.2925	0.0859695
0.0238512	0.2925	0.0858051
0.0357769	0.2925	0.0855309
0.0477025	0.2925	0.0851468
0.0596281	0.2925	0.0846527
0.0715537	0.2925	0.0840484
0.0834794	0.2925	0.0833336
0.095405	0.2925	0.0825082
0.107331	0.2925	0.0815718
0.119256	0.2925	0.0805245
0.131182	0.2925	0.0793659
0.143107	0.2925	0.0780961
0.155033	0.2925	0.0767149
0.166959	0.2925	0.0752225
0.178884	0.2925	0.073619
0.19081	0.2925	0.0719047
0.202736	0.2925	0.0700799
0.214661	0.2925	0.0681452
0.226587	0.2925	0.0661011
0.238512	0.2925	0.0639484
0.250438	0.2925	0.0616879
0.262364	0.2925	0.0593205
0.274289	0.2925	0.0568474
0.286215	0.2925	0.0542697
0.298141	0.2925	0.0515887
0.310066	0.2925	0.0488056
0.321992	0.2925	0.0459219
0.333917	0.2925	0.0429391
0.345843	0.2925	0.0398586
0.357769	0.2925	0.0366821
0.369694	0.2925	0.0334111
0.38162	0.2925	0.0300473
0.393546	0.2925	0.0265925
0.405471	0.2925	0.0230481
0.417397	0.2925	0.0194161
0.429322	0.2925	0.015698
0.441248	0.2925	0.0118957
0.453174	0.2925	0.00801072
0.465099	0.2925	0.00404493
0.477025	0.2925	0
0	0.315	0.0918056
0.0125545	0.315	0.0917463
0.025109	0.315	0.0915684
0.0376636	0.315	0.0912717
0.0502181	0.315	0.0908562
0.0627726	0.315	0.0903219
0.0753271	0.315	0.0896685
0.0878816	0.315	0.088896
0.100436	0.315	0.0880043
0.112991	0.315	0.0869932
0.125545	0.315	0.0858629
0.1381	0.315	0.0846133
0.150654	0.315	0.0832445
0.163209	0.315	0.0817566
0.175763	0.315	0.0801499
0.188318	0.315	0.0784249
0.200872	0.315	0.0765819
0.213427	0.315	0.0746215
0.225981	0.315	0.0725445
0.238536	0.315	0.0703517
0.25109	0.315	0.0680439
0.263645	0.315	0.0656224
0.276199	0.315	0.0630882
0.288754	0.315	0.0604427
0.301308	0.315	0.0576871
0.313863	0.315	0.054823
0.326417	0.315	0.0518518
0.338972	0.315	0.0487753
0.351526	0.315	0.045595
0.364081	0.315	0.0423127
0.376636	0.315	0.0389301
0.38919	0.315	0.0354491
0.401745	0.315	0.0318715
0.414299	0.315	0.0281992
0.426854	0.315	0.024434
0.439408	0.315	0.0205778
0.451963	0.315	0.0166326
0.464517	0.315	0.0126003
0.477072	0.315	0.00848286
0.489626	0.315	0.0042821
0.502181	0.315	0
0	0.3375	0.0974621
0.0131834	0.3375	0.0973983
0.0263668	0.3375	0.097207
0.0395502	0.3375	0.0968881
0.0527336	0.3375	0.0964416
0.0659171	0.3375	0.0958674
0.0791005	0.3375	0.0951655
0.0922839	0.3375	0.0943359
0.105467	0.3375	0.0933787
0.118651	0.3375	0.0922938
0.131834	0.3375	0.0910815
0.145018	0.3375	0.0897419
0.158201	0.3375	0.0882754
0.171384	0.3375	0.0866821
0.184568	0.3375	0.0849627
0.197751	0.3375	0.0831176
0.210935	0.3375	0.0811476
0.224118	0.3375	0.0790535
0.237301	0.3375	0.0768362
0.250485	0.3375	0.0744968
0.263668	0.3375	0.0720364
0.276852	0.3375	0.0694563
0.290035	0.3375	0.0667579
0.303218	0.3375	0.0639427
0.316402	0.3375	0.0610122
0.329585	0.3375	0.0579683
0.342769	0.3375	0.0548125
0.355952	0.3375	0.0515468
0.369136	0.3375	0.048173
0.382319	0.3375	0.0446931
0.395502	0.3375	0.0411091
0.408686	0.3375	0.037423
0.421869	0.3375	0.0336368
0.435053	0.3375	0.0297527
0.448236	0.3375	0.0257727
0.461419	0.3375	0.021699
0.474603	0.3375	0.0175338
0.487786	0.3375	0.0132791
0.50097	0.3375	0.00893711
0.514153	0.3375	0.00451004
0.527336	0.3375	0
0	0.36	0.102984
0.0138123	0.36	0.102916
0.0276246	0.36	0.102712
0.0414369	0.36	0.102371
0.0552492	0.36	0.101893
0.0690615	0.36	0.10128
0.0828738	0.36	0.10053
0.0966861	0.36	0.0996436
0.110498	0.36	0.0986216
0.124311	0.36	0.0974637
0.138123	0.36	0.0961703
0.151935	0.36	0.0947418
0.165748	0.36	0.0931786
0.17956	0.36	0.0914812
0.193372	0.36	0.0896504
0.207185	0.36	0.0876868
0.220997	0.36	0.0855915
0.234809	0.36	0.0833655
0.248622	0.36	0.0810098
0.262434	0.36	0.0785259
0.276246	0.36	0.075915
0.290058	0.36	0.0731788
0.303871	0.36	0.0703189
0.317683	0.36	0.0673369
0.331495	0.36	0.0642347
0.345308	0.36	0.0610143
0.35912	0.36	0.0576776
0.372932	0.36	0.0542267
0.386745	0.36	0.0506637
0.400557	0.36	0.0469909
0.414369	0.36	0.0432104
0.428181	0.36	0.0393246
0.441994	0.36	0.0353357
0.455806	0.36	0.0312461
0.469618	0.36	0.0270582
0.483431	0.36	0.0227743
0.497243	0.36	0.0183969
0.511055	0.36	0.0139283
0.524868	0.36	0.00937105
0.53868	0.36	0.00472746
0.552492	0.36	0
0	0.3825	0.108362
0.0144412	0.3825	0.10829
0.0288824	0.3825	0.108072
0.0433236	0.3825	0.107709
0.0577648	0.3825	0.107202
0.072206	0.3825	0.106549
0.0866472	0.3825	0.105751
0.101088	0.3825	0.104809
0.11553	0.3825	0.103723
0.129971	0.3825	0.102493
0.144412	0.3825	0.101119
0.158853	0.3825	0.0996026
0.173294	0.3825	0.0979438
0.187736	0.3825	0.0961434
0.202177	0.3825	0.0942025
0.216618	0.3825	0.0921219
0.231059	0.3825	0.0899028
0.2455	0.3825	0.0875465
0.259942	0.3825	0.0850544
0.274383	0.3825	0.082428
0.288824	0.3825	0.079669
0.303265	0.3825	0.0767792
0.317706	0.3825	0.0737604
0.332148	0.3825	0.0706146
0.346589	0.3825	0.0673439
0.36103	0.3825	0.0639506
0.375471	0.3825	0.0604368
0.389912	0.3825	0.056805
0.404354	0.3825	0.0530574
0.418795	0.3825	0.0491967
0.433236	0.3825	0.0452252
0.447677	0.3825	0.0411456
0.462118	0.3825	0.0369605
0.47656	0.3825	0.0326724
0.491001	0.3825	0.0282841
0.505442	0.3825	0.0237982
0.519883	0.3825	0.0192175
0.534324	0.3825	0.0145445
0.548766	0.3825	0.00978216
0.563207	0.3825	0.00493307
0.577648	0.3825	0
0	0.405	0.113587
0.0150701	0.405	0.11351
0.0301402	0.405	0.113279
0.0452103	0.405	0.112895
0.0602804	0.405	0.112357
0.0753505	0.405	0.111665
0.0904206	0.405	0.11082
0.105491	0.405	0.109823
0.120561	0.405	0.108673
0.135631	0.405	0.107371
0.150701	0.405	0.105918
0.165771	0.405	0.104314
0.180841	0.405	0.102561
0.195911	0.405	0.100658
0.210981	0.405	0.0986084
0.226051	0.405	0.096412
0.241122	0.405	0.0940706
0.256192	0.405	0.0915858
0.271262	0.405	0.088959
0.286332	0.405	0.0861923
0.301402	0.405	0.0832873
0.316472	0.405	0.0802464
0.331542	0.405	0.0770715
0.346612	0.405	0.0737649
0.361682	0.405	0.0703291
0.376752	0.405	0.0667666
0.391822	0.405	0.0630798
0.406893	0.405	0.0592714
0.421963	0.405	0.0553442
0.437033	0.405	0.0513009
0.452103	0.405	0.0471444
0.467173	0.405	0.0428775
0.482243	0.405	0.0385031
0.497313	0.405	0.0340242
0.512383	0.405	0.0294438
0.527453	0.405	0.0247649
0.542523	0.405	0.0199906
0.557593	0.405	0.0151239
0.572664	0.405	0.0101678
0.587734	0.405	0.00512548
0.602804	0.405	0
0	0.4275	0.118648
0.015699	0.4275	0.118567
0.031398	0.4275	0.118323
0.047097	0.4275	0.117917
0.062796	0.4275	0.117349
0.0784949	0.4275	0.116619
0.0941939	0.4275	0.115728
0.109893	0.4275	0.114675
0.125592	0.4275	0.113462
0.141291	0.4275	0.112088
0.15699	0.4275	0.110556
0.172689	0.4275	0.108866
0.188388	0.4275	0.107019
0.204087	0.4275	0.105015
0.219786	0.4275	0.102857
0.235485	0.4275	0.100547
0.251184	0.4275	0.0980842
0.266883	0.4275	0.0954723
0.282582	0.4275	0.0927127
0.298281	0.4275	0.0898074
0.31398	0.4275	0.0867588
0.329679	0.4275	0.0835692
0.345378	0.4275	0.0802409
0.361077	0.4275	0.0767767
0.376776	0.4275	0.0731793
0.392475	0.4275	0.0694513
0.408174	0.4275	0.0655958
0.423873	0.4275	0.0616157
0.439572	0.4275	0.057514
0.455271	0.4275	0.0532939
0.47097	0.4275	0.0489586
0.486669	0.4275	0.0445113
0.502368	0.4275	0.0399553
0.518067	0.4275	0.0352939
0.533766	0.4275	0.0305305
0.549465	0.4275	0.0256685
0.565164	0.4275	0.0207113
0.580863	0.4275	0.0156624
0.596562	0.4275	0.0105252
0.612261	0.4275	0.00530324
0.62796	0.4275	0
0	0.45	0.123537
0.0163279	0.45	0.123452
0.0326558	0.45	0.123195
0.0489836	0.45	0.122768
0.0653115	0.45	0.12217
0.0816394	0.45	0.121401
0.0979673	0.45	0.120463
0.114295	0.45	0.119355
0.130623	0.45	0.118079
0.146951	0.45	0.116635
0.163279	0.45	0.115025
0.179607	0.45	0.113248
0.195935	0.45	0.111308
0.212262	0.45	0.109204
0.22859	0.45	0.106939
0.244918	0.45	0.104515
0.261246	0.45	0.101933
0.277574	0.45	0.0991952
0.293902	0.45	0.0963043
0.31023	0.45	0.0932625
0.326558	0.45	0.0900723
0.342886	0.45	0.0867364
0.359213	0.45	0.0832576
0.375541	0.45	0.0796388
0.391869	0.45	0.0758832
0.408197	0.45	0.0719938
0.424525	0.45	0.0679739
0.440853	0.45	0.063827
0.457181	0.45	0.0595564
0.473509	0.45	0.0551656
0.489836	0.45	0.0506582
0.506164	0.45	0.046038
0.522492	0.45	0.0413085
0.53882	0.45	0.0364736
0.555148	0.45	0.031537
0.571476	0.45	0.0265026
0.587804	0.45	0.0213743
0.604132	0.45	0.0161559
0.62046	0.45	0.0108514
0.636787	0.45	0.0054648
0.653115	0.45	0
0	0.4725	0.128245
0.0169568	0.4725	0.128156
0.0339136	0.4725	0.127886
0.0508703	0.4725	0.127437
0.0678271	0.4725	0.126809
0.0847839	0.4725	0.126003
0.101741	0.4725	0.125018
0.118697	0.4725	0.123855
0.135654	0.4725	0.122516
0.152611	0.4725	0.121002
0.169568	0.4725	0.119313
0.186525	0.4725	0.117451
0.203481	0.4725	0.115418
0.220438	0.4725	0.113214
0.237395	0.4725	0.110843
0.254352	0.4725	0.108306
0.271308	0.4725	0.105605
0.288265	0.4725	0.102743
0.305222	0.4725	0.0997228
0.322179	0.4725	0.0965461
0.339136	0.4725	0.0932163
0.356092	0.4725	0.0897365
0.373049	0.4725	0.0861099
0.390006	0.4725	0.0823397
0.406963	0.4725	0.0784294
0.423919	0.4725	0.0743826
0.440876	0.4725	0.070203
0.457833	0.4725	0.0658943
0.47479	0.4725	0.0614605
0.491747	0.4725	0.0569054
0.508703	0.4725	0.0522332
0.52566	0.4725	0.0474479
0.542617	0.4725	0.0425537
0.559574	0.4725	0.0375549
0.57653	0.4725	0.0324557
0.593487	0.4725	0.0272606
0.610444	0.4725	0.0219739
0.627401	0.4725	0.0166
0.644358	0.4725	0.0111434
0.661314	0.4725	0.00560852
0.678271	0.4725	0
0	0.495	0.132764
0.0175857	0.495	0.13267
0.0351713	0.495	0.132388
0.052757	0.495	0.131917
0.0703427	0.495	0.131259
0.0879284	0.495	0.130414
0.105514	0.495	0.129383
0.1231	0.495	0.128165
0.140685	0.495	0.126764
0.158271	0.495	0.125179
0.175857	0.495	0.123412
0.193442	0.495	0.121464
0.211028	0.495	0.119338
0.228614	0.495	0.117036
0.246199	0.495	0.114559
0.263785	0.495	0.11191
0.281371	0.495	0.109092
0.298956	0.495	0.106106
0.316542	0.495	0.102957
0.334128	0.495	0.0996471
0.351713	0.495	0.0961797
0.369299	0.495	0.0925582
0.386885	0.495	0.0887864
0.40447	0.495	0.0848678
0.422056	0.495	0.0808064
0.439642	0.495	0.0766063
0.457227	0.495	0.0722715
0.474813	0.495	0.0678064
0.492399	0.495	0.0632152
0.509984	0.495	0.0585026
0.52757	0.495	0.0536729
0.545156	0.495	0.048731
0.562741	0.495	0.0436815
0.580327	0.495	0.0385291
0.597913	0.495	0.0332788
0.615498	0.495	0.0279355
0.633084	0.495	0.0225042
0.65067	0.495	0.0169899
0.668255	0.495	0.0113977
0.685841	0.495	0.00573266
0.703427	0.495	0
0	0.5175	0.137085
0.0182146	0.5175	0.136987
0.0364291	0.5175	0.136691
0.0546437	0.5175	0.136199
0.0728583	0.5175	0.135511
0.0910728	0.5175	0.134628
0.109287	0.5175	0.133549
0.127502	0.5175	0.132277
0.145717	0.5175	0.130812
0.163931	0.5175	0.129157
0.182146	0.5175	0.127312
0.20036	0.5175	0.125279
0.218575	0.5175	0.123061
0.236789	0.5175	0.120659
0.255004	0.5175	0.118077
0.273218	0.5175	0.115316
0.291433	0.5175	0.11238
0.309648	0.5175	0.109273
0.327862	0.5175	0.105996
0.346077	0.5175	0.102554
0.364291	0.5175	0.0989508
0.382506	0.5175	0.0951898
0.40072	0.5175	0.0912752
0.418935	0.5175	0.0872112
0.43715	0.5175	0.0830022
0.455364	0.5175	0.0786528
0.473579	0.5175	0.0741676
0.491793	0.5175	0.0695514
0.510008	0.5175	0.0648091
0.528222	0.5175	0.0599458
0.546437	0.5175	0.0549667
0.564652	0.5175	0.0498769
0.582866	0.5175	0.0446819
0.601081	0.5175	0.0393871
0.619295	0.5175	0.0339979
0.63751	0.5175	0.02852
0.655724	0.5175	0.022959
0.673939	0.5175	0.0173207
0.692153	0.5175	0.0116109
0.710368	0.5175	0.00583533
0.728583	0.5175	0
0	0.54	0.1412
0.0188435	0.54	0.141098
0.0376869	0.54	0.140789
0.0565304	0.54	0.140276
0.0753738	0.54	0.139557
0.0942173	0.54	0.138635
0.113061	0.54	0.137509
0.131904	0.54	0.136182
0.150748	0.54	0.134654
0.169591	0.54	0.132927
0.188435	0.54	0.131004
0.207278	0.54	0.128885
0.226122	0.54	0.126574
0.244965	0.54	0.124074
0.263808	0.54	0.121386
0.282652	0.54	0.118514
0.301495	0.54	0.115461
0.320339	0.54	0.112232
0.339182	0.54	0.108828
0.358026	0.54	0.105256
0.376869	0.54	0.101518
0.395713	0.54	0.0976193
0.414556	0.54	0.0935643
0.4334	0.54	0.0893577
0.452243	0.54	0.0850045
0.471086	0.54	0.0805098
0.48993	0.54	0.0758789
0.508773	0.54	0.0711171
0.527617	0.54	0.06623
0.54646	0.54	0.0612234
0.565304	0.54	0.0561029
0.584147	0.54	0.0508747
0.602991	0.54	0.0455446
0.621834	0.54	0.040119
0.640678	0.54	0.034604
0.659521	0.54	0.029006
0.678365	0.54	0.0233314
0.697208	0.54	0.0175869
0.716051	0.54	0.011779
0.734895	0.54	0.00591447
0.753738	0.54	0
0	0.5625	0.145103
0.0194724	0.5625	0.144996
0.0389447	0.5625	0.144674
0.0584171	0.5625	0.144139
0.0778894	0.5625	0.14339
0.0973618	0.5625	0.142428
0.116834	0.5625	0.141255
0.136306	0.5625	0.139872
0.155779	0.5625	0.13828
0.175251	0.5625	0.136482
0.194724	0.5625	0.13448
0.214196	0.5625	0.132275
0.233668	0.5625	0.129871
0.253141	0.5625	0.12727
0.272613	0.5625	0.124477
0.292085	0.5625	0.121493
0.311558	0.5625	0.118324
0.33103	0.5625	0.114972
0.350502	0.5625	0.111443
0.369975	0.5625	0.107741
0.389447	0.5625	0.10387
0.408919	0.5625	0.0998348
0.428392	0.5625	0.0956415
0.447864	0.5625	0.091295
0.467336	0.5625	0.0868008
0.486809	0.5625	0.0821648
0.506281	0.5625	0.0773928
0.525754	0.5625	0.0724909
0.545226	0.5625	0.0674655
0.564698	0.5625	0.0623229
0.584171	0.5625	0.0570697
0.603643	0.5625	0.0517126
0.623115	0.5625	0.0462585
0.642588	0.5625	0.0407145
0.66206	0.5625	0.0350876
0.681532	0.5625	0.029385
0.701005	0.5625	0.0236143
0.720477	0.5625	0.0177827
0.739949	0.5625	0.0118981
0.759422	0.5625	0.00596788
0.778894	0.5625	0
0	0.585	0.148786
0.0201012	0.585	0.148675
0.0402025	0.585	0.14834
0.0603037	0.585	0.147782
0.080405	0.585	0.147002
0.100506	0.585	0.146001
0.120607	0.585	0.144779
0.140709	0.585	0.14334
0.16081	0.585	0.141683
0.180911	0.585	0.139813
0.201012	0.585	0.13773
0.221114	0.585	0.135438
0.241215	0.585	0.13294
0.261316	0.585	0.130239
0.281417	0.585	0.127339
0.301519	0.585	0.124244
0.32162	0.585	0.120957
0.341721	0.585	0.117484
0.361822	0.585	0.113829
0.381924	0.585	0.109997
0.402025	0.585	0.105994
0.422126	0.585	0.101824
0.442227	0.585	0.0974942
0.462329	0.585	0.0930101
0.48243	0.585	0.0883781
0.502531	0.585	0.0836045
0.522632	0.585	0.078696
0.542734	0.585	0.0736596
0.562835	0.585	0.0685023
0.582936	0.585	0.0632313
0.603037	0.585	0.0578541
0.623139	0.585	0.0523783
0.64324	0.585	0.0468118
0.663341	0.585	0.0411625
0.683442	0.585	0.0354384
0.703544	0.585	0.029648
0.723645	0.585	0.0237996
0.743746	0.585	0.0179018
0.763847	0.585	0.0119634
0.783949	0.585	0.00599311
0.80405	0.585	0
0	0.6075	0.152243
0.0207301	0.6075	0.152127
0.0414603	0.6075	0.151779
0.0621904	0.6075	0.151198
0.0829206	0.6075	0.150386
0.103651	0.6075	0.149345
0.124381	0.6075	0.148074
0.145111	0.6075	0.146577
0.165841	0.6075	0.144855
0.186571	0.6075	0.142911
0.207301	0.6075	0.140748
0.228032	0.6075	0.138367
0.248762	0.6075	0.135774
0.269492	0.6075	0.132972
0.290222	0.6075	0.129964
0.310952	0.6075	0.126756
0.331682	0.6075	0.123351
0.352412	0.6075	0.119756
0.373143	0.6075	0.115974
0.393873	0.6075	0.112013
0.414603	0.6075	0.107878
0.435333	0.6075	0.103574
0.456063	0.6075	0.0991095
0.476793	0.6075	0.09449
0.497523	0.6075	0.0897228
0.518254	0.6075	0.0848153
0.538984	0.6075	0.0797748
0.559714	0.6075	0.0746093
0.580444	0.6075	0.0693266
0.601174	0.6075	0.0639349
0.621904	0.6075	0.0584428
0.642634	0.6075	0.0528589
0.663365	0.6075	0.0471919
0.684095	0.6075	0.0414511
0.704825	0.6075	0.0356456
0.725555	0.6075	0.029785
0.746285	0.6075	0.023879
0.767015	0.6075	0.0179373
0.787745	0.6075	0.0119701
0.808476	0.6075	0.0059875
0.829206	0.6075	0
0	0.63	0.155468
0.021359	0.63	0.155347
0.0427181	0.63	0.154985
0.0640771	0.63	0.154381
0.0854361	0.63	0.153537
0.106795	0.63	0.152454
0.128154	0.63	0.151134
0.149513	0.63	0.149578
0.170872	0.63	0.147789
0.192231	0.63	0.14577
0.21359	0.63	0.143524
0.234949	0.63	0.141054
0.256308	0.63	0.138364
0.277667	0.63	0.135458
0.299026	0.63	0.132342
0.320386	0.63	0.129019
0.341745	0.63	0.125495
0.363104	0.63	0.121776
0.384463	0.63	0.117868
0.405822	0.63	0.113777
0.427181	0.63	0.10951
0.44854	0.63	0.105073
0.469899	0.63	0.100474
0.491258	0.63	0.0957209
0.512617	0.63	0.0908211
0.533976	0.63	0.0857829
0.555335	0.63	0.0806147
0.576694	0.63	0.0753253
0.598053	0.63	0.0699238
0.619412	0.63	0.0644193
0.640771	0.63	0.0588214
0.66213	0.63	0.0531401
0.683489	0.63	0.0473853
0.704848	0.63	0.0415675
0.726207	0.63	0.0356972
0.747566	0.63	0.0297853
0.768925	0.63	0.023843
0.790284	0.63	0.0178815
0.811643	0.63	0.0119126
0.833002	0.63	0.00594807
0.854361	0.63	0
0	0.6525	0.158456
0.0219879	0.6525	0.15833
0.0439759	0.6525	0.157953
0.0659638	0.6525	0.157326
0.0879517	0.6525	0.156449
0.10994	0.6525	0.155323
0.131928	0.6525	0.153951
0.153916	0.6525	0.152335
0.175903	0.6525	0.150478
0.197891	0.6525	0.148382
0.219879	0.6525	0.146051
0.241867	0.6525	0.143489
0.263855	0.6525	0.1407
0.285843	0.6525	0.13769
0.307831	0.6525	0.134462
0.329819	0.6525	0.131023
0.351807	0.6525	0.127378
0.373795	0.6525	0.123534
0.395783	0.6525	0.119498
0.417771	0.6525	0.115276
0.439759	0.6525	0.110877
0.461747	0.6525	0.106307
0.483734	0.6525	0.101575
0.505722	0.6525	0.0966889
0.52771	0.6525	0.0916585
0.549698	0.6525	0.0864926
0.571686	0.6525	0.0812006
0.593674	0.6525	0.0757925
0.615662	0.6525	0.0702784
0.63765	0.6525	0.0646689
0.659638	0.6525	0.0589747
0.681626	0.6525	0.0532071
0.703614	0.6525	0.0473776
0.725602	0.6525	0.0414979
0.74759	0.6525	0.0355802
0.769578	0.6525	0.0296371
0.791565	0.6525	0.0236814
0.813553	0.6525	0.0177261
0.835541	0.6525	0.0117849
0.857529	0.6525	0.00587149
0.879517	0.6525	0
0	0.675	0.1612
0.0226168	0.675	0.16107
0.0452336	0.675	0.160678
0.0678505	0.675	0.160026
0.0904673	0.675	0.159115
0.113084	0.675	0.157945
0.135701	0.675	0.156521
0.158318	0.675	0.154843
0.180935	0.675	0.152915
0.203551	0.675	0.15074
0.226168	0.675	0.148322
0.248785	0.675	0.145665
0.271402	0.675	0.142775
0.294019	0.675	0.139657
0.316636	0.675	0.136316
0.339252	0.675	0.132758
0.361869	0.675	0.12899
0.384486	0.675	0.125019
0.407103	0.675	0.120853
0.42972	0.675	0.116499
0.452336	0.675	0.111966
0.474953	0.675	0.107262
0.49757	0.675	0.102396
0.520187	0.675	0.0973792
0.542804	0.675	0.0922198
0.565421	0.675	0.0869287
0.588037	0.675	0.0815167
0.610654	0.675	0.0759947
0.633271	0.675	0.0703743
0.655888	0.675	0.0646674
0.678505	0.675	0.0588864
0.701122	0.675	0.0530438
0.723738	0.675	0.0471529
0.746355	0.675	0.0412272
0.768972	0.675	0.0352806
0.791589	0.675	0.0293275
0.814206	0.675	0.0233829
0.836822	0.675	0.0174618
0.859439	0.675	0.0115801
0.882056	0.675	0.00575401
0.904673	0.675	0
0	0.6975	0.163697
0.0232457	0.6975	0.163562
0.0464914	0.6975	0.163155
0.0697372	0.6975	0.162477
0.0929829	0.6975	0.161531
0.116229	0.6975	0.160316
0.139474	0.6975	0.158836
0.16272	0.6975	0.157094
0.185966	0.6975	0.155093
0.209211	0.6975	0.152837
0.232457	0.6975	0.150329
0.255703	0.6975	0.147575
0.278949	0.6975	0.144581
0.302194	0.6975	0.141351
0.32544	0.6975	0.137894
0.348686	0.6975	0.134214
0.371931	0.6975	0.13032
0.395177	0.6975	0.126219
0.418423	0.6975	0.12192
0.441669	0.6975	0.117432
0.464914	0.6975	0.112764
0.48816	0.6975	0.107925
0.511406	0.6975	0.102925
0.534652	0.6975	0.0977767
0.557897	0.6975	0.0924894
0.581143	0.6975	0.0870751
0.604389	0.6975	0.0815461
0.627634	0.6975	0.0759147
0.65088	0.6975	0.0701939
0.674126	0.6975	0.0643973
0.697372	0.6975	0.0585388
0.720617	0.6975	0.0526328
0.743863	0.6975	0.0466944
0.767109	0.6975	0.040739
0.790354	0.6975	0.0347827
0.8136	0.6975	0.0288423
0.836846	0.6975	0.0229347
0.860092	0.6975	0.017078
0.883337	0.6975	0.0112905
0.906583	0.6975	0.00559132
0.929829	0.6975	0
0	0.72	0.165943
0.0238746	0.72	0.165802
0.0477492	0.72	0.165379
0.0716238	0.72	0.164675
0.0954984	0.72	0.163692
0.119373	0.72	0.16243
0.143248	0.72	0.160893
0.167122	0.72	0.159085
0.190997	0.72	0.157008
0.214872	0.72	0.154666
0.238746	0.72	0.152066
0.262621	0.72	0.149211
0.286495	0.72	0.146109
0.31037	0.72	0.142765
0.334245	0.72	0.139186
0.358119	0.72	0.135381
0.381994	0.72	0.131357
0.405868	0.72	0.127123
0.429743	0.72	0.122688
0.453618	0.72	0.118063
0.477492	0.72	0.113257
0.501367	0.72	0.108281
0.525241	0.72	0.103146
0.549116	0.72	0.0978655
0.572991	0.72	0.0924507
0.596865	0.72	0.0869148
0.62074	0.72	0.0812713
0.644615	0.72	0.0755345
0.668489	0.72	0.0697189
0.692364	0.72	0.0638398
0.716238	0.72	0.0579131
0.740113	0.72	0.0519552
0.763988	0.72	0.0459833
0.787862	0.72	0.0400152
0.811737	0.72	0.0340695
0.835611	0.72	0.0281653
0.859486	0.72	0.0223228
0.883361	0.72	0.0165629
0.907235	0.72	0.0109072
0.93111	0.72	0.00537844
0.954984	0.72	0
0	0.7425	0.167933
0.0245035	0.7425	0.167787
0.049007	0.7425	0.167347
0.0735105	0.7425	0.166616
0.098014	0.7425	0.165594
0.122518	0.7425	0.164283
0.147021	0.7425	0.162687
0.171525	0.7425	0.160809
0.196028	0.7425	0.158652
0.220532	0.7425	0.156223
0.245035	0.7425	0.153525
0.269539	0.7425	0.150566
0.294042	0.7425	0.147351
0.318546	0.7425	0.143888
0.343049	0.7425	0.140184
0.367553	0.7425	0.136249
0.392056	0.7425	0.132091
0.41656	0.7425	0.127719
0.441063	0.7425	0.123145
0.465567	0.7425	0.118378
0.49007	0.7425	0.113431
0.514574	0.7425	0.108315
0.539077	0.7425	0.103044
0.563581	0.7425	0.0976294
0.588084	0.7425	0.0920866
0.612588	0.7425	0.0864296
0.637091	0.7425	0.0806737
0.661595	0.7425	0.0748348
0.686098	0.7425	0.0689294
0.710602	0.7425	0.0629748
0.735105	0.7425	0.0569889
0.759609	0.7425	0.0509906
0.784112	0.7425	0.0449995
0.808616	0.7425	0.0390361
0.833119	0.7425	0.0331217
0.857623	0.7425	0.0272789
0.882126	0.7425	0.021531
0.90663	0.7425	0.0159027
0.931133	0.7425	0.0104199
0.955637	0.7425	0.00510951
0.98014	0.7425	0
0	0.765	0.169665
0.0251324	0.765	0.169513
0.0502648	0.765	0.169056
0.0753972	0.765	0.168295
0.10053	0.765	0.167233
0.125662	0.765	0.16587
0.150794	0.765	0.164212
0.175927	0.765	0.162261
0.201059	0.765	0.160022
0.226192	0.765	0.1575
0.251324	0.765	0.154701
0.276456	0.765	0.151632
0.301589	0.765	0.1483
0.326721	0.765	0.144713
0.351854	0.765	0.140879
0.376986	0.765	0.136808
0.402118	0.765	0.13251
0.427251	0.765	0.127996
0.452383	0.765	0.123277
0.477516	0.765	0.118365
0.502648	0.765	0.113272
0.52778	0.765	0.108013
0.552913	0.765	0.102601
0.578045	0.765	0.0970511
0.603178	0.765	0.091379
0.62831	0.765	0.0856008
0.653442	0.765	0.0797337
0.678575	0.765	0.0737953
0.703707	0.765	0.0678045
0.72884	0.765	0.0617806
0.753972	0.765	0.0557442
0.779104	0.765	0.0497167
0.804237	0.765	0.0437206
0.829369	0.765	0.0377794
0.854502	0.765	0.031918
0.879634	0.765	0.0261625
0.904766	0.765	0.0205406
0.929899	0.765	0.0150815
0.955031	0.765	0.00981621
0.980164	0.765	0.00477748
1.0053	0.765	0
0	0.7875	0.171135
0.0257613	0.7875	0.170977
0.0515226	0.7875	0.170501
0.0772839	0.7875	0.16971
0.103045	0.7875	0.168605
0.128806	0.7875	0.167189
0.154568	0.7875	0.165465
0.180329	0.7875	0.163437
0.20609	0.7875	0.161111
0.231852	0.7875	0.158492
0.257613	0.7875	0.155587
0.283374	0.7875	0.152403
0.309136	0.7875	0.148948
0.334897	0.7875	0.14523
0.360658	0.7875	0.14126
0.386419	0.7875	0.137048
0.412181	0.7875	0.132604
0.437942	0.7875	0.127941
0.463703	0.7875	0.123071
0.489465	0.7875	0.118008
0.515226	0.7875	0.112765
0.540987	0.7875	0.107358
0.566748	0.7875	0.101801
0.59251	0.7875	0.0961128
0.618271	0.7875	0.0903091
0.644032	0.7875	0.0844086
0.669794	0.7875	0.0784303
0.695555	0.7875	0.0723942
0.721316	0.7875	0.0663214
0.747078	0.7875	0.0602339
0.772839	0.7875	0.054155
0.7986	0.7875	0.048109
0.824361	0.7875	0.0421217
0.850123	0.7875	0.0362205
0.875884	0.7875	0.030434
0.901645	0.7875	0.024793
0.927407	0.7875	0.0193301
0.953168	0.7875	0.0140805
0.978929	0.7875	0.00908156
1.00469	0.7875	0.00437375
1.03045	0.7875	0
0	0.81	0.172341
0.0263902	0.81	0.172176
0.0527804	0.81	0.171681
0.0791706	0.81	0.170858
0.105561	0.81	0.169708
0.131951	0.81	0.168235
0.158341	0.81	0.166442
0.184731	0.81	0.164334
0.211122	0.81	0.161916
0.237512	0.81	0.159195
0.263902	0.81	0.156177
0.290292	0.81	0.152872
0.316682	0.81	0.149287
0.343072	0.81	0.145433
0.369463	0.81	0.14132
0.395853	0.81	0.136959
0.422243	0.81	0.132362
0.448633	0.81	0.127543
0.475023	0.81	0.122516
0.501414	0.81	0.117295
0.527804	0.81	0.111895
0.554194	0.81	0.106334
0.580584	0.81	0.100628
0.606974	0.81	0.0947959
0.633365	0.81	0.0888572
0.659755	0.81	0.0828319
0.686145	0.81	0.0767415
0.712535	0.81	0.0706083
0.738925	0.81	0.0644559
0.765315	0.81	0.0583094
0.791706	0.81	0.052195
0.818096	0.81	0.0461405
0.844486	0.81	0.0401755
0.870876	0.81	0.0343315
0.897266	0.81	0.028642
0.923657	0.81	0.0231432
0.950047	0.81	0.0178739
0.976437	0.81	0.0128767
1.00283	0.81	0.00819783
1.02922	0.81	0.00388764
1.05561	0.81	0
0	0.8325	0.173281
0.0270191	0.8325	0.173109
0.0540382	0.8325	0.172594
0.0810572	0.8325	0.171737
0.108076	0.8325	0.170539
0.135095	0.8325	0.169006
0.162114	0.8325	0.167139
0.189134	0.8325	0.164946
0.216153	0.8325	0.162431
0.243172	0.8325	0.159602
0.270191	0.8325	0.156466
0.29721	0.8325	0.153032
0.324229	0.8325	0.149311
0.351248	0.8325	0.145313
0.378267	0.8325	0.141048
0.405286	0.8325	0.136531
0.432305	0.8325	0.131773
0.459324	0.8325	0.12679
0.486343	0.8325	0.121597
0.513363	0.8325	0.11621
0.540382	0.8325	0.110646
0.567401	0.8325	0.104923
0.59442	0.8325	0.0990616
0.621439	0.8325	0.0930808
0.648458	0.8325	0.0870023
0.675477	0.8325	0.0808488
0.702496	0.8325	0.0746439
0.729515	0.8325	0.0684128
0.756534	0.8325	0.0621821
0.783553	0.8325	0.0559797
0.810572	0.8325	0.0498356
0.837592	0.8325	0.0437814
0.864611	0.8325	0.037851
0.89163	0.8325	0.0320808
0.918649	0.8325	0.0265099
0.945668	0.8325	0.021181
0.972687	0.8325	0.0161411
0.999706	0.8325	0.0114423
1.02673	0.8325	0.00714245
1.05374	0.8325	0.00330581
1.08076	0.8325	0
0	0.855	0.173953
0.027648	0.855	0.173774
0.055296	0.855	0.173237
0.0829439	0.855	0.172344
0.110592	0.855	0.171096
0.13824	0.855	0.169498
0.165888	0.855	0.167554
0.193536	0.855	0.16527
0.221184	0.855	0.162653
0.248832	0.855	0.159709
0.27648	0.855	0.156447
0.304128	0.855	0.152878
0.331776	0.855	0.149012
0.359424	0.855	0.144861
0.387072	0.855	0.140436
0.41472	0.855	0.135753
0.442368	0.855	0.130825
0.470016	0.855	0.125669
0.497664	0.855	0.120301
0.525312	0.855	0.114739
0.55296	0.855	0.109002
0.580608	0.855	0.10311
0.608255	0.855	0.0970843
0.635903	0.855	0.0909474
0.663551	0.855	0.0847229
0.691199	0.855	0.0784359
0.718847	0.855	0.0721127
0.746495	0.855	0.0657814
0.774143	0.855	0.0594717
0.801791	0.855	0.0532152
0.829439	0.855	0.0470455
0.857087	0.855	0.0409987
0.884735	0.855	0.0351135
0.912383	0.855	0.029432
0.940031	0.855	0.0239999
0.967679	0.855	0.0188682
0.995327	0.855	0.0140938
1.02298	0.855	0.0097419
1.05062	0.855	0.005887
1.07827	0.855	0.00261194
1.10592	0.855	0
0	0.8775	0.174357
0.0282769	0.8775	0.174171
0.0565537	0.8775	0.17361
0.0848306	0.8775	0.172678
0.113107	0.8775	0.171377
0.141384	0.8775	0.169711
0.169661	0.8775	0.167685
0.197938	0.8775	0.165304
0.226215	0.8775	0.162577
0.254492	0.8775	0.159511
0.282769	0.8775	0.156117
0.311046	0.8775	0.152403
0.339322	0.8775	0.148383
0.367599	0.8775	0.144069
0.395876	0.8775	0.139475
0.424153	0.8775	0.134616
0.45243	0.8775	0.129507
0.480707	0.8775	0.124167
0.508984	0.8775	0.118614
0.537261	0.8775	0.112866
0.565537	0.8775	0.106946
0.593814	0.8775	0.100875
0.622091	0.8775	0.0946762
0.650368	0.8775	0.0883746
0.678645	0.8775	0.0819962
0.706922	0.8775	0.0755687
0.735199	0.8775	0.0691215
0.763476	0.8775	0.0626858
0.791752	0.8775	0.0562946
0.820029	0.8775	0.0499834
0.848306	0.8775	0.04379
0.876583	0.8775	0.0377553
0.90486	0.8775	0.0319235
0.933137	0.8775	0.026343
0.961414	0.8775	0.0210674
0.98969	0.8775	0.0161576
1.01797	0.8775	0.0116843
1.04624	0.8775	0.00773103
1.07452	0.8775	0.0043961
1.1028	0.8775	0.00178778
1.13107	0.8775	0
0	0.9	0.174492
0.0289058	0.9	0.174297
0.0578115	0.9	0.173712
0.0867173	0.9	0.172739
0.115623	0.9	0.171381
0.144529	0.9	0.169642
0.173435	0.9	0.167528
0.20234	0.9	0.165045
0.231246	0.9	0.162201
0.260152	0.9	0.159005
0.289058	0.9	0.155468
0.317963	0.9	0.151602
0.346869	0.9	0.147418
0.375775	0.9	0.142931
0.404681	0.9	0.138156
0.433586	0.9	0.133109
0.462492	0.9	0.127808
0.491398	0.9	0.122272
0.520304	0.9	0.116522
0.54921	0.9	0.110577
0.578115	0.9	0.104462
0.607021	0.9	0.0982001
0.635927	0.9	0.0918171
0.664833	0.9	0.0853403
0.693738	0.9	0.0787982
0.722644	0.9	0.0722215
0.75155	0.9	0.0656426
0.780456	0.9	0.0590959
0.809361	0.9	0.0526183
0.838267	0.9	0.0462492
0.867173	0.9	0.0400311
0.896079	0.9	0.0340099
0.924984	0.9	0.0282357
0.95389	0.9	0.0227641
0.982796	0.9	0.0176579
1.0117	0.9	0.0129907
1.04061	0.9	0.00885198
1.06951	0.9	0.00535304
1.09842	0.9	0.00262839
1.12732	0.9	0.000818525
1.15623	0.9	0
