0	0	0
0.0125	0	0
0.025	0	0
0.0375	0	0
0.05	0	0
0.0625	0	0
0.075	0	0
0.0875	0	0
0.1	0	0
0.1125	0	0
0.125	0	0
0.1375	0	0
0.15	0	0
0.1625	0	0
0.175	0	0
0.1875	0	0
0.2	0	0
0.2125	0	0
0.225	0	0
0.2375	0	0
0.25	0	0
0.2625	0	0
0.275	0	0
0.2875	0	0
0.3	0	0
0.3125	0	0
0.325	0	0
0.3375	0	0
0.35	0	0
0.3625	0	0
0.375	0	0
0.3875	0	0
0.4	0	0
0.4125	0	0
0.425	0	0
0.4375	0	0
0.45	0	0
0.4625	0	0
0.475	0	0
0.4875	0	0
0.5	0	0
0	0.015	0.0073786
0.013	0.015	0.00737754
0.026	0.015	0.00737435
0.039	0.015	0.00736901
0.052	0.015	0.00736152
0.065	0.015	0.00735183
0.078	0.015	0.00733993
0.091	0.015	0.00732575
0.104	0.015	0.00730926
0.117	0.015	0.00729039
0.13	0.015	0.00726905
0.143	0.015	0.00724518
0.156	0.015	0.00721867
0.169	0.015	0.0071894
0.182	0.015	0.00715725
0.195	0.015	0.00712205
0.208	0.015	0.00708365
0.221	0.015	0.00704183
0.234	0.015	0.00699638
0.247	0.015	0.00694701
0.26	0.015	0.00689343
0.273	0.015	0.00683526
0.286	0.015	0.00677209
0.299	0.015	0.00670341
0.312	0.015	0.0066286
0.325	0.015	0.00654695
0.338	0.015	0.00645753
0.351	0.015	0.00635925
0.364	0.015	0.00625064
0.377	0.015	0.00612983
0.39	0.015	0.00599428
0.403	0.015	0.0058404
0.416	0.015	0.00566298
0.429	0.015	0.00545411
0.442	0.015	0.00520141
0.455	0.015	0.00488484
0.468	0.015	0.00447138
0.481	0.015	0.00390579
0.494	0.015	0.00309494
0.507	0.015	0.00188148
0.52	0.015	0
0	0.03	0.014535
0.0135	0.03	0.0145328
0.027	0.03	0.0145259
0.0405	0.03	0.0145144
0.054	0.03	0.0144983
0.0675	0.03	0.0144774
0.081	0.03	0.0144517
0.0945	0.03	0.0144212
0.108	0.03	0.0143856
0.1215	0.03	0.0143449
0.135	0.03	0.0142988
0.1485	0.03	0.0142471
0.162	0.03	0.0141897
0.1755	0.03	0.0141262
0.189	0.03	0.0140564
0.2025	0.03	0.0139799
0.216	0.03	0.0138962
0.2295	0.03	0.0138049
0.243	0.03	0.0137055
0.2565	0.03	0.0135972
0.27	0.03	0.0134793
0.2835	0.03	0.0133509
0.297	0.03	0.0132109
0.3105	0.03	0.013058
0.324	0.03	0.0128907
0.3375	0.03	0.012707
0.351	0.03	0.0125045
0.3645	0.03	0.01228
0.378	0.03	0.0120294
0.3915	0.03	0.0117474
0.405	0.03	0.0114264
0.4185	0.03	0.0110562
0.432	0.03	0.0106219
0.4455	0.03	0.0101027
0.459	0.03	0.00946833
0.4725	0.03	0.00867668
0.486	0.03	0.00767005
0.4995	0.03	0.00637412
0.513	0.03	0.0047032
0.5265	0.03	0.00258157
0.54	0.03	0
0	0.045	0.0214722
0.014	0.045	0.0214685
0.028	0.045	0.0214575
0.042	0.045	0.021439
0.056	0.045	0.021413
0.07	0.045	0.0213795
0.084	0.045	0.0213382
0.098	0.045	0.021289
0.112	0.045	0.0212317
0.126	0.045	0.021166
0.14	0.045	0.0210916
0.154	0.045	0.0210082
0.168	0.045	0.0209154
0.182	0.045	0.0208126
0.196	0.045	0.0206994
0.21	0.045	0.0205752
0.224	0.045	0.0204391
0.238	0.045	0.0202903
0.252	0.045	0.0201279
0.266	0.045	0.0199505
0.28	0.045	0.019757
0.294	0.045	0.0195455
0.308	0.045	0.019314
0.322	0.045	0.0190603
0.336	0.045	0.0187812
0.35	0.045	0.018473
0.364	0.045	0.0181311
0.378	0.045	0.0177493
0.392	0.045	0.0173198
0.406	0.045	0.0168323
0.42	0.045	0.0162728
0.434	0.045	0.015623
0.448	0.045	0.0148586
0.462	0.045	0.013948
0.476	0.045	0.0128517
0.49	0.045	0.0115225
0.504	0.045	0.0099091
0.518	0.045	0.00796371
0.532	0.045	0.0056554
0.546	0.045	0.00298655
0.56	0.045	0
0	0.06	0.0281928
0.0145	0.06	0.0281876
0.029	0.06	0.0281718
0.0435	0.06	0.0281456
0.058	0.06	0.0281086
0.0725	0.06	0.0280608
0.087	0.06	0.028002
0.1015	0.06	0.0279319
0.116	0.06	0.0278501
0.1305	0.06	0.0277564
0.145	0.06	0.0276502
0.1595	0.06	0.0275309
0.174	0.06	0.0273981
0.1885	0.06	0.0272509
0.203	0.06	0.0270886
0.2175	0.06	0.0269101
0.232	0.06	0.0267143
0.2465	0.06	0.0264998
0.261	0.06	0.0262651
0.2755	0.06	0.0260084
0.29	0.06	0.0257274
0.3045	0.06	0.0254194
0.319	0.06	0.0250813
0.3335	0.06	0.0247093
0.348	0.06	0.0242983
0.3625	0.06	0.0238426
0.377	0.06	0.0233344
0.3915	0.06	0.0227643
0.406	0.06	0.0221201
0.4205	0.06	0.0213863
0.435	0.06	0.0205434
0.4495	0.06	0.019567
0.464	0.06	0.0184278
0.4785	0.06	0.017092
0.493	0.06	0.0155228
0.5075	0.06	0.0136843
0.522	0.06	0.0115474
0.5365	0.06	0.00909656
0.551	0.06	0.00633624
0.5655	0.06	0.00329157
0.58	0.06	0
0	0.075	0.0346996
0.015	0.075	0.0346927
0.03	0.075	0.0346718
0.045	0.075	0.0346369
0.06	0.075	0.0345878
0.075	0.075	0.0345242
0.09	0.075	0.034446
0.105	0.075	0.0343527
0.12	0.075	0.0342438
0.135	0.075	0.0341189
0.15	0.075	0.0339772
0.165	0.075	0.0338182
0.18	0.075	0.0336407
0.195	0.075	0.033444
0.21	0.075	0.0332266
0.225	0.075	0.0329873
0.24	0.075	0.0327244
0.255	0.075	0.032436
0.27	0.075	0.0321198
0.285	0.075	0.0317732
0.3	0.075	0.0313929
0.315	0.075	0.0309752
0.33	0.075	0.0305153
0.345	0.075	0.0300078
0.36	0.075	0.0294455
0.375	0.075	0.0288201
0.39	0.075	0.028121
0.405	0.075	0.0273353
0.42	0.075	0.026447
0.435	0.075	0.0254369
0.45	0.075	0.0242822
0.465	0.075	0.0229569
0.48	0.075	0.0214326
0.495	0.075	0.0196804
0.51	0.075	0.0176742
0.525	0.075	0.0153942
0.54	0.075	0.0128315
0.555	0.075	0.0099901
0.57	0.075	0.00688711
0.585	0.075	0.003548
0.6	0.075	0
0	0.09	0.0409954
0.0155	0.09	0.0409866
0.031	0.09	0.0409601
0.0465	0.09	0.0409157
0.062	0.09	0.0408532
0.0775	0.09	0.0407724
0.093	0.09	0.0406729
0.1085	0.09	0.0405541
0.124	0.09	0.0404155
0.1395	0.09	0.0402563
0.155	0.09	0.0400758
0.1705	0.09	0.0398728
0.186	0.09	0.0396462
0.2015	0.09	0.0393947
0.217	0.09	0.0391166
0.2325	0.09	0.0388101
0.248	0.09	0.0384728
0.2635	0.09	0.0381024
0.279	0.09	0.0376956
0.2945	0.09	0.0372489
0.31	0.09	0.036758
0.3255	0.09	0.0362176
0.341	0.09	0.0356217
0.3565	0.09	0.0349627
0.372	0.09	0.0342316
0.3875	0.09	0.0334175
0.403	0.09	0.0325073
0.4185	0.09	0.0314854
0.434	0.09	0.0303336
0.4495	0.09	0.029031
0.465	0.09	0.0275549
0.4805	0.09	0.0258813
0.496	0.09	0.023987
0.5115	0.09	0.0218519
0.527	0.09	0.0194616
0.5425	0.09	0.0168098
0.558	0.09	0.0138999
0.5735	0.09	0.0107442
0.589	0.09	0.00736155
0.6045	0.09	0.00377331
0.62	0.09	0
0	0.105	0.0470829
0.016	0.105	0.047072
0.032	0.105	0.0470393
0.048	0.105	0.0469846
0.064	0.105	0.0469077
0.08	0.105	0.0468082
0.096	0.105	0.0466855
0.112	0.105	0.0465391
0.128	0.105	0.0463681
0.144	0.105	0.0461717
0.16	0.105	0.0459488
0.176	0.105	0.045698
0.192	0.105	0.0454179
0.208	0.105	0.0451066
0.224	0.105	0.0447622
0.24	0.105	0.0443821
0.256	0.105	0.0439636
0.272	0.105	0.0435033
0.288	0.105	0.0429973
0.304	0.105	0.0424409
0.32	0.105	0.0418286
0.336	0.105	0.041154
0.352	0.105	0.0404093
0.368	0.105	0.0395851
0.384	0.105	0.0386708
0.4	0.105	0.0376533
0.416	0.105	0.0365179
0.432	0.105	0.0352475
0.448	0.105	0.0338233
0.464	0.105	0.0322253
0.48	0.105	0.030433
0.496	0.105	0.0284273
0.512	0.105	0.0261918
0.528	0.105	0.0237152
0.544	0.105	0.0209925
0.56	0.105	0.0180262
0.576	0.105	0.0148256
0.592	0.105	0.0114053
0.608	0.105	0.00778263
0.624	0.105	0.00397531
0.64	0.105	0
0	0.12	0.0529645
0.0165	0.12	0.0529514
0.033	0.12	0.0529121
0.0495	0.12	0.0528464
0.066	0.12	0.0527539
0.0825	0.12	0.0526341
0.099	0.12	0.0524865
0.1155	0.12	0.0523103
0.132	0.12	0.0521045
0.1485	0.12	0.051868
0.165	0.12	0.0515993
0.1815	0.12	0.051297
0.198	0.12	0.050959
0.2145	0.12	0.0505833
0.231	0.12	0.0501672
0.2475	0.12	0.0497077
0.264	0.12	0.0492013
0.2805	0.12	0.0486439
0.297	0.12	0.0480306
0.3135	0.12	0.0473558
0.33	0.12	0.0466128
0.3465	0.12	0.0457938
0.363	0.12	0.0448896
0.3795	0.12	0.0438895
0.396	0.12	0.0427813
0.4125	0.12	0.0415508
0.429	0.12	0.0401824
0.4455	0.12	0.0386591
0.462	0.12	0.0369631
0.4785	0.12	0.0350767
0.495	0.12	0.0329834
0.5115	0.12	0.0306695
0.528	0.12	0.0281254
0.5445	0.12	0.0253469
0.561	0.12	0.0223356
0.5775	0.12	0.0190986
0.594	0.12	0.0156475
0.6105	0.12	0.0119967
0.627	0.12	0.00816188
0.6435	0.12	0.00415817
0.66	0.12	0
0	0.135	0.0586428
0.017	0.135	0.0586274
0.034	0.135	0.058581
0.051	0.135	0.0585034
0.068	0.135	0.0583943
0.085	0.135	0.058253
0.102	0.135	0.0580788
0.119	0.135	0.0578707
0.136	0.135	0.0576276
0.153	0.135	0.0573482
0.17	0.135	0.0570306
0.187	0.135	0.0566731
0.204	0.135	0.0562733
0.221	0.135	0.0558286
0.238	0.135	0.0553358
0.255	0.135	0.0547914
0.272	0.135	0.0541911
0.289	0.135	0.05353
0.306	0.135	0.0528024
0.323	0.135	0.0520016
0.34	0.135	0.0511198
0.357	0.135	0.0501482
0.374	0.135	0.0490764
0.391	0.135	0.0478927
0.408	0.135	0.046584
0.425	0.135	0.0451357
0.442	0.135	0.0435326
0.459	0.135	0.0417585
0.476	0.135	0.0397979
0.493	0.135	0.0376363
0.51	0.135	0.0352618
0.527	0.135	0.0326659
0.544	0.135	0.0298446
0.561	0.135	0.0267987
0.578	0.135	0.0235337
0.595	0.135	0.0200591
0.612	0.135	0.016387
0.629	0.135	0.0125313
0.646	0.135	0.00850582
0.663	0.135	0.0043244
0.68	0.135	0
0	0.15	0.0641202
0.0175	0.15	0.0641023
0.035	0.15	0.0640484
0.0525	0.15	0.0639583
0.07	0.15	0.0638315
0.0875	0.15	0.0636673
0.105	0.15	0.0634648
0.1225	0.15	0.063223
0.14	0.15	0.0629404
0.1575	0.15	0.0626153
0.175	0.15	0.0622459
0.1925	0.15	0.0618299
0.21	0.15	0.0613645
0.2275	0.15	0.0608466
0.245	0.15	0.0602726
0.2625	0.15	0.0596382
0.28	0.15	0.0589386
0.2975	0.15	0.058168
0.315	0.15	0.05732
0.3325	0.15	0.0563869
0.35	0.15	0.05536
0.3675	0.15	0.0542297
0.385	0.15	0.0529847
0.4025	0.15	0.0516128
0.42	0.15	0.0501007
0.4375	0.15	0.0484342
0.455	0.15	0.046599
0.4725	0.15	0.044581
0.49	0.15	0.0423673
0.5075	0.15	0.039947
0.525	0.15	0.0373125
0.5425	0.15	0.0344598
0.56	0.15	0.031389
0.5775	0.15	0.0281043
0.595	0.15	0.0246134
0.6125	0.15	0.0209269
0.63	0.15	0.0170569
0.6475	0.15	0.0130164
0.665	0.15	0.00881838
0.6825	0.15	0.00447554
0.7	0.15	0
0	0.165	0.069399
0.018	0.165	0.0693785
0.036	0.165	0.0693167
0.054	0.165	0.0692134
0.072	0.165	0.0690679
0.09	0.165	0.0688796
0.108	0.165	0.0686473
0.126	0.165	0.0683698
0.144	0.165	0.0680455
0.162	0.165	0.0676724
0.18	0.165	0.0672484
0.198	0.165	0.0667707
0.216	0.165	0.0662362
0.234	0.165	0.0656414
0.252	0.165	0.064982
0.27	0.165	0.0642533
0.288	0.165	0.0634497
0.306	0.165	0.0625648
0.324	0.165	0.0615912
0.342	0.165	0.0605208
0.36	0.165	0.0593442
0.378	0.165	0.058051
0.396	0.165	0.0566297
0.414	0.165	0.0550679
0.432	0.165	0.0533527
0.45	0.165	0.051471
0.468	0.165	0.0494099
0.486	0.165	0.0471577
0.504	0.165	0.0447044
0.522	0.165	0.0420429
0.54	0.165	0.0391689
0.558	0.165	0.0360821
0.576	0.165	0.0327856
0.594	0.165	0.0292857
0.612	0.165	0.0255915
0.63	0.165	0.0217139
0.648	0.165	0.0176649
0.666	0.165	0.0134568
0.684	0.165	0.00910199
0.702	0.165	0.00461252
0.72	0.165	0
0	0.18	0.0744815
0.0185	0.18	0.0744582
0.037	0.18	0.0743881
0.0555	0.18	0.0742709
0.074	0.18	0.0741059
0.0925	0.18	0.0738922
0.111	0.18	0.0736287
0.1295	0.18	0.0733139
0.148	0.18	0.0729459
0.1665	0.18	0.0725225
0.185	0.18	0.0720412
0.2035	0.18	0.071499
0.222	0.18	0.0708924
0.2405	0.18	0.0702172
0.259	0.18	0.0694689
0.2775	0.18	0.068642
0.296	0.18	0.0677304
0.3145	0.18	0.0667271
0.333	0.18	0.0656242
0.3515	0.18	0.0644129
0.37	0.18	0.0630835
0.3885	0.18	0.0616251
0.407	0.18	0.0600264
0.4255	0.18	0.0582754
0.444	0.18	0.0563599
0.4625	0.18	0.0542683
0.481	0.18	0.0519895
0.4995	0.18	0.0495145
0.518	0.18	0.0468361
0.5365	0.18	0.0439501
0.555	0.18	0.0408556
0.5735	0.18	0.0375548
0.592	0.18	0.0340528
0.6105	0.18	0.0303576
0.629	0.18	0.0264789
0.6475	0.18	0.0224277
0.666	0.18	0.0182158
0.6845	0.18	0.0138553
0.703	0.18	0.00935813
0.7215	0.18	0.00473591
0.74	0.18	0
0	0.195	0.0793697
0.019	0.195	0.0793435
0.038	0.195	0.0792647
0.057	0.195	0.079133
0.076	0.195	0.0789477
0.095	0.195	0.0787076
0.114	0.195	0.0784115
0.133	0.195	0.0780577
0.152	0.195	0.0776441
0.171	0.195	0.0771684
0.19	0.195	0.0766276
0.209	0.195	0.0760183
0.228	0.195	0.0753367
0.247	0.195	0.0745782
0.266	0.195	0.0737378
0.285	0.195	0.0728095
0.304	0.195	0.0717867
0.323	0.195	0.0706619
0.342	0.195	0.0694269
0.361	0.195	0.0680724
0.38	0.195	0.0665884
0.399	0.195	0.0649643
0.418	0.195	0.063189
0.437	0.195	0.0612512
0.456	0.195	0.0591401
0.475	0.195	0.0568454
0.494	0.195	0.0543585
0.513	0.195	0.0516724
0.532	0.195	0.048783
0.551	0.195	0.0456885
0.57	0.195	0.0423905
0.589	0.195	0.0388932
0.608	0.195	0.0352033
0.627	0.195	0.0313297
0.646	0.195	0.0272825
0.665	0.195	0.023073
0.684	0.195	0.0187128
0.703	0.195	0.0142138
0.722	0.195	0.00958765
0.741	0.195	0.00484598
0.76	0.195	0
0	0.21	0.0840656
0.0195	0.21	0.0840364
0.039	0.21	0.0839487
0.0585	0.21	0.0838019
0.078	0.21	0.0835954
0.0975	0.21	0.0833279
0.117	0.21	0.082998
0.1365	0.21	0.0826037
0.156	0.21	0.082143
0.1755	0.21	0.0816129
0.195	0.21	0.0810104
0.2145	0.21	0.0803318
0.234	0.21	0.0795728
0.2535	0.21	0.0787285
0.273	0.21	0.0777933
0.2925	0.21	0.076761
0.312	0.21	0.0756246
0.3315	0.21	0.0743761
0.351	0.21	0.073007
0.3705	0.21	0.071508
0.39	0.21	0.0698691
0.4095	0.21	0.06808
0.429	0.21	0.0661303
0.4485	0.21	0.0640097
0.468	0.21	0.0617087
0.4875	0.21	0.0592188
0.507	0.21	0.0565335
0.5265	0.21	0.0536483
0.546	0.21	0.0505611
0.5655	0.21	0.0472727
0.585	0.21	0.0437864
0.6045	0.21	0.040108
0.624	0.21	0.0362454
0.6435	0.21	0.0322082
0.663	0.21	0.0280068
0.6825	0.21	0.0236527
0.702	0.21	0.0191575
0.7215	0.21	0.014533
0.741	0.21	0.00979092
0.7605	0.21	0.00494282
0.78	0.21	0
0	0.225	0.0885711
0.02	0.225	0.0885388
0.04	0.225	0.0884418
0.06	0.225	0.0882795
0.08	0.225	0.088051
0.1	0.225	0.0877552
0.12	0.225	0.0873903
0.14	0.225	0.0869543
0.16	0.225	0.0864448
0.18	0.225	0.0858588
0.2	0.225	0.0851928
0.22	0.225	0.0844428
0.24	0.225	0.0836043
0.26	0.225	0.082672
0.28	0.225	0.08164
0.3	0.225	0.0805016
0.32	0.225	0.0792496
0.34	0.225	0.0778759
0.36	0.225	0.0763718
0.38	0.225	0.074728
0.4	0.225	0.0729349
0.42	0.225	0.0709827
0.44	0.225	0.0688618
0.46	0.225	0.0665631
0.48	0.225	0.0640786
0.5	0.225	0.0614018
0.52	0.225	0.0585281
0.54	0.225	0.0554549
0.56	0.225	0.0521824
0.58	0.225	0.0487133
0.6	0.225	0.0450523
0.62	0.225	0.0412066
0.64	0.225	0.0371849
0.66	0.225	0.0329972
0.68	0.225	0.0286546
0.7	0.225	0.0241685
0.72	0.225	0.0195508
0.74	0.225	0.0148133
0.76	0.225	0.00996794
0.78	0.225	0.00502633
0.8	0.225	0
0	0.24	0.0928881
0.0205	0.24	0.0928526
0.041	0.24	0.092746
0.0615	0.24	0.0925676
0.082	0.24	0.0923166
0.1025	0.24	0.0919915
0.123	0.24	0.0915906
0.1435	0.24	0.0911117
0.164	0.24	0.0905521
0.1845	0.24	0.0899086
0.205	0.24	0.0891774
0.2255	0.24	0.0883544
0.246	0.24	0.0874346
0.2665	0.24	0.0864125
0.287	0.24	0.085282
0.3075	0.24	0.084036
0.328	0.24	0.0826673
0.3485	0.24	0.0811675
0.369	0.24	0.0795282
0.3895	0.24	0.0777401
0.41	0.24	0.0757943
0.4305	0.24	0.0736816
0.451	0.24	0.0713933
0.4715	0.24	0.0689219
0.492	0.24	0.0662608
0.5125	0.24	0.0634053
0.533	0.24	0.0603526
0.5535	0.24	0.0571021
0.574	0.24	0.0536559
0.5945	0.24	0.0500179
0.615	0.24	0.0461946
0.6355	0.24	0.0421938
0.656	0.24	0.0380251
0.6765	0.24	0.0336992
0.697	0.24	0.0292273
0.7175	0.24	0.0246212
0.738	0.24	0.019893
0.7585	0.24	0.0150547
0.779	0.24	0.0101185
0.7995	0.24	0.00509631
0.82	0.24	0
0	0.255	0.0970182
0.021	0.255	0.0969794
0.042	0.255	0.0968629
0.063	0.255	0.0966681
0.084	0.255	0.0963938
0.105	0.255	0.0960388
0.126	0.255	0.095601
0.147	0.255	0.095078
0.168	0.255	0.0944671
0.189	0.255	0.0937647
0.21	0.255	0.092967
0.231	0.255	0.0920695
0.252	0.255	0.0910669
0.273	0.255	0.0899536
0.294	0.255	0.0887232
0.315	0.255	0.0873687
0.336	0.255	0.0858824
0.357	0.255	0.0842564
0.378	0.255	0.0824821
0.399	0.255	0.080551
0.42	0.255	0.0784545
0.441	0.255	0.0761845
0.462	0.255	0.0737333
0.483	0.255	0.0710948
0.504	0.255	0.0682639
0.525	0.255	0.0652377
0.546	0.255	0.0620151
0.567	0.255	0.0585973
0.588	0.255	0.0549878
0.609	0.255	0.051192
0.63	0.255	0.0472173
0.651	0.255	0.0430727
0.672	0.255	0.0387683
0.693	0.255	0.0343153
0.714	0.255	0.0297254
0.735	0.255	0.0250107
0.756	0.255	0.0201836
0.777	0.255	0.0152566
0.798	0.255	0.0102421
0.819	0.255	0.00515244
0.84	0.255	0
0	0.27	0.100963
0.0215	0.27	0.100921
0.043	0.27	0.100794
0.0645	0.27	0.100582
0.086	0.27	0.100284
0.1075	0.27	0.0998987
0.129	0.27	0.0994231
0.1505	0.27	0.0988552
0.172	0.27	0.0981918
0.1935	0.27	0.0974295
0.215	0.27	0.096564
0.2365	0.27	0.0955907
0.258	0.27	0.0945042
0.2795	0.27	0.0932987
0.301	0.27	0.0919675
0.3225	0.27	0.0905036
0.344	0.27	0.0888996
0.3655	0.27	0.0871475
0.387	0.27	0.0852393
0.4085	0.27	0.0831667
0.43	0.27	0.0809221
0.4515	0.27	0.0784981
0.473	0.27	0.0758887
0.4945	0.27	0.0730887
0.516	0.27	0.0700948
0.5375	0.27	0.0669056
0.559	0.27	0.0635217
0.5805	0.27	0.0599457
0.602	0.27	0.0561826
0.6235	0.27	0.0522389
0.645	0.27	0.0481231
0.6665	0.27	0.043845
0.688	0.27	0.0394153
0.7095	0.27	0.0348458
0.731	0.27	0.0301486
0.7525	0.27	0.0253364
0.774	0.27	0.020422
0.7955	0.27	0.0154182
0.817	0.27	0.010338
0.8385	0.27	0.00519433
0.86	0.27	0
0	0.285	0.104724
0.022	0.285	0.104678
0.044	0.285	0.104541
0.066	0.285	0.104312
0.088	0.285	0.10399
0.11	0.285	0.103573
0.132	0.285	0.103059
0.154	0.285	0.102445
0.176	0.285	0.101728
0.198	0.285	0.100905
0.22	0.285	0.0999708
0.242	0.285	0.0989207
0.264	0.285	0.0977493
0.286	0.285	0.0964506
0.308	0.285	0.0950181
0.33	0.285	0.0934446
0.352	0.285	0.0917229
0.374	0.285	0.0898454
0.396	0.285	0.0878043
0.418	0.285	0.0855923
0.44	0.285	0.0832023
0.462	0.285	0.0806283
0.484	0.285	0.0778651
0.506	0.285	0.0749092
0.528	0.285	0.0717588
0.55	0.285	0.0684139
0.572	0.285	0.0648766
0.594	0.285	0.061151
0.616	0.285	0.0572431
0.638	0.285	0.0531608
0.66	0.285	0.0489133
0.682	0.285	0.0445112
0.704	0.285	0.0399661
0.726	0.285	0.0352902
0.748	0.285	0.0304963
0.77	0.285	0.0255974
0.792	0.285	0.020607
0.814	0.285	0.0155385
0.836	0.285	0.0104055
0.858	0.285	0.00522148
0.88	0.285	0
0	0.3	0.108302
0.0225	0.3	0.108253
0.045	0.3	0.108105
0.0675	0.3	0.107859
0.09	0.3	0.107512
0.1125	0.3	0.107063
0.135	0.3	0.10651
0.1575	0.3	0.105849
0.18	0.3	0.105079
0.2025	0.3	0.104193
0.225	0.3	0.103189
0.2475	0.3	0.102062
0.27	0.3	0.100805
0.2925	0.3	0.0994123
0.315	0.3	0.097878
0.3375	0.3	0.096195
0.36	0.3	0.094356
0.3825	0.3	0.0923538
0.405	0.3	0.0901814
0.4275	0.3	0.0878321
0.45	0.3	0.0852997
0.4725	0.3	0.0825793
0.495	0.3	0.0796671
0.5175	0.3	0.0765608
0.54	0.3	0.07326
0.5625	0.3	0.0697661
0.585	0.3	0.0660828
0.6075	0.3	0.0622153
0.63	0.3	0.0581709
0.6525	0.3	0.0539584
0.675	0.3	0.0495881
0.6975	0.3	0.0450712
0.72	0.3	0.04042
0.7425	0.3	0.0356474
0.765	0.3	0.0307669
0.7875	0.3	0.0257922
0.81	0.3	0.0207373
0.8325	0.3	0.0156163
0.855	0.3	0.0104435
0.8775	0.3	0.00523333
0.9	0.3	0
0	0.315	0.111699
0.023	0.315	0.111646
0.046	0.315	0.111488
0.069	0.315	0.111224
0.092	0.315	0.110852
0.115	0.315	0.11037
0.138	0.315	0.109777
0.161	0.315	0.10907
0.184	0.315	0.108244
0.207	0.315	0.107296
0.23	0.315	0.106222
0.253	0.315	0.105016
0.276	0.315	0.103673
0.299	0.315	0.102186
0.322	0.315	0.10055
0.345	0.315	0.0987576
0.368	0.315	0.0968018
0.391	0.315	0.0946762
0.414	0.315	0.0923741
0.437	0.315	0.0898897
0.46	0.315	0.087218
0.483	0.315	0.0843549
0.506	0.315	0.081298
0.529	0.315	0.0780464
0.552	0.315	0.074601
0.575	0.315	0.0709646
0.598	0.315	0.0671421
0.621	0.315	0.06314
0.644	0.315	0.0589667
0.667	0.315	0.0546319
0.69	0.315	0.0501469
0.713	0.315	0.0455238
0.736	0.315	0.0407756
0.759	0.315	0.0359159
0.782	0.315	0.0309588
0.805	0.315	0.0259189
0.828	0.315	0.020811
0.851	0.315	0.01565
0.874	0.315	0.010451
0.897	0.315	0.00522923
0.92	0.315	0
0	0.33	0.114916
0.0235	0.33	0.114859
0.047	0.33	0.114691
0.0705	0.33	0.114408
0.094	0.33	0.114011
0.1175	0.33	0.113496
0.141	0.33	0.112863
0.1645	0.33	0.112108
0.188	0.33	0.111226
0.2115	0.33	0.110215
0.235	0.33	0.10907
0.2585	0.33	0.107785
0.282	0.33	0.106356
0.3055	0.33	0.104775
0.329	0.33	0.103037
0.3525	0.33	0.101135
0.376	0.33	0.0990633
0.3995	0.33	0.0968153
0.423	0.33	0.0943853
0.4465	0.33	0.0917682
0.47	0.33	0.08896
0.4935	0.33	0.0859578
0.517	0.33	0.0827605
0.5405	0.33	0.0793683
0.564	0.33	0.0757837
0.5875	0.33	0.0720106
0.611	0.33	0.0680552
0.6345	0.33	0.0639252
0.658	0.33	0.05963
0.6815	0.33	0.0551805
0.705	0.33	0.0505887
0.7285	0.33	0.0458675
0.752	0.33	0.041031
0.7755	0.33	0.0360934
0.799	0.33	0.0310698
0.8225	0.33	0.0259756
0.846	0.33	0.0208263
0.8695	0.33	0.015638
0.893	0.33	0.0104266
0.9165	0.33	0.00520848
0.94	0.33	0
0	0.345	0.117954
0.024	0.345	0.117894
0.048	0.345	0.117714
0.072	0.345	0.117413
0.096	0.345	0.11699
0.12	0.345	0.116442
0.144	0.345	0.115768
0.168	0.345	0.114964
0.192	0.345	0.114027
0.216	0.345	0.112952
0.24	0.345	0.111736
0.264	0.345	0.110372
0.288	0.345	0.108855
0.312	0.345	0.10718
0.336	0.345	0.10534
0.36	0.345	0.103329
0.384	0.345	0.101143
0.408	0.345	0.0987735
0.432	0.345	0.0962172
0.456	0.345	0.0934697
0.48	0.345	0.0905278
0.504	0.345	0.08739
0.528	0.345	0.0840561
0.552	0.345	0.0805279
0.576	0.345	0.076809
0.6	0.345	0.0729046
0.624	0.345	0.0688221
0.648	0.345	0.0645704
0.672	0.345	0.06016
0.696	0.345	0.0556026
0.72	0.345	0.0509114
0.744	0.345	0.0461002
0.768	0.345	0.0411838
0.792	0.345	0.0361775
0.816	0.345	0.0310974
0.84	0.345	0.0259596
0.864	0.345	0.020781
0.888	0.345	0.0155783
0.912	0.345	0.010369
0.936	0.345	0.00517029
0.96	0.345	0
0	0.36	0.120813
0.0245	0.36	0.12075
0.049	0.36	0.120558
0.0735	0.36	0.120239
0.098	0.36	0.11979
0.1225	0.36	0.119209
0.147	0.36	0.118494
0.1715	0.36	0.117641
0.196	0.36	0.116647
0.2205	0.36	0.115508
0.245	0.36	0.11422
0.2695	0.36	0.112776
0.294	0.36	0.111172
0.3185	0.36	0.109403
0.343	0.36	0.107461
0.3675	0.36	0.105343
0.392	0.36	0.103042
0.4165	0.36	0.100553
0.441	0.36	0.0978718
0.4655	0.36	0.0949959
0.49	0.36	0.0919231
0.5145	0.36	0.0886527
0.539	0.36	0.085186
0.5635	0.36	0.0815258
0.588	0.36	0.0776771
0.6125	0.36	0.0736464
0.637	0.36	0.0694422
0.6615	0.36	0.0650745
0.686	0.36	0.0605549
0.7105	0.36	0.0558964
0.735	0.36	0.0511128
0.7595	0.36	0.0462192
0.784	0.36	0.0412313
0.8085	0.36	0.0361655
0.833	0.36	0.0310387
0.8575	0.36	0.0258684
0.882	0.36	0.0206725
0.9065	0.36	0.015469
0.931	0.36	0.0102765
0.9555	0.36	0.00511379
0.98	0.36	0
0	0.375	0.123496
0.025	0.375	0.123428
0.05	0.375	0.123226
0.075	0.375	0.122888
0.1	0.375	0.122412
0.125	0.375	0.121797
0.15	0.375	0.121041
0.175	0.375	0.120139
0.2	0.375	0.119088
0.225	0.375	0.117885
0.25	0.375	0.116524
0.275	0.375	0.115001
0.3	0.375	0.11331
0.325	0.375	0.111445
0.35	0.375	0.109403
0.375	0.375	0.107177
0.4	0.375	0.104762
0.425	0.375	0.102154
0.45	0.375	0.0993503
0.475	0.375	0.0963482
0.5	0.375	0.0931467
0.525	0.375	0.0897467
0.55	0.375	0.0861503
0.575	0.375	0.0823619
0.6	0.375	0.0783875
0.625	0.375	0.074235
0.65	0.375	0.069914
0.675	0.375	0.0654356
0.7	0.375	0.0608127
0.725	0.375	0.0560591
0.75	0.375	0.0511901
0.775	0.375	0.0462215
0.8	0.375	0.0411702
0.825	0.375	0.0360539
0.85	0.375	0.0308906
0.875	0.375	0.0256989
0.9	0.375	0.0204981
0.925	0.375	0.0153076
0.95	0.375	0.0101475
0.975	0.375	0.00503804
1	0.375	0
0	0.39	0.126002
0.0255	0.39	0.125931
0.051	0.39	0.125717
0.0765	0.39	0.12536
0.102	0.39	0.124858
0.1275	0.39	0.124209
0.153	0.39	0.12341
0.1785	0.39	0.122459
0.204	0.39	0.121351
0.2295	0.39	0.120083
0.255	0.39	0.118649
0.2805	0.39	0.117046
0.306	0.39	0.115268
0.3315	0.39	0.113309
0.357	0.39	0.111165
0.3825	0.39	0.108832
0.408	0.39	0.106304
0.4335	0.39	0.103579
0.459	0.39	0.100654
0.4845	0.39	0.097527
0.51	0.39	0.0941992
0.5355	0.39	0.090672
0.561	0.39	0.086949
0.5865	0.39	0.0830357
0.612	0.39	0.0789393
0.6375	0.39	0.074669
0.663	0.39	0.0702356
0.6885	0.39	0.0656515
0.714	0.39	0.0609306
0.7395	0.39	0.0560879
0.765	0.39	0.0511399
0.7905	0.39	0.0461036
0.816	0.39	0.0409971
0.8415	0.39	0.0358392
0.867	0.39	0.0306495
0.8925	0.39	0.0254479
0.918	0.39	0.0202549
0.9435	0.39	0.0150918
0.969	0.39	0.00998015
0.9945	0.39	0.004942
1.02	0.39	0
0	0.405	0.128332
0.026	0.405	0.128257
0.052	0.405	0.128032
0.078	0.405	0.127656
0.104	0.405	0.127127
0.13	0.405	0.126444
0.156	0.405	0.125603
0.182	0.405	0.124602
0.208	0.405	0.123437
0.234	0.405	0.122103
0.26	0.405	0.120597
0.286	0.405	0.118913
0.312	0.405	0.117047
0.338	0.405	0.114995
0.364	0.405	0.11275
0.39	0.405	0.11031
0.416	0.405	0.10767
0.442	0.405	0.104828
0.468	0.405	0.101782
0.494	0.405	0.0985328
0.52	0.405	0.0950804
0.546	0.405	0.0914283
0.572	0.405	0.0875813
0.598	0.405	0.0835459
0.624	0.405	0.0793309
0.65	0.405	0.0749465
0.676	0.405	0.0704047
0.702	0.405	0.0657194
0.728	0.405	0.0609055
0.754	0.405	0.0559794
0.78	0.405	0.0509586
0.806	0.405	0.0458616
0.832	0.405	0.0407079
0.858	0.405	0.0355176
0.884	0.405	0.0303116
0.91	0.405	0.0251116
0.936	0.405	0.0199397
0.962	0.405	0.0148188
0.988	0.405	0.00977239
1.014	0.405	0.00482455
1.04	0.405	0
0	0.42	0.130487
0.0265	0.42	0.130409
0.053	0.42	0.130172
0.0795	0.42	0.129777
0.106	0.42	0.129221
0.1325	0.42	0.128503
0.159	0.42	0.12762
0.1855	0.42	0.126569
0.212	0.42	0.125346
0.2385	0.42	0.123947
0.265	0.42	0.122367
0.2915	0.42	0.120603
0.318	0.42	0.11865
0.3445	0.42	0.116503
0.371	0.42	0.114158
0.3975	0.42	0.111611
0.424	0.42	0.108859
0.4505	0.42	0.105902
0.477	0.42	0.102737
0.5035	0.42	0.0993654
0.53	0.42	0.0957901
0.5565	0.42	0.0920149
0.583	0.42	0.088046
0.6095	0.42	0.0838911
0.636	0.42	0.0795602
0.6625	0.42	0.0750649
0.689	0.42	0.0704185
0.7155	0.42	0.065636
0.742	0.42	0.0607338
0.7685	0.42	0.0557295
0.795	0.42	0.0506421
0.8215	0.42	0.0454914
0.848	0.42	0.0402983
0.8745	0.42	0.0350846
0.901	0.42	0.0298728
0.9275	0.42	0.0246862
0.954	0.42	0.0195489
0.9805	0.42	0.0144856
1.007	0.42	0.00952204
1.0335	0.42	0.00468445
1.06	0.42	0
0	0.435	0.132468
0.027	0.435	0.132386
0.054	0.435	0.132138
0.081	0.435	0.131723
0.108	0.435	0.13114
0.135	0.435	0.130387
0.162	0.435	0.129462
0.189	0.435	0.12836
0.216	0.435	0.127079
0.243	0.435	0.125614
0.27	0.435	0.123962
0.297	0.435	0.122117
0.324	0.435	0.120076
0.351	0.435	0.117834
0.378	0.435	0.115389
0.405	0.435	0.112735
0.432	0.435	0.109873
0.459	0.435	0.1068
0.486	0.435	0.103516
0.513	0.435	0.100024
0.54	0.435	0.0963273
0.567	0.435	0.0924306
0.594	0.435	0.0883416
0.621	0.435	0.0840693
0.648	0.435	0.079625
0.675	0.435	0.0750215
0.702	0.435	0.0702737
0.729	0.435	0.0653978
0.756	0.435	0.0604116
0.783	0.435	0.0553342
0.81	0.435	0.0501859
0.837	0.435	0.0449883
0.864	0.435	0.0397638
0.891	0.435	0.0345357
0.918	0.435	0.0293286
0.945	0.435	0.0241675
0.972	0.435	0.0190787
0.999	0.435	0.0140891
1.026	0.435	0.00922667
1.053	0.435	0.00452035
1.08	0.435	0
0	0.45	0.134275
0.0275	0.45	0.134189
0.055	0.45	0.133929
0.0825	0.45	0.133495
0.11	0.45	0.132885
0.1375	0.45	0.132097
0.165	0.45	0.131129
0.1925	0.45	0.129977
0.22	0.45	0.128637
0.2475	0.45	0.127106
0.275	0.45	0.12538
0.3025	0.45	0.123455
0.33	0.45	0.121326
0.3575	0.45	0.11899
0.385	0.45	0.116443
0.4125	0.45	0.113684
0.44	0.45	0.11071
0.4675	0.45	0.107522
0.495	0.45	0.104121
0.5225	0.45	0.100509
0.55	0.45	0.096691
0.5775	0.45	0.0926739
0.605	0.45	0.0884661
0.6325	0.45	0.084078
0.66	0.45	0.0795223
0.6875	0.45	0.0748131
0.715	0.45	0.0699666
0.7425	0.45	0.0650007
0.77	0.45	0.0599345
0.7975	0.45	0.0547887
0.825	0.45	0.0495853
0.8525	0.45	0.0443473
0.88	0.45	0.0390991
0.9075	0.45	0.0338659
0.935	0.45	0.028674
0.9625	0.45	0.0235509
0.99	0.45	0.018525
1.0175	0.45	0.0136257
1.045	0.45	0.00888367
1.0725	0.45	0.00433076
1.1	0.45	0
0	0.465	0.135909
0.028	0.465	0.135819
0.056	0.465	0.135547
0.084	0.465	0.135094
0.112	0.465	0.134456
0.14	0.465	0.133633
0.168	0.465	0.132622
0.196	0.465	0.131419
0.224	0.465	0.130021
0.252	0.465	0.128424
0.28	0.465	0.126624
0.308	0.465	0.124618
0.336	0.465	0.122401
0.364	0.465	0.11997
0.392	0.465	0.117322
0.42	0.465	0.114457
0.448	0.465	0.111372
0.476	0.465	0.108069
0.504	0.465	0.10455
0.532	0.465	0.100818
0.56	0.465	0.0968797
0.588	0.465	0.0927429
0.616	0.465	0.0884172
0.644	0.465	0.0839146
0.672	0.465	0.0792489
0.7	0.465	0.074436
0.728	0.465	0.0694933
0.756	0.465	0.0644403
0.784	0.465	0.0592978
0.812	0.465	0.0540881
0.84	0.465	0.0488348
0.868	0.465	0.043563
0.896	0.465	0.0382988
0.924	0.465	0.0330696
0.952	0.465	0.0279039
0.98	0.465	0.0228315
1.008	0.465	0.0178833
1.036	0.465	0.0130916
1.064	0.465	0.00849013
1.092	0.465	0.00411406
1.12	0.465	0
0	0.48	0.13737
0.0285	0.48	0.137275
0.057	0.48	0.136992
0.0855	0.48	0.136519
0.114	0.48	0.135854
0.1425	0.48	0.134996
0.171	0.48	0.133942
0.1995	0.48	0.132688
0.228	0.48	0.131231
0.2565	0.48	0.129567
0.285	0.48	0.127693
0.3135	0.48	0.125605
0.342	0.48	0.1233
0.3705	0.48	0.120774
0.399	0.48	0.118025
0.4275	0.48	0.115053
0.456	0.48	0.111857
0.4845	0.48	0.108439
0.513	0.48	0.104801
0.5415	0.48	0.10095
0.57	0.48	0.0968917
0.5985	0.48	0.0926354
0.627	0.48	0.0881924
0.6555	0.48	0.083576
0.684	0.48	0.0788015
0.7125	0.48	0.0738863
0.741	0.48	0.0688494
0.7695	0.48	0.063712
0.798	0.48	0.0584964
0.8265	0.48	0.0532269
0.855	0.48	0.0479291
0.8835	0.48	0.0426297
0.912	0.48	0.0373572
0.9405	0.48	0.0321412
0.969	0.48	0.0270126
0.9975	0.48	0.0220038
1.026	0.48	0.0171486
1.0545	0.48	0.0124826
1.083	0.48	0.00804289
1.1115	0.48	0.00386845
1.14	0.48	0
0	0.495	0.138658
0.029	0.495	0.138559
0.058	0.495	0.138264
0.087	0.495	0.137772
0.116	0.495	0.13708
0.145	0.495	0.136186
0.174	0.495	0.135088
0.203	0.495	0.133783
0.232	0.495	0.132267
0.261	0.495	0.130537
0.29	0.495	0.128588
0.319	0.495	0.126419
0.348	0.495	0.124024
0.377	0.495	0.121403
0.406	0.495	0.118552
0.435	0.495	0.115473
0.464	0.495	0.112165
0.493	0.495	0.108631
0.522	0.495	0.104875
0.551	0.495	0.100904
0.58	0.495	0.0967249
0.609	0.495	0.0923491
0.638	0.495	0.0877887
0.667	0.495	0.0830588
0.696	0.495	0.0781761
0.725	0.495	0.0731596
0.754	0.495	0.0680302
0.783	0.495	0.0628104
0.812	0.495	0.0575249
0.841	0.495	0.0521995
0.87	0.495	0.0468619
0.899	0.495	0.0415412
0.928	0.495	0.0362679
0.957	0.495	0.0310743
0.986	0.495	0.0259939
1.015	0.495	0.021062
1.044	0.495	0.0163157
1.073	0.495	0.0117942
1.102	0.495	0.00753844
1.131	0.495	0.00359195
1.16	0.495	0
0	0.51	0.139773
0.0295	0.51	0.139671
0.059	0.51	0.139364
0.0885	0.51	0.138852
0.118	0.51	0.138132
0.1475	0.51	0.137203
0.177	0.51	0.136062
0.2065	0.51	0.134705
0.236	0.51	0.13313
0.2655	0.51	0.131333
0.295	0.51	0.12931
0.3245	0.51	0.127058
0.354	0.51	0.124574
0.3835	0.51	0.121856
0.413	0.51	0.118903
0.4425	0.51	0.115716
0.472	0.51	0.112295
0.5015	0.51	0.108645
0.531	0.51	0.10477
0.5605	0.51	0.100677
0.59	0.51	0.0963772
0.6195	0.51	0.0918811
0.649	0.51	0.087203
0.6785	0.51	0.0823593
0.708	0.51	0.0773686
0.7375	0.51	0.0722514
0.767	0.51	0.0670305
0.7965	0.51	0.0617303
0.826	0.51	0.0563773
0.8555	0.51	0.0509995
0.885	0.51	0.0456269
0.9145	0.51	0.0402908
0.944	0.51	0.0350243
0.9735	0.51	0.0298622
1.003	0.51	0.0248412
1.0325	0.51	0.0199998
1.062	0.51	0.0153788
1.0915	0.51	0.0110212
1.121	0.51	0.00697295
1.1505	0.51	0.00328242
1.18	0.51	0
0	0.525	0.140717
0.03	0.525	0.140611
0.06	0.525	0.140292
0.09	0.525	0.13976
0.12	0.525	0.139013
0.15	0.525	0.138048
0.18	0.525	0.136863
0.21	0.525	0.135455
0.24	0.525	0.133821
0.27	0.525	0.131956
0.3	0.525	0.129857
0.33	0.525	0.127522
0.36	0.525	0.124948
0.39	0.525	0.122134
0.42	0.525	0.119078
0.45	0.525	0.115781
0.48	0.525	0.112247
0.51	0.525	0.108479
0.54	0.525	0.104483
0.57	0.525	0.100269
0.6	0.525	0.095846
0.63	0.525	0.0912285
0.66	0.525	0.0864317
0.69	0.525	0.0814736
0.72	0.525	0.0763745
0.75	0.525	0.0711567
0.78	0.525	0.0658449
0.81	0.525	0.0604657
0.84	0.525	0.0550474
0.87	0.525	0.0496206
0.9	0.525	0.0442172
0.93	0.525	0.0388715
0.96	0.525	0.033619
0.99	0.525	0.0284977
1.02	0.525	0.0235474
1.05	0.525	0.0188103
1.08	0.525	0.0143312
1.11	0.525	0.0101581
1.14	0.525	0.00634217
1.17	0.525	0.00293755
1.2	0.525	0
0	0.54	0.141489
0.0305	0.54	0.141379
0.061	0.54	0.141048
0.0915	0.54	0.140496
0.122	0.54	0.139722
0.1525	0.54	0.138721
0.183	0.54	0.137493
0.2135	0.54	0.136033
0.244	0.54	0.134339
0.2745	0.54	0.132406
0.305	0.54	0.130232
0.3355	0.54	0.127813
0.366	0.54	0.125149
0.3965	0.54	0.122236
0.427	0.54	0.119076
0.4575	0.54	0.115669
0.488	0.54	0.112019
0.5185	0.54	0.108132
0.549	0.54	0.104014
0.5795	0.54	0.0996755
0.61	0.54	0.0951286
0.6405	0.54	0.0903881
0.671	0.54	0.0854711
0.7015	0.54	0.0803974
0.732	0.54	0.075189
0.7625	0.54	0.0698702
0.793	0.54	0.0644678
0.8235	0.54	0.0590104
0.854	0.54	0.0535287
0.8845	0.54	0.0480556
0.915	0.54	0.0426257
0.9455	0.54	0.0372757
0.976	0.54	0.0320445
1.0065	0.54	0.026973
1.037	0.54	0.0221047
1.0675	0.54	0.0174859
1.098	0.54	0.0131661
1.1285	0.54	0.00919881
1.159	0.54	0.00564151
1.1895	0.54	0.00255501
1.22	0.54	0
0	0.555	0.142089
0.031	0.555	0.141975
0.062	0.555	0.141633
0.093	0.555	0.141061
0.124	0.555	0.140259
0.155	0.555	0.139223
0.186	0.555	0.137951
0.217	0.555	0.136439
0.248	0.555	0.134684
0.279	0.555	0.132683
0.31	0.555	0.130433
0.341	0.555	0.12793
0.372	0.555	0.125174
0.403	0.555	0.122162
0.434	0.555	0.118896
0.465	0.555	0.115378
0.496	0.555	0.111611
0.527	0.555	0.107602
0.558	0.555	0.10336
0.589	0.555	0.0988954
0.62	0.555	0.0942221
0.651	0.555	0.0893564
0.682	0.555	0.0843172
0.713	0.555	0.0791261
0.744	0.555	0.073807
0.775	0.555	0.0683863
0.806	0.555	0.062893
0.837	0.555	0.0573579
0.868	0.555	0.0518142
0.899	0.555	0.0462972
0.93	0.555	0.0408444
0.961	0.555	0.0354955
0.992	0.555	0.0302923
1.023	0.555	0.0252795
1.054	0.555	0.0205045
1.085	0.555	0.0160181
1.116	0.555	0.0118755
1.147	0.555	0.00813644
1.178	0.555	0.00486612
1.209	0.555	0.00213265
1.24	0.555	0
0	0.57	0.142517
0.0315	0.57	0.142399
0.063	0.57	0.142045
0.0945	0.57	0.141454
0.126	0.57	0.140624
0.1575	0.57	0.139553
0.189	0.57	0.138237
0.2205	0.57	0.136673
0.252	0.57	0.134858
0.2835	0.57	0.132789
0.315	0.57	0.130461
0.3465	0.57	0.127874
0.378	0.57	0.125024
0.4095	0.57	0.121912
0.441	0.57	0.118539
0.4725	0.57	0.114907
0.504	0.57	0.111021
0.5355	0.57	0.106888
0.567	0.57	0.102519
0.5985	0.57	0.0979258
0.63	0.57	0.0931233
0.6615	0.57	0.0881297
0.693	0.57	0.0829657
0.7245	0.57	0.0776548
0.756	0.57	0.0722231
0.7875	0.57	0.0666991
0.819	0.57	0.061114
0.8505	0.57	0.0555012
0.882	0.57	0.0498963
0.9135	0.57	0.0443376
0.945	0.57	0.0388652
0.9765	0.57	0.0335221
1.008	0.57	0.0283537
1.0395	0.57	0.0234083
1.071	0.57	0.0187376
1.1025	0.57	0.0143979
1.134	0.57	0.0104506
1.1655	0.57	0.00696367
1.197	0.57	0.00401118
1.2285	0.57	0.00166901
1.26	0.57	0
0	0.585	0.142774
0.032	0.585	0.142653
0.064	0.585	0.142287
0.096	0.585	0.141676
0.128	0.585	0.140819
0.16	0.585	0.139711
0.192	0.585	0.138352
0.224	0.585	0.136736
0.256	0.585	0.13486
0.288	0.585	0.132722
0.32	0.585	0.130317
0.352	0.585	0.127644
0.384	0.585	0.1247
0.416	0.585	0.121486
0.448	0.585	0.118003
0.48	0.585	0.114255
0.512	0.585	0.110247
0.544	0.585	0.105988
0.576	0.585	0.101489
0.608	0.585	0.0967638
0.64	0.585	0.0918289
0.672	0.585	0.0867041
0.704	0.585	0.0814121
0.736	0.585	0.0759786
0.768	0.585	0.0704317
0.8	0.585	0.0648023
0.832	0.585	0.0591241
0.864	0.585	0.053433
0.896	0.585	0.0477674
0.928	0.585	0.0421684
0.96	0.585	0.0366795
0.992	0.585	0.0313466
1.024	0.585	0.026219
1.056	0.585	0.0213492
1.088	0.585	0.0167937
1.12	0.585	0.0126149
1.152	0.585	0.00888196
1.184	0.585	0.00567274
1.216	0.585	0.00307248
1.248	0.585	0.00116436
1.28	0.585	0
0	0.6	0.14286
0.0325	0.6	0.142734
0.065	0.6	0.142357
0.0975	0.6	0.141727
0.13	0.6	0.140842
0.1625	0.6	0.139699
0.195	0.6	0.138296
0.2275	0.6	0.136627
0.26	0.6	0.134691
0.2925	0.6	0.132483
0.325	0.6	0.13
0.3575	0.6	0.12724
0.39	0.6	0.1242
0.4225	0.6	0.120883
0.455	0.6	0.117288
0.4875	0.6	0.113422
0.52	0.6	0.109289
0.5525	0.6	0.104901
0.585	0.6	0.100268
0.6175	0.6	0.0954066
0.65	0.6	0.0903352
0.6825	0.6	0.0850753
0.715	0.6	0.0796517
0.7475	0.6	0.0740919
0.78	0.6	0.0684267
0.8125	0.6	0.0626894
0.845	0.6	0.0569161
0.8775	0.6	0.0511456
0.91	0.6	0.0454193
0.9425	0.6	0.0397811
0.975	0.6	0.0342778
1.0075	0.6	0.0289591
1.04	0.6	0.0238779
1.0725	0.6	0.0190914
1.105	0.6	0.0146615
1.1375	0.6	0.0106577
1.17	0.6	0.00715891
1.2025	0.6	0.00425589
1.235	0.6	0.00204774
1.2675	0.6	0.00062259
1.3	0.6	0
