0	0	0
0.01	0	0
0.02	0	0
0.03	0	0
0.04	0	0
0.05	0	0
0.06	0	0
0.07	0	0
0.08	0	0
0.09	0	0
0.1	0	0
0.11	0	0
0.12	0	0
0.13	0	0
0.14	0	0
0.15	0	0
0.16	0	0
0.17	0	0
0.18	0	0
0.19	0	0
0.2	0	0
0.21	0	0
0.22	0	0
0.23	0	0
0.24	0	0
0.25	0	0
0.26	0	0
0.27	0	0
0.28	0	0
0.29	0	0
0.3	0	0
0.31	0	0
0.32	0	0
0.33	0	0
0.34	0	0
0.35	0	0
0.36	0	0
0.37	0	0
0.38	0	0
0.39	0	0
0.4	0	0
0	0.01	0.00362411
0.0106404	0.01	0.00362379
0.0212809	0.01	0.00362285
0.0319213	0.01	0.00362126
0.0425617	0.01	0.00361903
0.0532022	0.01	0.00361614
0.0638426	0.01	0.00361259
0.074483	0.01	0.00360836
0.0851235	0.01	0.00360344
0.0957639	0.01	0.0035978
0.106404	0.01	0.00359143
0.117045	0.01	0.00358429
0.127685	0.01	0.00357635
0.138326	0.01	0.00356758
0.148966	0.01	0.00355794
0.159607	0.01	0.00354737
0.170247	0.01	0.00353583
0.180887	0.01	0.00352324
0.191528	0.01	0.00350955
0.202168	0.01	0.00349466
0.212809	0.01	0.00347848
0.223449	0.01	0.00346089
0.23409	0.01	0.00344178
0.24473	0.01	0.00342097
0.25537	0.01	0.00339827
0.266011	0.01	0.00337342
0.276651	0.01	0.00334606
0.287292	0.01	0.00331565
0.297932	0.01	0.00328143
0.308573	0.01	0.00324218
0.319213	0.01	0.00319605
0.329853	0.01	0.00314019
0.340494	0.01	0.00307022
0.351134	0.01	0.00297949
0.361775	0.01	0.00285802
0.372415	0.01	0.00269108
0.383056	0.01	0.00245712
0.393696	0.01	0.00212506
0.404337	0.01	0.0016506
0.414977	0.01	0.000971279
0.425617	0.01	0
0	0.02	0.00714879
0.0112809	0.02	0.00714809
0.0225617	0.02	0.00714595
0.0338426	0.02	0.00714239
0.0451235	0.02	0.00713737
0.0564043	0.02	0.00713088
0.0676852	0.02	0.00712289
0.0789661	0.02	0.00711336
0.090247	0.02	0.00710226
0.101528	0.02	0.00708953
0.112809	0.02	0.0070751
0.12409	0.02	0.00705892
0.13537	0.02	0.0070409
0.146651	0.02	0.00702093
0.157932	0.02	0.00699892
0.169213	0.02	0.00697473
0.180494	0.02	0.00694821
0.191775	0.02	0.00691919
0.203056	0.02	0.00688747
0.214337	0.02	0.0068528
0.225617	0.02	0.00681489
0.236898	0.02	0.00677339
0.248179	0.02	0.00672784
0.25946	0.02	0.00667766
0.270741	0.02	0.00662206
0.282022	0.02	0.00655993
0.293303	0.02	0.0064897
0.304583	0.02	0.00640912
0.315864	0.02	0.00631494
0.327145	0.02	0.00620252
0.338426	0.02	0.00606533
0.349707	0.02	0.00589438
0.360988	0.02	0.00567756
0.372269	0.02	0.00539916
0.38355	0.02	0.00503959
0.39483	0.02	0.00457566
0.406111	0.02	0.00398198
0.417392	0.02	0.0032342
0.428673	0.02	0.0023151
0.439954	0.02	0.00122519
0.451235	0.02	0
0	0.03	0.0105746
0.0119213	0.03	0.0105734
0.0238426	0.03	0.0105699
0.0357639	0.03	0.0105639
0.0476852	0.03	0.0105555
0.0596065	0.03	0.0105446
0.0715278	0.03	0.0105313
0.0834491	0.03	0.0105153
0.0953704	0.03	0.0104966
0.107292	0.03	0.0104752
0.119213	0.03	0.0104509
0.131134	0.03	0.0104236
0.143056	0.03	0.0103931
0.154977	0.03	0.0103593
0.166898	0.03	0.0103219
0.17882	0.03	0.0102806
0.190741	0.03	0.0102352
0.202662	0.03	0.0101853
0.214583	0.03	0.0101304
0.226505	0.03	0.0100701
0.238426	0.03	0.0100036
0.250347	0.03	0.0099302
0.262269	0.03	0.00984863
0.27419	0.03	0.00975745
0.286111	0.03	0.00965458
0.298033	0.03	0.0095372
0.309954	0.03	0.00940141
0.321875	0.03	0.00924191
0.333796	0.03	0.00905162
0.345718	0.03	0.00882127
0.357639	0.03	0.00853918
0.36956	0.03	0.00819114
0.381482	0.03	0.00776073
0.393403	0.03	0.00723021
0.405324	0.03	0.00658216
0.417246	0.03	0.00580192
0.429167	0.03	0.00488097
0.441088	0.03	0.00382056
0.45301	0.03	0.00263468
0.464931	0.03	0.00135017
0.476852	0.03	0
0	0.04	0.0139021
0.0125617	0.04	0.0139004
0.0251235	0.04	0.0138951
0.0376852	0.04	0.0138863
0.050247	0.04	0.0138739
0.0628087	0.04	0.0138579
0.0753704	0.04	0.0138381
0.0879322	0.04	0.0138144
0.100494	0.04	0.0137868
0.113056	0.04	0.013755
0.125617	0.04	0.0137188
0.138179	0.04	0.0136782
0.150741	0.04	0.0136326
0.163303	0.04	0.0135819
0.175864	0.04	0.0135257
0.188426	0.04	0.0134635
0.200988	0.04	0.0133948
0.21355	0.04	0.0133189
0.226111	0.04	0.0132349
0.238673	0.04	0.013142
0.251235	0.04	0.0130387
0.263796	0.04	0.0129234
0.276358	0.04	0.0127937
0.28892	0.04	0.0126467
0.301482	0.04	0.0124784
0.314043	0.04	0.0122834
0.326605	0.04	0.0120548
0.339167	0.04	0.011784
0.351729	0.04	0.0114603
0.36429	0.04	0.0110711
0.376852	0.04	0.0106024
0.389414	0.04	0.0100395
0.401976	0.04	0.00936862
0.414537	0.04	0.00857832
0.427099	0.04	0.00766192
0.439661	0.04	0.00661935
0.452223	0.04	0.00545849
0.464784	0.04	0.00419501
0.477346	0.04	0.00285005
0.489908	0.04	0.00144578
0.50247	0.04	0
0	0.05	0.0171319
0.0132022	0.05	0.0171295
0.0264043	0.05	0.0171223
0.0396065	0.05	0.0171102
0.0528087	0.05	0.0170931
0.0660109	0.05	0.017071
0.079213	0.05	0.0170437
0.0924152	0.05	0.0170111
0.105617	0.05	0.0169729
0.11882	0.05	0.0169289
0.132022	0.05	0.0168789
0.145224	0.05	0.0168224
0.158426	0.05	0.016759
0.171628	0.05	0.0166883
0.18483	0.05	0.0166096
0.198033	0.05	0.0165222
0.211235	0.05	0.0164252
0.224437	0.05	0.0163175
0.237639	0.05	0.0161977
0.250841	0.05	0.016064
0.264043	0.05	0.0159143
0.277246	0.05	0.0157454
0.290448	0.05	0.0155536
0.30365	0.05	0.0153339
0.316852	0.05	0.01508
0.330054	0.05	0.014784
0.343256	0.05	0.0144363
0.356459	0.05	0.0140258
0.369661	0.05	0.0135403
0.382863	0.05	0.0129669
0.396065	0.05	0.0122934
0.409267	0.05	0.0115096
0.42247	0.05	0.0106087
0.435672	0.05	0.00958895
0.448874	0.05	0.00845444
0.462076	0.05	0.00721521
0.475278	0.05	0.00588614
0.48848	0.05	0.00448468
0.501683	0.05	0.00302788
0.514885	0.05	0.00152975
0.528087	0.05	0
0	0.06	0.0202645
0.0138426	0.06	0.0202614
0.0276852	0.06	0.0202519
0.0415278	0.06	0.020236
0.0553704	0.06	0.0202136
0.069213	0.06	0.0201845
0.0830556	0.06	0.0201486
0.0968982	0.06	0.0201056
0.110741	0.06	0.0200553
0.124583	0.06	0.0199973
0.138426	0.06	0.0199311
0.152269	0.06	0.0198562
0.166111	0.06	0.019772
0.179954	0.06	0.0196778
0.193796	0.06	0.0195726
0.207639	0.06	0.0194554
0.221482	0.06	0.0193247
0.235324	0.06	0.0191788
0.249167	0.06	0.0190156
0.26301	0.06	0.0188323
0.276852	0.06	0.0186255
0.290695	0.06	0.0183905
0.304537	0.06	0.0181218
0.31838	0.06	0.0178123
0.332223	0.06	0.0174538
0.346065	0.06	0.0170363
0.359908	0.06	0.0165489
0.37375	0.06	0.01598
0.387593	0.06	0.0153184
0.401436	0.06	0.0145541
0.415278	0.06	0.0136796
0.429121	0.06	0.0126914
0.442963	0.06	0.0115905
0.456806	0.06	0.0103829
0.470649	0.06	0.00907922
0.484491	0.06	0.00769315
0.498334	0.06	0.00623971
0.512176	0.06	0.00473316
0.526019	0.06	0.00318547
0.539862	0.06	0.00160561
0.553704	0.06	0
0	0.07	0.0233004
0.014483	0.07	0.0232964
0.0289661	0.07	0.0232844
0.0434491	0.07	0.0232642
0.0579322	0.07	0.0232357
0.0724152	0.07	0.0231988
0.0868982	0.07	0.0231532
0.101381	0.07	0.0230985
0.115864	0.07	0.0230343
0.130347	0.07	0.0229602
0.14483	0.07	0.0228756
0.159313	0.07	0.0227796
0.173796	0.07	0.0226715
0.18828	0.07	0.0225502
0.202763	0.07	0.0224143
0.217246	0.07	0.0222623
0.231729	0.07	0.0220921
0.246212	0.07	0.0219013
0.260695	0.07	0.0216867
0.275178	0.07	0.0214444
0.289661	0.07	0.0211694
0.304144	0.07	0.0208558
0.318627	0.07	0.0204961
0.33311	0.07	0.0200818
0.347593	0.07	0.0196031
0.362076	0.07	0.0190495
0.376559	0.07	0.0184103
0.391042	0.07	0.0176756
0.405525	0.07	0.0168372
0.420008	0.07	0.0158897
0.434491	0.07	0.0148316
0.448974	0.07	0.0136653
0.463457	0.07	0.0123979
0.47794	0.07	0.0110397
0.492423	0.07	0.00960332
0.506906	0.07	0.00810225
0.521389	0.07	0.0065491
0.535873	0.07	0.00495468
0.550356	0.07	0.00332756
0.564839	0.07	0.00167428
0.579322	0.07	0
0	0.08	0.0262402
0.0151235	0.08	0.0262353
0.030247	0.08	0.0262204
0.0453704	0.08	0.0261954
0.0604939	0.08	0.0261602
0.0756174	0.08	0.0261145
0.0907409	0.08	0.0260579
0.105864	0.08	0.02599
0.120988	0.08	0.0259103
0.136111	0.08	0.0258181
0.151235	0.08	0.0257126
0.166358	0.08	0.0255929
0.181482	0.08	0.0254576
0.196605	0.08	0.0253053
0.211729	0.08	0.0251343
0.226852	0.08	0.0249424
0.241976	0.08	0.0247267
0.257099	0.08	0.0244839
0.272223	0.08	0.0242098
0.287346	0.08	0.0238992
0.30247	0.08	0.0235458
0.317593	0.08	0.0231421
0.332716	0.08	0.0226796
0.34784	0.08	0.0221487
0.362963	0.08	0.0215394
0.378087	0.08	0.0208419
0.39321	0.08	0.0200474
0.408334	0.08	0.019149
0.423457	0.08	0.0181427
0.438581	0.08	0.0170281
0.453704	0.08	0.0158086
0.468828	0.08	0.0144913
0.483951	0.08	0.0130862
0.499075	0.08	0.0116052
0.514198	0.08	0.0100606
0.529322	0.08	0.00846406
0.544445	0.08	0.00682577
0.559569	0.08	0.0051541
0.574692	0.08	0.00345574
0.589816	0.08	0.00173617
0.604939	0.08	0
0	0.09	0.0290844
0.0157639	0.09	0.0290785
0.0315278	0.09	0.0290604
0.0472917	0.09	0.0290301
0.0630556	0.09	0.0289874
0.0788195	0.09	0.0289319
0.0945835	0.09	0.0288632
0.110347	0.09	0.0287807
0.126111	0.09	0.0286837
0.141875	0.09	0.0285713
0.157639	0.09	0.0284426
0.173403	0.09	0.0282961
0.189167	0.09	0.0281303
0.204931	0.09	0.0279433
0.220695	0.09	0.0277327
0.236459	0.09	0.0274956
0.252223	0.09	0.0272284
0.267986	0.09	0.0269268
0.28375	0.09	0.0265854
0.299514	0.09	0.0261979
0.315278	0.09	0.0257568
0.331042	0.09	0.0252537
0.346806	0.09	0.0246794
0.36257	0.09	0.0240244
0.378334	0.09	0.0232795
0.394098	0.09	0.0224368
0.409862	0.09	0.0214903
0.425626	0.09	0.0204368
0.441389	0.09	0.0192765
0.457153	0.09	0.0180133
0.472917	0.09	0.0166542
0.488681	0.09	0.0152087
0.504445	0.09	0.0136881
0.520209	0.09	0.0121039
0.535973	0.09	0.0104672
0.551737	0.09	0.00878794
0.567501	0.09	0.00707432
0.583265	0.09	0.00533332
0.599029	0.09	0.00357072
0.614792	0.09	0.00179149
0.630556	0.09	0
0	0.1	0.0318335
0.0164043	0.1	0.0318264
0.0328087	0.1	0.0318049
0.049213	0.1	0.0317688
0.0656174	0.1	0.0317178
0.0820217	0.1	0.0316516
0.0984261	0.1	0.0315695
0.11483	0.1	0.0314709
0.131235	0.1	0.0313549
0.147639	0.1	0.0312203
0.164043	0.1	0.0310658
0.180448	0.1	0.0308897
0.196852	0.1	0.0306901
0.213256	0.1	0.0304645
0.229661	0.1	0.0302098
0.246065	0.1	0.0299224
0.26247	0.1	0.029598
0.278874	0.1	0.029231
0.295278	0.1	0.0288153
0.311683	0.1	0.0283434
0.328087	0.1	0.0278071
0.344491	0.1	0.0271977
0.360896	0.1	0.026506
0.3773	0.1	0.0257235
0.393704	0.1	0.0248427
0.410109	0.1	0.0238582
0.426513	0.1	0.0227673
0.442917	0.1	0.0215706
0.459322	0.1	0.0202718
0.475726	0.1	0.0188777
0.49213	0.1	0.0173976
0.508535	0.1	0.015842
0.524939	0.1	0.0142221
0.541343	0.1	0.0125486
0.557748	0.1	0.0108311
0.574152	0.1	0.00907806
0.590556	0.1	0.00729674
0.606961	0.1	0.00549322
0.623365	0.1	0.00367285
0.639769	0.1	0.00184034
0.656174	0.1	0
0	0.11	0.034488
0.0170448	0.11	0.0344796
0.0340896	0.11	0.0344543
0.0511343	0.11	0.0344119
0.0681791	0.11	0.034352
0.0852239	0.11	0.0342741
0.102269	0.11	0.0341775
0.119313	0.11	0.0340613
0.136358	0.11	0.0339244
0.153403	0.11	0.0337654
0.170448	0.11	0.0335827
0.187493	0.11	0.0333743
0.204537	0.11	0.0331375
0.221582	0.11	0.0328694
0.238627	0.11	0.0325663
0.255672	0.11	0.0322238
0.272716	0.11	0.0318366
0.289761	0.11	0.0313985
0.306806	0.11	0.0309023
0.323851	0.11	0.03034
0.340896	0.11	0.0297032
0.35794	0.11	0.0289831
0.374985	0.11	0.0281716
0.39203	0.11	0.0272616
0.409075	0.11	0.026248
0.426119	0.11	0.0251284
0.443164	0.11	0.0239031
0.460209	0.11	0.0225759
0.477254	0.11	0.0211532
0.494299	0.11	0.0196437
0.511343	0.11	0.0180577
0.528388	0.11	0.0164058
0.545433	0.11	0.0146986
0.562478	0.11	0.0129457
0.579522	0.11	0.0111558
0.596567	0.11	0.00933641
0.613612	0.11	0.00749396
0.630657	0.11	0.00563422
0.647702	0.11	0.00376228
0.664746	0.11	0.00188279
0.681791	0.11	0
0	0.12	0.0370484
0.0176852	0.12	0.0370386
0.0353704	0.12	0.0370092
0.0530556	0.12	0.03696
0.0707409	0.12	0.0368904
0.0884261	0.12	0.0367998
0.106111	0.12	0.0366874
0.123796	0.12	0.0365522
0.141482	0.12	0.0363927
0.159167	0.12	0.0362074
0.176852	0.12	0.0359941
0.194537	0.12	0.0357503
0.212223	0.12	0.0354732
0.229908	0.12	0.035159
0.247593	0.12	0.0348034
0.265278	0.12	0.0344012
0.282963	0.12	0.0339464
0.300649	0.12	0.0334321
0.318334	0.12	0.0328504
0.336019	0.12	0.0321934
0.353704	0.12	0.0314524
0.371389	0.12	0.0306198
0.389075	0.12	0.0296886
0.40676	0.12	0.0286539
0.424445	0.12	0.0275131
0.44213	0.12	0.0262665
0.459816	0.12	0.0249174
0.477501	0.12	0.0234719
0.495186	0.12	0.0219382
0.512871	0.12	0.0203261
0.530556	0.12	0.018646
0.548242	0.12	0.0169084
0.565927	0.12	0.015123
0.583612	0.12	0.0132987
0.601297	0.12	0.0114434
0.618982	0.12	0.00956391
0.636668	0.12	0.00766643
0.654353	0.12	0.00575648
0.672038	0.12	0.00383907
0.689723	0.12	0.00191881
0.707409	0.12	0
0	0.13	0.039515
0.0183256	0.13	0.0395038
0.0366513	0.13	0.0394701
0.0549769	0.13	0.0394134
0.0733026	0.13	0.0393334
0.0916282	0.13	0.0392293
0.109954	0.13	0.0391
0.12828	0.13	0.0389442
0.146605	0.13	0.0387605
0.164931	0.13	0.0385467
0.183256	0.13	0.0383004
0.201582	0.13	0.0380187
0.219908	0.13	0.0376981
0.238233	0.13	0.0373344
0.256559	0.13	0.0369225
0.274885	0.13	0.0364565
0.29321	0.13	0.0359299
0.311536	0.13	0.0353352
0.329862	0.13	0.0346645
0.348187	0.13	0.0339097
0.366513	0.13	0.033063
0.384839	0.13	0.0321179
0.403164	0.13	0.0310692
0.42149	0.13	0.0299142
0.439816	0.13	0.0286529
0.458141	0.13	0.0272881
0.476467	0.13	0.0258253
0.494792	0.13	0.0242723
0.513118	0.13	0.0226386
0.531444	0.13	0.0209342
0.549769	0.13	0.0191696
0.568095	0.13	0.0173546
0.586421	0.13	0.0154985
0.604746	0.13	0.0136093
0.623072	0.13	0.0116946
0.641398	0.13	0.00976098
0.659723	0.13	0.00781429
0.678049	0.13	0.00586001
0.696375	0.13	0.00390316
0.7147	0.13	0.00194838
0.733026	0.13	0
0	0.14	0.0418885
0.0189661	0.14	0.0418757
0.0379322	0.14	0.0418373
0.0568982	0.14	0.0417728
0.0758643	0.14	0.0416816
0.0948304	0.14	0.041563
0.113796	0.14	0.0414156
0.132763	0.14	0.0412379
0.151729	0.14	0.0410282
0.170695	0.14	0.040784
0.189661	0.14	0.0405025
0.208627	0.14	0.0401803
0.227593	0.14	0.0398133
0.246559	0.14	0.0393968
0.265525	0.14	0.0389252
0.284491	0.14	0.038392
0.303457	0.14	0.0377901
0.322423	0.14	0.0371118
0.341389	0.14	0.0363495
0.360356	0.14	0.0354954
0.379322	0.14	0.0345429
0.398288	0.14	0.0334869
0.417254	0.14	0.0323242
0.43622	0.14	0.0310544
0.455186	0.14	0.0296797
0.474152	0.14	0.0282051
0.493118	0.14	0.0266379
0.512084	0.14	0.0249869
0.53105	0.14	0.0232622
0.550016	0.14	0.0214741
0.568982	0.14	0.0196325
0.587949	0.14	0.0177471
0.606915	0.14	0.0158264
0.625881	0.14	0.0138784
0.644847	0.14	0.01191
0.663813	0.14	0.00992773
0.682779	0.14	0.0079375
0.701745	0.14	0.00594473
0.720711	0.14	0.00395446
0.739677	0.14	0.00197141
0.758643	0.14	0
0	0.15	0.044169
0.0196065	0.15	0.0441546
0.039213	0.15	0.0441112
0.0588195	0.15	0.0440384
0.0784261	0.15	0.0439355
0.0980326	0.15	0.0438014
0.117639	0.15	0.0436348
0.137246	0.15	0.0434339
0.156852	0.15	0.0431965
0.176459	0.15	0.04292
0.196065	0.15	0.0426011
0.215672	0.15	0.042236
0.235278	0.15	0.04182
0.254885	0.15	0.0413478
0.274491	0.15	0.0408134
0.294098	0.15	0.0402099
0.313704	0.15	0.03953
0.333311	0.15	0.038766
0.352917	0.15	0.0379105
0.372524	0.15	0.0369568
0.39213	0.15	0.0358996
0.411737	0.15	0.0347353
0.431343	0.15	0.033463
0.45095	0.15	0.0320842
0.470556	0.15	0.0306032
0.490163	0.15	0.0290266
0.509769	0.15	0.0273631
0.529376	0.15	0.0256222
0.548982	0.15	0.0238141
0.568589	0.15	0.0219493
0.588195	0.15	0.0200373
0.607802	0.15	0.0180873
0.627409	0.15	0.0161077
0.647015	0.15	0.0141061
0.666622	0.15	0.0120894
0.686228	0.15	0.0100641
0.705835	0.15	0.00803591
0.725441	0.15	0.00601045
0.745048	0.15	0.00399282
0.764654	0.15	0.00198782
0.784261	0.15	0
0	0.16	0.0463572
0.020247	0.16	0.0463411
0.0404939	0.16	0.0462924
0.0607409	0.16	0.0462108
0.0809878	0.16	0.0460954
0.101235	0.16	0.045945
0.121482	0.16	0.0457581
0.141729	0.16	0.0455326
0.161976	0.16	0.0452661
0.182223	0.16	0.0449555
0.20247	0.16	0.0445971
0.222716	0.16	0.0441867
0.242963	0.16	0.0437193
0.26321	0.16	0.0431889
0.283457	0.16	0.0425891
0.303704	0.16	0.0419129
0.323951	0.16	0.0411529
0.344198	0.16	0.0403017
0.364445	0.16	0.0393526
0.384692	0.16	0.0382999
0.404939	0.16	0.0371398
0.425186	0.16	0.0358707
0.445433	0.16	0.0344933
0.46568	0.16	0.0330113
0.485927	0.16	0.0314306
0.506174	0.16	0.0297592
0.526421	0.16	0.0280064
0.546668	0.16	0.0261824
0.566915	0.16	0.0242976
0.587162	0.16	0.0223619
0.607409	0.16	0.0203851
0.627655	0.16	0.018376
0.647902	0.16	0.0163427
0.668149	0.16	0.0142927
0.688396	0.16	0.0122329
0.708643	0.16	0.0101698
0.72889	0.16	0.00810928
0.749137	0.16	0.00605697
0.769384	0.16	0.00401807
0.789631	0.16	0.00199754
0.809878	0.16	0
0	0.17	0.0484534
0.0208874	0.17	0.0484354
0.0417748	0.17	0.0483812
0.0626622	0.17	0.0482903
0.0835495	0.17	0.0481618
0.104437	0.17	0.0479943
0.125324	0.17	0.047786
0.146212	0.17	0.0475346
0.167099	0.17	0.0472375
0.187986	0.17	0.0468911
0.208874	0.17	0.0464914
0.229761	0.17	0.0460337
0.250649	0.17	0.0455125
0.271536	0.17	0.0449217
0.292423	0.17	0.0442544
0.313311	0.17	0.0435036
0.334198	0.17	0.042662
0.355086	0.17	0.0417229
0.375973	0.17	0.0406803
0.39686	0.17	0.03953
0.417748	0.17	0.0382696
0.438635	0.17	0.0368992
0.459522	0.17	0.0354216
0.48041	0.17	0.0338419
0.501297	0.17	0.0321676
0.522185	0.17	0.0304075
0.543072	0.17	0.0285716
0.563959	0.17	0.0266705
0.584847	0.17	0.0247144
0.605734	0.17	0.0227133
0.626622	0.17	0.0206767
0.647509	0.17	0.0186133
0.668396	0.17	0.0165311
0.689284	0.17	0.0144377
0.710171	0.17	0.0123401
0.731058	0.17	0.0102446
0.751946	0.17	0.00815732
0.772833	0.17	0.00608403
0.793721	0.17	0.00403005
0.814608	0.17	0.00200045
0.835495	0.17	0
0	0.18	0.0504578
0.0215278	0.18	0.0504379
0.0430556	0.18	0.050378
0.0645835	0.18	0.0502774
0.0861113	0.18	0.0501351
0.107639	0.18	0.0499496
0.129167	0.18	0.049719
0.150695	0.18	0.0494406
0.172223	0.18	0.0491114
0.19375	0.18	0.0487276
0.215278	0.18	0.0482848
0.236806	0.18	0.0477779
0.258334	0.18	0.0472011
0.279862	0.18	0.0465478
0.301389	0.18	0.0458113
0.322917	0.18	0.0449845
0.344445	0.18	0.0440605
0.365973	0.18	0.0430333
0.387501	0.18	0.041898
0.409029	0.18	0.0406517
0.430556	0.18	0.0392938
0.452084	0.18	0.0378261
0.473612	0.18	0.0362528
0.49514	0.18	0.0345806
0.516668	0.18	0.032818
0.538195	0.18	0.0309747
0.559723	0.18	0.0290612
0.581251	0.18	0.027088
0.602779	0.18	0.0250656
0.624307	0.18	0.0230039
0.645835	0.18	0.0209122
0.667362	0.18	0.0187991
0.68889	0.18	0.0166729
0.710418	0.18	0.0145411
0.731946	0.18	0.0124106
0.753474	0.18	0.0102881
0.775002	0.18	0.00817972
0.796529	0.18	0.00609139
0.818057	0.18	0.00402858
0.839585	0.18	0.00199648
0.861113	0.18	0
0	0.19	0.052371
0.0221683	0.19	0.052349
0.0443365	0.19	0.0522831
0.0665048	0.19	0.0521724
0.088673	0.19	0.0520158
0.110841	0.19	0.0518116
0.13301	0.19	0.0515576
0.155178	0.19	0.051251
0.177346	0.19	0.0508884
0.199514	0.19	0.0504658
0.221683	0.19	0.0499783
0.243851	0.19	0.0494205
0.266019	0.19	0.0487863
0.288187	0.19	0.048069
0.310356	0.19	0.0472618
0.332524	0.19	0.046358
0.354692	0.19	0.0453511
0.37686	0.19	0.0442361
0.399029	0.19	0.0430093
0.421197	0.19	0.0416693
0.443365	0.19	0.0402168
0.465533	0.19	0.0386553
0.487702	0.19	0.0369907
0.50987	0.19	0.0352307
0.532038	0.19	0.0333847
0.554206	0.19	0.0314631
0.576375	0.19	0.0294766
0.598543	0.19	0.0274361
0.620711	0.19	0.0253518
0.642879	0.19	0.0232338
0.665048	0.19	0.0210914
0.687216	0.19	0.0189333
0.709384	0.19	0.0167676
0.731552	0.19	0.0146022
0.753721	0.19	0.012444
0.775889	0.19	0.0102999
0.798057	0.19	0.00817614
0.820225	0.19	0.00607879
0.842394	0.19	0.00401348
0.864562	0.19	0.00198553
0.88673	0.19	0
0	0.2	0.0541931
0.0228087	0.2	0.0541691
0.0456174	0.2	0.0540969
0.0684261	0.2	0.0539756
0.0912348	0.2	0.0538041
0.114043	0.2	0.0535805
0.136852	0.2	0.0533023
0.159661	0.2	0.0529664
0.18247	0.2	0.0525693
0.205278	0.2	0.0521064
0.228087	0.2	0.0515727
0.250896	0.2	0.0509624
0.273704	0.2	0.0502693
0.296513	0.2	0.0494867
0.319322	0.2	0.0486079
0.34213	0.2	0.0476263
0.364939	0.2	0.0465366
0.387748	0.2	0.0453345
0.410556	0.2	0.0440176
0.433365	0.2	0.0425859
0.456174	0.2	0.0410418
0.478982	0.2	0.0393902
0.501791	0.2	0.0376382
0.5246	0.2	0.0357946
0.547409	0.2	0.0338696
0.570217	0.2	0.031874
0.593026	0.2	0.0298188
0.615835	0.2	0.027715
0.638643	0.2	0.025573
0.661452	0.2	0.0234029
0.684261	0.2	0.021214
0.707069	0.2	0.0190152
0.729878	0.2	0.0168148
0.752687	0.2	0.0146206
0.775495	0.2	0.0124399
0.798304	0.2	0.0102796
0.821113	0.2	0.00814628
0.843921	0.2	0.006046
0.86673	0.2	0.0039846
0.889539	0.2	0.00196754
0.912348	0.2	0
0	0.21	0.0559246
0.0234491	0.21	0.0558984
0.0468982	0.21	0.0558196
0.0703474	0.21	0.0556875
0.0937965	0.21	0.0555006
0.117246	0.21	0.0552568
0.140695	0.21	0.0549535
0.164144	0.21	0.0545874
0.187593	0.21	0.0541545
0.211042	0.21	0.0536501
0.234491	0.21	0.0530689
0.25794	0.21	0.0524048
0.281389	0.21	0.0516516
0.304839	0.21	0.0508025
0.328288	0.21	0.0498511
0.351737	0.21	0.0487916
0.375186	0.21	0.0476192
0.398635	0.21	0.0463308
0.422084	0.21	0.0449254
0.445533	0.21	0.0434043
0.468982	0.21	0.0417715
0.492432	0.21	0.0400331
0.515881	0.21	0.0381973
0.53933	0.21	0.036274
0.562779	0.21	0.0342738
0.586228	0.21	0.032208
0.609677	0.21	0.030088
0.633126	0.21	0.0279248
0.656575	0.21	0.025729
0.680025	0.21	0.0235107
0.703474	0.21	0.0212795
0.726923	0.21	0.0190445
0.750372	0.21	0.0168139
0.773821	0.21	0.0145959
0.79727	0.21	0.0123979
0.820719	0.21	0.0102269
0.844168	0.21	0.00808982
0.867618	0.21	0.00599278
0.891067	0.21	0.00394178
0.914516	0.21	0.00194243
0.937965	0.21	0
0	0.22	0.0575656
0.0240896	0.22	0.0575372
0.0481791	0.22	0.0574517
0.0722687	0.22	0.0573083
0.0963582	0.22	0.0571054
0.120448	0.22	0.0568408
0.144537	0.22	0.0565117
0.168627	0.22	0.0561144
0.192716	0.22	0.0556447
0.216806	0.22	0.0550976
0.240896	0.22	0.0544677
0.264985	0.22	0.0537486
0.289075	0.22	0.0529342
0.313164	0.22	0.0520177
0.337254	0.22	0.0509933
0.361343	0.22	0.0498557
0.385433	0.22	0.048601
0.409522	0.22	0.0472273
0.433612	0.22	0.045735
0.457702	0.22	0.0441268
0.481791	0.22	0.0424079
0.505881	0.22	0.0405858
0.52997	0.22	0.0386696
0.55406	0.22	0.0366699
0.578149	0.22	0.034598
0.602239	0.22	0.0324656
0.626328	0.22	0.0302843
0.650418	0.22	0.0280652
0.674508	0.22	0.0258193
0.698597	0.22	0.0235569
0.722687	0.22	0.0212875
0.746776	0.22	0.0190205
0.770866	0.22	0.0167644
0.794955	0.22	0.0145275
0.819045	0.22	0.0123174
0.843135	0.22	0.0101415
0.867224	0.22	0.00800648
0.891314	0.22	0.00591893
0.915403	0.22	0.00388491
0.939493	0.22	0.00191014
0.963582	0.22	0
0	0.23	0.0591165
0.02473	0.23	0.0590858
0.04946	0.23	0.0589934
0.07419	0.23	0.0588384
0.09892	0.23	0.0586191
0.12365	0.23	0.0583331
0.14838	0.23	0.0579773
0.17311	0.23	0.0575479
0.19784	0.23	0.0570404
0.22257	0.23	0.0564496
0.2473	0.23	0.0557698
0.27203	0.23	0.0549948
0.29676	0.23	0.0541181
0.32149	0.23	0.0531337
0.34622	0.23	0.0520358
0.37095	0.23	0.0508201
0.39568	0.23	0.0494837
0.42041	0.23	0.0480259
0.44514	0.23	0.0464483
0.46987	0.23	0.044755
0.4946	0.23	0.0429526
0.51933	0.23	0.0410494
0.54406	0.23	0.0390558
0.56879	0.23	0.0369828
0.59352	0.23	0.0348425
0.61825	0.23	0.0326467
0.64298	0.23	0.0304073
0.66771	0.23	0.028136
0.69244	0.23	0.0258436
0.71717	0.23	0.0235407
0.7419	0.23	0.0212372
0.76663	0.23	0.0189426
0.79136	0.23	0.0166657
0.81609	0.23	0.0144149
0.84082	0.23	0.0121981
0.86555	0.23	0.0100228
0.89028	0.23	0.007896
0.91501	0.23	0.00582428
0.93974	0.23	0.00381389
0.96447	0.23	0.00187064
0.9892	0.23	0
0	0.24	0.0605775
0.0253704	0.24	0.0605445
0.0507409	0.24	0.060445
0.0761113	0.24	0.0602781
0.101482	0.24	0.0600419
0.126852	0.24	0.0597338
0.152223	0.24	0.0593507
0.177593	0.24	0.0588884
0.202963	0.24	0.0583422
0.228334	0.24	0.0577068
0.253704	0.24	0.0569762
0.279075	0.24	0.0561442
0.304445	0.24	0.0552046
0.329816	0.24	0.0541515
0.355186	0.24	0.0529799
0.380556	0.24	0.0516863
0.405927	0.24	0.0502688
0.431297	0.24	0.0487279
0.456668	0.24	0.0470666
0.482038	0.24	0.0452902
0.507409	0.24	0.0434065
0.532779	0.24	0.0414249
0.558149	0.24	0.0393565
0.58352	0.24	0.0372131
0.60889	0.24	0.0350071
0.634261	0.24	0.0327509
0.659631	0.24	0.0304567
0.685002	0.24	0.0281364
0.710372	0.24	0.025801
0.735742	0.24	0.0234616
0.761113	0.24	0.0211281
0.786483	0.24	0.0188104
0.811854	0.24	0.0165174
0.837224	0.24	0.0142578
0.862594	0.24	0.0120397
0.887965	0.24	0.00987076
0.913335	0.24	0.00775817
0.938706	0.24	0.00570868
0.964076	0.24	0.00372862
0.989447	0.24	0.00182389
1.01482	0.24	0
0	0.25	0.0619489
0.0260109	0.25	0.0619134
0.0520217	0.25	0.0618067
0.0780326	0.25	0.0616275
0.104043	0.25	0.061374
0.130054	0.25	0.0610434
0.156065	0.25	0.0606323
0.182076	0.25	0.0601364
0.208087	0.25	0.0595507
0.234098	0.25	0.0588697
0.260109	0.25	0.0580874
0.286119	0.25	0.0571976
0.31213	0.25	0.0561943
0.338141	0.25	0.0550722
0.364152	0.25	0.0538268
0.390163	0.25	0.0524554
0.416174	0.25	0.0509575
0.442185	0.25	0.0493346
0.468195	0.25	0.047591
0.494206	0.25	0.0457333
0.520217	0.25	0.0437703
0.546228	0.25	0.0417125
0.572239	0.25	0.0395717
0.59825	0.25	0.0373605
0.624261	0.25	0.0350916
0.650272	0.25	0.0327779
0.676282	0.25	0.0304319
0.702293	0.25	0.0280658
0.728304	0.25	0.0256911
0.754315	0.25	0.0233188
0.780326	0.25	0.0209595
0.806337	0.25	0.0186231
0.832348	0.25	0.0163188
0.858358	0.25	0.0140556
0.884369	0.25	0.0118417
0.91038	0.25	0.00968498
0.936391	0.25	0.00759281
0.962402	0.25	0.00557202
0.988413	0.25	0.00362905
1.01442	0.25	0.00176986
1.04043	0.25	0
0	0.26	0.0632309
0.0266513	0.26	0.0631929
0.0533026	0.26	0.0630787
0.0799539	0.26	0.062887
0.106605	0.26	0.0626158
0.133256	0.26	0.0622622
0.159908	0.26	0.0618225
0.186559	0.26	0.0612922
0.21321	0.26	0.0606662
0.239862	0.26	0.0599388
0.266513	0.26	0.059104
0.293164	0.26	0.0581557
0.319816	0.26	0.0570882
0.346467	0.26	0.0558966
0.373118	0.26	0.0545773
0.399769	0.26	0.0531285
0.426421	0.26	0.0515507
0.453072	0.26	0.0498467
0.479723	0.26	0.0480221
0.506375	0.26	0.0460847
0.533026	0.26	0.0440443
0.559677	0.26	0.0419124
0.586328	0.26	0.0397015
0.61298	0.26	0.0374247
0.639631	0.26	0.0350955
0.666282	0.26	0.032727
0.692934	0.26	0.0303322
0.719585	0.26	0.0279236
0.746236	0.26	0.025513
0.772888	0.26	0.0231118
0.799539	0.26	0.0207308
0.82619	0.26	0.0183802
0.852841	0.26	0.0160695
0.879493	0.26	0.0138079
0.906144	0.26	0.0116038
0.932795	0.26	0.00946529
0.959447	0.26	0.00739976
0.986098	0.26	0.00541422
1.01275	0.26	0.00351515
1.0394	0.26	0.00170857
1.06605	0.26	0
0	0.27	0.0644236
0.0272917	0.27	0.0643831
0.0545835	0.27	0.0642613
0.0818752	0.27	0.0640569
0.109167	0.27	0.0637676
0.136459	0.27	0.0633905
0.16375	0.27	0.0629216
0.191042	0.27	0.0623563
0.218334	0.27	0.0616893
0.245626	0.27	0.0609148
0.272917	0.27	0.0600268
0.300209	0.27	0.0590193
0.327501	0.27	0.057887
0.354792	0.27	0.0566256
0.382084	0.27	0.0552322
0.409376	0.27	0.0537062
0.436668	0.27	0.052049
0.463959	0.27	0.0502649
0.491251	0.27	0.0483605
0.518543	0.27	0.0463448
0.545835	0.27	0.0442286
0.573126	0.27	0.0420244
0.600418	0.27	0.0397454
0.62771	0.27	0.0374053
0.655002	0.27	0.0350182
0.682293	0.27	0.0325976
0.709585	0.27	0.0301569
0.736877	0.27	0.0277089
0.764168	0.27	0.025266
0.79146	0.27	0.0228398
0.818752	0.27	0.0204414
0.846044	0.27	0.0180812
0.873335	0.27	0.0157692
0.900627	0.27	0.0135145
0.927919	0.27	0.0113259
0.955211	0.27	0.00921151
0.982502	0.27	0.00717894
1.00979	0.27	0.00523523
1.03709	0.27	0.00338691
1.06438	0.27	0.00164
1.09167	0.27	0
0	0.28	0.0655273
0.0279322	0.28	0.0654842
0.0558643	0.28	0.0653546
0.0837965	0.28	0.0651372
0.111729	0.28	0.0648296
0.139661	0.28	0.0644286
0.167593	0.28	0.06393
0.195525	0.28	0.0633291
0.223457	0.28	0.0626204
0.251389	0.28	0.0617981
0.279322	0.28	0.0608561
0.307254	0.28	0.0597888
0.335186	0.28	0.0585912
0.363118	0.28	0.0572597
0.39105	0.28	0.0557922
0.418982	0.28	0.0541891
0.446915	0.28	0.0524531
0.474847	0.28	0.0505895
0.502779	0.28	0.0486063
0.530711	0.28	0.0465135
0.558643	0.28	0.0443231
0.586575	0.28	0.0420482
0.614508	0.28	0.0397029
0.64244	0.28	0.0373017
0.670372	0.28	0.0348589
0.698304	0.28	0.0323888
0.726236	0.28	0.0299051
0.754168	0.28	0.0274212
0.782101	0.28	0.0249495
0.810033	0.28	0.0225023
0.837965	0.28	0.0200907
0.865897	0.28	0.0177257
0.893829	0.28	0.0154173
0.921761	0.28	0.013175
0.949694	0.28	0.0110077
0.977626	0.28	0.00892351
1.00556	0.28	0.00693027
1.03349	0.28	0.00503504
1.06142	0.28	0.00324435
1.08935	0.28	0.0015642
1.11729	0.28	0
0	0.29	0.0665421
0.0285726	0.29	0.0664964
0.0571452	0.29	0.0663589
0.0857178	0.29	0.0661283
0.11429	0.29	0.065802
0.142863	0.29	0.0653767
0.171436	0.29	0.064848
0.200008	0.29	0.0642109
0.228581	0.29	0.0634599
0.257153	0.29	0.0625891
0.285726	0.29	0.0615925
0.314299	0.29	0.0604648
0.342871	0.29	0.0592014
0.371444	0.29	0.0577994
0.400016	0.29	0.0562577
0.428589	0.29	0.0545776
0.457162	0.29	0.0527631
0.485734	0.29	0.0508206
0.514307	0.29	0.0487594
0.542879	0.29	0.0465907
0.571452	0.29	0.0443273
0.600025	0.29	0.0419833
0.628597	0.29	0.0395735
0.65717	0.29	0.0371131
0.685742	0.29	0.034617
0.714315	0.29	0.0321
0.742888	0.29	0.0295762
0.77146	0.29	0.0270595
0.800033	0.29	0.0245628
0.828605	0.29	0.0220985
0.857178	0.29	0.0196783
0.885751	0.29	0.0173133
0.914323	0.29	0.0150137
0.942896	0.29	0.0127893
0.971468	0.29	0.010649
1.00004	0.29	0.00860123
1.02861	0.29	0.00665376
1.05719	0.29	0.00481368
1.08576	0.29	0.00308751
1.11433	0.29	0.00148118
1.1429	0.29	0
0	0.3	0.0674682
0.029213	0.3	0.0674198
0.0584261	0.3	0.0672744
0.0876391	0.3	0.0670304
0.116852	0.3	0.0666851
0.146065	0.3	0.0662351
0.175278	0.3	0.0656758
0.204491	0.3	0.065002
0.233704	0.3	0.0642082
0.262917	0.3	0.0632882
0.29213	0.3	0.0622364
0.321343	0.3	0.0610477
0.350556	0.3	0.0597181
0.379769	0.3	0.0582452
0.408982	0.3	0.056629
0.438195	0.3	0.054872
0.467409	0.3	0.0529791
0.496622	0.3	0.0509583
0.525835	0.3	0.0488198
0.555048	0.3	0.046576
0.584261	0.3	0.0442407
0.613474	0.3	0.041829
0.642687	0.3	0.0393564
0.6719	0.3	0.0368387
0.701113	0.3	0.0342915
0.730326	0.3	0.0317302
0.759539	0.3	0.0291693
0.788752	0.3	0.0266232
0.817965	0.3	0.0241052
0.847178	0.3	0.021628
0.876391	0.3	0.0192037
0.905604	0.3	0.0168435
0.934817	0.3	0.014558
0.96403	0.3	0.012357
0.993243	0.3	0.0102498
1.02246	0.3	0.00824465
1.05167	0.3	0.00634942
1.08088	0.3	0.00457121
1.1101	0.3	0.00291647
1.13931	0.3	0.00139102
1.16852	0.3	0
0	0.31	0.0683056
0.0298535	0.31	0.0682546
0.0597069	0.31	0.0681011
0.0895604	0.31	0.0678435
0.119414	0.31	0.0674791
0.149267	0.31	0.067004
0.179121	0.31	0.0664137
0.208974	0.31	0.0657028
0.238828	0.31	0.0648655
0.268681	0.31	0.0638958
0.298535	0.31	0.0627882
0.328388	0.31	0.0615379
0.358242	0.31	0.0601414
0.388095	0.31	0.0585973
0.417949	0.31	0.0569064
0.447802	0.31	0.0550722
0.477655	0.31	0.0531012
0.507509	0.31	0.0510023
0.537362	0.31	0.0487871
0.567216	0.31	0.0464689
0.597069	0.31	0.0440628
0.626923	0.31	0.0415847
0.656776	0.31	0.0390508
0.68663	0.31	0.0364777
0.716483	0.31	0.0338817
0.746337	0.31	0.0312787
0.77619	0.31	0.0286838
0.806044	0.31	0.0261116
0.835897	0.31	0.0235761
0.865751	0.31	0.0210902
0.895604	0.31	0.0186664
0.925457	0.31	0.0163161
0.955311	0.31	0.01405
0.985164	0.31	0.0118783
1.01502	0.31	0.00981004
1.04487	0.31	0.0078538
1.07472	0.31	0.00601734
1.10458	0.31	0.00430772
1.13443	0.31	0.00273131
1.16429	0.31	0.00129377
1.19414	0.31	0
0	0.32	0.0690547
0.0304939	0.32	0.0690009
0.0609878	0.32	0.0688392
0.0914817	0.32	0.0685679
0.121976	0.32	0.0681841
0.15247	0.32	0.0676838
0.182963	0.32	0.0670621
0.213457	0.32	0.0663136
0.243951	0.32	0.0654323
0.274445	0.32	0.0644123
0.304939	0.32	0.0632482
0.335433	0.32	0.0619356
0.365927	0.32	0.0604717
0.396421	0.32	0.0588559
0.426915	0.32	0.0570898
0.457409	0.32	0.0551784
0.487902	0.32	0.0531291
0.518396	0.32	0.0509523
0.54889	0.32	0.0486607
0.579384	0.32	0.0462689
0.609878	0.32	0.0437929
0.640372	0.32	0.0412494
0.670866	0.32	0.0386558
0.70136	0.32	0.0360293
0.731854	0.32	0.0333867
0.762348	0.32	0.0307446
0.792841	0.32	0.0281187
0.823335	0.32	0.0255241
0.853829	0.32	0.0229749
0.884323	0.32	0.0204848
0.914817	0.32	0.0180661
0.945311	0.32	0.0157308
0.975805	0.32	0.0134897
1.0063	0.32	0.0113529
1.03679	0.32	0.00932976
1.06729	0.32	0.00742875
1.09778	0.32	0.00565762
1.12827	0.32	0.00402335
1.15877	0.32	0.00253217
1.18926	0.32	0.00118953
1.21976	0.32	0
0	0.33	0.0697153
0.0311343	0.33	0.0696588
0.0622687	0.33	0.0694889
0.093403	0.33	0.0692038
0.124537	0.33	0.0688003
0.155672	0.33	0.0682745
0.186806	0.33	0.0676211
0.21794	0.33	0.0668345
0.249075	0.33	0.0659087
0.280209	0.33	0.0648378
0.311343	0.33	0.0636167
0.342478	0.33	0.0622412
0.373612	0.33	0.0607092
0.404746	0.33	0.059021
0.435881	0.33	0.0571793
0.467015	0.33	0.0551902
0.498149	0.33	0.0530625
0.529284	0.33	0.0508078
0.560418	0.33	0.0484401
0.591552	0.33	0.0459751
0.622687	0.33	0.04343
0.653821	0.33	0.0408224
0.684955	0.33	0.0381706
0.71609	0.33	0.0354925
0.747224	0.33	0.0328057
0.778358	0.33	0.0301273
0.809493	0.33	0.0274735
0.840627	0.33	0.02486
0.871761	0.33	0.0223013
0.902896	0.33	0.0198113
0.93403	0.33	0.0174027
0.965164	0.33	0.0150875
0.996299	0.33	0.0128769
1.02743	0.33	0.0107809
1.05857	0.33	0.00880904
1.0897	0.33	0.00696965
1.12084	0.33	0.00527044
1.15197	0.33	0.00371828
1.1831	0.33	0.00231922
1.21424	0.33	0.00107843
1.24537	0.33	0
0	0.34	0.0702877
0.0317748	0.34	0.0702284
0.0635495	0.34	0.0700502
0.0953243	0.34	0.0697512
0.127099	0.34	0.069328
0.158874	0.34	0.0687763
0.190649	0.34	0.0680909
0.222423	0.34	0.0672659
0.254198	0.34	0.0662951
0.285973	0.34	0.0651728
0.317748	0.34	0.0638938
0.349522	0.34	0.0624547
0.381297	0.34	0.060854
0.413072	0.34	0.0590926
0.444847	0.34	0.0571748
0.476622	0.34	0.0551075
0.508396	0.34	0.052901
0.540171	0.34	0.0505683
0.571946	0.34	0.0481246
0.603721	0.34	0.0455868
0.635495	0.34	0.0429733
0.66727	0.34	0.0403028
0.699045	0.34	0.0375942
0.73082	0.34	0.0348664
0.762594	0.34	0.0321377
0.794369	0.34	0.0294258
0.826144	0.34	0.0267475
0.857919	0.34	0.0241188
0.889694	0.34	0.0215548
0.921468	0.34	0.0190694
0.953243	0.34	0.0166758
0.985018	0.34	0.0143861
1.01679	0.34	0.0122116
1.04857	0.34	0.0101625
1.08034	0.34	0.00824802
1.11212	0.34	0.00647668
1.14389	0.34	0.00485602
1.17567	0.34	0.00339275
1.20744	0.34	0.00209269
1.23922	0.34	0.000960646
1.27099	0.34	0
0	0.35	0.0707719
0.0324152	0.35	0.0707098
0.0648304	0.35	0.0705233
0.0972456	0.35	0.0702103
0.129661	0.35	0.0697672
0.162076	0.35	0.0691896
0.194491	0.35	0.0684719
0.226906	0.35	0.067608
0.259322	0.35	0.0665918
0.291737	0.35	0.0654173
0.324152	0.35	0.0640799
0.356567	0.35	0.0625764
0.388982	0.35	0.060906
0.421398	0.35	0.0590707
0.453813	0.35	0.0570758
0.486228	0.35	0.0549297
0.518643	0.35	0.052644
0.551058	0.35	0.050233
0.583474	0.35	0.0477133
0.615889	0.35	0.0451032
0.648304	0.35	0.0424219
0.680719	0.35	0.0396895
0.713135	0.35	0.0369257
0.74555	0.35	0.0341503
0.777965	0.35	0.0313821
0.81038	0.35	0.0286397
0.842795	0.35	0.0259402
0.875211	0.35	0.0233001
0.907626	0.35	0.0207349
0.940041	0.35	0.0182589
0.972456	0.35	0.0158854
1.00487	0.35	0.0136266
1.03729	0.35	0.011494
1.0697	0.35	0.00949763
1.10212	0.35	0.00764688
1.13453	0.35	0.00595007
1.16695	0.35	0.00441462
1.19936	0.35	0.00304705
1.23178	0.35	0.00185289
1.26419	0.35	0.000836416
1.29661	0.35	0
0	0.36	0.071168
0.0330556	0.36	0.0711031
0.0661113	0.36	0.0709083
0.0991669	0.36	0.0705812
0.132223	0.36	0.0701182
0.165278	0.36	0.0695144
0.198334	0.36	0.0687641
0.231389	0.36	0.0678611
0.264445	0.36	0.0667988
0.297501	0.36	0.0655716
0.330556	0.36	0.064175
0.363612	0.36	0.0626061
0.396668	0.36	0.0608652
0.429723	0.36	0.0589551
0.462779	0.36	0.0568822
0.495835	0.36	0.0546565
0.52889	0.36	0.0522909
0.561946	0.36	0.0498012
0.595002	0.36	0.0472054
0.628057	0.36	0.0445231
0.661113	0.36	0.0417749
0.694168	0.36	0.0389816
0.727224	0.36	0.0361642
0.76028	0.36	0.0333431
0.793335	0.36	0.0305381
0.826391	0.36	0.0277681
0.859447	0.36	0.0250509
0.892502	0.36	0.0224034
0.925558	0.36	0.0198415
0.958614	0.36	0.0173796
0.991669	0.36	0.0150313
1.02472	0.36	0.012809
1.05778	0.36	0.0107241
1.09084	0.36	0.00878661
1.12389	0.36	0.0070059
1.15695	0.36	0.00539015
1.19	0.36	0.00394661
1.22306	0.36	0.00268157
1.25611	0.36	0.00160021
1.28917	0.36	0.000706093
1.32223	0.36	0
0	0.37	0.071476
0.0336961	0.37	0.0714084
0.0673921	0.37	0.0712052
0.101088	0.37	0.070864
0.134784	0.37	0.0703809
0.16848	0.37	0.0697509
0.202176	0.37	0.0689679
0.235873	0.37	0.0680253
0.269569	0.37	0.0669165
0.303265	0.37	0.0656359
0.336961	0.37	0.0641791
0.370657	0.37	0.0625441
0.404353	0.37	0.0607314
0.438049	0.37	0.0587454
0.471745	0.37	0.0565935
0.505441	0.37	0.0542872
0.539137	0.37	0.0518409
0.572833	0.37	0.049272
0.606529	0.37	0.0466
0.640225	0.37	0.0438458
0.673921	0.37	0.0410312
0.707618	0.37	0.0381782
0.741314	0.37	0.0353088
0.77501	0.37	0.0324442
0.808706	0.37	0.0296049
0.842402	0.37	0.0268104
0.876098	0.37	0.0240792
0.909794	0.37	0.0214284
0.94349	0.37	0.0188742
0.977186	0.37	0.0164314
1.01088	0.37	0.0141137
1.04458	0.37	0.0119335
1.07827	0.37	0.00990207
1.11197	0.37	0.00802968
1.14567	0.37	0.00632539
1.17936	0.37	0.00479727
1.21306	0.37	0.00345241
1.24675	0.37	0.00229683
1.28045	0.37	0.00133525
1.31415	0.37	0.000570204
1.34784	0.37	0
0	0.38	0.071696
0.0343365	0.38	0.0716256
0.068673	0.38	0.0714141
0.10301	0.38	0.0710588
0.137346	0.38	0.0705557
0.171683	0.38	0.0698994
0.206019	0.38	0.0690833
0.240356	0.38	0.0681008
0.274692	0.38	0.0669451
0.309029	0.38	0.0656103
0.343365	0.38	0.0640925
0.377702	0.38	0.0623901
0.412038	0.38	0.0605046
0.446375	0.38	0.0584413
0.480711	0.38	0.0562092
0.515048	0.38	0.0538211
0.549384	0.38	0.0512933
0.583721	0.38	0.0486446
0.618057	0.38	0.0458961
0.652394	0.38	0.0430701
0.68673	0.38	0.0401898
0.721067	0.38	0.0372784
0.755403	0.38	0.0343586
0.78974	0.38	0.0314527
0.824076	0.38	0.0285819
0.858413	0.38	0.0257663
0.892749	0.38	0.0230247
0.927086	0.38	0.0203748
0.961422	0.38	0.017833
0.995759	0.38	0.0154143
1.0301	0.38	0.0131325
1.06443	0.38	0.0110001
1.09877	0.38	0.00902827
1.1331	0.38	0.00722717
1.16744	0.38	0.00560576
1.20178	0.38	0.00417194
1.23611	0.38	0.00293262
1.27045	0.38	0.00189356
1.30479	0.38	0.00105887
1.33912	0.38	0.000429545
1.37346	0.38	0
0	0.39	0.071828
0.0349769	0.39	0.0717548
0.0699539	0.39	0.071535
0.104931	0.39	0.0711657
0.139908	0.39	0.0706426
0.174885	0.39	0.0699598
0.209862	0.39	0.0691106
0.244839	0.39	0.0680879
0.279816	0.39	0.0668846
0.314792	0.39	0.065495
0.349769	0.39	0.0639152
0.384746	0.39	0.0621441
0.419723	0.39	0.0601844
0.4547	0.39	0.0580424
0.489677	0.39	0.0557287
0.524654	0.39	0.0532576
0.559631	0.39	0.0506471
0.594608	0.39	0.0479179
0.629585	0.39	0.0450926
0.664562	0.39	0.0421951
0.699539	0.39	0.0392498
0.734516	0.39	0.0362811
0.769493	0.39	0.0333128
0.80447	0.39	0.030368
0.839447	0.39	0.0274685
0.874424	0.39	0.024635
0.909401	0.39	0.021887
0.944377	0.39	0.0192424
0.979354	0.39	0.0167178
1.01433	0.39	0.0143284
1.04931	0.39	0.012088
1.08429	0.39	0.0100092
1.11926	0.39	0.00810299
1.15424	0.39	0.00637949
1.18922	0.39	0.00484748
1.22419	0.39	0.00351474
1.25917	0.39	0.00238801
1.29415	0.39	0.00147277
1.32912	0.39	0.00077233
1.3641	0.39	0.000285338
1.39908	0.39	0
0	0.4	0.071872
0.0356174	0.4	0.0717961
0.0712348	0.4	0.071568
0.106852	0.4	0.0711848
0.14247	0.4	0.0706417
0.178087	0.4	0.0699325
0.213704	0.4	0.06905
0.249322	0.4	0.0679867
0.284939	0.4	0.0667353
0.320556	0.4	0.0652899
0.356174	0.4	0.063647
0.391791	0.4	0.0618061
0.427409	0.4	0.0597706
0.463026	0.4	0.0575482
0.498643	0.4	0.0551512
0.534261	0.4	0.0525957
0.569878	0.4	0.0499015
0.605495	0.4	0.047091
0.641113	0.4	0.0441886
0.67673	0.4	0.0412197
0.712348	0.4	0.0382101
0.747965	0.4	0.0351855
0.783582	0.4	0.0321705
0.8192	0.4	0.0291892
0.854817	0.4	0.0262641
0.890434	0.4	0.0234164
0.926052	0.4	0.020666
0.961669	0.4	0.0180311
0.997287	0.4	0.0155286
1.0329	0.4	0.0131737
1.06852	0.4	0.0109804
1.10414	0.4	0.00896098
1.13976	0.4	0.00712661
1.17537	0.4	0.00548711
1.21099	0.4	0.00405116
1.24661	0.4	0.00282646
1.28223	0.4	0.00181967
1.31784	0.4	0.00103598
1.35346	0.4	0.000477567
1.38908	0.4	0.000139467
1.4247	0.4	0
