0	0	0
0.00625	0	0
0.0125	0	0
0.01875	0	0
0.025	0	0
0.03125	0	0
0.0375	0	0
0.04375	0	0
0.05	0	0
0.05625	0	0
0.0625	0	0
0.06875	0	0
0.075	0	0
0.08125	0	0
0.0875	0	0
0.09375	0	0
0.1	0	0
0.10625	0	0
0.1125	0	0
0.11875	0	0
0.125	0	0
0.13125	0	0
0.1375	0	0
0.14375	0	0
0.15	0	0
0.15625	0	0
0.1625	0	0
0.16875	0	0
0.175	0	0
0.18125	0	0
0.1875	0	0
0.19375	0	0
0.2	0	0
0.20625	0	0
0.2125	0	0
0.21875	0	0
0.225	0	0
0.23125	0	0
0.2375	0	0
0.24375	0	0
0.25	0	0
0	0.02	0.0088805
0.00685029	0.02	0.00887877
0.0137006	0.02	0.00887358
0.0205509	0.02	0.00886489
0.0274012	0.02	0.00885269
0.0342515	0.02	0.00883692
0.0411018	0.02	0.00881752
0.0479521	0.02	0.00879442
0.0548023	0.02	0.00876753
0.0616526	0.02	0.00873673
0.0685029	0.02	0.00870191
0.0753532	0.02	0.00866289
0.0822035	0.02	0.00861953
0.0890538	0.02	0.0085716
0.0959041	0.02	0.00851887
0.102754	0.02	0.00846107
0.109605	0.02	0.00839789
0.116455	0.02	0.00832894
0.123305	0.02	0.0082538
0.130156	0.02	0.00817196
0.137006	0.02	0.00808281
0.143856	0.02	0.00798562
0.150706	0.02	0.00787952
0.157557	0.02	0.00776346
0.164407	0.02	0.00763613
0.171257	0.02	0.00749596
0.178108	0.02	0.00734098
0.184958	0.02	0.00716874
0.191808	0.02	0.0069762
0.198658	0.02	0.00675953
0.205509	0.02	0.00651395
0.212359	0.02	0.00623344
0.219209	0.02	0.00591045
0.22606	0.02	0.00553553
0.23291	0.02	0.00509684
0.23976	0.02	0.00457964
0.246611	0.02	0.00396558
0.253461	0.02	0.00323194
0.260311	0.02	0.00235069
0.267161	0.02	0.00128741
0.274012	0.02	0
0	0.04	0.0173906
0.00745059	0.04	0.0173865
0.0149012	0.04	0.0173744
0.0223518	0.04	0.0173542
0.0298023	0.04	0.0173257
0.0372529	0.04	0.0172888
0.0447035	0.04	0.0172435
0.0521541	0.04	0.0171894
0.0596047	0.04	0.0171264
0.0670553	0.04	0.0170541
0.0745059	0.04	0.0169723
0.0819564	0.04	0.0168803
0.089407	0.04	0.0167779
0.0968576	0.04	0.0166645
0.104308	0.04	0.0165393
0.111759	0.04	0.0164017
0.119209	0.04	0.0162507
0.12666	0.04	0.0160853
0.134111	0.04	0.0159043
0.141561	0.04	0.0157063
0.149012	0.04	0.0154896
0.156462	0.04	0.0152522
0.163913	0.04	0.0149919
0.171363	0.04	0.0147057
0.178814	0.04	0.0143906
0.186265	0.04	0.0140426
0.193715	0.04	0.0136571
0.201166	0.04	0.0132289
0.208616	0.04	0.0127518
0.216067	0.04	0.0122186
0.223518	0.04	0.0116212
0.230968	0.04	0.0109503
0.238419	0.04	0.010196
0.245869	0.04	0.00934733
0.25332	0.04	0.00839317
0.260771	0.04	0.00732251
0.268221	0.04	0.00612543
0.275672	0.04	0.00479441
0.283122	0.04	0.00332605
0.290573	0.04	0.00172357
0.298023	0.04	0
0	0.06	0.0255589
0.00805088	0.06	0.025552
0.0161018	0.06	0.0255313
0.0241526	0.06	0.0254967
0.0322035	0.06	0.025448
0.0402544	0.06	0.025385
0.0483053	0.06	0.0253074
0.0563562	0.06	0.0252148
0.064407	0.06	0.0251068
0.0724579	0.06	0.0249827
0.0805088	0.06	0.024842
0.0885597	0.06	0.0246839
0.0966105	0.06	0.0245075
0.104661	0.06	0.0243117
0.112712	0.06	0.0240954
0.120763	0.06	0.023857
0.128814	0.06	0.0235951
0.136865	0.06	0.0233078
0.144916	0.06	0.0229928
0.152967	0.06	0.0226478
0.161018	0.06	0.0222698
0.169068	0.06	0.0218556
0.177119	0.06	0.0214014
0.18517	0.06	0.0209029
0.193221	0.06	0.0203553
0.201272	0.06	0.0197532
0.209323	0.06	0.0190905
0.217374	0.06	0.0183607
0.225425	0.06	0.0175568
0.233475	0.06	0.0166713
0.241526	0.06	0.0156968
0.249577	0.06	0.0146257
0.257628	0.06	0.0134511
0.265679	0.06	0.0121669
0.27373	0.06	0.0107684
0.281781	0.06	0.00925305
0.289832	0.06	0.00762033
0.297883	0.06	0.00587265
0.305933	0.06	0.00401507
0.313984	0.06	0.00205485
0.322035	0.06	0
0	0.08	0.0334124
0.00865117	0.08	0.0334021
0.0173023	0.08	0.0333713
0.0259535	0.08	0.0333198
0.0346047	0.08	0.0332474
0.0432559	0.08	0.0331536
0.051907	0.08	0.033038
0.0605582	0.08	0.0329001
0.0692094	0.08	0.0327391
0.0778605	0.08	0.0325542
0.0865117	0.08	0.0323443
0.0951629	0.08	0.0321083
0.103814	0.08	0.0318447
0.112465	0.08	0.0315522
0.121116	0.08	0.0312287
0.129768	0.08	0.0308723
0.138419	0.08	0.0304806
0.14707	0.08	0.030051
0.155721	0.08	0.0295803
0.164372	0.08	0.0290653
0.173023	0.08	0.0285021
0.181675	0.08	0.0278865
0.190326	0.08	0.0272139
0.198977	0.08	0.0264792
0.207628	0.08	0.025677
0.216279	0.08	0.0248016
0.22493	0.08	0.0238471
0.233582	0.08	0.0228074
0.242233	0.08	0.0216767
0.250884	0.08	0.0204494
0.259535	0.08	0.0191206
0.268186	0.08	0.0176863
0.276837	0.08	0.0161435
0.285489	0.08	0.0144905
0.29414	0.08	0.0127274
0.302791	0.08	0.0108557
0.311442	0.08	0.00887815
0.320093	0.08	0.00679901
0.328745	0.08	0.00462304
0.337396	0.08	0.00235517
0.346047	0.08	0
0	0.1	0.0409755
0.00925146	0.1	0.0409615
0.0185029	0.1	0.0409193
0.0277544	0.1	0.0408488
0.0370059	0.1	0.0407495
0.0462573	0.1	0.040621
0.0555088	0.1	0.0404627
0.0647603	0.1	0.0402737
0.0740117	0.1	0.0400531
0.0832632	0.1	0.0397997
0.0925146	0.1	0.039512
0.101766	0.1	0.0391886
0.111018	0.1	0.0388276
0.120269	0.1	0.0384269
0.129521	0.1	0.0379842
0.138772	0.1	0.0374968
0.148023	0.1	0.0369618
0.157275	0.1	0.0363759
0.166526	0.1	0.0357355
0.175778	0.1	0.0350366
0.185029	0.1	0.0342749
0.194281	0.1	0.0334458
0.203532	0.1	0.0325445
0.212784	0.1	0.031566
0.222035	0.1	0.0305052
0.231287	0.1	0.029357
0.240538	0.1	0.0281166
0.24979	0.1	0.0267795
0.259041	0.1	0.0253416
0.268292	0.1	0.0237999
0.277544	0.1	0.0221518
0.286795	0.1	0.0203961
0.296047	0.1	0.0185324
0.305298	0.1	0.0165617
0.31455	0.1	0.0144858
0.323801	0.1	0.0123073
0.333053	0.1	0.0100296
0.342304	0.1	0.00765639
0.351556	0.1	0.00519132
0.360807	0.1	0.00263805
0.370059	0.1	0
0	0.12	0.0482701
0.00985176	0.12	0.0482519
0.0197035	0.12	0.0481972
0.0295553	0.12	0.0481059
0.039407	0.12	0.0479774
0.0492588	0.12	0.0478111
0.0591105	0.12	0.0476061
0.0689623	0.12	0.0473615
0.0788141	0.12	0.047076
0.0886658	0.12	0.0467482
0.0985176	0.12	0.0463763
0.108369	0.12	0.0459584
0.118221	0.12	0.0454924
0.128073	0.12	0.0449756
0.137925	0.12	0.0444054
0.147776	0.12	0.0437787
0.157628	0.12	0.0430921
0.16748	0.12	0.042342
0.177332	0.12	0.0415245
0.187183	0.12	0.0406354
0.197035	0.12	0.0396704
0.206887	0.12	0.0386251
0.216739	0.12	0.0374949
0.22659	0.12	0.0362754
0.236442	0.12	0.0349624
0.246294	0.12	0.033552
0.256146	0.12	0.0320405
0.265997	0.12	0.0304252
0.275849	0.12	0.0287039
0.285701	0.12	0.0268751
0.295553	0.12	0.0249383
0.305404	0.12	0.0228938
0.315256	0.12	0.0207428
0.325108	0.12	0.018487
0.33496	0.12	0.0161289
0.344812	0.12	0.0136713
0.354663	0.12	0.0111173
0.364515	0.12	0.00847008
0.374367	0.12	0.00573274
0.384219	0.12	0.00290839
0.39407	0.12	0
0	0.14	0.0553146
0.0104521	0.14	0.055292
0.0209041	0.14	0.0552241
0.0313562	0.14	0.0551106
0.0418082	0.14	0.0549509
0.0522603	0.14	0.0547443
0.0627123	0.14	0.0544898
0.0731644	0.14	0.0541862
0.0836164	0.14	0.0538321
0.0940685	0.14	0.0534256
0.104521	0.14	0.052965
0.114973	0.14	0.0524478
0.125425	0.14	0.0518717
0.135877	0.14	0.0512339
0.146329	0.14	0.0505314
0.156781	0.14	0.0497607
0.167233	0.14	0.0489185
0.177685	0.14	0.048001
0.188137	0.14	0.0470043
0.198589	0.14	0.0459243
0.209041	0.14	0.0447571
0.219493	0.14	0.0434986
0.229945	0.14	0.0421449
0.240397	0.14	0.0406925
0.250849	0.14	0.0391382
0.261301	0.14	0.0374791
0.271753	0.14	0.035713
0.282205	0.14	0.0338385
0.292657	0.14	0.0318546
0.303109	0.14	0.0297612
0.313562	0.14	0.0275589
0.324014	0.14	0.0252489
0.334466	0.14	0.0228329
0.344918	0.14	0.0203131
0.35537	0.14	0.0176922
0.365822	0.14	0.0149728
0.376274	0.14	0.0121579
0.386726	0.14	0.00925023
0.397178	0.14	0.00625282
0.40763	0.14	0.00316849
0.418082	0.14	0
0	0.16	0.0621248
0.0110523	0.16	0.0620975
0.0221047	0.16	0.0620158
0.033157	0.16	0.0618791
0.0442094	0.16	0.0616869
0.0552617	0.16	0.0614383
0.0663141	0.16	0.0611322
0.0773664	0.16	0.0607673
0.0884187	0.16	0.0603418
0.0994711	0.16	0.059854
0.110523	0.16	0.0593017
0.121576	0.16	0.0586824
0.132628	0.16	0.0579935
0.14368	0.16	0.0572321
0.154733	0.16	0.056395
0.165785	0.16	0.0554788
0.176837	0.16	0.0544802
0.18789	0.16	0.0533953
0.198942	0.16	0.0522207
0.209995	0.16	0.0509525
0.221047	0.16	0.0495873
0.232099	0.16	0.0481216
0.243152	0.16	0.0465524
0.254204	0.16	0.0448769
0.265256	0.16	0.0430929
0.276309	0.16	0.0411986
0.287361	0.16	0.0391929
0.298413	0.16	0.0370753
0.309466	0.16	0.0348458
0.320518	0.16	0.0325051
0.33157	0.16	0.0300544
0.342623	0.16	0.0274956
0.353675	0.16	0.0248305
0.364727	0.16	0.0220616
0.37578	0.16	0.0191916
0.386832	0.16	0.016223
0.397884	0.16	0.0131587
0.408937	0.16	0.0100015
0.419989	0.16	0.00675411
0.431041	0.16	0.00341939
0.442094	0.16	0
0	0.18	0.0687133
0.0116526	0.18	0.0686813
0.0233053	0.18	0.0685852
0.0349579	0.18	0.0684247
0.0466105	0.18	0.0681991
0.0582632	0.18	0.0679074
0.0699158	0.18	0.0675484
0.0815685	0.18	0.0671206
0.0932211	0.18	0.0666223
0.104874	0.18	0.0660516
0.116526	0.18	0.0654061
0.128179	0.18	0.0646832
0.139832	0.18	0.0638804
0.151484	0.18	0.0629946
0.163137	0.18	0.0620227
0.17479	0.18	0.0609615
0.186442	0.18	0.0598076
0.198095	0.18	0.0585576
0.209747	0.18	0.0572083
0.2214	0.18	0.0557565
0.233053	0.18	0.0541991
0.244705	0.18	0.0525334
0.256358	0.18	0.0507572
0.268011	0.18	0.0488684
0.279663	0.18	0.0468657
0.291316	0.18	0.0447483
0.302969	0.18	0.0425157
0.314621	0.18	0.0401682
0.326274	0.18	0.0377066
0.337926	0.18	0.0351321
0.349579	0.18	0.0324463
0.361232	0.18	0.0296512
0.372884	0.18	0.0267492
0.384537	0.18	0.0237427
0.39619	0.18	0.0206344
0.407842	0.18	0.0174269
0.419495	0.18	0.0141231
0.431148	0.18	0.0107257
0.4428	0.18	0.00723761
0.454453	0.18	0.00366146
0.466105	0.18	0
0	0.2	0.0750903
0.0122529	0.2	0.0750534
0.0245059	0.2	0.0749429
0.0367588	0.2	0.0747581
0.0490117	0.2	0.0744985
0.0612646	0.2	0.0741629
0.0735176	0.2	0.0737503
0.0857705	0.2	0.0732589
0.0980234	0.2	0.0726871
0.110276	0.2	0.0720327
0.122529	0.2	0.0712935
0.134782	0.2	0.0704669
0.147035	0.2	0.0695502
0.159288	0.2	0.0685406
0.171541	0.2	0.067435
0.183794	0.2	0.0662304
0.196047	0.2	0.0649238
0.2083	0.2	0.063512
0.220553	0.2	0.0619924
0.232806	0.2	0.0603621
0.245059	0.2	0.0586188
0.257312	0.2	0.0567605
0.269564	0.2	0.0547854
0.281817	0.2	0.0526925
0.29407	0.2	0.050481
0.306323	0.2	0.0481507
0.318576	0.2	0.045702
0.330829	0.2	0.0431357
0.343082	0.2	0.040453
0.355335	0.2	0.0376555
0.367588	0.2	0.0347452
0.379841	0.2	0.0317243
0.392094	0.2	0.0285954
0.404347	0.2	0.0253609
0.4166	0.2	0.0220237
0.428853	0.2	0.0185865
0.441105	0.2	0.0150521
0.453358	0.2	0.0114235
0.465611	0.2	0.0077034
0.477864	0.2	0.00389464
0.490117	0.2	0
0	0.22	0.0812635
0.0128532	0.22	0.0812218
0.0257064	0.22	0.0810966
0.0385597	0.22	0.0808874
0.0514129	0.22	0.0805935
0.0642661	0.22	0.0802139
0.0771193	0.22	0.0797473
0.0899726	0.22	0.0791921
0.102826	0.22	0.0785465
0.115679	0.22	0.0778086
0.128532	0.22	0.0769759
0.141385	0.22	0.076046
0.154239	0.22	0.0750164
0.167092	0.22	0.0738843
0.179945	0.22	0.0726469
0.192798	0.22	0.0713014
0.205652	0.22	0.0698452
0.218505	0.22	0.0682756
0.231358	0.22	0.0665903
0.244211	0.22	0.0647871
0.257064	0.22	0.0628641
0.269918	0.22	0.06082
0.282771	0.22	0.0586538
0.295624	0.22	0.0563649
0.308477	0.22	0.0539532
0.321331	0.22	0.0514191
0.334184	0.22	0.0487635
0.347037	0.22	0.0459876
0.35989	0.22	0.043093
0.372743	0.22	0.0400818
0.385597	0.22	0.0369561
0.39845	0.22	0.0337184
0.411303	0.22	0.0303713
0.424156	0.22	0.0269176
0.43701	0.22	0.0233601
0.449863	0.22	0.0197018
0.462716	0.22	0.0159455
0.475569	0.22	0.0120943
0.488422	0.22	0.008151
0.501276	0.22	0.00411861
0.514129	0.22	0
0	0.24	0.0872389
0.0134535	0.24	0.0871923
0.026907	0.24	0.0870523
0.0403605	0.24	0.0868186
0.0538141	0.24	0.0864904
0.0672676	0.24	0.0860667
0.0807211	0.24	0.0855462
0.0941746	0.24	0.0849273
0.107628	0.24	0.0842083
0.121082	0.24	0.0833872
0.134535	0.24	0.0824618
0.147989	0.24	0.0814297
0.161442	0.24	0.0802886
0.174896	0.24	0.0790358
0.188349	0.24	0.077669
0.201803	0.24	0.0761856
0.215256	0.24	0.0745833
0.22871	0.24	0.0728599
0.242163	0.24	0.0710136
0.255617	0.24	0.0690427
0.26907	0.24	0.066946
0.282524	0.24	0.0647226
0.295977	0.24	0.0623721
0.309431	0.24	0.0598945
0.322884	0.24	0.0572903
0.336338	0.24	0.0545602
0.349791	0.24	0.0517057
0.363245	0.24	0.0487283
0.376698	0.24	0.0456301
0.390152	0.24	0.0424132
0.403605	0.24	0.0390803
0.417059	0.24	0.0356338
0.430512	0.24	0.0320768
0.443966	0.24	0.028412
0.45742	0.24	0.0246426
0.470873	0.24	0.0207716
0.484327	0.24	0.016802
0.49778	0.24	0.0127369
0.511234	0.24	0.00857956
0.524687	0.24	0.00433289
0.538141	0.24	0
0	0.26	0.0930203
0.0140538	0.26	0.0929688
0.0281076	0.26	0.0928142
0.0421614	0.26	0.0925561
0.0562152	0.26	0.0921937
0.070269	0.26	0.091726
0.0843228	0.26	0.0911519
0.0983767	0.26	0.0904697
0.11243	0.26	0.0896779
0.126484	0.26	0.0887744
0.140538	0.26	0.0877573
0.154592	0.26	0.0866244
0.168646	0.26	0.0853735
0.182699	0.26	0.0840022
0.196753	0.26	0.0825085
0.210807	0.26	0.0808902
0.224861	0.26	0.0791453
0.238915	0.26	0.0772722
0.252969	0.26	0.0752695
0.267022	0.26	0.073136
0.281076	0.26	0.070871
0.29513	0.26	0.0684742
0.309184	0.26	0.0659457
0.323238	0.26	0.0632859
0.337291	0.26	0.0604959
0.351345	0.26	0.0575769
0.365399	0.26	0.0545306
0.379453	0.26	0.051359
0.393507	0.26	0.0480645
0.40756	0.26	0.0446495
0.421614	0.26	0.0411168
0.435668	0.26	0.0374694
0.449722	0.26	0.0337102
0.463776	0.26	0.0298424
0.477829	0.26	0.0258692
0.491883	0.26	0.0217939
0.505937	0.26	0.0176197
0.519991	0.26	0.01335
0.534045	0.26	0.00898792
0.548098	0.26	0.00453684
0.562152	0.26	0
0	0.28	0.0986104
0.0146541	0.28	0.098554
0.0293082	0.28	0.0983848
0.0439623	0.28	0.0981024
0.0586164	0.28	0.097706
0.0732705	0.28	0.0971948
0.0879246	0.28	0.0965674
0.102579	0.28	0.0958226
0.117233	0.28	0.0949586
0.131887	0.28	0.0939738
0.146541	0.28	0.0928663
0.161195	0.28	0.0916341
0.175849	0.28	0.0902752
0.190503	0.28	0.0887876
0.205157	0.28	0.0871696
0.219812	0.28	0.0854194
0.234466	0.28	0.0835354
0.24912	0.28	0.0815165
0.263774	0.28	0.0793616
0.278428	0.28	0.0770701
0.293082	0.28	0.0746419
0.307736	0.28	0.072077
0.32239	0.28	0.0693762
0.337044	0.28	0.0665402
0.351698	0.28	0.0635706
0.366353	0.28	0.060469
0.381007	0.28	0.0572375
0.395661	0.28	0.0538785
0.410315	0.28	0.0503945
0.424969	0.28	0.0467885
0.439623	0.28	0.0430633
0.454277	0.28	0.0392223
0.468931	0.28	0.0352687
0.483585	0.28	0.0312058
0.498239	0.28	0.0270372
0.512894	0.28	0.0227662
0.527548	0.28	0.0183965
0.542202	0.28	0.0139315
0.556856	0.28	0.00937473
0.57151	0.28	0.00472974
0.586164	0.28	0
0	0.3	0.104011
0.0152544	0.3	0.103949
0.0305088	0.3	0.103766
0.0457632	0.3	0.103459
0.0610176	0.3	0.103029
0.076272	0.3	0.102475
0.0915264	0.3	0.101795
0.106781	0.3	0.100988
0.122035	0.3	0.100052
0.13729	0.3	0.0989874
0.152544	0.3	0.0977907
0.167798	0.3	0.0964608
0.183053	0.3	0.0949958
0.198307	0.3	0.0933942
0.213562	0.3	0.0916544
0.228816	0.3	0.0897752
0.24407	0.3	0.0877553
0.259325	0.3	0.0855941
0.274579	0.3	0.0832911
0.289833	0.3	0.080846
0.305088	0.3	0.0782591
0.320342	0.3	0.0755312
0.335597	0.3	0.0726632
0.350851	0.3	0.0696565
0.366105	0.3	0.066513
0.38136	0.3	0.0632347
0.396614	0.3	0.0598241
0.411869	0.3	0.0562839
0.427123	0.3	0.0526171
0.442377	0.3	0.0488267
0.457632	0.3	0.0449162
0.472886	0.3	0.040889
0.488141	0.3	0.0367486
0.503395	0.3	0.0324988
0.518649	0.3	0.0281432
0.533904	0.3	0.0236855
0.549158	0.3	0.0191297
0.564413	0.3	0.0144794
0.579667	0.3	0.00973847
0.594921	0.3	0.00491075
0.610176	0.3	0
0	0.32	0.109221
0.0158547	0.32	0.109155
0.0317094	0.32	0.108957
0.0475641	0.32	0.108627
0.0634187	0.32	0.108163
0.0792734	0.32	0.107566
0.0951281	0.32	0.106834
0.110983	0.32	0.105966
0.126837	0.32	0.10496
0.142692	0.32	0.103816
0.158547	0.32	0.102531
0.174402	0.32	0.101105
0.190256	0.32	0.0995358
0.206111	0.32	0.0978223
0.221966	0.32	0.0959632
0.23782	0.32	0.0939576
0.253675	0.32	0.091805
0.26953	0.32	0.0895049
0.285384	0.32	0.0870573
0.301239	0.32	0.0844625
0.317094	0.32	0.0817213
0.332948	0.32	0.0788348
0.348803	0.32	0.0758044
0.364658	0.32	0.072632
0.380512	0.32	0.0693198
0.396367	0.32	0.0658704
0.412222	0.32	0.0622865
0.428077	0.32	0.0585712
0.443931	0.32	0.0547279
0.459786	0.32	0.0507599
0.475641	0.32	0.0466711
0.491495	0.32	0.042465
0.50735	0.32	0.0381457
0.523205	0.32	0.0337172
0.539059	0.32	0.0291833
0.554914	0.32	0.0245483
0.570769	0.32	0.0198162
0.586623	0.32	0.0149912
0.602478	0.32	0.0100774
0.618333	0.32	0.00507898
0.634187	0.32	0
0	0.34	0.114242
0.016455	0.34	0.114171
0.03291	0.34	0.113959
0.0493649	0.34	0.113605
0.0658199	0.34	0.113108
0.0822749	0.34	0.112469
0.0987299	0.34	0.111685
0.115185	0.34	0.110756
0.13164	0.34	0.109681
0.148095	0.34	0.108458
0.16455	0.34	0.107087
0.181005	0.34	0.105566
0.19746	0.34	0.103895
0.213915	0.34	0.102071
0.23037	0.34	0.100095
0.246825	0.34	0.0979656
0.26328	0.34	0.0956829
0.279735	0.34	0.093247
0.29619	0.34	0.0906582
0.312645	0.34	0.0879174
0.3291	0.34	0.0850257
0.345555	0.34	0.0819847
0.36201	0.34	0.0787964
0.378465	0.34	0.075463
0.39492	0.34	0.0719871
0.411374	0.34	0.0683718
0.427829	0.34	0.0646201
0.444284	0.34	0.0607356
0.460739	0.34	0.056722
0.477194	0.34	0.052583
0.493649	0.34	0.0483228
0.510104	0.34	0.0439455
0.526559	0.34	0.0394552
0.543014	0.34	0.0348564
0.559469	0.34	0.0301535
0.575924	0.34	0.0253509
0.592379	0.34	0.020453
0.608834	0.34	0.0154645
0.625289	0.34	0.0103898
0.641744	0.34	0.00523345
0.658199	0.34	0
0	0.36	0.119072
0.0170553	0.36	0.118996
0.0341105	0.36	0.11877
0.0511658	0.36	0.118392
0.0682211	0.36	0.117863
0.0852764	0.36	0.117181
0.102332	0.36	0.116346
0.119387	0.36	0.115358
0.136442	0.36	0.114214
0.153497	0.36	0.112914
0.170553	0.36	0.111458
0.187608	0.36	0.109843
0.204663	0.36	0.10807
0.221719	0.36	0.106139
0.238774	0.36	0.104047
0.255829	0.36	0.101797
0.272884	0.36	0.0993864
0.28994	0.36	0.0968174
0.306995	0.36	0.0940905
0.32405	0.36	0.091207
0.341105	0.36	0.0881684
0.358161	0.36	0.0849768
0.375216	0.36	0.0816346
0.392271	0.36	0.0781446
0.409327	0.36	0.0745097
0.426382	0.36	0.0707335
0.443437	0.36	0.0668194
0.460492	0.36	0.0627715
0.477548	0.36	0.0585937
0.494603	0.36	0.0542903
0.511658	0.36	0.0498659
0.528713	0.36	0.0453248
0.545769	0.36	0.0406718
0.562824	0.36	0.0359116
0.579879	0.36	0.0310491
0.596935	0.36	0.0260891
0.61399	0.36	0.0210366
0.631045	0.36	0.0158964
0.6481	0.36	0.0106736
0.665156	0.36	0.00537311
0.682211	0.36	0
0	0.38	0.123709
0.0176556	0.38	0.123629
0.0353111	0.38	0.123389
0.0529667	0.38	0.122988
0.0706223	0.38	0.122426
0.0882778	0.38	0.121703
0.105933	0.38	0.120817
0.123589	0.38	0.119769
0.141245	0.38	0.118557
0.1589	0.38	0.117181
0.176556	0.38	0.11564
0.194211	0.38	0.113933
0.211867	0.38	0.112061
0.229522	0.38	0.110022
0.247178	0.38	0.107818
0.264833	0.38	0.105448
0.282489	0.38	0.102912
0.300145	0.38	0.100213
0.3178	0.38	0.0973502
0.335456	0.38	0.0943269
0.353111	0.38	0.0911447
0.370767	0.38	0.087806
0.388422	0.38	0.0843138
0.406078	0.38	0.0806713
0.423734	0.38	0.0768819
0.441389	0.38	0.0729496
0.459045	0.38	0.0688784
0.4767	0.38	0.0646726
0.494356	0.38	0.0603368
0.512011	0.38	0.0558756
0.529667	0.38	0.0512941
0.547323	0.38	0.0465971
0.564978	0.38	0.0417898
0.582634	0.38	0.0368774
0.600289	0.38	0.0318652
0.617945	0.38	0.0267586
0.6356	0.38	0.021563
0.653256	0.38	0.0162839
0.670911	0.38	0.0109266
0.688567	0.38	0.00549682
0.706223	0.38	0
0	0.4	0.128153
0.0182559	0.4	0.128068
0.0365117	0.4	0.127814
0.0547676	0.4	0.127389
0.0730234	0.4	0.126795
0.0912793	0.4	0.12603
0.109535	0.4	0.125095
0.127791	0.4	0.123987
0.146047	0.4	0.122708
0.164303	0.4	0.121256
0.182559	0.4	0.119631
0.200814	0.4	0.117834
0.21907	0.4	0.115863
0.237326	0.4	0.113719
0.255582	0.4	0.111403
0.273838	0.4	0.108915
0.292094	0.4	0.106256
0.31035	0.4	0.103428
0.328605	0.4	0.100433
0.346861	0.4	0.0972722
0.365117	0.4	0.0939492
0.383373	0.4	0.0904667
0.401629	0.4	0.0868281
0.419885	0.4	0.0830369
0.438141	0.4	0.0790973
0.456396	0.4	0.0750136
0.474652	0.4	0.0707903
0.492908	0.4	0.0664322
0.511164	0.4	0.0619445
0.52942	0.4	0.0573322
0.547676	0.4	0.0526008
0.565932	0.4	0.0477559
0.584187	0.4	0.042803
0.602443	0.4	0.037748
0.620699	0.4	0.0325966
0.638955	0.4	0.0273547
0.657211	0.4	0.0220284
0.675467	0.4	0.0166237
0.693723	0.4	0.0111467
0.711978	0.4	0.00560337
0.730234	0.4	0
0	0.42	0.1324
0.0188562	0.42	0.13231
0.0377123	0.42	0.132042
0.0565685	0.42	0.131595
0.0754246	0.42	0.130968
0.0942808	0.42	0.130162
0.113137	0.42	0.129176
0.131993	0.42	0.12801
0.150849	0.42	0.126664
0.169705	0.42	0.125137
0.188562	0.42	0.123429
0.207418	0.42	0.121541
0.226274	0.42	0.119473
0.24513	0.42	0.117225
0.263986	0.42	0.114798
0.282842	0.42	0.112194
0.301698	0.42	0.109413
0.320555	0.42	0.106459
0.339411	0.42	0.103332
0.358267	0.42	0.100037
0.377123	0.42	0.0965763
0.395979	0.42	0.0929529
0.414835	0.42	0.089171
0.433691	0.42	0.0852349
0.452548	0.42	0.0811491
0.471404	0.42	0.0769184
0.49026	0.42	0.072548
0.509116	0.42	0.0680432
0.527972	0.42	0.0634095
0.546828	0.42	0.0586529
0.565685	0.42	0.0537792
0.584541	0.42	0.0487945
0.603397	0.42	0.0437051
0.622253	0.42	0.0385172
0.641109	0.42	0.0332375
0.659965	0.42	0.0278724
0.678821	0.42	0.0224285
0.697678	0.42	0.0169125
0.716534	0.42	0.0113312
0.73539	0.42	0.00569143
0.754246	0.42	0
0	0.44	0.136448
0.0194564	0.44	0.136354
0.0389129	0.44	0.136072
0.0583693	0.44	0.135602
0.0778258	0.44	0.134943
0.0972822	0.44	0.134096
0.116739	0.44	0.13306
0.136195	0.44	0.131836
0.155652	0.44	0.130422
0.175108	0.44	0.128821
0.194564	0.44	0.12703
0.214021	0.44	0.125052
0.233477	0.44	0.122887
0.252934	0.44	0.120536
0.27239	0.44	0.117999
0.291847	0.44	0.11528
0.311303	0.44	0.112379
0.33076	0.44	0.109299
0.350216	0.44	0.106044
0.369672	0.44	0.102616
0.389129	0.44	0.0990195
0.408585	0.44	0.0952578
0.428042	0.44	0.0913358
0.447498	0.44	0.0872581
0.466955	0.44	0.0830299
0.486411	0.44	0.0786566
0.505868	0.44	0.0741439
0.525324	0.44	0.0694977
0.54478	0.44	0.0647243
0.564237	0.44	0.0598301
0.583693	0.44	0.0548216
0.60315	0.44	0.0497055
0.622606	0.44	0.0444889
0.642063	0.44	0.0391787
0.661519	0.44	0.033782
0.680976	0.44	0.0283061
0.700432	0.44	0.0227585
0.719888	0.44	0.0171465
0.739345	0.44	0.0114777
0.758801	0.44	0.00575961
0.778258	0.44	0
0	0.46	0.140295
0.0200567	0.46	0.140197
0.0401135	0.46	0.139901
0.0601702	0.46	0.139407
0.0802269	0.46	0.138716
0.100284	0.46	0.137828
0.12034	0.46	0.136743
0.140397	0.46	0.13546
0.160454	0.46	0.13398
0.180511	0.46	0.132303
0.200567	0.46	0.130431
0.220624	0.46	0.128363
0.240681	0.46	0.126101
0.260738	0.46	0.123647
0.280794	0.46	0.121002
0.300851	0.46	0.118168
0.320908	0.46	0.115148
0.340965	0.46	0.111944
0.361021	0.46	0.108561
0.381078	0.46	0.105003
0.401135	0.46	0.101272
0.421191	0.46	0.0973746
0.441248	0.46	0.0933151
0.461305	0.46	0.089099
0.481362	0.46	0.084732
0.501418	0.46	0.0802202
0.521475	0.46	0.0755699
0.541532	0.46	0.0707878
0.561589	0.46	0.0658807
0.581645	0.46	0.0608557
0.601702	0.46	0.0557201
0.621759	0.46	0.0504814
0.641816	0.46	0.0451472
0.661872	0.46	0.0397253
0.681929	0.46	0.0342236
0.701986	0.46	0.0286504
0.722043	0.46	0.0230136
0.742099	0.46	0.0173218
0.762156	0.46	0.0115832
0.782213	0.46	0.00580638
0.802269	0.46	0
0	0.48	0.143939
0.020657	0.48	0.143836
0.0413141	0.48	0.143526
0.0619711	0.48	0.143009
0.0826281	0.48	0.142286
0.103285	0.48	0.141357
0.123942	0.48	0.140221
0.144599	0.48	0.138879
0.165256	0.48	0.137333
0.185913	0.48	0.135581
0.20657	0.48	0.133626
0.227227	0.48	0.131469
0.247884	0.48	0.129111
0.268541	0.48	0.126554
0.289198	0.48	0.1238
0.309855	0.48	0.120852
0.330512	0.48	0.117714
0.35117	0.48	0.114388
0.371827	0.48	0.110878
0.392484	0.48	0.10719
0.413141	0.48	0.103327
0.433798	0.48	0.0992958
0.454455	0.48	0.0951013
0.475112	0.48	0.0907497
0.495769	0.48	0.0862473
0.516426	0.48	0.081601
0.537083	0.48	0.0768177
0.55774	0.48	0.0719049
0.578397	0.48	0.0668701
0.599054	0.48	0.0617213
0.619711	0.48	0.0564664
0.640368	0.48	0.0511138
0.661025	0.48	0.045672
0.681682	0.48	0.0401496
0.702339	0.48	0.0345556
0.722996	0.48	0.0288988
0.743653	0.48	0.0231885
0.76431	0.48	0.017434
0.784967	0.48	0.0116447
0.805624	0.48	0.00583011
0.826281	0.48	0
0	0.5	0.147377
0.0212573	0.5	0.147269
0.0425146	0.5	0.146945
0.063772	0.5	0.146405
0.0850293	0.5	0.145649
0.106287	0.5	0.144678
0.127544	0.5	0.143492
0.148801	0.5	0.142092
0.170059	0.5	0.140478
0.191316	0.5	0.138651
0.212573	0.5	0.136614
0.233831	0.5	0.134367
0.255088	0.5	0.131912
0.276345	0.5	0.129252
0.297603	0.5	0.12639
0.31886	0.5	0.123328
0.340117	0.5	0.120071
0.361374	0.5	0.116623
0.382632	0.5	0.112988
0.403889	0.5	0.109171
0.425146	0.5	0.105177
0.446404	0.5	0.101014
0.467661	0.5	0.0966864
0.488918	0.5	0.0922018
0.510176	0.5	0.0875672
0.531433	0.5	0.0827901
0.55269	0.5	0.0778783
0.573948	0.5	0.0728399
0.595205	0.5	0.0676835
0.616462	0.5	0.0624177
0.63772	0.5	0.0570515
0.658977	0.5	0.0515942
0.680234	0.5	0.0460551
0.701492	0.5	0.0404439
0.722749	0.5	0.0347705
0.744006	0.5	0.029045
0.765264	0.5	0.0232775
0.786521	0.5	0.0174786
0.807778	0.5	0.0116588
0.829036	0.5	0.00582899
0.850293	0.5	0
0	0.52	0.150606
0.0218576	0.52	0.150493
0.0437152	0.52	0.150155
0.0655728	0.52	0.149591
0.0874305	0.52	0.148803
0.109288	0.52	0.14779
0.131146	0.52	0.146553
0.153003	0.52	0.145093
0.174861	0.52	0.143412
0.196719	0.52	0.14151
0.218576	0.52	0.139389
0.240434	0.52	0.137051
0.262291	0.52	0.134499
0.284149	0.52	0.131736
0.306007	0.52	0.128765
0.327864	0.52	0.12559
0.349722	0.52	0.122214
0.371579	0.52	0.118644
0.393437	0.52	0.114883
0.415295	0.52	0.110938
0.437152	0.52	0.106815
0.45901	0.52	0.102521
0.480868	0.52	0.0980621
0.502725	0.52	0.0934469
0.524583	0.52	0.0886828
0.54644	0.52	0.0837784
0.568298	0.52	0.0787423
0.590156	0.52	0.0735834
0.612013	0.52	0.0683113
0.633871	0.52	0.0629355
0.655728	0.52	0.0574661
0.677586	0.52	0.0519132
0.699444	0.52	0.0462875
0.721301	0.52	0.0405996
0.743159	0.52	0.0348606
0.765017	0.52	0.0290817
0.786874	0.52	0.0232745
0.808732	0.52	0.0174506
0.830589	0.52	0.0116221
0.852447	0.52	0.00580111
0.874305	0.52	0
0	0.54	0.153624
0.0224579	0.54	0.153506
0.0449158	0.54	0.153154
0.0673737	0.54	0.152566
0.0898316	0.54	0.151745
0.11229	0.54	0.150689
0.134747	0.54	0.149401
0.157205	0.54	0.147881
0.179663	0.54	0.146131
0.202121	0.54	0.144152
0.224579	0.54	0.141947
0.247037	0.54	0.139519
0.269495	0.54	0.136869
0.291953	0.54	0.134002
0.314411	0.54	0.130921
0.336869	0.54	0.127631
0.359327	0.54	0.124136
0.381784	0.54	0.120443
0.404242	0.54	0.116557
0.4267	0.54	0.112484
0.449158	0.54	0.108232
0.471616	0.54	0.103808
0.494074	0.54	0.0992197
0.516532	0.54	0.0944757
0.53899	0.54	0.0895849
0.561448	0.54	0.0845564
0.583906	0.54	0.0793999
0.606364	0.54	0.0741254
0.628821	0.54	0.0687434
0.651279	0.54	0.0632646
0.673737	0.54	0.0577001
0.696195	0.54	0.0520612
0.718653	0.54	0.0463597
0.741111	0.54	0.0406077
0.763569	0.54	0.0348173
0.786027	0.54	0.0290014
0.808485	0.54	0.0231727
0.830943	0.54	0.0173446
0.853401	0.54	0.0115306
0.875858	0.54	0.00574431
0.898316	0.54	0
0	0.56	0.156428
0.0230582	0.56	0.156306
0.0461164	0.56	0.155939
0.0691746	0.56	0.155327
0.0922328	0.56	0.154472
0.115291	0.56	0.153373
0.138349	0.56	0.152033
0.161407	0.56	0.150452
0.184466	0.56	0.148632
0.207524	0.56	0.146576
0.230582	0.56	0.144286
0.25364	0.56	0.141764
0.276698	0.56	0.139015
0.299757	0.56	0.136043
0.322815	0.56	0.132851
0.345873	0.56	0.129446
0.368931	0.56	0.125831
0.391989	0.56	0.122015
0.415048	0.56	0.118003
0.438106	0.56	0.113802
0.461164	0.56	0.109421
0.484222	0.56	0.104867
0.50728	0.56	0.10015
0.530339	0.56	0.095279
0.553397	0.56	0.0902635
0.576455	0.56	0.0851139
0.599513	0.56	0.0798408
0.622571	0.56	0.0744554
0.64563	0.56	0.0689693
0.668688	0.56	0.0633944
0.691746	0.56	0.0577429
0.714804	0.56	0.0520277
0.737862	0.56	0.0462617
0.760921	0.56	0.0404585
0.783979	0.56	0.0346318
0.807037	0.56	0.0287958
0.830095	0.56	0.0229651
0.853153	0.56	0.0171547
0.876212	0.56	0.0113799
0.89927	0.56	0.00565628
0.922328	0.56	0
0	0.58	0.159017
0.0236585	0.58	0.15889
0.047317	0.58	0.158508
0.0709755	0.58	0.157872
0.094634	0.58	0.156982
0.118292	0.58	0.155839
0.141951	0.58	0.154446
0.165609	0.58	0.152802
0.189268	0.58	0.150912
0.212926	0.58	0.148776
0.236585	0.58	0.146399
0.260243	0.58	0.143784
0.283902	0.58	0.140934
0.30756	0.58	0.137855
0.331219	0.58	0.134551
0.354877	0.58	0.131028
0.378536	0.58	0.127292
0.402194	0.58	0.123351
0.425853	0.58	0.119212
0.449511	0.58	0.114883
0.47317	0.58	0.110372
0.496828	0.58	0.105689
0.520487	0.58	0.100844
0.544145	0.58	0.095847
0.567804	0.58	0.0907086
0.591462	0.58	0.0854404
0.615121	0.58	0.0800542
0.638779	0.58	0.0745624
0.662438	0.58	0.0689778
0.686096	0.58	0.0633135
0.709755	0.58	0.0575834
0.733413	0.58	0.0518015
0.757072	0.58	0.0459826
0.78073	0.58	0.0401416
0.804389	0.58	0.0342941
0.828047	0.58	0.028456
0.851706	0.58	0.0226438
0.875364	0.58	0.0168745
0.899023	0.58	0.0111654
0.922681	0.58	0.0055344
0.94634	0.58	0
0	0.6	0.161389
0.0242588	0.6	0.161256
0.0485176	0.6	0.160859
0.0727764	0.6	0.160197
0.0970351	0.6	0.159272
0.121294	0.6	0.158085
0.145553	0.6	0.156636
0.169812	0.6	0.15493
0.19407	0.6	0.152967
0.218329	0.6	0.15075
0.242588	0.6	0.148285
0.266847	0.6	0.145573
0.291105	0.6	0.14262
0.315364	0.6	0.139432
0.339623	0.6	0.136014
0.363882	0.6	0.132372
0.388141	0.6	0.128513
0.412399	0.6	0.124446
0.436658	0.6	0.120178
0.460917	0.6	0.115719
0.485176	0.6	0.111078
0.509435	0.6	0.106265
0.533693	0.6	0.101292
0.557952	0.6	0.0961694
0.582211	0.6	0.0909096
0.60647	0.6	0.085525
0.630728	0.6	0.0800288
0.654987	0.6	0.0744347
0.679246	0.6	0.0687569
0.703505	0.6	0.0630101
0.727764	0.6	0.0572095
0.752022	0.6	0.0513709
0.776281	0.6	0.0455108
0.80054	0.6	0.0396459
0.824799	0.6	0.0337937
0.849058	0.6	0.0279723
0.873316	0.6	0.0222002
0.897575	0.6	0.0164967
0.921834	0.6	0.0108817
0.946093	0.6	0.00537577
0.970351	0.6	0
0	0.62	0.16354
0.0248591	0.62	0.163403
0.0497182	0.62	0.16299
0.0745772	0.62	0.162302
0.0994363	0.62	0.161341
0.124295	0.62	0.160107
0.149154	0.62	0.158603
0.174014	0.62	0.15683
0.198873	0.62	0.154793
0.223732	0.62	0.152494
0.248591	0.62	0.149937
0.27345	0.62	0.147127
0.298309	0.62	0.14407
0.323168	0.62	0.14077
0.348027	0.62	0.137234
0.372886	0.62	0.133471
0.397745	0.62	0.129487
0.422604	0.62	0.125291
0.447463	0.62	0.120892
0.472323	0.62	0.116301
0.497182	0.62	0.111529
0.522041	0.62	0.106585
0.5469	0.62	0.101484
0.571759	0.62	0.0962358
0.596618	0.62	0.0908553
0.621477	0.62	0.0853561
0.646336	0.62	0.0797527
0.671195	0.62	0.0740602
0.696054	0.62	0.0682942
0.720913	0.62	0.0624713
0.745772	0.62	0.0566084
0.770631	0.62	0.0507231
0.795491	0.62	0.0448337
0.82035	0.62	0.0389592
0.845209	0.62	0.0331191
0.870068	0.62	0.027334
0.894927	0.62	0.0216248
0.919786	0.62	0.0160136
0.944645	0.62	0.0105232
0.969504	0.62	0.00517713
0.994363	0.62	0
0	0.64	0.165471
0.0254594	0.64	0.165328
0.0509187	0.64	0.164898
0.0763781	0.64	0.164184
0.101837	0.64	0.163185
0.127297	0.64	0.161904
0.152756	0.64	0.160342
0.178216	0.64	0.158502
0.203675	0.64	0.156388
0.229134	0.64	0.154004
0.254594	0.64	0.151354
0.280053	0.64	0.148443
0.305512	0.64	0.145277
0.330972	0.64	0.141862
0.356431	0.64	0.138207
0.381891	0.64	0.134318
0.40735	0.64	0.130206
0.432809	0.64	0.125879
0.458269	0.64	0.121347
0.483728	0.64	0.116622
0.509187	0.64	0.111715
0.534647	0.64	0.10664
0.560106	0.64	0.101408
0.585566	0.64	0.096035
0.611025	0.64	0.0905343
0.636484	0.64	0.0849218
0.661944	0.64	0.0792133
0.687403	0.64	0.0734258
0.712862	0.64	0.0675765
0.738322	0.64	0.0616839
0.763781	0.64	0.0557666
0.789241	0.64	0.0498445
0.8147	0.64	0.043938
0.840159	0.64	0.0380684
0.865619	0.64	0.0322578
0.891078	0.64	0.0265294
0.916537	0.64	0.0209072
0.941997	0.64	0.0154163
0.967456	0.64	0.0100831
0.992916	0.64	0.00493474
1.01837	0.64	0
0	0.66	0.167178
0.0260597	0.66	0.167029
0.0521193	0.66	0.166583
0.078179	0.66	0.165841
0.104239	0.66	0.164804
0.130298	0.66	0.163473
0.156358	0.66	0.161851
0.182418	0.66	0.159942
0.208477	0.66	0.157749
0.234537	0.66	0.155277
0.260597	0.66	0.15253
0.286656	0.66	0.149514
0.312716	0.66	0.146237
0.338776	0.66	0.142704
0.364835	0.66	0.138925
0.390895	0.66	0.134909
0.416955	0.66	0.130664
0.443014	0.66	0.126202
0.469074	0.66	0.121534
0.495134	0.66	0.116672
0.521193	0.66	0.111629
0.547253	0.66	0.106418
0.573313	0.66	0.101056
0.599372	0.66	0.0955557
0.625432	0.66	0.0899345
0.651492	0.66	0.0842093
0.677551	0.66	0.0783976
0.703611	0.66	0.072518
0.729671	0.66	0.0665898
0.75573	0.66	0.0606333
0.78179	0.66	0.0546696
0.80785	0.66	0.0487205
0.833909	0.66	0.042809
0.859969	0.66	0.0369592
0.886029	0.66	0.031196
0.912088	0.66	0.0255456
0.938148	0.66	0.0200356
0.964208	0.66	0.0146949
0.990267	0.66	0.00955378
1.01633	0.66	0.00464428
1.04239	0.66	0
0	0.68	0.16866
0.02666	0.68	0.168506
0.0533199	0.68	0.168043
0.0799799	0.68	0.167272
0.10664	0.68	0.166194
0.1333	0.68	0.164812
0.15996	0.68	0.163129
0.18662	0.68	0.161148
0.21328	0.68	0.158873
0.23994	0.68	0.156309
0.2666	0.68	0.153462
0.29326	0.68	0.150338
0.31992	0.68	0.146945
0.346579	0.68	0.143291
0.373239	0.68	0.139384
0.399899	0.68	0.135235
0.426559	0.68	0.130854
0.453219	0.68	0.126253
0.479879	0.68	0.121444
0.506539	0.68	0.116441
0.533199	0.68	0.111258
0.559859	0.68	0.105911
0.586519	0.68	0.100414
0.613179	0.68	0.0947858
0.639839	0.68	0.0890433
0.666499	0.68	0.0832054
0.693159	0.68	0.0772916
0.719819	0.68	0.0713224
0.746479	0.68	0.0653192
0.773139	0.68	0.0593044
0.799799	0.68	0.0533016
0.826459	0.68	0.0473352
0.853119	0.68	0.041431
0.879779	0.68	0.035616
0.906439	0.68	0.0299184
0.933099	0.68	0.0243682
0.959759	0.68	0.0189969
0.986418	0.68	0.0138379
1.01308	0.68	0.00892661
1.03974	0.68	0.00430073
1.0664	0.68	0
0	0.7	0.169917
0.0272603	0.7	0.169756
0.0545205	0.7	0.169275
0.0817808	0.7	0.168474
0.109041	0.7	0.167355
0.136301	0.7	0.16592
0.163562	0.7	0.164173
0.190822	0.7	0.162117
0.218082	0.7	0.159756
0.245342	0.7	0.157098
0.272603	0.7	0.154147
0.299863	0.7	0.150911
0.327123	0.7	0.147397
0.354383	0.7	0.143616
0.381644	0.7	0.139577
0.408904	0.7	0.13529
0.436164	0.7	0.130768
0.463424	0.7	0.126023
0.490685	0.7	0.121069
0.517945	0.7	0.115921
0.545205	0.7	0.110594
0.572465	0.7	0.105106
0.599726	0.7	0.0994722
0.626986	0.7	0.0937131
0.654246	0.7	0.0878476
0.681506	0.7	0.0818964
0.708767	0.7	0.0758809
0.736027	0.7	0.0698238
0.763287	0.7	0.0637489
0.790547	0.7	0.0576809
0.817808	0.7	0.0516461
0.845068	0.7	0.0456717
0.872328	0.7	0.0397868
0.899588	0.7	0.0340216
0.926849	0.7	0.0284082
0.954109	0.7	0.0229809
0.981369	0.7	0.017776
1.00863	0.7	0.0128322
1.03589	0.7	0.00819134
1.06315	0.7	0.00389815
1.09041	0.7	0
0	0.72	0.170946
0.0278605	0.72	0.17078
0.0557211	0.72	0.17028
0.0835816	0.72	0.169447
0.111442	0.72	0.168285
0.139303	0.72	0.166795
0.167163	0.72	0.16498
0.195024	0.72	0.162846
0.222884	0.72	0.160397
0.250745	0.72	0.157639
0.278605	0.72	0.15458
0.306466	0.72	0.151227
0.334327	0.72	0.147589
0.362187	0.72	0.143675
0.390048	0.72	0.139498
0.417908	0.72	0.135068
0.445769	0.72	0.130399
0.473629	0.72	0.125505
0.50149	0.72	0.120401
0.52935	0.72	0.115102
0.557211	0.72	0.109626
0.585071	0.72	0.103992
0.612932	0.72	0.0982178
0.640793	0.72	0.0923246
0.668653	0.72	0.0863337
0.696514	0.72	0.0802676
0.724374	0.72	0.0741501
0.752235	0.72	0.0680062
0.780095	0.72	0.0618621
0.807956	0.72	0.0557453
0.835816	0.72	0.0496849
0.863677	0.72	0.0437115
0.891537	0.72	0.0378574
0.919398	0.72	0.0321569
0.947259	0.72	0.0266465
0.975119	0.72	0.0213653
1.00298	0.72	0.0163554
1.03084	0.72	0.0116624
1.0587	0.72	0.00733586
1.08656	0.72	0.00342958
1.11442	0.72	0
0	0.74	0.171748
0.0284608	0.74	0.171575
0.0569217	0.74	0.171055
0.0853825	0.74	0.17019
0.113843	0.74	0.168983
0.142304	0.74	0.167435
0.170765	0.74	0.16555
0.199226	0.74	0.163334
0.227687	0.74	0.160792
0.256148	0.74	0.157931
0.284608	0.74	0.154759
0.313069	0.74	0.151283
0.34153	0.74	0.147514
0.369991	0.74	0.143463
0.398452	0.74	0.139142
0.426913	0.74	0.134563
0.455373	0.74	0.129741
0.483834	0.74	0.124691
0.512295	0.74	0.119429
0.540756	0.74	0.113974
0.569217	0.74	0.108344
0.597678	0.74	0.102558
0.626138	0.74	0.0966384
0.654599	0.74	0.0906069
0.68306	0.74	0.0844872
0.711521	0.74	0.078304
0.739982	0.74	0.0720833
0.768443	0.74	0.0658527
0.796903	0.74	0.0596411
0.825364	0.74	0.053479
0.853825	0.74	0.0473987
0.882286	0.74	0.0414343
0.910747	0.74	0.0356221
0.939208	0.74	0.0300007
0.967668	0.74	0.0246118
0.996129	0.74	0.0195001
1.02459	0.74	0.0147149
1.05305	0.74	0.0103102
1.08151	0.74	0.00634586
1.10997	0.74	0.00288693
1.13843	0.74	0
0	0.76	0.172321
0.0290611	0.76	0.172141
0.0581223	0.76	0.171601
0.0871834	0.76	0.170702
0.116245	0.76	0.169447
0.145306	0.76	0.167838
0.174367	0.76	0.16588
0.203428	0.76	0.163579
0.232489	0.76	0.16094
0.26155	0.76	0.15797
0.290611	0.76	0.154679
0.319672	0.76	0.151075
0.348734	0.76	0.14717
0.377795	0.76	0.142974
0.406856	0.76	0.138501
0.435917	0.76	0.133766
0.464978	0.76	0.128784
0.494039	0.76	0.123571
0.5231	0.76	0.118146
0.552161	0.76	0.112527
0.581223	0.76	0.106735
0.610284	0.76	0.100792
0.639345	0.76	0.094721
0.668406	0.76	0.0885462
0.697467	0.76	0.0822933
0.726528	0.76	0.0759895
0.755589	0.76	0.0696634
0.784651	0.76	0.0633453
0.813712	0.76	0.0570669
0.842773	0.76	0.0508621
0.871834	0.76	0.0447666
0.900895	0.76	0.0388184
0.929956	0.76	0.0330581
0.959017	0.76	0.0275294
0.988078	0.76	0.0222796
1.01714	0.76	0.0173607
1.0462	0.76	0.0128304
1.07526	0.76	0.00875395
1.10432	0.76	0.00520454
1.13338	0.76	0.00226147
1.16245	0.76	0
0	0.78	0.172665
0.0296614	0.78	0.172478
0.0593228	0.78	0.171916
0.0889843	0.78	0.170982
0.118646	0.78	0.169676
0.148307	0.78	0.168004
0.177969	0.78	0.16597
0.20763	0.78	0.163578
0.237291	0.78	0.160837
0.266953	0.78	0.157754
0.296614	0.78	0.154338
0.326276	0.78	0.150599
0.355937	0.78	0.14655
0.385598	0.78	0.142203
0.41526	0.78	0.137572
0.444921	0.78	0.132673
0.474583	0.78	0.127522
0.504244	0.78	0.122138
0.533906	0.78	0.11654
0.563567	0.78	0.11075
0.593228	0.78	0.104789
0.62289	0.78	0.0986816
0.652551	0.78	0.0924523
0.682213	0.78	0.0861279
0.711874	0.78	0.0797365
0.741536	0.78	0.0733076
0.771197	0.78	0.0668727
0.800858	0.78	0.060465
0.83052	0.78	0.0541193
0.860181	0.78	0.0478731
0.889843	0.78	0.0417657
0.919504	0.78	0.0358395
0.949166	0.78	0.0301399
0.978827	0.78	0.024716
1.00849	0.78	0.0196219
1.03815	0.78	0.0149179
1.06781	0.78	0.0106732
1.09747	0.78	0.00696775
1.12713	0.78	0.00389304
1.1568	0.78	0.00154542
1.18646	0.78	0
0	0.8	0.17278
0.0302617	0.8	0.172585
0.0605234	0.8	0.172001
0.0907851	0.8	0.171028
0.121047	0.8	0.169671
0.151309	0.8	0.167932
0.18157	0.8	0.165817
0.211832	0.8	0.163331
0.242094	0.8	0.160482
0.272355	0.8	0.157279
0.302617	0.8	0.153732
0.332879	0.8	0.149852
0.363141	0.8	0.145652
0.393402	0.8	0.141145
0.423664	0.8	0.136347
0.453926	0.8	0.131274
0.484187	0.8	0.125947
0.514449	0.8	0.120383
0.544711	0.8	0.114604
0.574973	0.8	0.108633
0.605234	0.8	0.102495
0.635496	0.8	0.096214
0.665758	0.8	0.0898185
0.696019	0.8	0.0833371
0.726281	0.8	0.0768004
0.756543	0.8	0.0702408
0.786805	0.8	0.0636925
0.817066	0.8	0.0571917
0.847328	0.8	0.0507769
0.87759	0.8	0.0444889
0.907851	0.8	0.0383715
0.938113	0.8	0.0324713
0.968375	0.8	0.0268389
0.998637	0.8	0.0215297
1.0289	0.8	0.0166054
1.05916	0.8	0.012137
1.08942	0.8	0.00820866
1.11968	0.8	0.00492148
1.14995	0.8	0.00239273
1.18021	0.8	0.00073676
1.21047	0.8	0
