0	0	0
0.01125	0	0
0.0225	0	0
0.03375	0	0
0.045	0	0
0.05625	0	0
0.0675	0	0
0.07875	0	0
0.09	0	0
0.10125	0	0
0.1125	0	0
0.12375	0	0
0.135	0	0
0.14625	0	0
0.1575	0	0
0.16875	0	0
0.18	0	0
0.19125	0	0
0.2025	0	0
0.21375	0	0
0.225	0	0
0.23625	0	0
0.2475	0	0
0.25875	0	0
0.27	0	0
0.28125	0	0
0.2925	0	0
0.30375	0	0
0.315	0	0
0.32625	0	0
0.3375	0	0
0.34875	0	0
0.36	0	0
0.37125	0	0
0.3825	0	0
0.39375	0	0
0.405	0	0
0.41625	0	0
0.4275	0	0
0.43875	0	0
0.45	0	0
0	0.025	0.0108501
0.0114501	0.025	0.0108465
0.0229002	0.025	0.0108355
0.0343503	0.025	0.0108173
0.0458004	0.025	0.0107917
0.0572505	0.025	0.0107586
0.0687006	0.025	0.0107181
0.0801507	0.025	0.0106699
0.0916008	0.025	0.0106141
0.103051	0.025	0.0105504
0.114501	0.025	0.0104787
0.125951	0.025	0.0103987
0.137401	0.025	0.0103104
0.148851	0.025	0.0102134
0.160301	0.025	0.0101075
0.171751	0.025	0.00999233
0.183202	0.025	0.0098676
0.194652	0.025	0.00973289
0.206102	0.025	0.00958777
0.217552	0.025	0.00943172
0.229002	0.025	0.0092642
0.240452	0.025	0.00908454
0.251902	0.025	0.00889201
0.263352	0.025	0.00868577
0.274802	0.025	0.00846483
0.286252	0.025	0.00822806
0.297703	0.025	0.00797414
0.309153	0.025	0.00770149
0.320603	0.025	0.00740823
0.332053	0.025	0.00709209
0.343503	0.025	0.00675028
0.354953	0.025	0.00637932
0.366403	0.025	0.00597476
0.377853	0.025	0.00553084
0.389303	0.025	0.00503985
0.400753	0.025	0.0044912
0.412204	0.025	0.00386991
0.423654	0.025	0.00315403
0.435104	0.025	0.00231038
0.446554	0.025	0.001287
0.458004	0.025	0
0	0.05	0.02111
0.0116502	0.05	0.0211025
0.0233004	0.05	0.0210799
0.0349506	0.05	0.0210423
0.0466008	0.05	0.0209896
0.058251	0.05	0.0209216
0.0699012	0.05	0.0208381
0.0815514	0.05	0.0207389
0.0932016	0.05	0.0206239
0.104852	0.05	0.0204926
0.116502	0.05	0.0203448
0.128152	0.05	0.0201801
0.139802	0.05	0.0199981
0.151453	0.05	0.0197981
0.163103	0.05	0.0195797
0.174753	0.05	0.0193423
0.186403	0.05	0.019085
0.198053	0.05	0.0188071
0.209704	0.05	0.0185076
0.221354	0.05	0.0181855
0.233004	0.05	0.0178396
0.244654	0.05	0.0174685
0.256304	0.05	0.0170707
0.267954	0.05	0.0166445
0.279605	0.05	0.0161878
0.291255	0.05	0.0156983
0.302905	0.05	0.0151732
0.314555	0.05	0.0146094
0.326205	0.05	0.014003
0.337856	0.05	0.0133495
0.349506	0.05	0.0126434
0.361156	0.05	0.0118781
0.372806	0.05	0.0110454
0.384456	0.05	0.0101352
0.396107	0.05	0.00913458
0.407757	0.05	0.00802754
0.419407	0.05	0.00679373
0.431057	0.05	0.00540762
0.442707	0.05	0.00383787
0.454358	0.05	0.00204791
0.466008	0.05	0
0	0.075	0.0308139
0.0118503	0.075	0.0308024
0.0237006	0.075	0.0307678
0.0355509	0.075	0.03071
0.0474012	0.075	0.0306288
0.0592515	0.075	0.0305242
0.0711018	0.075	0.0303958
0.0829521	0.075	0.0302433
0.0948023	0.075	0.0300663
0.106653	0.075	0.0298645
0.118503	0.075	0.0296371
0.130353	0.075	0.0293838
0.142204	0.075	0.0291037
0.154054	0.075	0.0287961
0.165904	0.075	0.0284602
0.177754	0.075	0.0280949
0.189605	0.075	0.0276991
0.201455	0.075	0.0272715
0.213305	0.075	0.0268108
0.225156	0.075	0.0263153
0.237006	0.075	0.0257832
0.248856	0.075	0.0252125
0.260706	0.075	0.024601
0.272557	0.075	0.0239458
0.284407	0.075	0.0232441
0.296257	0.075	0.0224924
0.308108	0.075	0.0216867
0.319958	0.075	0.0208224
0.331808	0.075	0.0198943
0.343658	0.075	0.0188959
0.355509	0.075	0.0178201
0.367359	0.075	0.0166583
0.379209	0.075	0.0154003
0.39106	0.075	0.0140342
0.40291	0.075	0.0125459
0.41476	0.075	0.0109192
0.426611	0.075	0.00913531
0.438461	0.075	0.00717348
0.450311	0.075	0.00501141
0.462161	0.075	0.00262689
0.474012	0.075	0
0	0.1	0.0399957
0.0120504	0.1	0.03998
0.0241008	0.1	0.0399328
0.0361512	0.1	0.0398541
0.0482016	0.1	0.0397437
0.060252	0.1	0.0396012
0.0723023	0.1	0.0394264
0.0843527	0.1	0.0392188
0.0964031	0.1	0.0389779
0.108454	0.1	0.0387031
0.120504	0.1	0.0383937
0.132554	0.1	0.0380488
0.144605	0.1	0.0376677
0.156655	0.1	0.0372491
0.168705	0.1	0.036792
0.180756	0.1	0.036295
0.192806	0.1	0.0357566
0.204857	0.1	0.0351752
0.216907	0.1	0.0345488
0.228957	0.1	0.0338754
0.241008	0.1	0.0331526
0.253058	0.1	0.0323778
0.265109	0.1	0.0315479
0.277159	0.1	0.0306597
0.289209	0.1	0.0297092
0.30126	0.1	0.0286922
0.31331	0.1	0.0276039
0.325361	0.1	0.0264385
0.337411	0.1	0.0251899
0.349461	0.1	0.0238509
0.361512	0.1	0.0224132
0.373562	0.1	0.0208675
0.385612	0.1	0.0192035
0.397663	0.1	0.0174092
0.409713	0.1	0.0154716
0.421764	0.1	0.0133765
0.433814	0.1	0.0111086
0.445864	0.1	0.00865198
0.457915	0.1	0.00599116
0.469965	0.1	0.00311144
0.482016	0.1	0
0	0.125	0.0486877
0.0122505	0.125	0.0486677
0.024501	0.125	0.0486078
0.0367515	0.125	0.0485077
0.049002	0.125	0.0483673
0.0612524	0.125	0.0481861
0.0735029	0.125	0.0479639
0.0857534	0.125	0.0477
0.0980039	0.125	0.0473938
0.110254	0.125	0.0470446
0.122505	0.125	0.0466514
0.134755	0.125	0.0462133
0.147006	0.125	0.0457291
0.159256	0.125	0.0451975
0.171507	0.125	0.0446171
0.183757	0.125	0.0439863
0.196008	0.125	0.0433031
0.208258	0.125	0.0425657
0.220509	0.125	0.0417717
0.232759	0.125	0.0409186
0.24501	0.125	0.0400035
0.25726	0.125	0.0390233
0.269511	0.125	0.0379745
0.281761	0.125	0.0368533
0.294012	0.125	0.0356551
0.306262	0.125	0.0343751
0.318513	0.125	0.0330079
0.330763	0.125	0.0315474
0.343014	0.125	0.0299868
0.355264	0.125	0.0283187
0.367515	0.125	0.0265347
0.379765	0.125	0.0246257
0.392016	0.125	0.0225818
0.404266	0.125	0.0203921
0.416517	0.125	0.0180453
0.428767	0.125	0.0155295
0.441018	0.125	0.0128324
0.453268	0.125	0.00994191
0.465519	0.125	0.00684656
0.477769	0.125	0.0035357
0.49002	0.125	0
0	0.15	0.0569211
0.0124506	0.15	0.0568968
0.0249012	0.15	0.0568239
0.0373518	0.15	0.0567022
0.0498023	0.15	0.0565314
0.0622529	0.15	0.0563112
0.0747035	0.15	0.056041
0.0871541	0.15	0.0557201
0.0996047	0.15	0.0553479
0.112055	0.15	0.0549234
0.124506	0.15	0.0544457
0.136956	0.15	0.0539134
0.149407	0.15	0.0533254
0.161858	0.15	0.05268
0.174308	0.15	0.0519756
0.186759	0.15	0.0512103
0.199209	0.15	0.0503821
0.21166	0.15	0.0494884
0.224111	0.15	0.0485269
0.236561	0.15	0.0474945
0.249012	0.15	0.0463881
0.261462	0.15	0.0452043
0.273913	0.15	0.043939
0.286363	0.15	0.0425881
0.298814	0.15	0.0411469
0.311265	0.15	0.0396101
0.323715	0.15	0.037972
0.336166	0.15	0.0362265
0.348616	0.15	0.0343667
0.361067	0.15	0.0323851
0.373518	0.15	0.030274
0.385968	0.15	0.0280246
0.398419	0.15	0.025628
0.410869	0.15	0.0230746
0.42332	0.15	0.0203548
0.435771	0.15	0.0174584
0.448221	0.15	0.0143757
0.460672	0.15	0.0110971
0.473122	0.15	0.00761365
0.485573	0.15	0.00391705
0.498023	0.15	0
0	0.175	0.0647255
0.0126507	0.175	0.0646969
0.0253014	0.175	0.064611
0.0379521	0.175	0.0644675
0.0506027	0.175	0.0642663
0.0632534	0.175	0.0640068
0.0759041	0.175	0.0636884
0.0885548	0.175	0.0633105
0.101205	0.175	0.0628722
0.113856	0.175	0.0623724
0.126507	0.175	0.06181
0.139158	0.175	0.0611837
0.151808	0.175	0.060492
0.164459	0.175	0.0597331
0.17711	0.175	0.0589052
0.18976	0.175	0.0580062
0.202411	0.175	0.0570338
0.215062	0.175	0.0559853
0.227712	0.175	0.0548581
0.240363	0.175	0.0536489
0.253014	0.175	0.0523543
0.265664	0.175	0.0509706
0.278315	0.175	0.0494937
0.290966	0.175	0.0479191
0.303616	0.175	0.046242
0.316267	0.175	0.0444571
0.328918	0.175	0.0425586
0.341568	0.175	0.0405405
0.354219	0.175	0.038396
0.36687	0.175	0.0361183
0.379521	0.175	0.0336998
0.392171	0.175	0.0311328
0.404822	0.175	0.0284091
0.417473	0.175	0.0255204
0.430123	0.175	0.0224584
0.442774	0.175	0.0192147
0.455425	0.175	0.0157812
0.468075	0.175	0.0121499
0.480726	0.175	0.0083137
0.493377	0.175	0.00426572
0.506027	0.175	0
0	0.2	0.0721286
0.0128508	0.2	0.0720957
0.0257016	0.2	0.0719968
0.0385523	0.2	0.0718317
0.0514031	0.2	0.0716002
0.0642539	0.2	0.0713016
0.0771047	0.2	0.0709353
0.0899555	0.2	0.0705006
0.102806	0.2	0.0699965
0.115657	0.2	0.069422
0.128508	0.2	0.0687756
0.141359	0.2	0.068056
0.154209	0.2	0.0672616
0.16706	0.2	0.0663904
0.179911	0.2	0.0654405
0.192762	0.2	0.0644097
0.205612	0.2	0.0632954
0.218463	0.2	0.0620948
0.231314	0.2	0.0608051
0.244165	0.2	0.0594229
0.257016	0.2	0.0579447
0.269866	0.2	0.0563666
0.282717	0.2	0.0546844
0.295568	0.2	0.0528937
0.308419	0.2	0.0509894
0.32127	0.2	0.0489665
0.33412	0.2	0.0468193
0.346971	0.2	0.044542
0.359822	0.2	0.0421282
0.372673	0.2	0.0395713
0.385523	0.2	0.0368647
0.398374	0.2	0.0340011
0.411225	0.2	0.0309735
0.424076	0.2	0.0277744
0.436927	0.2	0.0243967
0.449777	0.2	0.0208331
0.462628	0.2	0.0170769
0.475479	0.2	0.0131214
0.48833	0.2	0.00896044
0.50118	0.2	0.00458835
0.514031	0.2	0
0	0.225	0.0791562
0.0130509	0.225	0.079119
0.0261018	0.225	0.0790073
0.0391526	0.225	0.0788208
0.0522035	0.225	0.0785592
0.0652544	0.225	0.078222
0.0783053	0.225	0.0778084
0.0913562	0.225	0.0773176
0.104407	0.225	0.0767486
0.117458	0.225	0.0761003
0.130509	0.225	0.0753711
0.14356	0.225	0.0745597
0.156611	0.225	0.0736643
0.169661	0.225	0.0726828
0.182712	0.225	0.0716133
0.195763	0.225	0.0704533
0.208814	0.225	0.0692003
0.221865	0.225	0.0678513
0.234916	0.225	0.0664034
0.247967	0.225	0.0648531
0.261018	0.225	0.0631969
0.274068	0.225	0.0614309
0.287119	0.225	0.0595509
0.30017	0.225	0.0575523
0.313221	0.225	0.0554305
0.326272	0.225	0.0531804
0.339323	0.225	0.0507966
0.352374	0.225	0.0482735
0.365425	0.225	0.0456052
0.378475	0.225	0.0427857
0.391526	0.225	0.0398087
0.404577	0.225	0.0366679
0.417628	0.225	0.0333568
0.430679	0.225	0.0298689
0.44373	0.225	0.026198
0.456781	0.225	0.0223378
0.469832	0.225	0.0182823
0.482883	0.225	0.0140259
0.495933	0.225	0.00956329
0.508984	0.225	0.00488947
0.522035	0.225	0
0	0.25	0.0858322
0.013251	0.25	0.0857908
0.026502	0.25	0.0856664
0.0397529	0.25	0.0854589
0.0530039	0.25	0.0851678
0.0662549	0.25	0.0847925
0.0795059	0.25	0.0843324
0.0927568	0.25	0.0837865
0.106008	0.25	0.0831538
0.119259	0.25	0.0824331
0.13251	0.25	0.0816229
0.145761	0.25	0.0807215
0.159012	0.25	0.0797273
0.172263	0.25	0.0786382
0.185514	0.25	0.077452
0.198765	0.25	0.0761662
0.212016	0.25	0.0747783
0.225267	0.25	0.0732853
0.238518	0.25	0.0716841
0.251769	0.25	0.0699714
0.26502	0.25	0.0681436
0.278271	0.25	0.0661968
0.291521	0.25	0.0641268
0.304772	0.25	0.0619294
0.318023	0.25	0.0595999
0.331274	0.25	0.0571334
0.344525	0.25	0.0545249
0.357776	0.25	0.0517692
0.371027	0.25	0.0488606
0.384278	0.25	0.0457937
0.397529	0.25	0.0425628
0.41078	0.25	0.039162
0.424031	0.25	0.0355857
0.437282	0.25	0.0318279
0.450533	0.25	0.0278833
0.463784	0.25	0.0237461
0.477035	0.25	0.0194113
0.490286	0.25	0.0148738
0.503537	0.25	0.010129
0.516788	0.25	0.00517234
0.530039	0.25	0
0	0.275	0.0921783
0.0134511	0.275	0.0921327
0.0269021	0.275	0.091996
0.0403532	0.275	0.0917678
0.0538043	0.275	0.0914478
0.0672554	0.275	0.0910354
0.0807064	0.275	0.0905298
0.0941575	0.275	0.0899301
0.107609	0.275	0.0892352
0.12106	0.275	0.0884438
0.134511	0.275	0.0875545
0.147962	0.275	0.0865655
0.161413	0.275	0.0854752
0.174864	0.275	0.0842814
0.188315	0.275	0.0829819
0.201766	0.275	0.0815742
0.215217	0.275	0.0800558
0.228668	0.275	0.0784236
0.242119	0.275	0.0766746
0.25557	0.275	0.0748055
0.269021	0.275	0.0728127
0.282473	0.275	0.0706925
0.295924	0.275	0.0684408
0.309375	0.275	0.0660534
0.322826	0.275	0.063526
0.336277	0.275	0.0608539
0.349728	0.275	0.0580323
0.363179	0.275	0.0550563
0.37663	0.275	0.0519209
0.390081	0.275	0.0486207
0.403532	0.275	0.0451508
0.416983	0.275	0.0415057
0.430434	0.275	0.0376803
0.443885	0.275	0.0336694
0.457337	0.275	0.029468
0.470788	0.275	0.0250712
0.484239	0.275	0.0204742
0.49769	0.275	0.0156727
0.511141	0.275	0.0106624
0.524592	0.275	0.00543935
0.538043	0.275	0
0	0.3	0.0982142
0.0136512	0.3	0.0981647
0.0273023	0.3	0.0980159
0.0409535	0.3	0.0977676
0.0546047	0.3	0.0974195
0.0682559	0.3	0.0969708
0.081907	0.3	0.0964209
0.0955582	0.3	0.0957688
0.109209	0.3	0.0950134
0.122861	0.3	0.0941533
0.136512	0.3	0.0931872
0.150163	0.3	0.0921133
0.163814	0.3	0.0909298
0.177465	0.3	0.0896346
0.191116	0.3	0.0882255
0.204768	0.3	0.0867001
0.218419	0.3	0.0850557
0.23207	0.3	0.0832895
0.245721	0.3	0.0813983
0.259372	0.3	0.079379
0.273023	0.3	0.0772282
0.286675	0.3	0.074942
0.300326	0.3	0.0725167
0.313977	0.3	0.0699483
0.327628	0.3	0.0672326
0.341279	0.3	0.0643651
0.35493	0.3	0.0613414
0.368582	0.3	0.058157
0.382233	0.3	0.054807
0.395884	0.3	0.0512867
0.409535	0.3	0.0475913
0.423186	0.3	0.0437161
0.436837	0.3	0.0396562
0.450489	0.3	0.035407
0.46414	0.3	0.0309639
0.477791	0.3	0.0263226
0.491442	0.3	0.0214787
0.505093	0.3	0.0164282
0.518745	0.3	0.0111672
0.532396	0.3	0.00569229
0.546047	0.3	0
0	0.325	0.103958
0.0138513	0.325	0.103904
0.0277025	0.325	0.103744
0.0415538	0.325	0.103476
0.0554051	0.325	0.103101
0.0692563	0.325	0.102617
0.0831076	0.325	0.102024
0.0969589	0.325	0.101321
0.11081	0.325	0.100507
0.124661	0.325	0.0995803
0.138513	0.325	0.0985398
0.152364	0.325	0.0973837
0.166215	0.325	0.0961102
0.180066	0.325	0.0947172
0.193918	0.325	0.0932024
0.207769	0.325	0.0915636
0.22162	0.325	0.0897981
0.235472	0.325	0.087903
0.249323	0.325	0.0858755
0.263174	0.325	0.0837123
0.277025	0.325	0.0814102
0.290877	0.325	0.0789656
0.304728	0.325	0.0763747
0.318579	0.325	0.0736339
0.33243	0.325	0.070739
0.346282	0.325	0.067686
0.360133	0.325	0.0644707
0.373984	0.325	0.0610887
0.387836	0.325	0.0575357
0.401687	0.325	0.0538073
0.415538	0.325	0.049899
0.429389	0.325	0.0458064
0.443241	0.325	0.0415253
0.457092	0.325	0.0370512
0.470943	0.325	0.0323801
0.484794	0.325	0.0275079
0.498646	0.325	0.0224306
0.512497	0.325	0.0171446
0.526348	0.325	0.0116463
0.540199	0.325	0.0059325
0.554051	0.325	0
0	0.35	0.109425
0.0140514	0.35	0.109368
0.0281027	0.35	0.109196
0.0421541	0.35	0.108909
0.0562055	0.35	0.108507
0.0702568	0.35	0.10799
0.0843082	0.35	0.107355
0.0983596	0.35	0.106603
0.112411	0.35	0.105732
0.126462	0.35	0.104741
0.140514	0.35	0.103629
0.154565	0.35	0.102394
0.168616	0.35	0.101033
0.182668	0.35	0.099546
0.196719	0.35	0.0979297
0.210771	0.35	0.0961818
0.224822	0.35	0.0943
0.238873	0.35	0.0922815
0.252925	0.35	0.0901233
0.266976	0.35	0.0878225
0.281027	0.35	0.0853759
0.295079	0.35	0.08278
0.30913	0.35	0.0800313
0.323181	0.35	0.0771263
0.337233	0.35	0.0740612
0.351284	0.35	0.070832
0.365336	0.35	0.0674348
0.379387	0.35	0.0638657
0.393438	0.35	0.0601204
0.40749	0.35	0.056195
0.421541	0.35	0.0520853
0.435592	0.35	0.0477873
0.449644	0.35	0.0432969
0.463695	0.35	0.0386102
0.477746	0.35	0.0337234
0.491798	0.35	0.0286326
0.505849	0.35	0.0233344
0.519901	0.35	0.0178252
0.533952	0.35	0.0121018
0.548003	0.35	0.00616102
0.562055	0.35	0
0	0.375	0.11463
0.0142515	0.375	0.114569
0.0285029	0.375	0.114387
0.0427544	0.375	0.114082
0.0570059	0.375	0.113654
0.0712573	0.375	0.113103
0.0855088	0.375	0.112429
0.0997603	0.375	0.111629
0.114012	0.375	0.110703
0.128263	0.375	0.109651
0.142515	0.375	0.108469
0.156766	0.375	0.107157
0.171018	0.375	0.105714
0.185269	0.375	0.104136
0.199521	0.375	0.102422
0.213772	0.375	0.100569
0.228023	0.375	0.0985761
0.242275	0.375	0.0964393
0.256526	0.375	0.0941562
0.270778	0.375	0.0917239
0.285029	0.375	0.0891393
0.299281	0.375	0.0863992
0.313532	0.375	0.0835003
0.327784	0.375	0.0804391
0.342035	0.375	0.077212
0.356287	0.375	0.0738155
0.370538	0.375	0.0702458
0.38479	0.375	0.0664991
0.399041	0.375	0.0625716
0.413292	0.375	0.0584596
0.427544	0.375	0.0541592
0.441795	0.375	0.0496667
0.456047	0.375	0.0449782
0.470298	0.375	0.0400902
0.48455	0.375	0.034999
0.498801	0.375	0.0297012
0.513053	0.375	0.0241935
0.527304	0.375	0.0184725
0.541556	0.375	0.0125352
0.555807	0.375	0.00637859
0.570059	0.375	0
0	0.4	0.119585
0.0144516	0.4	0.119521
0.0289031	0.4	0.119328
0.0433547	0.4	0.119005
0.0578062	0.4	0.118553
0.0722578	0.4	0.11797
0.0867094	0.4	0.117257
0.101161	0.4	0.116412
0.115612	0.4	0.115433
0.130064	0.4	0.114321
0.144516	0.4	0.113073
0.158967	0.4	0.111688
0.173419	0.4	0.110164
0.18787	0.4	0.108499
0.202322	0.4	0.106692
0.216773	0.4	0.104739
0.231225	0.4	0.102639
0.245677	0.4	0.100389
0.260128	0.4	0.0979863
0.27458	0.4	0.0954284
0.289031	0.4	0.0927122
0.303483	0.4	0.0898347
0.317934	0.4	0.0867927
0.332386	0.4	0.0835828
0.346837	0.4	0.0802019
0.361289	0.4	0.0766464
0.375741	0.4	0.0729129
0.390192	0.4	0.0689978
0.404644	0.4	0.0648976
0.419095	0.4	0.0606087
0.433547	0.4	0.0561276
0.447998	0.4	0.0514508
0.46245	0.4	0.0465747
0.476902	0.4	0.0414959
0.491353	0.4	0.036211
0.505805	0.4	0.0307169
0.520256	0.4	0.0250103
0.534708	0.4	0.0190882
0.549159	0.4	0.0129476
0.563611	0.4	0.00658578
0.578062	0.4	0
0	0.425	0.124302
0.0146517	0.425	0.124234
0.0293033	0.425	0.12403
0.043955	0.425	0.123691
0.0586066	0.425	0.123215
0.0732583	0.425	0.122602
0.08791	0.425	0.121851
0.102562	0.425	0.120962
0.117213	0.425	0.119933
0.131865	0.425	0.118763
0.146517	0.425	0.117451
0.161168	0.425	0.115996
0.17582	0.425	0.114395
0.190472	0.425	0.112646
0.205123	0.425	0.110749
0.219775	0.425	0.108701
0.234427	0.425	0.106498
0.249078	0.425	0.10414
0.26373	0.425	0.101624
0.278382	0.425	0.0989459
0.293033	0.425	0.0961043
0.307685	0.425	0.0930958
0.322337	0.425	0.0899175
0.336988	0.425	0.0865663
0.35164	0.425	0.0830391
0.366291	0.425	0.0793326
0.380943	0.425	0.0754436
0.395595	0.425	0.0713687
0.410246	0.425	0.0671047
0.424898	0.425	0.0626482
0.43955	0.425	0.0579958
0.454201	0.425	0.0531442
0.468853	0.425	0.0480903
0.483505	0.425	0.0428306
0.498156	0.425	0.0373622
0.512808	0.425	0.0316819
0.52746	0.425	0.0257867
0.542111	0.425	0.0196736
0.556763	0.425	0.01334
0.571415	0.425	0.00678296
0.586066	0.425	0
0	0.45	0.128788
0.0148518	0.45	0.128717
0.0297035	0.45	0.128504
0.0445553	0.45	0.128148
0.059407	0.45	0.127649
0.0742588	0.45	0.127006
0.0891105	0.45	0.12622
0.103962	0.45	0.125288
0.118814	0.45	0.124211
0.133666	0.45	0.122986
0.148518	0.45	0.121613
0.163369	0.45	0.12009
0.178221	0.45	0.118415
0.193073	0.45	0.116587
0.207925	0.45	0.114604
0.222776	0.45	0.112463
0.237628	0.45	0.110163
0.25248	0.45	0.107702
0.267332	0.45	0.105076
0.282183	0.45	0.102284
0.297035	0.45	0.099323
0.311887	0.45	0.0961898
0.326739	0.45	0.0928818
0.34159	0.45	0.0893962
0.356442	0.45	0.08573
0.371294	0.45	0.0818801
0.386146	0.45	0.0778434
0.400997	0.45	0.073617
0.415849	0.45	0.0691976
0.430701	0.45	0.0645821
0.445553	0.45	0.0597674
0.460404	0.45	0.0547503
0.475256	0.45	0.0495279
0.490108	0.45	0.044097
0.50496	0.45	0.0384546
0.519812	0.45	0.0325978
0.534663	0.45	0.0265238
0.549515	0.45	0.0202296
0.564367	0.45	0.0137127
0.579219	0.45	0.00697035
0.59407	0.45	0
0	0.475	0.133053
0.0150519	0.475	0.132978
0.0301037	0.475	0.132756
0.0451556	0.475	0.132384
0.0602074	0.475	0.131863
0.0752593	0.475	0.131193
0.0903111	0.475	0.130372
0.105363	0.475	0.129399
0.120415	0.475	0.128275
0.135467	0.475	0.126998
0.150519	0.475	0.125565
0.16557	0.475	0.123977
0.180622	0.475	0.122232
0.195674	0.475	0.120327
0.210726	0.475	0.118262
0.225778	0.475	0.116034
0.24083	0.475	0.11364
0.255882	0.475	0.11108
0.270933	0.475	0.108351
0.285985	0.475	0.10545
0.301037	0.475	0.102374
0.316089	0.475	0.0991225
0.331141	0.475	0.0956911
0.346193	0.475	0.0920776
0.361245	0.475	0.0882792
0.376296	0.475	0.0842932
0.391348	0.475	0.0801165
0.4064	0.475	0.0757462
0.421452	0.475	0.0711795
0.436504	0.475	0.0664135
0.451556	0.475	0.061445
0.466608	0.475	0.0562713
0.481659	0.475	0.0508893
0.496711	0.475	0.0452962
0.511763	0.475	0.0394892
0.526815	0.475	0.0334654
0.541867	0.475	0.0272221
0.556919	0.475	0.0207565
0.57197	0.475	0.014066
0.587022	0.475	0.00714804
0.602074	0.475	0
0	0.5	0.137102
0.015252	0.5	0.137025
0.0305039	0.5	0.136793
0.0457559	0.5	0.136407
0.0610078	0.5	0.135865
0.0762598	0.5	0.135167
0.0915117	0.5	0.134313
0.106764	0.5	0.133302
0.122016	0.5	0.132132
0.137268	0.5	0.130804
0.15252	0.5	0.129315
0.167771	0.5	0.127665
0.183023	0.5	0.125852
0.198275	0.5	0.123874
0.213527	0.5	0.12173
0.228779	0.5	0.119417
0.244031	0.5	0.116935
0.259283	0.5	0.114281
0.274535	0.5	0.111452
0.289787	0.5	0.108447
0.305039	0.5	0.105263
0.320291	0.5	0.101898
0.335543	0.5	0.0983491
0.350795	0.5	0.0946141
0.366047	0.5	0.0906902
0.381299	0.5	0.0865749
0.396551	0.5	0.0822653
0.411803	0.5	0.0777588
0.427055	0.5	0.0730526
0.442307	0.5	0.0681439
0.457559	0.5	0.06303
0.472811	0.5	0.0577081
0.488062	0.5	0.0521754
0.503314	0.5	0.0464291
0.518566	0.5	0.0404666
0.533818	0.5	0.034285
0.54907	0.5	0.0278819
0.564322	0.5	0.0212544
0.579574	0.5	0.0143999
0.594826	0.5	0.00731598
0.610078	0.5	0
0	0.525	0.140943
0.0154521	0.525	0.140863
0.0309041	0.525	0.140622
0.0463562	0.525	0.140221
0.0618082	0.525	0.139658
0.0772603	0.525	0.138934
0.0927123	0.525	0.138049
0.108164	0.525	0.137
0.123616	0.525	0.135787
0.139068	0.525	0.13441
0.154521	0.525	0.132868
0.169973	0.525	0.131158
0.185425	0.525	0.129279
0.200877	0.525	0.127231
0.216329	0.525	0.125012
0.231781	0.525	0.122619
0.247233	0.525	0.120051
0.262685	0.525	0.117307
0.278137	0.525	0.114384
0.293589	0.525	0.111279
0.309041	0.525	0.107992
0.324493	0.525	0.104519
0.339945	0.525	0.100858
0.355397	0.525	0.0970079
0.370849	0.525	0.0929649
0.386301	0.525	0.0887269
0.401753	0.525	0.0842914
0.417205	0.525	0.0796558
0.432657	0.525	0.0748176
0.448109	0.525	0.0697741
0.463562	0.525	0.0645228
0.479014	0.525	0.059061
0.494466	0.525	0.053386
0.509918	0.525	0.0474954
0.52537	0.525	0.0413863
0.540822	0.525	0.0350562
0.556274	0.525	0.0285026
0.571726	0.525	0.0217227
0.587178	0.525	0.0147141
0.60263	0.525	0.007474
0.618082	0.525	0
0	0.55	0.144578
0.0156521	0.55	0.144495
0.0313043	0.55	0.144246
0.0469564	0.55	0.143831
0.0626086	0.55	0.143249
0.0782607	0.55	0.1425
0.0939129	0.55	0.141584
0.109565	0.55	0.140499
0.125217	0.55	0.139245
0.140869	0.55	0.137821
0.156521	0.55	0.136226
0.172174	0.55	0.134459
0.187826	0.55	0.132518
0.203478	0.55	0.130403
0.21913	0.55	0.128111
0.234782	0.55	0.125641
0.250434	0.55	0.122992
0.266087	0.55	0.120162
0.281739	0.55	0.117148
0.297391	0.55	0.113949
0.313043	0.55	0.110563
0.328695	0.55	0.106987
0.344347	0.55	0.103221
0.359999	0.55	0.0992602
0.375652	0.55	0.095104
0.391304	0.55	0.0907497
0.406956	0.55	0.0861949
0.422608	0.55	0.0814372
0.43826	0.55	0.0764742
0.453912	0.55	0.0713035
0.469564	0.55	0.0659226
0.485217	0.55	0.0603291
0.500869	0.55	0.0545204
0.516521	0.55	0.048494
0.532173	0.55	0.0422474
0.547825	0.55	0.0357781
0.563477	0.55	0.0290834
0.579129	0.55	0.0221609
0.594782	0.55	0.0150079
0.610434	0.55	0.0076218
0.626086	0.55	0
0	0.575	0.148012
0.0158522	0.575	0.147927
0.0317045	0.575	0.14767
0.0475567	0.575	0.147241
0.063409	0.575	0.14664
0.0792612	0.575	0.145867
0.0951135	0.575	0.144921
0.110966	0.575	0.143801
0.126818	0.575	0.142508
0.14267	0.575	0.141039
0.158522	0.575	0.139394
0.174375	0.575	0.137572
0.190227	0.575	0.135571
0.206079	0.575	0.133391
0.221931	0.575	0.13103
0.237784	0.575	0.128487
0.253636	0.575	0.125759
0.269488	0.575	0.122846
0.28534	0.575	0.119746
0.301193	0.575	0.116457
0.317045	0.575	0.112976
0.332897	0.575	0.109303
0.348749	0.575	0.105435
0.364602	0.575	0.101371
0.380454	0.575	0.0971072
0.396306	0.575	0.0926427
0.412158	0.575	0.087975
0.428011	0.575	0.0831019
0.443863	0.575	0.0780213
0.459715	0.575	0.0727308
0.475567	0.575	0.0672281
0.49142	0.575	0.0615108
0.507272	0.575	0.0555768
0.523124	0.575	0.0494234
0.538976	0.575	0.0430483
0.554829	0.575	0.036449
0.570681	0.575	0.029623
0.586533	0.575	0.0225678
0.602385	0.575	0.0152806
0.618238	0.575	0.00775895
0.63409	0.575	0
0	0.6	0.151248
0.0160523	0.6	0.15116
0.0321047	0.6	0.150895
0.048157	0.6	0.150453
0.0642094	0.6	0.149834
0.0802617	0.6	0.149038
0.0963141	0.6	0.148063
0.112366	0.6	0.14691
0.128419	0.6	0.145578
0.144471	0.6	0.144066
0.160523	0.6	0.142373
0.176576	0.6	0.140497
0.192628	0.6	0.138439
0.20868	0.6	0.136197
0.224733	0.6	0.13377
0.240785	0.6	0.131155
0.256837	0.6	0.128353
0.27289	0.6	0.125361
0.288942	0.6	0.122178
0.304995	0.6	0.118803
0.321047	0.6	0.115233
0.337099	0.6	0.111466
0.353152	0.6	0.107502
0.369204	0.6	0.103339
0.385256	0.6	0.0989732
0.401309	0.6	0.0944042
0.417361	0.6	0.0896298
0.433413	0.6	0.0846479
0.449466	0.6	0.0794565
0.465518	0.6	0.0740534
0.48157	0.6	0.0684365
0.497623	0.6	0.0626036
0.513675	0.6	0.0565525
0.529727	0.6	0.0502809
0.54578	0.6	0.0437865
0.561832	0.6	0.0370669
0.577884	0.6	0.0301195
0.593937	0.6	0.0229418
0.609989	0.6	0.0155312
0.626041	0.6	0.00788484
0.642094	0.6	0
0	0.625	0.154288
0.0162524	0.625	0.154197
0.0325049	0.625	0.153925
0.0487573	0.625	0.15347
0.0650098	0.625	0.152834
0.0812622	0.625	0.152015
0.0975146	0.625	0.151013
0.113767	0.625	0.149827
0.13002	0.625	0.148458
0.146272	0.625	0.146904
0.162524	0.625	0.145164
0.178777	0.625	0.143238
0.195029	0.625	0.141124
0.211282	0.625	0.138822
0.227534	0.625	0.13633
0.243787	0.625	0.133648
0.260039	0.625	0.130774
0.276291	0.625	0.127706
0.292544	0.625	0.124444
0.308796	0.625	0.120986
0.325049	0.625	0.11733
0.341301	0.625	0.113475
0.357554	0.625	0.109419
0.373806	0.625	0.105161
0.390059	0.625	0.100699
0.406311	0.625	0.0960316
0.422563	0.625	0.0911565
0.438816	0.625	0.086072
0.455068	0.625	0.0807765
0.471321	0.625	0.0752679
0.487573	0.625	0.0695443
0.503826	0.625	0.0636038
0.520078	0.625	0.0574441
0.536331	0.625	0.0510633
0.552583	0.625	0.0444589
0.568835	0.625	0.0376287
0.585088	0.625	0.0305702
0.60134	0.625	0.0232809
0.617593	0.625	0.015758
0.633845	0.625	0.00799871
0.650098	0.625	0
0	0.65	0.157133
0.0164525	0.65	0.157039
0.0329051	0.65	0.15676
0.0493576	0.65	0.156293
0.0658102	0.65	0.155639
0.0822627	0.65	0.154798
0.0987152	0.65	0.15377
0.115168	0.65	0.152553
0.13162	0.65	0.151147
0.148073	0.65	0.149553
0.164525	0.65	0.147768
0.180978	0.65	0.145792
0.19743	0.65	0.143625
0.213883	0.65	0.141265
0.230336	0.65	0.138712
0.246788	0.65	0.135964
0.263241	0.65	0.133021
0.279693	0.65	0.12988
0.296146	0.65	0.126542
0.312598	0.65	0.123004
0.329051	0.65	0.119267
0.345503	0.65	0.115327
0.361956	0.65	0.111184
0.378408	0.65	0.106836
0.394861	0.65	0.102282
0.411313	0.65	0.0975211
0.427766	0.65	0.0925509
0.444219	0.65	0.08737
0.460671	0.65	0.0819768
0.477124	0.65	0.0763698
0.493576	0.65	0.070547
0.510029	0.65	0.0645068
0.526481	0.65	0.0582471
0.542934	0.65	0.051766
0.559386	0.65	0.0450614
0.575839	0.65	0.0381309
0.592291	0.65	0.0309721
0.608744	0.65	0.0235826
0.625196	0.65	0.0159594
0.641649	0.65	0.00809959
0.658102	0.65	0
0	0.675	0.159784
0.0166526	0.675	0.159688
0.0333053	0.675	0.159401
0.0499579	0.675	0.158922
0.0666105	0.675	0.158252
0.0832632	0.675	0.15739
0.0999158	0.675	0.156335
0.116568	0.675	0.155088
0.133221	0.675	0.153648
0.149874	0.675	0.152013
0.166526	0.675	0.150185
0.183179	0.675	0.148161
0.199832	0.675	0.145942
0.216484	0.675	0.143526
0.233137	0.675	0.140913
0.24979	0.675	0.138102
0.266442	0.675	0.135092
0.283095	0.675	0.131881
0.299747	0.675	0.12847
0.3164	0.675	0.124856
0.333053	0.675	0.121039
0.349705	0.675	0.117018
0.366358	0.675	0.112792
0.383011	0.675	0.108359
0.399663	0.675	0.103718
0.416316	0.675	0.098868
0.432969	0.675	0.0938081
0.449621	0.675	0.0885366
0.466274	0.675	0.0830521
0.482926	0.675	0.0773534
0.499579	0.675	0.0714389
0.516232	0.675	0.0653069
0.532884	0.675	0.0589558
0.549537	0.675	0.0523838
0.56619	0.675	0.0455888
0.582842	0.675	0.0385687
0.599495	0.675	0.0313212
0.616148	0.675	0.0238436
0.6328	0.675	0.016133
0.649453	0.675	0.00818627
0.666105	0.675	0
0	0.7	0.162241
0.0168527	0.7	0.162143
0.0337055	0.7	0.161849
0.0505582	0.7	0.161359
0.0674109	0.7	0.160673
0.0842637	0.7	0.15979
0.101116	0.7	0.15871
0.117969	0.7	0.157433
0.134822	0.7	0.155958
0.151675	0.7	0.154285
0.168527	0.7	0.152414
0.18538	0.7	0.150344
0.202233	0.7	0.148074
0.219086	0.7	0.145604
0.235938	0.7	0.142933
0.252791	0.7	0.14006
0.269644	0.7	0.136984
0.286496	0.7	0.133706
0.303349	0.7	0.130224
0.320202	0.7	0.126537
0.337055	0.7	0.122644
0.353907	0.7	0.118545
0.37076	0.7	0.114238
0.387613	0.7	0.109724
0.404466	0.7	0.105
0.421318	0.7	0.100067
0.438171	0.7	0.0949219
0.455024	0.7	0.0895653
0.471877	0.7	0.0839956
0.488729	0.7	0.0782119
0.505582	0.7	0.0722128
0.522435	0.7	0.0659971
0.539287	0.7	0.0595633
0.55614	0.7	0.0529099
0.572993	0.7	0.046035
0.589846	0.7	0.0389366
0.606698	0.7	0.0316124
0.623551	0.7	0.0240598
0.640404	0.7	0.0162759
0.657257	0.7	0.00825719
0.674109	0.7	0
0	0.725	0.164505
0.0170528	0.725	0.164405
0.0341057	0.725	0.164104
0.0511585	0.725	0.163603
0.0682113	0.725	0.1629
0.0852642	0.725	0.161997
0.102317	0.725	0.160892
0.11937	0.725	0.159586
0.136423	0.725	0.158078
0.153475	0.725	0.156367
0.170528	0.725	0.154454
0.187581	0.725	0.152338
0.204634	0.725	0.150019
0.221687	0.725	0.147496
0.23874	0.725	0.144768
0.255792	0.725	0.141835
0.272845	0.725	0.138696
0.289898	0.725	0.135352
0.306951	0.725	0.131801
0.324004	0.725	0.128043
0.341057	0.725	0.124077
0.358109	0.725	0.119902
0.375162	0.725	0.115519
0.392215	0.725	0.110926
0.409268	0.725	0.106123
0.426321	0.725	0.10111
0.443374	0.725	0.0958851
0.460426	0.725	0.0904485
0.477479	0.725	0.0847994
0.494532	0.725	0.078937
0.511585	0.725	0.0728605
0.528638	0.725	0.0665689
0.545691	0.725	0.0600612
0.562743	0.725	0.0533361
0.579796	0.725	0.0463921
0.596849	0.725	0.0392272
0.613902	0.725	0.0318395
0.630955	0.725	0.0242263
0.648008	0.725	0.0163844
0.66506	0.725	0.00831041
0.682113	0.725	0
0	0.75	0.166576
0.0172529	0.75	0.166474
0.0345059	0.75	0.166166
0.0517588	0.75	0.165653
0.0690117	0.75	0.164935
0.0862646	0.75	0.164011
0.103518	0.75	0.162882
0.120771	0.75	0.161547
0.138023	0.75	0.160006
0.155276	0.75	0.158258
0.172529	0.75	0.156304
0.189782	0.75	0.154143
0.207035	0.75	0.151775
0.224288	0.75	0.1492
0.241541	0.75	0.146416
0.258794	0.75	0.143424
0.276047	0.75	0.140224
0.2933	0.75	0.136815
0.310553	0.75	0.133197
0.327806	0.75	0.129369
0.345059	0.75	0.125332
0.362312	0.75	0.121084
0.379564	0.75	0.116626
0.396817	0.75	0.111958
0.41407	0.75	0.107079
0.431323	0.75	0.10199
0.448576	0.75	0.0966891
0.465829	0.75	0.0911772
0.483082	0.75	0.0854539
0.500335	0.75	0.0795189
0.517588	0.75	0.0733718
0.534841	0.75	0.0670121
0.552094	0.75	0.0604393
0.569347	0.75	0.0536525
0.5866	0.75	0.0466505
0.603853	0.75	0.0394319
0.621105	0.75	0.0319948
0.638358	0.75	0.0243365
0.655611	0.75	0.016454
0.672864	0.75	0.00834342
0.690117	0.75	0
0	0.775	0.168453
0.017453	0.775	0.168348
0.0349061	0.775	0.168034
0.0523591	0.775	0.16751
0.0698121	0.775	0.166776
0.0872651	0.775	0.165832
0.104718	0.775	0.164679
0.122171	0.775	0.163315
0.139624	0.775	0.161741
0.157077	0.775	0.159957
0.17453	0.775	0.157963
0.191983	0.775	0.155757
0.209436	0.775	0.153341
0.226889	0.775	0.150713
0.244342	0.775	0.147875
0.261795	0.775	0.144825
0.279248	0.775	0.141564
0.296701	0.775	0.138091
0.314154	0.775	0.134406
0.331608	0.775	0.130511
0.349061	0.775	0.126403
0.366514	0.775	0.122084
0.383967	0.775	0.117554
0.40142	0.775	0.112813
0.418873	0.775	0.10786
0.436326	0.775	0.102698
0.453779	0.775	0.0973243
0.471232	0.775	0.0917411
0.488685	0.775	0.0859483
0.506138	0.775	0.079946
0.523591	0.775	0.0737347
0.541044	0.775	0.0673145
0.558497	0.775	0.0606852
0.57595	0.775	0.0538468
0.593403	0.775	0.0467986
0.610856	0.775	0.0395396
0.628309	0.775	0.0320682
0.645762	0.775	0.0243823
0.663215	0.775	0.0164786
0.680668	0.775	0.00835295
0.698121	0.775	0
0	0.8	0.170135
0.0176531	0.8	0.170028
0.0353062	0.8	0.169707
0.0529594	0.8	0.169172
0.0706125	0.8	0.168423
0.0882656	0.8	0.167459
0.105919	0.8	0.166281
0.123572	0.8	0.164889
0.141225	0.8	0.163283
0.158878	0.8	0.161462
0.176531	0.8	0.159427
0.194184	0.8	0.157177
0.211837	0.8	0.154713
0.229491	0.8	0.152034
0.247144	0.8	0.14914
0.264797	0.8	0.146033
0.28245	0.8	0.142711
0.300103	0.8	0.139175
0.317756	0.8	0.135425
0.335409	0.8	0.131461
0.353062	0.8	0.127285
0.370716	0.8	0.122895
0.388369	0.8	0.118294
0.406022	0.8	0.113481
0.423675	0.8	0.108457
0.441328	0.8	0.103223
0.458981	0.8	0.0977796
0.476634	0.8	0.0921283
0.494287	0.8	0.0862698
0.511941	0.8	0.0802051
0.529594	0.8	0.0739353
0.547247	0.8	0.0674613
0.5649	0.8	0.060784
0.582553	0.8	0.0539039
0.600206	0.8	0.0468214
0.617859	0.8	0.0395362
0.635512	0.8	0.0320473
0.653166	0.8	0.024353
0.670819	0.8	0.0164503
0.688472	0.8	0.00833465
0.706125	0.8	0
0	0.825	0.171622
0.0178532	0.825	0.171513
0.0357064	0.825	0.171185
0.0535597	0.825	0.170639
0.0714129	0.825	0.169874
0.0892661	0.825	0.16889
0.107119	0.825	0.167688
0.124973	0.825	0.166268
0.142826	0.825	0.164628
0.160679	0.825	0.162771
0.178532	0.825	0.160695
0.196385	0.825	0.158401
0.214239	0.825	0.155888
0.232092	0.825	0.153158
0.249945	0.825	0.15021
0.267798	0.825	0.147044
0.285652	0.825	0.143661
0.303505	0.825	0.140062
0.321358	0.825	0.136246
0.339211	0.825	0.132215
0.357064	0.825	0.127969
0.374918	0.825	0.12351
0.392771	0.825	0.118837
0.410624	0.825	0.113953
0.428477	0.825	0.108858
0.446331	0.825	0.103554
0.464184	0.825	0.0980426
0.482037	0.825	0.0923252
0.49989	0.825	0.0864038
0.517743	0.825	0.0802804
0.535597	0.825	0.0739568
0.55345	0.825	0.0674352
0.571303	0.825	0.0607174
0.589156	0.825	0.0538054
0.60701	0.825	0.0467005
0.624863	0.825	0.0394038
0.642716	0.825	0.0319154
0.660569	0.825	0.0242343
0.678422	0.825	0.0163582
0.696276	0.825	0.00828251
0.714129	0.825	0
0	0.85	0.172912
0.0180533	0.85	0.172801
0.0361066	0.85	0.172466
0.05416	0.85	0.171909
0.0722133	0.85	0.171128
0.0902666	0.85	0.170125
0.10832	0.85	0.168898
0.126373	0.85	0.167449
0.144427	0.85	0.165777
0.16248	0.85	0.163882
0.180533	0.85	0.161765
0.198587	0.85	0.159426
0.21664	0.85	0.156865
0.234693	0.85	0.154082
0.252746	0.85	0.151079
0.2708	0.85	0.147854
0.288853	0.85	0.14441
0.306906	0.85	0.140747
0.32496	0.85	0.136865
0.343013	0.85	0.132766
0.361066	0.85	0.12845
0.37912	0.85	0.123919
0.397173	0.85	0.119175
0.415226	0.85	0.114219
0.43328	0.85	0.109053
0.451333	0.85	0.103679
0.469386	0.85	0.0980994
0.48744	0.85	0.0923168
0.505493	0.85	0.086334
0.523546	0.85	0.0801539
0.5416	0.85	0.0737799
0.559653	0.85	0.0672152
0.577706	0.85	0.0604635
0.59576	0.85	0.0535281
0.613813	0.85	0.0464124
0.631866	0.85	0.0391191
0.64992	0.85	0.0316504
0.667973	0.85	0.0240069
0.686026	0.85	0.0161875
0.704079	0.85	0.00818789
0.722133	0.85	0
0	0.875	0.174006
0.0182534	0.875	0.173892
0.0365068	0.875	0.173551
0.0547603	0.875	0.172982
0.0730137	0.875	0.172186
0.0912671	0.875	0.171162
0.109521	0.875	0.16991
0.127774	0.875	0.168432
0.146027	0.875	0.166726
0.164281	0.875	0.164794
0.182534	0.875	0.162635
0.200788	0.875	0.16025
0.219041	0.875	0.15764
0.237294	0.875	0.154804
0.255548	0.875	0.151744
0.273801	0.875	0.14846
0.292055	0.875	0.144953
0.310308	0.875	0.141224
0.328562	0.875	0.137275
0.346815	0.875	0.133106
0.365068	0.875	0.128719
0.383322	0.875	0.124115
0.401575	0.875	0.119298
0.419829	0.875	0.114269
0.438082	0.875	0.10903
0.456335	0.875	0.103584
0.474589	0.875	0.0979352
0.492842	0.875	0.0920863
0.511096	0.875	0.0860415
0.529349	0.875	0.0798051
0.547603	0.875	0.0733818
0.565856	0.875	0.0667767
0.584109	0.875	0.0599953
0.602363	0.875	0.0530435
0.620616	0.875	0.045927
0.63887	0.875	0.0386516
0.657123	0.875	0.0312224
0.675376	0.875	0.0236433
0.69363	0.875	0.0159159
0.711883	0.875	0.00803772
0.730137	0.875	0
0	0.9	0.174902
0.0184535	0.9	0.174786
0.036907	0.9	0.174438
0.0553605	0.9	0.173857
0.0738141	0.9	0.173044
0.0922676	0.9	0.172
0.110721	0.9	0.170723
0.129175	0.9	0.169215
0.147628	0.9	0.167475
0.166082	0.9	0.165504
0.184535	0.9	0.163303
0.202989	0.9	0.160871
0.221442	0.9	0.15821
0.239896	0.9	0.15532
0.258349	0.9	0.152202
0.276803	0.9	0.148857
0.295256	0.9	0.145286
0.31371	0.9	0.14149
0.332163	0.9	0.13747
0.350617	0.9	0.133229
0.36907	0.9	0.128768
0.387524	0.9	0.12409
0.405977	0.9	0.119196
0.424431	0.9	0.11409
0.442884	0.9	0.108775
0.461338	0.9	0.103255
0.479791	0.9	0.0975336
0.498245	0.9	0.0916154
0.516698	0.9	0.0855059
0.535152	0.9	0.0792107
0.553605	0.9	0.0727364
0.572059	0.9	0.0660904
0.590512	0.9	0.0592805
0.608966	0.9	0.0523157
0.62742	0.9	0.0452055
0.645873	0.9	0.0379599
0.664327	0.9	0.0305892
0.68278	0.9	0.0231031
0.701234	0.9	0.0155092
0.719687	0.9	0.00781054
0.738141	0.9	0
0	0.925	0.1756
0.0186536	0.925	0.175481
0.0373072	0.925	0.175126
0.0559608	0.925	0.174533
0.0746144	0.925	0.173704
0.0932681	0.925	0.172638
0.111922	0.925	0.171335
0.130575	0.925	0.169797
0.149229	0.925	0.168022
0.167883	0.925	0.166012
0.186536	0.925	0.163767
0.20519	0.925	0.161287
0.223843	0.925	0.158574
0.242497	0.925	0.155628
0.261151	0.925	0.15245
0.279804	0.925	0.149041
0.298458	0.925	0.145403
0.317111	0.925	0.141537
0.335765	0.925	0.137445
0.354419	0.925	0.133129
0.373072	0.925	0.12859
0.391726	0.925	0.123833
0.410379	0.925	0.118859
0.429033	0.925	0.113673
0.447687	0.925	0.108277
0.46634	0.925	0.102677
0.484994	0.925	0.0968777
0.503648	0.925	0.0908847
0.522301	0.925	0.0847047
0.540955	0.925	0.0783451
0.559608	0.925	0.0718144
0.578262	0.925	0.0651224
0.596916	0.925	0.0582803
0.615569	0.925	0.0513006
0.634223	0.925	0.0441979
0.652876	0.925	0.0369884
0.67153	0.925	0.0296905
0.690184	0.925	0.0223242
0.708837	0.925	0.0149104
0.727491	0.925	0.00746736
0.746144	0.925	0
0	0.95	0.176098
0.0188537	0.95	0.175978
0.0377074	0.95	0.175615
0.0565611	0.95	0.17501
0.0754148	0.95	0.174164
0.0942686	0.95	0.173076
0.113122	0.95	0.171747
0.131976	0.95	0.170177
0.15083	0.95	0.168366
0.169683	0.95	0.166315
0.188537	0.95	0.164025
0.207391	0.95	0.161496
0.226245	0.95	0.158729
0.245098	0.95	0.155725
0.263952	0.95	0.152485
0.282806	0.95	0.14901
0.301659	0.95	0.145302
0.320513	0.95	0.141363
0.339367	0.95	0.137194
0.35822	0.95	0.132799
0.377074	0.95	0.128179
0.395928	0.95	0.123337
0.414782	0.95	0.118278
0.433635	0.95	0.113005
0.452489	0.95	0.107522
0.471343	0.95	0.101835
0.490196	0.95	0.0959503
0.50905	0.95	0.089874
0.527904	0.95	0.0836144
0.546758	0.95	0.0771806
0.565611	0.95	0.0705832
0.584465	0.95	0.0638346
0.603319	0.95	0.0569494
0.622172	0.95	0.0499446
0.641026	0.95	0.0428407
0.65988	0.95	0.0356619
0.678734	0.95	0.0284381
0.697587	0.95	0.0212064
0.716441	0.95	0.0140152
0.735295	0.95	0.00692665
0.754148	0.95	0
0	0.975	0.176398
0.0190538	0.975	0.176274
0.0381076	0.975	0.175904
0.0571614	0.975	0.175287
0.0762152	0.975	0.174423
0.095269	0.975	0.173313
0.114323	0.975	0.171956
0.133377	0.975	0.170354
0.15243	0.975	0.168506
0.171484	0.975	0.166413
0.190538	0.975	0.164076
0.209592	0.975	0.161496
0.228646	0.975	0.158673
0.247699	0.975	0.155608
0.266753	0.975	0.152303
0.285807	0.975	0.148759
0.304861	0.975	0.144978
0.323915	0.975	0.140962
0.342969	0.975	0.136713
0.362022	0.975	0.132234
0.381076	0.975	0.127526
0.40013	0.975	0.122595
0.419184	0.975	0.117444
0.438238	0.975	0.112076
0.457291	0.975	0.106498
0.476345	0.975	0.100715
0.495399	0.975	0.0947342
0.514453	0.975	0.0885632
0.533507	0.975	0.0822112
0.55256	0.975	0.0756888
0.571614	0.975	0.0690087
0.590668	0.975	0.0621856
0.609722	0.975	0.0552373
0.628776	0.975	0.0481853
0.647829	0.975	0.0410559
0.666883	0.975	0.0338816
0.685937	0.975	0.026704
0.704991	0.975	0.0195816
0.724045	0.975	0.0126131
0.743098	0.975	0.00598558
0.762152	0.975	0
0	1	0.176498
0.0192539	1	0.176372
0.0385078	1	0.175994
0.0577617	1	0.175363
0.0770156	1	0.174482
0.0962695	1	0.173348
0.115523	1	0.171963
0.134777	1	0.170327
0.154031	1	0.168441
0.173285	1	0.166305
0.192539	1	0.163919
0.211793	1	0.161285
0.231047	1	0.158404
0.250301	1	0.155276
0.269555	1	0.151904
0.288809	1	0.148287
0.308062	1	0.14443
0.327316	1	0.140332
0.34657	1	0.135997
0.365824	1	0.131428
0.385078	1	0.126628
0.404332	1	0.121599
0.423586	1	0.116348
0.44284	1	0.110877
0.462094	1	0.105194
0.481348	1	0.0993035
0.500602	1	0.0932138
0.519855	1	0.0869334
0.539109	1	0.0804723
0.558363	1	0.0738422
0.577617	1	0.0670571
0.596871	1	0.0601335
0.616125	1	0.0530916
0.635379	1	0.0459561
0.654633	1	0.0387572
0.673887	1	0.0315308
0.693141	1	0.0243162
0.712394	1	0.0171669
0.731648	1	0.0102306
0.750902	1	0.00403604
0.770156	1	0
