0	0	0
0.01125	0	0
0.0225	0	0
0.03375	0	0
0.045	0	0
0.05625	0	0
0.0675	0	0
0.07875	0	0
0.09	0	0
0.10125	0	0
0.1125	0	0
0.12375	0	0
0.135	0	0
0.14625	0	0
0.1575	0	0
0.16875	0	0
0.18	0	0
0.19125	0	0
0.2025	0	0
0.21375	0	0
0.225	0	0
0.23625	0	0
0.2475	0	0
0.25875	0	0
0.27	0	0
0.28125	0	0
0.2925	0	0
0.30375	0	0
0.315	0	0
0.32625	0	0
0.3375	0	0
0.34875	0	0
0.36	0	0
0.37125	0	0
0.3825	0	0
0.39375	0	0
0.405	0	0
0.41625	0	0
0.4275	0	0
0.43875	0	0
0.45	0	0
0	0.01	0.00367167
0.0118568	0.01	0.00367135
0.0237135	0.01	0.00367039
0.0355703	0.01	0.00366877
0.0474271	0.01	0.0036665
0.0592838	0.01	0.00366355
0.0711406	0.01	0.00365994
0.0829974	0.01	0.00365563
0.0948541	0.01	0.00365061
0.106711	0.01	0.00364486
0.118568	0.01	0.00363836
0.130424	0.01	0.00363107
0.142281	0.01	0.00362297
0.154138	0.01	0.00361402
0.165995	0.01	0.00360418
0.177851	0.01	0.00359339
0.189708	0.01	0.0035816
0.201565	0.01	0.00356874
0.213422	0.01	0.00355474
0.225279	0.01	0.00353952
0.237135	0.01	0.00352297
0.248992	0.01	0.00350497
0.260849	0.01	0.0034854
0.272706	0.01	0.00346409
0.284562	0.01	0.00344085
0.296419	0.01	0.00341544
0.308276	0.01	0.00338755
0.320133	0.01	0.00335677
0.331989	0.01	0.00332251
0.343846	0.01	0.00328387
0.355703	0.01	0.00323946
0.36756	0.01	0.00318706
0.379416	0.01	0.00312309
0.391273	0.01	0.00304177
0.40313	0.01	0.00293382
0.414987	0.01	0.00278447
0.426844	0.01	0.00257051
0.4387	0.01	0.00225592
0.450557	0.01	0.00178542
0.462414	0.01	0.00107525
0.474271	0.01	0
0	0.02	0.00724382
0.0124635	0.02	0.00724311
0.0249271	0.02	0.00724098
0.0373906	0.02	0.00723741
0.0498541	0.02	0.00723238
0.0623177	0.02	0.00722588
0.0747812	0.02	0.00721787
0.0872447	0.02	0.00720833
0.0997082	0.02	0.0071972
0.112172	0.02	0.00718445
0.124635	0.02	0.00717
0.137099	0.02	0.00715379
0.149562	0.02	0.00713574
0.162026	0.02	0.00711575
0.174489	0.02	0.00709371
0.186953	0.02	0.0070695
0.199416	0.02	0.00704297
0.21188	0.02	0.00701394
0.224344	0.02	0.00698223
0.236807	0.02	0.0069476
0.249271	0.02	0.00690978
0.261734	0.02	0.00686843
0.274198	0.02	0.00682316
0.286661	0.02	0.00677347
0.299125	0.02	0.00671873
0.311588	0.02	0.00665808
0.324052	0.02	0.00659036
0.336515	0.02	0.00651389
0.348979	0.02	0.00642621
0.361442	0.02	0.00632369
0.373906	0.02	0.00620091
0.386369	0.02	0.00604993
0.398833	0.02	0.00585926
0.411297	0.02	0.00561271
0.42376	0.02	0.00528829
0.436224	0.02	0.00485746
0.448687	0.02	0.00428557
0.461151	0.02	0.00353469
0.473614	0.02	0.00257112
0.486078	0.02	0.00138108
0.498541	0.02	0
0	0.03	0.0107169
0.0130703	0.03	0.0107157
0.0261406	0.03	0.0107122
0.0392109	0.03	0.0107063
0.0522812	0.03	0.0106981
0.0653515	0.03	0.0106873
0.0784218	0.03	0.0106741
0.0914921	0.03	0.0106584
0.104562	0.03	0.01064
0.117633	0.03	0.0106189
0.130703	0.03	0.0105949
0.143773	0.03	0.010568
0.156844	0.03	0.010538
0.169914	0.03	0.0105047
0.182984	0.03	0.0104679
0.196054	0.03	0.0104273
0.209125	0.03	0.0103828
0.222195	0.03	0.0103339
0.235265	0.03	0.0102802
0.248336	0.03	0.0102213
0.261406	0.03	0.0101567
0.274476	0.03	0.0100855
0.287547	0.03	0.010007
0.300617	0.03	0.00992
0.313687	0.03	0.00982288
0.326757	0.03	0.00971356
0.339828	0.03	0.00958909
0.352898	0.03	0.00944529
0.365968	0.03	0.00927629
0.379039	0.03	0.00907393
0.392109	0.03	0.00882705
0.405179	0.03	0.00852094
0.418249	0.03	0.00813692
0.43132	0.03	0.00765254
0.44439	0.03	0.00704272
0.45746	0.03	0.00628246
0.470531	0.03	0.00535122
0.483601	0.03	0.00423926
0.496671	0.03	0.00295446
0.509742	0.03	0.0015264
0.522812	0.03	0
0	0.04	0.0140914
0.0136771	0.04	0.0140897
0.0273541	0.04	0.0140846
0.0410312	0.04	0.014076
0.0547082	0.04	0.0140639
0.0683853	0.04	0.0140483
0.0820624	0.04	0.014029
0.0957394	0.04	0.014006
0.109416	0.04	0.0139791
0.123094	0.04	0.0139482
0.136771	0.04	0.0139131
0.150448	0.04	0.0138736
0.164125	0.04	0.0138295
0.177802	0.04	0.0137804
0.191479	0.04	0.013726
0.205156	0.04	0.0136659
0.218833	0.04	0.0135997
0.23251	0.04	0.0135267
0.246187	0.04	0.0134463
0.259864	0.04	0.0133577
0.273541	0.04	0.0132597
0.287218	0.04	0.0131511
0.300895	0.04	0.0130302
0.314572	0.04	0.0128946
0.328249	0.04	0.0127414
0.341927	0.04	0.0125662
0.355604	0.04	0.0123636
0.369281	0.04	0.0121259
0.382958	0.04	0.011843
0.396635	0.04	0.0115022
0.410312	0.04	0.0110877
0.423989	0.04	0.0105811
0.437666	0.04	0.00996224
0.451343	0.04	0.0092115
0.46502	0.04	0.00831227
0.478697	0.04	0.00725476
0.492374	0.04	0.00603955
0.506051	0.04	0.00467972
0.519728	0.04	0.00319989
0.533405	0.04	0.00163075
0.547082	0.04	0
0	0.05	0.0173677
0.0142838	0.05	0.0173654
0.0285677	0.05	0.0173585
0.0428515	0.05	0.0173468
0.0571353	0.05	0.0173304
0.0714191	0.05	0.0173091
0.085703	0.05	0.0172829
0.0999868	0.05	0.0172515
0.114271	0.05	0.0172149
0.128554	0.05	0.0171727
0.142838	0.05	0.0171247
0.157122	0.05	0.0170706
0.171406	0.05	0.01701
0.18569	0.05	0.0169425
0.199974	0.05	0.0168675
0.214257	0.05	0.0167844
0.228541	0.05	0.0166925
0.242825	0.05	0.0165909
0.257109	0.05	0.0164784
0.271393	0.05	0.0163537
0.285677	0.05	0.0162149
0.29996	0.05	0.01606
0.314244	0.05	0.0158858
0.328528	0.05	0.0156886
0.342812	0.05	0.0154631
0.357096	0.05	0.0152027
0.371379	0.05	0.0148987
0.385663	0.05	0.0145399
0.399947	0.05	0.0141132
0.414231	0.05	0.0136029
0.428515	0.05	0.0129921
0.442799	0.05	0.0122637
0.457082	0.05	0.0114027
0.471366	0.05	0.0103984
0.48565	0.05	0.0092472
0.499934	0.05	0.00795398
0.514218	0.05	0.0065327
0.528502	0.05	0.00500429
0.542785	0.05	0.00339255
0.557069	0.05	0.00171913
0.571353	0.05	0
0	0.06	0.0205464
0.0148906	0.06	0.0205434
0.0297812	0.06	0.0205343
0.0446718	0.06	0.0205192
0.0595624	0.06	0.0204979
0.074453	0.06	0.0204702
0.0893435	0.06	0.0204361
0.104234	0.06	0.0203953
0.119125	0.06	0.0203475
0.134015	0.06	0.0202925
0.148906	0.06	0.0202297
0.163797	0.06	0.0201589
0.178687	0.06	0.0200794
0.193578	0.06	0.0199907
0.208468	0.06	0.0198919
0.223359	0.06	0.0197821
0.238249	0.06	0.0196602
0.25314	0.06	0.0195248
0.268031	0.06	0.0193743
0.282921	0.06	0.0192065
0.297812	0.06	0.0190187
0.312702	0.06	0.0188074
0.327593	0.06	0.018568
0.342484	0.06	0.0182949
0.357374	0.06	0.0179804
0.372265	0.06	0.0176154
0.387155	0.06	0.0171884
0.402046	0.06	0.0166862
0.416937	0.06	0.0160941
0.431827	0.06	0.0153969
0.446718	0.06	0.0145803
0.461608	0.06	0.0136327
0.476499	0.06	0.0125474
0.49139	0.06	0.0113239
0.50628	0.06	0.00996903
0.521171	0.06	0.00849629
0.536061	0.06	0.00692391
0.550952	0.06	0.00527176
0.565842	0.06	0.00355809
0.580733	0.06	0.00179739
0.595624	0.06	0
0	0.07	0.0236278
0.0154974	0.07	0.023624
0.0309947	0.07	0.0236127
0.0464921	0.07	0.0235936
0.0619894	0.07	0.0235668
0.0774868	0.07	0.023532
0.0929841	0.07	0.023489
0.108481	0.07	0.0234376
0.123979	0.07	0.0233773
0.139476	0.07	0.0233077
0.154974	0.07	0.0232284
0.170471	0.07	0.0231386
0.185968	0.07	0.0230377
0.201466	0.07	0.0229248
0.216963	0.07	0.0227987
0.23246	0.07	0.0226582
0.247958	0.07	0.0225017
0.263455	0.07	0.0223272
0.278952	0.07	0.0221323
0.29445	0.07	0.0219139
0.309947	0.07	0.0216681
0.325444	0.07	0.02139
0.340942	0.07	0.0210732
0.356439	0.07	0.02071
0.371937	0.07	0.0202908
0.387434	0.07	0.0198043
0.402931	0.07	0.0192377
0.418429	0.07	0.0185774
0.433926	0.07	0.0178097
0.449423	0.07	0.0169225
0.464921	0.07	0.0159067
0.480418	0.07	0.014758
0.495915	0.07	0.0134775
0.511413	0.07	0.0120728
0.52691	0.07	0.0105565
0.542407	0.07	0.00894486
0.557905	0.07	0.00725533
0.573402	0.07	0.00550409
0.5889	0.07	0.00370463
0.604397	0.07	0.00186731
0.619894	0.07	0
0	0.08	0.0266124
0.0161041	0.08	0.0266078
0.0322082	0.08	0.0265938
0.0483124	0.08	0.0265705
0.0644165	0.08	0.0265376
0.0805206	0.08	0.0264949
0.0966247	0.08	0.026442
0.112729	0.08	0.0263788
0.128833	0.08	0.0263045
0.144937	0.08	0.0262188
0.161041	0.08	0.0261208
0.177145	0.08	0.0260099
0.193249	0.08	0.0258848
0.209354	0.08	0.0257446
0.225458	0.08	0.0255877
0.241562	0.08	0.0254123
0.257666	0.08	0.0252164
0.27377	0.08	0.0249971
0.289874	0.08	0.0247512
0.305978	0.08	0.0244744
0.322082	0.08	0.0241616
0.338187	0.08	0.0238063
0.354291	0.08	0.0234004
0.370395	0.08	0.0229344
0.386499	0.08	0.0223975
0.402603	0.08	0.0217772
0.418707	0.08	0.021061
0.434811	0.08	0.0202365
0.450915	0.08	0.0192933
0.46702	0.08	0.0182238
0.483124	0.08	0.0170252
0.499228	0.08	0.0156995
0.515332	0.08	0.0142541
0.531436	0.08	0.0127009
0.54754	0.08	0.0110547
0.563644	0.08	0.00933117
0.579748	0.08	0.00754523
0.595853	0.08	0.00570974
0.611957	0.08	0.00383512
0.628061	0.08	0.00192963
0.644165	0.08	0
0	0.09	0.0295006
0.0167109	0.09	0.0294951
0.0334218	0.09	0.0294783
0.0501327	0.09	0.0294502
0.0668435	0.09	0.0294106
0.0835544	0.09	0.0293591
0.100265	0.09	0.0292955
0.116976	0.09	0.0292192
0.133687	0.09	0.0291296
0.150398	0.09	0.0290259
0.167109	0.09	0.0289074
0.18382	0.09	0.0287728
0.200531	0.09	0.028621
0.217242	0.09	0.0284503
0.233952	0.09	0.0282589
0.250663	0.09	0.0280444
0.267374	0.09	0.027804
0.284085	0.09	0.0275341
0.300796	0.09	0.0272305
0.317507	0.09	0.0268877
0.334218	0.09	0.0264992
0.350929	0.09	0.026057
0.36764	0.09	0.0255518
0.38435	0.09	0.024973
0.401061	0.09	0.0243089
0.417772	0.09	0.0235478
0.434483	0.09	0.0226783
0.451194	0.09	0.0216912
0.467905	0.09	0.02058
0.484616	0.09	0.0193424
0.501327	0.09	0.0179809
0.518038	0.09	0.0165026
0.534748	0.09	0.0149185
0.551459	0.09	0.0132421
0.56817	0.09	0.0114881
0.584881	0.09	0.00967043
0.601592	0.09	0.00780167
0.618303	0.09	0.00589228
0.635014	0.09	0.0039509
0.651725	0.09	0.00198475
0.668435	0.09	0
0	0.1	0.0322929
0.0173177	0.1	0.0322863
0.0346353	0.1	0.0322665
0.051953	0.1	0.0322332
0.0692706	0.1	0.0321863
0.0865883	0.1	0.0321253
0.103906	0.1	0.0320498
0.121224	0.1	0.0319592
0.138541	0.1	0.0318527
0.155859	0.1	0.0317295
0.173177	0.1	0.0315883
0.190494	0.1	0.0314278
0.207812	0.1	0.0312463
0.225129	0.1	0.031042
0.242447	0.1	0.0308123
0.259765	0.1	0.0305544
0.277082	0.1	0.0302645
0.2944	0.1	0.0299384
0.311718	0.1	0.0295705
0.329035	0.1	0.0291544
0.346353	0.1	0.0286823
0.363671	0.1	0.0281451
0.380988	0.1	0.0275325
0.398306	0.1	0.0268336
0.415624	0.1	0.0260373
0.432941	0.1	0.0251331
0.450259	0.1	0.0241123
0.467577	0.1	0.0229693
0.484894	0.1	0.021702
0.502212	0.1	0.0203128
0.51953	0.1	0.0188082
0.536847	0.1	0.0171986
0.554165	0.1	0.0154965
0.571483	0.1	0.0137156
0.5888	0.1	0.0118694
0.606118	0.1	0.00997009
0.623435	0.1	0.00802843
0.640753	0.1	0.00605341
0.658071	0.1	0.00405268
0.675388	0.1	0.00203291
0.692706	0.1	0
0	0.11	0.0349897
0.0179244	0.11	0.034982
0.0358488	0.11	0.0349588
0.0537733	0.11	0.0349199
0.0716977	0.11	0.0348651
0.0896221	0.11	0.0347937
0.107547	0.11	0.0347054
0.125471	0.11	0.0345993
0.143395	0.11	0.0344745
0.16132	0.11	0.0343298
0.179244	0.11	0.0341639
0.197169	0.11	0.0339751
0.215093	0.11	0.0337613
0.233017	0.11	0.0335201
0.250942	0.11	0.0332484
0.268866	0.11	0.0329428
0.286791	0.11	0.0325986
0.304715	0.11	0.0322107
0.32264	0.11	0.0317725
0.340564	0.11	0.0312766
0.358488	0.11	0.0307141
0.376413	0.11	0.0300753
0.394337	0.11	0.0293497
0.412262	0.11	0.0285268
0.430186	0.11	0.0275967
0.44811	0.11	0.0265512
0.466035	0.11	0.025385
0.483959	0.11	0.0240959
0.501884	0.11	0.0226861
0.519808	0.11	0.0211615
0.537733	0.11	0.0195315
0.555657	0.11	0.017808
0.573581	0.11	0.0160039
0.591506	0.11	0.0141323
0.60943	0.11	0.0122054
0.627355	0.11	0.0102339
0.645279	0.11	0.00822744
0.663203	0.11	0.00619403
0.681128	0.11	0.00414084
0.699052	0.11	0.00207424
0.716977	0.11	0
0	0.12	0.0375913
0.0185312	0.12	0.0375824
0.0370624	0.12	0.0375556
0.0555935	0.12	0.0375107
0.0741247	0.12	0.0374473
0.0926559	0.12	0.0373649
0.111187	0.12	0.0372627
0.129718	0.12	0.0371398
0.148249	0.12	0.0369952
0.166781	0.12	0.0368274
0.185312	0.12	0.0366348
0.203843	0.12	0.0364152
0.222374	0.12	0.0361663
0.240905	0.12	0.035885
0.259437	0.12	0.0355678
0.277968	0.12	0.0352102
0.296499	0.12	0.0348072
0.31503	0.12	0.0343524
0.333561	0.12	0.0338385
0.352092	0.12	0.0332571
0.370624	0.12	0.032599
0.389155	0.12	0.031854
0.407686	0.12	0.0310122
0.426217	0.12	0.030064
0.444748	0.12	0.0290017
0.46328	0.12	0.0278197
0.481811	0.12	0.026516
0.500342	0.12	0.025092
0.518873	0.12	0.0235531
0.537404	0.12	0.0219079
0.555935	0.12	0.0201673
0.574467	0.12	0.0183439
0.592998	0.12	0.0164502
0.611529	0.12	0.0144985
0.63006	0.12	0.0124998
0.648591	0.12	0.010464
0.667123	0.12	0.0083997
0.685654	0.12	0.00631462
0.704185	0.12	0.00421556
0.722716	0.12	0.00210878
0.741247	0.12	0
0	0.13	0.0400982
0.0191379	0.13	0.040088
0.0382759	0.13	0.0400574
0.0574138	0.13	0.040006
0.0765518	0.13	0.0399335
0.0956897	0.13	0.0398391
0.114828	0.13	0.039722
0.133966	0.13	0.0395812
0.153104	0.13	0.0394153
0.172242	0.13	0.0392227
0.191379	0.13	0.0390013
0.210517	0.13	0.0387486
0.229655	0.13	0.0384619
0.248793	0.13	0.0381375
0.267931	0.13	0.0377711
0.287069	0.13	0.0373578
0.306207	0.13	0.0368916
0.325345	0.13	0.0363653
0.344483	0.13	0.0357711
0.363621	0.13	0.0350998
0.382759	0.13	0.0343421
0.401897	0.13	0.0334882
0.421035	0.13	0.0325291
0.440173	0.13	0.0314568
0.459311	0.13	0.030266
0.478449	0.13	0.0289541
0.497587	0.13	0.027522
0.516725	0.13	0.0259743
0.535863	0.13	0.0243187
0.555	0.13	0.0225655
0.574138	0.13	0.0207266
0.593276	0.13	0.0188143
0.612414	0.13	0.0168408
0.631552	0.13	0.0148174
0.65069	0.13	0.0127545
0.669828	0.13	0.0106612
0.688966	0.13	0.00854573
0.708104	0.13	0.00641538
0.727242	0.13	0.00427692
0.74638	0.13	0.00213654
0.765518	0.13	0
0	0.14	0.0425107
0.0197447	0.14	0.0424992
0.0394894	0.14	0.0424644
0.0592341	0.14	0.0424062
0.0789789	0.14	0.0423239
0.0987236	0.14	0.0422168
0.118468	0.14	0.0420839
0.138213	0.14	0.041924
0.157958	0.14	0.0417354
0.177702	0.14	0.0415161
0.197447	0.14	0.041264
0.217192	0.14	0.040976
0.236937	0.14	0.0406488
0.256681	0.14	0.0402783
0.276426	0.14	0.0398595
0.296171	0.14	0.0393869
0.315915	0.14	0.0388535
0.33566	0.14	0.0382519
0.355405	0.14	0.0375735
0.37515	0.14	0.0368091
0.394894	0.14	0.0359494
0.414639	0.14	0.0349855
0.434384	0.14	0.0339097
0.454128	0.14	0.0327162
0.473873	0.14	0.0314021
0.493618	0.14	0.0299676
0.513363	0.14	0.0284164
0.533107	0.14	0.0267554
0.552852	0.14	0.0249941
0.572597	0.14	0.0231437
0.592341	0.14	0.0212164
0.612086	0.14	0.0192243
0.631831	0.14	0.017179
0.651576	0.14	0.0150913
0.67132	0.14	0.0129708
0.691065	0.14	0.0108263
0.71081	0.14	0.00866575
0.730554	0.14	0.00649638
0.750299	0.14	0.00432488
0.770044	0.14	0.00215748
0.789789	0.14	0
0	0.15	0.0448292
0.0203515	0.15	0.0448162
0.040703	0.15	0.0447772
0.0610544	0.15	0.0447116
0.0814059	0.15	0.044619
0.101757	0.15	0.0444984
0.122109	0.15	0.0443487
0.14246	0.15	0.0441685
0.162812	0.15	0.0439557
0.183163	0.15	0.0437083
0.203515	0.15	0.0434235
0.223866	0.15	0.0430979
0.244218	0.15	0.0427278
0.264569	0.15	0.0423083
0.284921	0.15	0.0418342
0.305272	0.15	0.0412988
0.325624	0.15	0.0406951
0.345975	0.15	0.0400148
0.366327	0.15	0.0392493
0.386678	0.15	0.0383895
0.40703	0.15	0.0374266
0.427381	0.15	0.036353
0.447733	0.15	0.0351627
0.468084	0.15	0.033852
0.488435	0.15	0.0324206
0.508787	0.15	0.0308711
0.529138	0.15	0.0292096
0.54949	0.15	0.0274447
0.569841	0.15	0.0255871
0.590193	0.15	0.0236485
0.610544	0.15	0.0216412
0.630896	0.15	0.0195769
0.651247	0.15	0.0174667
0.671599	0.15	0.015321
0.69195	0.15	0.013149
0.712302	0.15	0.0109593
0.732653	0.15	0.00875977
0.753005	0.15	0.00655753
0.773356	0.15	0.00435935
0.793708	0.15	0.00217154
0.814059	0.15	0
0	0.16	0.0470541
0.0209582	0.16	0.0470396
0.0419165	0.16	0.0469959
0.0628747	0.16	0.0469227
0.083833	0.16	0.0468192
0.104791	0.16	0.0466844
0.125749	0.16	0.0465169
0.146708	0.16	0.0463152
0.167666	0.16	0.046077
0.188624	0.16	0.0457998
0.209582	0.16	0.0454804
0.230541	0.16	0.0451152
0.251499	0.16	0.0446997
0.272457	0.16	0.0442288
0.293415	0.16	0.0436963
0.314374	0.16	0.0430955
0.335332	0.16	0.0424185
0.35629	0.16	0.041657
0.377248	0.16	0.0408023
0.398207	0.16	0.0398458
0.419165	0.16	0.0387798
0.440123	0.16	0.0375979
0.461081	0.16	0.036296
0.48204	0.16	0.0348729
0.502998	0.16	0.0333303
0.523956	0.16	0.0316732
0.544914	0.16	0.0299095
0.565873	0.16	0.028049
0.586831	0.16	0.0261032
0.607789	0.16	0.0240842
0.628747	0.16	0.0220039
0.649706	0.16	0.0198739
0.670664	0.16	0.017705
0.691622	0.16	0.0155071
0.71258	0.16	0.0132894
0.733539	0.16	0.0110603
0.754497	0.16	0.00882767
0.775455	0.16	0.00659868
0.796413	0.16	0.0043802
0.817372	0.16	0.00217863
0.83833	0.16	0
0	0.17	0.0491856
0.021565	0.17	0.0491695
0.04313	0.17	0.049121
0.064695	0.17	0.0490397
0.08626	0.17	0.0489248
0.107825	0.17	0.048775
0.12939	0.17	0.0485889
0.150955	0.17	0.0483646
0.17252	0.17	0.0480996
0.194085	0.17	0.047791
0.21565	0.17	0.0474354
0.237215	0.17	0.0470285
0.25878	0.17	0.0465655
0.280345	0.17	0.0460407
0.30191	0.17	0.0454475
0.323475	0.17	0.0447786
0.34504	0.17	0.0440261
0.366605	0.17	0.0431814
0.38817	0.17	0.0422362
0.409735	0.17	0.0411827
0.4313	0.17	0.0400143
0.452865	0.17	0.0387263
0.47443	0.17	0.0373165
0.495995	0.17	0.0357858
0.51756	0.17	0.0341382
0.539125	0.17	0.0323804
0.56069	0.17	0.0305217
0.582255	0.17	0.028573
0.60382	0.17	0.0265461
0.625385	0.17	0.0244532
0.64695	0.17	0.0223062
0.668515	0.17	0.0201164
0.69008	0.17	0.0178943
0.711645	0.17	0.0156498
0.73321	0.17	0.013392
0.754775	0.17	0.0111291
0.77634	0.17	0.00886925
0.797905	0.17	0.00661965
0.81947	0.17	0.00438728
0.841035	0.17	0.00217866
0.8626	0.17	0
0	0.18	0.0512242
0.0221718	0.18	0.0512064
0.0443435	0.18	0.0511529
0.0665153	0.18	0.0510631
0.0886871	0.18	0.0509362
0.110859	0.18	0.0507707
0.133031	0.18	0.0505651
0.155202	0.18	0.0503171
0.177374	0.18	0.0500241
0.199546	0.18	0.0496827
0.221718	0.18	0.0492892
0.24389	0.18	0.0488388
0.266061	0.18	0.0483262
0.288233	0.18	0.0477453
0.310405	0.18	0.0470892
0.332577	0.18	0.0463502
0.354748	0.18	0.0455202
0.37692	0.18	0.044591
0.399092	0.18	0.0435548
0.421264	0.18	0.0424046
0.443435	0.18	0.0411352
0.465607	0.18	0.0397438
0.487779	0.18	0.03823
0.509951	0.18	0.0365968
0.532123	0.18	0.03485
0.554294	0.18	0.0329978
0.576466	0.18	0.0310506
0.598638	0.18	0.02902
0.62081	0.18	0.0269181
0.642981	0.18	0.0247572
0.665153	0.18	0.022549
0.687325	0.18	0.0203047
0.709497	0.18	0.0180348
0.731669	0.18	0.015749
0.75384	0.18	0.0134564
0.776012	0.18	0.0111655
0.798184	0.18	0.00888424
0.820356	0.18	0.00662019
0.842527	0.18	0.0043804
0.864699	0.18	0.00217155
0.886871	0.18	0
0	0.19	0.05317
0.0227785	0.19	0.0531505
0.0455571	0.19	0.0530917
0.0683356	0.19	0.0529932
0.0911142	0.19	0.0528537
0.113893	0.19	0.052672
0.136671	0.19	0.052446
0.15945	0.19	0.0521733
0.182228	0.19	0.051851
0.205007	0.19	0.0514755
0.227785	0.19	0.0510424
0.250564	0.19	0.0505467
0.273342	0.19	0.0499828
0.296121	0.19	0.0493439
0.3189	0.19	0.048623
0.341678	0.19	0.0478121
0.364457	0.19	0.0469033
0.387235	0.19	0.0458888
0.410014	0.19	0.0447614
0.432792	0.19	0.0435154
0.455571	0.19	0.042147
0.478349	0.19	0.0406551
0.501128	0.19	0.0390414
0.523906	0.19	0.0373105
0.546685	0.19	0.0354698
0.569463	0.19	0.033529
0.592242	0.19	0.031499
0.615021	0.19	0.0293922
0.637799	0.19	0.0272207
0.660578	0.19	0.024997
0.683356	0.19	0.0227327
0.706135	0.19	0.020439
0.728913	0.19	0.0181263
0.751692	0.19	0.0158043
0.77447	0.19	0.0134824
0.797249	0.19	0.011169
0.820027	0.19	0.00887234
0.842806	0.19	0.00660005
0.865585	0.19	0.00435939
0.888363	0.19	0.0021572
0.911142	0.19	0
0	0.2	0.0550235
0.0233853	0.2	0.0550022
0.0467706	0.2	0.0549379
0.0701559	0.2	0.0548302
0.0935412	0.2	0.0546778
0.116927	0.2	0.054479
0.140312	0.2	0.0542319
0.163697	0.2	0.0539336
0.187082	0.2	0.0535809
0.210468	0.2	0.0531698
0.233853	0.2	0.0526958
0.257238	0.2	0.0521533
0.280624	0.2	0.0515362
0.304009	0.2	0.0508377
0.327394	0.2	0.0500503
0.35078	0.2	0.0491663
0.374165	0.2	0.0481777
0.39755	0.2	0.0470774
0.420935	0.2	0.0458592
0.444321	0.2	0.0445186
0.467706	0.2	0.0430534
0.491091	0.2	0.0414642
0.514477	0.2	0.0397545
0.537862	0.2	0.0379305
0.561247	0.2	0.036001
0.584633	0.2	0.0339765
0.608018	0.2	0.031869
0.631403	0.2	0.0296909
0.654789	0.2	0.0274548
0.678174	0.2	0.0251731
0.701559	0.2	0.0228574
0.724944	0.2	0.0205191
0.74833	0.2	0.0181684
0.771715	0.2	0.0158155
0.7951	0.2	0.0134696
0.818486	0.2	0.0111394
0.841871	0.2	0.00883322
0.865256	0.2	0.00655899
0.888642	0.2	0.00432408
0.912027	0.2	0.00213553
0.935412	0.2	0
0	0.21	0.0567848
0.0239921	0.21	0.0567616
0.0479841	0.21	0.0566918
0.0719762	0.21	0.0565745
0.0959683	0.21	0.0564086
0.11996	0.21	0.0561923
0.143952	0.21	0.0559232
0.167944	0.21	0.0555984
0.191937	0.21	0.0552142
0.215929	0.21	0.0547665
0.239921	0.21	0.0542501
0.263913	0.21	0.0536593
0.287905	0.21	0.0529876
0.311897	0.21	0.0522279
0.335889	0.21	0.0513728
0.359881	0.21	0.0504145
0.383873	0.21	0.0493455
0.407865	0.21	0.0481595
0.431857	0.21	0.0468512
0.455849	0.21	0.0454175
0.479841	0.21	0.0438578
0.503833	0.21	0.0421744
0.527826	0.21	0.0403724
0.551818	0.21	0.0384595
0.57581	0.21	0.0364456
0.599802	0.21	0.0343422
0.623794	0.21	0.0321617
0.647786	0.21	0.029917
0.671778	0.21	0.0276207
0.69577	0.21	0.0252854
0.719762	0.21	0.022923
0.743754	0.21	0.0205446
0.767746	0.21	0.0181609
0.791738	0.21	0.0157821
0.81573	0.21	0.0134175
0.839722	0.21	0.0110762
0.863715	0.21	0.00876657
0.887707	0.21	0.00649675
0.911699	0.21	0.00427431
0.935691	0.21	0.00210645
0.959683	0.21	0
0	0.22	0.0584544
0.0245988	0.22	0.0584292
0.0491977	0.22	0.0583535
0.0737965	0.22	0.0582264
0.0983953	0.22	0.0580467
0.122994	0.22	0.0578122
0.147593	0.22	0.0575204
0.172192	0.22	0.0571682
0.196791	0.22	0.0567516
0.22139	0.22	0.0562659
0.245988	0.22	0.0557059
0.270587	0.22	0.0550655
0.295186	0.22	0.0543379
0.319785	0.22	0.0535158
0.344384	0.22	0.0525918
0.368983	0.22	0.0515584
0.393581	0.22	0.0504088
0.41818	0.22	0.0491372
0.442779	0.22	0.0477397
0.467378	0.22	0.0462146
0.491977	0.22	0.0445629
0.516576	0.22	0.0427883
0.541174	0.22	0.0408976
0.565773	0.22	0.0388997
0.590372	0.22	0.0368055
0.614971	0.22	0.0346272
0.63957	0.22	0.0323779
0.664169	0.22	0.0300707
0.688767	0.22	0.0277184
0.713366	0.22	0.0253339
0.737965	0.22	0.022929
0.762564	0.22	0.0205151
0.787163	0.22	0.0181033
0.811762	0.22	0.0157036
0.83636	0.22	0.0133258
0.860959	0.22	0.010979
0.885558	0.22	0.00867206
0.910157	0.22	0.00641309
0.934756	0.22	0.00420991
0.959355	0.22	0.0020699
0.983953	0.22	0
0	0.23	0.0600323
0.0252056	0.23	0.0600051
0.0504112	0.23	0.0599234
0.0756168	0.23	0.0597862
0.100822	0.23	0.0595921
0.126028	0.23	0.059339
0.151234	0.23	0.0590239
0.176439	0.23	0.0586434
0.201645	0.23	0.0581934
0.22685	0.23	0.0576689
0.252056	0.23	0.0570641
0.277262	0.23	0.0563728
0.302467	0.23	0.0555881
0.327673	0.23	0.0547025
0.352878	0.23	0.0537088
0.378084	0.23	0.0525997
0.40329	0.23	0.0513693
0.428495	0.23	0.0500126
0.453701	0.23	0.048527
0.478906	0.23	0.0469122
0.504112	0.23	0.0451707
0.529318	0.23	0.0433079
0.554523	0.23	0.0413317
0.579729	0.23	0.0392523
0.604934	0.23	0.0370815
0.63014	0.23	0.0348322
0.655346	0.23	0.0325179
0.680551	0.23	0.030152
0.705757	0.23	0.0277478
0.730962	0.23	0.025318
0.756168	0.23	0.0228749
0.781374	0.23	0.0204302
0.806579	0.23	0.0179949
0.831785	0.23	0.0155795
0.85699	0.23	0.0131939
0.882196	0.23	0.0108476
0.907402	0.23	0.00854939
0.932607	0.23	0.0063078
0.957813	0.23	0.00413077
0.983018	0.23	0.0020258
1.00822	0.23	0
0	0.24	0.0615188
0.0258124	0.24	0.0614896
0.0516247	0.24	0.0614017
0.0774371	0.24	0.0612542
0.103249	0.24	0.0610454
0.129062	0.24	0.060773
0.154874	0.24	0.060434
0.180687	0.24	0.0600245
0.206499	0.24	0.0595402
0.232311	0.24	0.0589758
0.258124	0.24	0.0583253
0.283936	0.24	0.0575821
0.309748	0.24	0.0567391
0.335561	0.24	0.0557891
0.361373	0.24	0.0547249
0.387185	0.24	0.0535399
0.412998	0.24	0.0522286
0.43881	0.24	0.0507875
0.464623	0.24	0.0492149
0.490435	0.24	0.0475121
0.516247	0.24	0.0456831
0.54206	0.24	0.0437346
0.567872	0.24	0.0416759
0.593684	0.24	0.0395183
0.619497	0.24	0.0372743
0.645309	0.24	0.0349574
0.671122	0.24	0.0325816
0.696934	0.24	0.0301607
0.722746	0.24	0.0277082
0.748559	0.24	0.0252372
0.774371	0.24	0.0227602
0.800183	0.24	0.0202891
0.825996	0.24	0.0178352
0.851808	0.24	0.0154093
0.87762	0.24	0.0130214
0.903433	0.24	0.0106814
0.929245	0.24	0.00839829
0.955058	0.24	0.00618069
0.98087	0.24	0.00403675
1.00668	0.24	0.00197412
1.03249	0.24	0
0	0.25	0.0629142
0.0264191	0.25	0.0628828
0.0528383	0.25	0.0627886
0.0792574	0.25	0.0626305
0.105677	0.25	0.0624067
0.132096	0.25	0.0621146
0.158515	0.25	0.061751
0.184934	0.25	0.0613119
0.211353	0.25	0.0607925
0.237772	0.25	0.0601873
0.264191	0.25	0.05949
0.29061	0.25	0.0586939
0.31703	0.25	0.0577919
0.343449	0.25	0.0567767
0.369868	0.25	0.0556414
0.396287	0.25	0.0543801
0.422706	0.25	0.0529883
0.449125	0.25	0.0514632
0.475544	0.25	0.0498048
0.501963	0.25	0.0480157
0.528383	0.25	0.0461013
0.554802	0.25	0.0440696
0.581221	0.25	0.0419312
0.60764	0.25	0.0396982
0.634059	0.25	0.037384
0.660478	0.25	0.0350028
0.686897	0.25	0.0325688
0.713317	0.25	0.0300964
0.739736	0.25	0.0275994
0.766155	0.25	0.0250911
0.792574	0.25	0.0225843
0.818993	0.25	0.0200913
0.845412	0.25	0.0176237
0.871831	0.25	0.0151925
0.89825	0.25	0.012808
0.92467	0.25	0.0104803
0.951089	0.25	0.00821852
0.977508	0.25	0.0060316
1.00393	0.25	0.00392777
1.03035	0.25	0.00191482
1.05677	0.25	0
0	0.26	0.0642186
0.0270259	0.26	0.0641851
0.0540518	0.26	0.0640845
0.0810777	0.26	0.0639155
0.108104	0.26	0.0636762
0.135129	0.26	0.063364
0.162155	0.26	0.0629754
0.189181	0.26	0.062506
0.216207	0.26	0.0619508
0.243233	0.26	0.061304
0.270259	0.26	0.0605591
0.297285	0.26	0.0597092
0.324311	0.26	0.0587472
0.351337	0.26	0.0576661
0.378363	0.26	0.0564593
0.405388	0.26	0.0551216
0.432414	0.26	0.0536494
0.45944	0.26	0.0520411
0.486466	0.26	0.0502981
0.513492	0.26	0.0484241
0.540518	0.26	0.0464262
0.567544	0.26	0.0443136
0.59457	0.26	0.0420979
0.621596	0.26	0.0397921
0.648622	0.26	0.0374106
0.675647	0.26	0.034968
0.702673	0.26	0.032479
0.729699	0.26	0.0299585
0.756725	0.26	0.0274205
0.783751	0.26	0.0248788
0.810777	0.26	0.0223465
0.837803	0.26	0.0198363
0.864829	0.26	0.0173599
0.891855	0.26	0.0149286
0.91888	0.26	0.0125532
0.945906	0.26	0.0102438
0.972932	0.26	0.00800986
0.999958	0.26	0.00586038
1.02698	0.26	0.00380376
1.05401	0.26	0.00184786
1.08104	0.26	0
0	0.27	0.0654323
0.0276327	0.27	0.0653966
0.0552653	0.27	0.0652894
0.082898	0.27	0.0651093
0.110531	0.27	0.0648544
0.138163	0.27	0.0645217
0.165796	0.27	0.0641075
0.193429	0.27	0.0636072
0.221061	0.27	0.0630154
0.248694	0.27	0.0623262
0.276327	0.27	0.0615329
0.303959	0.27	0.0606285
0.331592	0.27	0.0596059
0.359225	0.27	0.0584582
0.386857	0.27	0.0571796
0.41449	0.27	0.0557654
0.442123	0.27	0.054213
0.469755	0.27	0.0525222
0.497388	0.27	0.0506954
0.525021	0.27	0.0487381
0.552653	0.27	0.0466584
0.580286	0.27	0.0444668
0.607919	0.27	0.0421761
0.635551	0.27	0.0398001
0.663184	0.27	0.0373538
0.690817	0.27	0.0348526
0.718449	0.27	0.0323117
0.746082	0.27	0.0297463
0.773715	0.27	0.0271709
0.801347	0.27	0.0245997
0.82898	0.27	0.0220462
0.856613	0.27	0.0195233
0.884245	0.27	0.0170431
0.911878	0.27	0.0146173
0.93951	0.27	0.0122567
0.967143	0.27	0.00997177
0.994776	0.27	0.00777214
1.02241	0.27	0.00566694
1.05004	0.27	0.00366468
1.07767	0.27	0.00177325
1.10531	0.27	0
0	0.28	0.0665554
0.0282394	0.28	0.0665175
0.0564789	0.28	0.0664035
0.0847183	0.28	0.0662122
0.112958	0.28	0.0659413
0.141197	0.28	0.0655878
0.169437	0.28	0.0651475
0.197676	0.28	0.0646158
0.225915	0.28	0.0639869
0.254155	0.28	0.0632547
0.282394	0.28	0.0624122
0.310634	0.28	0.0614525
0.338873	0.28	0.0603685
0.367113	0.28	0.0591538
0.395352	0.28	0.057803
0.423591	0.28	0.0563122
0.451831	0.28	0.0546799
0.48007	0.28	0.0529071
0.50831	0.28	0.0509976
0.536549	0.28	0.0489582
0.564789	0.28	0.0467982
0.593028	0.28	0.0445295
0.621267	0.28	0.0421657
0.649507	0.28	0.0397217
0.677746	0.28	0.0372132
0.705986	0.28	0.034656
0.734225	0.28	0.0320661
0.762465	0.28	0.0294591
0.790704	0.28	0.0268499
0.818943	0.28	0.0242532
0.847183	0.28	0.0216828
0.875422	0.28	0.0191518
0.903662	0.28	0.016673
0.931901	0.28	0.014258
0.960141	0.28	0.0119182
0.98838	0.28	0.00966397
1.01662	0.28	0.00750524
1.04486	0.28	0.00545122
1.0731	0.28	0.00351049
1.10134	0.28	0.00169099
1.12958	0.28	0
0	0.29	0.067588
0.0288462	0.29	0.0675479
0.0576924	0.29	0.0674272
0.0865386	0.29	0.0672244
0.115385	0.29	0.0669373
0.144231	0.29	0.0665626
0.173077	0.29	0.0660959
0.201923	0.29	0.0655322
0.23077	0.29	0.0648657
0.259616	0.29	0.0640898
0.288462	0.29	0.0631975
0.317308	0.29	0.0621818
0.346154	0.29	0.0610358
0.375	0.29	0.0597536
0.403847	0.29	0.0583302
0.432693	0.29	0.0567627
0.461539	0.29	0.0550508
0.490385	0.29	0.0531965
0.519231	0.29	0.051205
0.548078	0.29	0.0490845
0.576924	0.29	0.0468457
0.60577	0.29	0.0445014
0.634616	0.29	0.0420665
0.663462	0.29	0.0395566
0.692309	0.29	0.0369881
0.721155	0.29	0.0343776
0.750001	0.29	0.0317416
0.778847	0.29	0.0290961
0.807693	0.29	0.0264568
0.83654	0.29	0.0238385
0.865386	0.29	0.0212555
0.894232	0.29	0.0187214
0.923078	0.29	0.0162491
0.951924	0.29	0.0138506
0.980771	0.29	0.0115374
1.00962	0.29	0.00932024
1.03846	0.29	0.00720906
1.06731	0.29	0.00521319
1.09616	0.29	0.00334123
1.125	0.29	0.0016011
1.15385	0.29	0
0	0.3	0.0685304
0.029453	0.3	0.068488
0.0589059	0.3	0.0683604
0.0883589	0.3	0.0681461
0.117812	0.3	0.0678426
0.147265	0.3	0.0674464
0.176718	0.3	0.0669529
0.206171	0.3	0.0663568
0.235624	0.3	0.0656521
0.265077	0.3	0.0648319
0.29453	0.3	0.0638892
0.323983	0.3	0.0628169
0.353435	0.3	0.0616084
0.382888	0.3	0.0602581
0.412341	0.3	0.0587618
0.441794	0.3	0.0571175
0.471247	0.3	0.055326
0.5007	0.3	0.0533906
0.530153	0.3	0.0513178
0.559606	0.3	0.0491172
0.589059	0.3	0.0468007
0.618512	0.3	0.0443823
0.647965	0.3	0.0418779
0.677418	0.3	0.039304
0.706871	0.3	0.0366777
0.736324	0.3	0.0340165
0.765777	0.3	0.0313372
0.79523	0.3	0.0286566
0.824683	0.3	0.0259907
0.854136	0.3	0.0233549
0.883589	0.3	0.0207638
0.913042	0.3	0.0182315
0.942495	0.3	0.0157709
0.971948	0.3	0.0133946
1.0014	0.3	0.0111142
1.03085	0.3	0.00894047
1.06031	0.3	0.00688357
1.08976	0.3	0.00495285
1.11921	0.3	0.00315692
1.14867	0.3	0.00150362
1.17812	0.3	0
0	0.31	0.0693827
0.0300597	0.31	0.069338
0.0601194	0.31	0.0692034
0.0901792	0.31	0.0689774
0.120239	0.31	0.0686573
0.150299	0.31	0.0682394
0.180358	0.31	0.0677188
0.210418	0.31	0.06709
0.240478	0.31	0.0663465
0.270538	0.31	0.0654815
0.300597	0.31	0.0644878
0.330657	0.31	0.0633583
0.360717	0.31	0.0620867
0.390776	0.31	0.0606678
0.420836	0.31	0.0590982
0.450896	0.31	0.057377
0.480956	0.31	0.0555059
0.511015	0.31	0.0534896
0.541075	0.31	0.0513361
0.571135	0.31	0.0490561
0.601194	0.31	0.0466629
0.631254	0.31	0.0441717
0.661314	0.31	0.0415993
0.691374	0.31	0.0389632
0.721433	0.31	0.0362814
0.751493	0.31	0.0335718
0.781553	0.31	0.0308522
0.811613	0.31	0.0281398
0.841672	0.31	0.025451
0.871732	0.31	0.0228018
0.901792	0.31	0.0202073
0.931851	0.31	0.0176816
0.961911	0.31	0.0152383
0.991971	0.31	0.0128899
1.02203	0.31	0.0106484
1.05209	0.31	0.0085246
1.08215	0.31	0.00652877
1.11221	0.31	0.00467026
1.14227	0.31	0.00295764
1.17233	0.31	0.00139862
1.20239	0.31	0
0	0.32	0.0701449
0.0306665	0.32	0.0700979
0.061333	0.32	0.0699563
0.0919995	0.32	0.0697186
0.122666	0.32	0.0693817
0.153332	0.32	0.0689419
0.183999	0.32	0.0683939
0.214665	0.32	0.0677319
0.245332	0.32	0.0669494
0.275998	0.32	0.066039
0.306665	0.32	0.0649937
0.337331	0.32	0.0638064
0.367998	0.32	0.0624711
0.398664	0.32	0.0609831
0.429331	0.32	0.0593399
0.459997	0.32	0.0575414
0.490664	0.32	0.0555905
0.52133	0.32	0.0534935
0.551997	0.32	0.0512596
0.582663	0.32	0.0489008
0.61333	0.32	0.0464317
0.643996	0.32	0.0438689
0.674663	0.32	0.04123
0.705329	0.32	0.0385335
0.735996	0.32	0.0357982
0.766662	0.32	0.0330429
0.797329	0.32	0.0302858
0.827995	0.32	0.0275449
0.858662	0.32	0.0248371
0.889328	0.32	0.0221787
0.919995	0.32	0.0195853
0.950661	0.32	0.0170714
0.981328	0.32	0.0146508
1.01199	0.32	0.0123363
1.04266	0.32	0.0101399
1.07333	0.32	0.00807262
1.10399	0.32	0.00614471
1.13466	0.32	0.00436552
1.16533	0.32	0.0027435
1.19599	0.32	0.00128619
1.22666	0.32	0
0	0.33	0.0708173
0.0312733	0.33	0.0707678
0.0625465	0.33	0.0706193
0.0938198	0.33	0.0703697
0.125093	0.33	0.070016
0.156366	0.33	0.069554
0.18764	0.33	0.0689784
0.218913	0.33	0.0682831
0.250186	0.33	0.067461
0.281459	0.33	0.0665048
0.312733	0.33	0.0654073
0.344006	0.33	0.0641617
0.375279	0.33	0.062762
0.406552	0.33	0.0612044
0.437826	0.33	0.0594869
0.469099	0.33	0.0576107
0.500372	0.33	0.05558
0.531645	0.33	0.0534022
0.562919	0.33	0.051088
0.594192	0.33	0.0486509
0.625465	0.33	0.0461067
0.656738	0.33	0.0434732
0.688012	0.33	0.0407691
0.719285	0.33	0.0380139
0.750558	0.33	0.0352273
0.781831	0.33	0.0324287
0.813105	0.33	0.0296372
0.844378	0.33	0.0268711
0.875651	0.33	0.0241481
0.906924	0.33	0.021485
0.938198	0.33	0.0188975
0.969471	0.33	0.0164006
1.00074	0.33	0.0140084
1.03202	0.33	0.0117337
1.06329	0.33	0.00958872
1.09456	0.33	0.0075846
1.12584	0.33	0.00573152
1.15711	0.33	0.00403878
1.18838	0.33	0.00251467
1.21966	0.33	0.00116645
1.25093	0.33	0
0	0.34	0.0713998
0.03188	0.34	0.071348
0.06376	0.34	0.0711923
0.0956401	0.34	0.0709309
0.12752	0.34	0.0705603
0.1594	0.34	0.0700761
0.19128	0.34	0.0694727
0.22316	0.34	0.0687436
0.25504	0.34	0.0678816
0.28692	0.34	0.0668792
0.3188	0.34	0.0657291
0.35068	0.34	0.0644244
0.38256	0.34	0.0629598
0.41444	0.34	0.0613318
0.44632	0.34	0.0595395
0.4782	0.34	0.0575852
0.51008	0.34	0.0554741
0.54196	0.34	0.0532153
0.57384	0.34	0.0508209
0.60572	0.34	0.0483057
0.6376	0.34	0.045687
0.66948	0.34	0.0429837
0.70136	0.34	0.0402157
0.73324	0.34	0.0374035
0.76512	0.34	0.0345677
0.797	0.34	0.0317284
0.82888	0.34	0.0289055
0.86076	0.34	0.0261179
0.892641	0.34	0.0233837
0.924521	0.34	0.0207201
0.956401	0.34	0.0181435
0.988281	0.34	0.015669
1.02016	0.34	0.0133107
1.05204	0.34	0.011082
1.08392	0.34	0.0089949
1.1158	0.34	0.00706064
1.14768	0.34	0.00528937
1.17956	0.34	0.00369024
1.21144	0.34	0.00227138
1.24332	0.34	0.00103961
1.2752	0.34	0
0	0.35	0.0718925
0.0324868	0.35	0.0718384
0.0649736	0.35	0.0716757
0.0974604	0.35	0.0714023
0.129947	0.35	0.0710147
0.162434	0.35	0.0705082
0.194921	0.35	0.0698769
0.227407	0.35	0.0691139
0.259894	0.35	0.0682117
0.292381	0.35	0.0671626
0.324868	0.35	0.0659592
0.357355	0.35	0.0645949
0.389841	0.35	0.0630646
0.422328	0.35	0.0613655
0.454815	0.35	0.0594977
0.487302	0.35	0.0574645
0.519789	0.35	0.0552726
0.552275	0.35	0.0529325
0.584762	0.35	0.0504577
0.617249	0.35	0.0478646
0.649736	0.35	0.0451719
0.682222	0.35	0.0423996
0.714709	0.35	0.039569
0.747196	0.35	0.0367015
0.779683	0.35	0.0338185
0.81217	0.35	0.0309412
0.844656	0.35	0.02809
0.877143	0.35	0.0252844
0.90963	0.35	0.0225431
0.942117	0.35	0.0198838
0.974604	0.35	0.017323
1.00709	0.35	0.0148762
1.03958	0.35	0.0125579
1.07206	0.35	0.0103812
1.10455	0.35	0.00835855
1.13704	0.35	0.00650093
1.16952	0.35	0.00481848
1.20201	0.35	0.00332021
1.2345	0.35	0.00201393
1.26698	0.35	0.00090591
1.29947	0.35	0
0	0.36	0.0722956
0.0330935	0.36	0.0722391
0.0661871	0.36	0.0720694
0.0992806	0.36	0.0717841
0.132374	0.36	0.0713796
0.165468	0.36	0.0708507
0.198561	0.36	0.0701913
0.231655	0.36	0.0693942
0.264748	0.36	0.0684515
0.297842	0.36	0.0673553
0.330935	0.36	0.0660981
0.364029	0.36	0.0646734
0.397123	0.36	0.0630767
0.430216	0.36	0.0613057
0.46331	0.36	0.0593615
0.496403	0.36	0.0572486
0.529497	0.36	0.0549752
0.56259	0.36	0.0525532
0.595684	0.36	0.0499977
0.628777	0.36	0.0473268
0.661871	0.36	0.0445603
0.694965	0.36	0.0417199
0.728058	0.36	0.0388279
0.761152	0.36	0.0359067
0.794245	0.36	0.0329789
0.827339	0.36	0.0300662
0.860432	0.36	0.0271899
0.893526	0.36	0.0243701
0.926619	0.36	0.0216259
0.959713	0.36	0.0189755
0.992806	0.36	0.0164357
1.0259	0.36	0.0140223
1.05899	0.36	0.0117498
1.09209	0.36	0.00963156
1.12518	0.36	0.00767984
1.15827	0.36	0.00590572
1.19137	0.36	0.00431919
1.22446	0.36	0.00292906
1.25755	0.36	0.00174276
1.29065	0.36	0.000765752
1.32374	0.36	0
0	0.37	0.0726091
0.0337003	0.37	0.0725503
0.0674006	0.37	0.0723735
0.101101	0.37	0.0720763
0.134801	0.37	0.0716549
0.168502	0.37	0.0711037
0.202202	0.37	0.0704161
0.235902	0.37	0.0695847
0.269603	0.37	0.0686012
0.303303	0.37	0.0674575
0.337003	0.37	0.0661459
0.370703	0.37	0.0646602
0.404404	0.37	0.0629961
0.438104	0.37	0.0611522
0.471804	0.37	0.0591306
0.505505	0.37	0.056937
0.539205	0.37	0.0545812
0.572905	0.37	0.0520766
0.606606	0.37	0.0494401
0.640306	0.37	0.0466912
0.674006	0.37	0.0438514
0.707707	0.37	0.0409436
0.741407	0.37	0.0379914
0.775107	0.37	0.0350183
0.808808	0.37	0.0320479
0.842508	0.37	0.0291027
0.876208	0.37	0.0262046
0.909908	0.37	0.0233744
0.943609	0.37	0.0206318
0.977309	0.37	0.0179951
1.01101	0.37	0.0154816
1.04471	0.37	0.0131072
1.07841	0.37	0.0108865
1.11211	0.37	0.00883309
1.14581	0.37	0.00695902
1.17951	0.37	0.00527535
1.21321	0.37	0.00379193
1.24691	0.37	0.00251734
1.28061	0.37	0.00145852
1.31431	0.37	0.000619711
1.34801	0.37	0
0	0.38	0.072833
0.0343071	0.38	0.0727718
0.0686142	0.38	0.0725881
0.102921	0.38	0.0722792
0.137228	0.38	0.0718408
0.171535	0.38	0.0712673
0.205842	0.38	0.0705516
0.24015	0.38	0.0696858
0.274457	0.38	0.0686612
0.308764	0.38	0.0674695
0.343071	0.38	0.066103
0.377378	0.38	0.0645553
0.411685	0.38	0.0628229
0.445992	0.38	0.060905
0.480299	0.38	0.0588048
0.514606	0.38	0.0565294
0.548913	0.38	0.0540902
0.58322	0.38	0.0515022
0.617527	0.38	0.0487841
0.651835	0.38	0.045957
0.686142	0.38	0.0430441
0.720449	0.38	0.0400696
0.754756	0.38	0.0370584
0.789063	0.38	0.0340353
0.82337	0.38	0.0310246
0.857677	0.38	0.0280498
0.891984	0.38	0.0251334
0.926291	0.38	0.0222969
0.960598	0.38	0.0195602
0.994905	0.38	0.0169423
1.02921	0.38	0.0144605
1.06352	0.38	0.0121309
1.09783	0.38	0.00996828
1.13213	0.38	0.00798608
1.16644	0.38	0.00619644
1.20075	0.38	0.00461028
1.23505	0.38	0.0032373
1.26936	0.38	0.00208582
1.30367	0.38	0.00116211
1.33798	0.38	0.000468653
1.37228	0.38	0
0	0.39	0.0729673
0.0349138	0.39	0.0729039
0.0698277	0.39	0.0727132
0.104742	0.39	0.0723926
0.139655	0.39	0.0719375
0.174569	0.39	0.0713418
0.209483	0.39	0.070598
0.244397	0.39	0.0696977
0.279311	0.39	0.0686318
0.314225	0.39	0.0673917
0.349138	0.39	0.0659694
0.384052	0.39	0.064359
0.418966	0.39	0.0625572
0.45388	0.39	0.060564
0.488794	0.39	0.0583838
0.523708	0.39	0.0560253
0.558622	0.39	0.0535013
0.593535	0.39	0.050829
0.628449	0.39	0.0480286
0.663363	0.39	0.0451231
0.698277	0.39	0.0421373
0.733191	0.39	0.0390969
0.768105	0.39	0.0360281
0.803018	0.39	0.0329568
0.837932	0.39	0.0299083
0.872846	0.39	0.0269069
0.90776	0.39	0.0239759
0.942674	0.39	0.0211371
0.977588	0.39	0.0184111
1.0125	0.39	0.0158169
1.04742	0.39	0.0133723
1.08233	0.39	0.0110935
1.11724	0.39	0.0089952
1.15216	0.39	0.00709085
1.18707	0.39	0.00539253
1.22198	0.39	0.00391108
1.2569	0.39	0.00265609
1.29181	0.39	0.00163557
1.32673	0.39	0.000854902
1.36164	0.39	0.000313893
1.39655	0.39	0
0	0.4	0.0730121
0.0355206	0.4	0.0729464
0.0710412	0.4	0.072749
0.106562	0.4	0.0724168
0.142082	0.4	0.0719451
0.177603	0.4	0.0713273
0.213124	0.4	0.0705555
0.248644	0.4	0.0696206
0.284165	0.4	0.0685132
0.319685	0.4	0.0672242
0.355206	0.4	0.0657456
0.390727	0.4	0.0640714
0.426247	0.4	0.0621988
0.461768	0.4	0.0601289
0.497289	0.4	0.0578673
0.532809	0.4	0.055424
0.56833	0.4	0.052814
0.60385	0.4	0.0500561
0.639371	0.4	0.0471727
0.674892	0.4	0.0441884
0.710412	0.4	0.0411299
0.745933	0.4	0.0380244
0.781453	0.4	0.0348994
0.816974	0.4	0.0317819
0.852495	0.4	0.0286982
0.888015	0.4	0.0256734
0.923536	0.4	0.0227314
0.959056	0.4	0.0198947
0.994577	0.4	0.017184
1.0301	0.4	0.014619
1.06562	0.4	0.0122173
1.10114	0.4	0.00999522
1.13666	0.4	0.00796763
1.17218	0.4	0.00614783
1.2077	0.4	0.00454787
1.24322	0.4	0.00317855
1.27874	0.4	0.00204941
1.31426	0.4	0.00116816
1.34978	0.4	0.000538925
1.3853	0.4	0.000157428
1.42082	0.4	0
