0	0	0
0.00125	0	0
0.0025	0	0
0.00375	0	0
0.005	0	0
0.00625	0	0
0.0075	0	0
0.00875	0	0
0.01	0	0
0.01125	0	0
0.0125	0	0
0.01375	0	0
0.015	0	0
0.01625	0	0
0.0175	0	0
0.01875	0	0
0.02	0	0
0.02125	0	0
0.0225	0	0
0.02375	0	0
0.025	0	0
0.02625	0	0
0.0275	0	0
0.02875	0	0
0.03	0	0
0.03125	0	0
0.0325	0	0
0.03375	0	0
0.035	0	0
0.03625	0	0
0.0375	0	0
0.03875	0	0
0.04	0	0
0.04125	0	0
0.0425	0	0
0.04375	0	0
0.045	0	0
0.04625	0	0
0.0475	0	0
0.04875	0	0
0.05	0	0
0	0.005	0.000848847
0.00214759	0.005	0.000848756
0.00429518	0.005	0.000848469
0.00644276	0.005	0.00084797
0.00859035	0.005	0.000847232
0.0107379	0.005	0.000846206
0.0128855	0.005	0.000844824
0.0150331	0.005	0.000843002
0.0171807	0.005	0.000840639
0.0193283	0.005	0.000837622
0.0214759	0.005	0.000833834
0.0236235	0.005	0.000829155
0.0257711	0.005	0.000823467
0.0279186	0.005	0.000816658
0.0300662	0.005	0.000808621
0.0322138	0.005	0.000799258
0.0343614	0.005	0.000788478
0.036509	0.005	0.000776202
0.0386566	0.005	0.000762357
0.0408042	0.005	0.000746881
0.0429518	0.005	0.00072972
0.0450993	0.005	0.000710827
0.0472469	0.005	0.000690163
0.0493945	0.005	0.000667695
0.0515421	0.005	0.000643398
0.0536897	0.005	0.00061725
0.0558373	0.005	0.000589235
0.0579849	0.005	0.000559341
0.0601325	0.005	0.000527562
0.06228	0.005	0.000493893
0.0644276	0.005	0.000458332
0.0665752	0.005	0.000420882
0.0687228	0.005	0.000381547
0.0708704	0.005	0.000340331
0.073018	0.005	0.000297244
0.0751656	0.005	0.000252293
0.0773132	0.005	0.000205491
0.0794608	0.005	0.000156847
0.0816083	0.005	0.000106375
0.0837559	0.005	5.40881e-05
0.0859035	0.005	0
0	0.01	0.00167378
0.00304518	0.01	0.00167337
0.00609035	0.01	0.0016721
0.00913553	0.01	0.00166992
0.0121807	0.01	0.00166668
0.0152259	0.01	0.00166221
0.0182711	0.01	0.00165631
0.0213162	0.01	0.00164871
0.0243614	0.01	0.00163917
0.0274066	0.01	0.00162743
0.0304518	0.01	0.00161326
0.0334969	0.01	0.00159645
0.0365421	0.01	0.00157684
0.0395873	0.01	0.00155428
0.0426325	0.01	0.00152867
0.0456776	0.01	0.00149994
0.0487228	0.01	0.00146807
0.051768	0.01	0.00143305
0.0548132	0.01	0.00139491
0.0578583	0.01	0.0013537
0.0609035	0.01	0.00130948
0.0639487	0.01	0.00126237
0.0669939	0.01	0.00121244
0.070039	0.01	0.00115984
0.0730842	0.01	0.00110469
0.0761294	0.01	0.00104712
0.0791746	0.01	0.000987283
0.0822197	0.01	0.000925332
0.0852649	0.01	0.000861422
0.0883101	0.01	0.000795711
0.0913553	0.01	0.000728359
0.0944005	0.01	0.000659528
0.0974456	0.01	0.000589381
0.100491	0.01	0.000518079
0.103536	0.01	0.000445783
0.106581	0.01	0.000372654
0.109626	0.01	0.000298851
0.112672	0.01	0.000224529
0.115717	0.01	0.000149845
0.118762	0.01	7.4952e-05
0.121807	0.01	0
0	0.015	0.00247598
0.00394276	0.015	0.00247501
0.00788553	0.015	0.00247205
0.0118283	0.015	0.00246695
0.0157711	0.015	0.00245945
0.0197138	0.015	0.0024492
0.0236566	0.015	0.00243583
0.0275993	0.015	0.00241895
0.0315421	0.015	0.0023982
0.0354849	0.015	0.00237327
0.0394276	0.015	0.00234391
0.0433704	0.015	0.00230995
0.0473132	0.015	0.00227132
0.0512559	0.015	0.00222799
0.0551987	0.015	0.00218001
0.0591415	0.015	0.00212749
0.0630842	0.015	0.00207059
0.067027	0.015	0.00200951
0.0709697	0.015	0.00194447
0.0749125	0.015	0.00187572
0.0788553	0.015	0.00180353
0.082798	0.015	0.00172816
0.0867408	0.015	0.00164988
0.0906836	0.015	0.00156899
0.0946263	0.015	0.00148573
0.0985691	0.015	0.00140037
0.102512	0.015	0.00131316
0.106455	0.015	0.00122433
0.110397	0.015	0.00113411
0.11434	0.015	0.00104269
0.118283	0.015	0.00095027
0.122226	0.015	0.00085702
0.126168	0.015	0.000763093
0.130111	0.015	0.000668626
0.134054	0.015	0.000573737
0.137997	0.015	0.000478527
0.141939	0.015	0.000383081
0.145882	0.015	0.000287464
0.149825	0.015	0.000191725
0.153768	0.015	9.58988e-05
0.157711	0.015	0
0	0.02	0.00325633
0.00484035	0.02	0.00325458
0.0096807	0.02	0.00324929
0.0145211	0.02	0.0032402
0.0193614	0.02	0.00322691
0.0242018	0.02	0.00320893
0.0290421	0.02	0.00318577
0.0338825	0.02	0.00315698
0.0387228	0.02	0.00312217
0.0435632	0.02	0.0030811
0.0484035	0.02	0.00303364
0.0532439	0.02	0.00297979
0.0580842	0.02	0.00291969
0.0629246	0.02	0.00285353
0.0677649	0.02	0.00278161
0.0726053	0.02	0.00270429
0.0774456	0.02	0.00262195
0.082286	0.02	0.00253501
0.0871263	0.02	0.00244389
0.0919667	0.02	0.00234902
0.096807	0.02	0.00225082
0.101647	0.02	0.00214967
0.106488	0.02	0.00204594
0.111328	0.02	0.00193999
0.116168	0.02	0.00183213
0.121009	0.02	0.00172265
0.125849	0.02	0.0016118
0.130689	0.02	0.00149982
0.13553	0.02	0.00138689
0.14037	0.02	0.0012732
0.145211	0.02	0.00115888
0.150051	0.02	0.00104407
0.154891	0.02	0.000928862
0.159732	0.02	0.000813338
0.164572	0.02	0.000697567
0.169412	0.02	0.000581601
0.174253	0.02	0.000465481
0.179093	0.02	0.000349239
0.183933	0.02	0.000232899
0.188774	0.02	0.00011648
0.193614	0.02	0
0	0.025	0.0040154
0.00573794	0.025	0.0040127
0.0114759	0.025	0.00400454
0.0172138	0.025	0.00399056
0.0229518	0.025	0.00397025
0.0286897	0.025	0.00394304
0.0344276	0.025	0.00390838
0.0401656	0.025	0.00386583
0.0459035	0.025	0.00381514
0.0516415	0.025	0.0037562
0.0573794	0.025	0.00368915
0.0631173	0.025	0.00361422
0.0688553	0.025	0.00353184
0.0745932	0.025	0.00344249
0.0803312	0.025	0.00334672
0.0860691	0.025	0.00324513
0.091807	0.025	0.00313833
0.097545	0.025	0.00302691
0.103283	0.025	0.00291144
0.109021	0.025	0.00279244
0.114759	0.025	0.00267042
0.120497	0.025	0.00254582
0.126235	0.025	0.00241904
0.131973	0.025	0.00229043
0.137711	0.025	0.00216029
0.143448	0.025	0.00202889
0.149186	0.025	0.00189646
0.154924	0.025	0.00176319
0.160662	0.025	0.00162922
0.1664	0.025	0.00149471
0.172138	0.025	0.00135975
0.177876	0.025	0.00122443
0.183614	0.025	0.00108884
0.189352	0.025	0.000953029
0.19509	0.025	0.000817054
0.200828	0.025	0.000680959
0.206566	0.025	0.000544785
0.212304	0.025	0.000408569
0.218042	0.025	0.000272344
0.22378	0.025	0.000136143
0.229518	0.025	0
0	0.03	0.00475357
0.00663553	0.03	0.00474978
0.0132711	0.03	0.00473829
0.0199066	0.03	0.00471871
0.0265421	0.03	0.00469044
0.0331776	0.03	0.00465288
0.0398132	0.03	0.0046055
0.0464487	0.03	0.004548
0.0530842	0.03	0.00448032
0.0597197	0.03	0.00440265
0.0663553	0.03	0.00431538
0.0729908	0.03	0.0042191
0.0796263	0.03	0.00411451
0.0862619	0.03	0.00400239
0.0928974	0.03	0.00388352
0.0995329	0.03	0.00375872
0.106168	0.03	0.00362874
0.112804	0.03	0.00349431
0.119439	0.03	0.00335606
0.126075	0.03	0.0032146
0.132711	0.03	0.00307042
0.139346	0.03	0.00292399
0.145982	0.03	0.0027757
0.152617	0.03	0.00262585
0.159253	0.03	0.00247475
0.165888	0.03	0.00232262
0.172524	0.03	0.00216964
0.179159	0.03	0.002016
0.185795	0.03	0.00186182
0.19243	0.03	0.00170722
0.199066	0.03	0.00155229
0.205701	0.03	0.00139712
0.212337	0.03	0.00124178
0.218972	0.03	0.00108634
0.225608	0.03	0.000930854
0.232243	0.03	0.000775386
0.238879	0.03	0.000619985
0.245515	0.03	0.000464699
0.25215	0.03	0.000309576
0.258786	0.03	0.000154662
0.265421	0.03	0
0	0.035	0.00547107
0.00753312	0.035	0.00546605
0.0150662	0.035	0.00545089
0.0225993	0.035	0.00542514
0.0301325	0.035	0.00538818
0.0376656	0.035	0.00533944
0.0451987	0.035	0.00527852
0.0527318	0.035	0.00520533
0.0602649	0.035	0.00512009
0.067798	0.035	0.00502332
0.0753312	0.035	0.00491575
0.0828643	0.035	0.0047983
0.0903974	0.035	0.00467196
0.0979305	0.035	0.00453775
0.105464	0.035	0.00439669
0.112997	0.035	0.00424972
0.12053	0.035	0.00409771
0.128063	0.035	0.00394145
0.135596	0.035	0.00378164
0.143129	0.035	0.00361886
0.150662	0.035	0.00345364
0.158195	0.035	0.0032864
0.165729	0.035	0.00311751
0.173262	0.035	0.00294728
0.180795	0.035	0.00277597
0.188328	0.035	0.00260378
0.195861	0.035	0.00243091
0.203394	0.035	0.0022575
0.210927	0.035	0.00208369
0.21846	0.035	0.0019096
0.225993	0.035	0.00173532
0.233527	0.035	0.00156095
0.24106	0.035	0.00138658
0.248593	0.035	0.00121229
0.256126	0.035	0.00103815
0.263659	0.035	0.000864223
0.271192	0.035	0.00069058
0.278725	0.035	0.000517281
0.286258	0.035	0.000344383
0.293792	0.035	0.000171939
0.301325	0.035	0
0	0.04	0.00616799
0.0084307	0.04	0.00616166
0.0168614	0.04	0.00614255
0.0252921	0.04	0.00611018
0.0337228	0.04	0.00606398
0.0421535	0.04	0.00600347
0.0505842	0.04	0.00592846
0.0590149	0.04	0.00583915
0.0674456	0.04	0.00573609
0.0758763	0.04	0.00562016
0.084307	0.04	0.00549246
0.0927377	0.04	0.00535421
0.101168	0.04	0.00520668
0.109599	0.04	0.00505111
0.11803	0.04	0.00488866
0.126461	0.04	0.00472039
0.134891	0.04	0.00454724
0.143322	0.04	0.00437004
0.151753	0.04	0.00418948
0.160183	0.04	0.00400617
0.168614	0.04	0.00382061
0.177045	0.04	0.00363321
0.185475	0.04	0.00344433
0.193906	0.04	0.00325427
0.202337	0.04	0.00306328
0.210768	0.04	0.00287157
0.219198	0.04	0.00267932
0.227629	0.04	0.0024867
0.23606	0.04	0.00229385
0.24449	0.04	0.00210091
0.252921	0.04	0.00190798
0.261352	0.04	0.00171518
0.269783	0.04	0.0015226
0.278213	0.04	0.00133034
0.286644	0.04	0.00113849
0.295075	0.04	0.000947124
0.303505	0.04	0.000756317
0.311936	0.04	0.000566139
0.320367	0.04	0.000376655
0.328797	0.04	0.000187923
0.337228	0.04	0
0	0.045	0.0068444
0.00932829	0.045	0.00683667
0.0186566	0.045	0.00681337
0.0279849	0.045	0.00677404
0.0373132	0.045	0.00671818
0.0466415	0.045	0.00664548
0.0559697	0.045	0.00655603
0.065298	0.045	0.00645036
0.0746263	0.045	0.00632941
0.0839546	0.045	0.00619443
0.0932829	0.045	0.00604687
0.102611	0.045	0.00588825
0.111939	0.045	0.00572007
0.121268	0.045	0.00554375
0.130596	0.045	0.00536056
0.139924	0.045	0.00517166
0.149253	0.045	0.00497801
0.158581	0.045	0.00478047
0.167909	0.045	0.00457974
0.177238	0.045	0.00437642
0.186566	0.045	0.00417101
0.195894	0.045	0.00396392
0.205222	0.045	0.00375551
0.214551	0.045	0.00354607
0.223879	0.045	0.00333587
0.233207	0.045	0.00312514
0.242536	0.045	0.00291406
0.251864	0.045	0.00270283
0.261192	0.045	0.0024916
0.27052	0.045	0.00228051
0.279849	0.045	0.00206971
0.289177	0.045	0.00185931
0.298505	0.045	0.00164943
0.307834	0.045	0.00144017
0.317162	0.045	0.00123163
0.32649	0.045	0.00102389
0.335818	0.045	0.000817052
0.345147	0.045	0.000611175
0.354475	0.045	0.000406332
0.363803	0.045	0.000202588
0.373132	0.045	0
0	0.05	0.00750028
0.0102259	0.05	0.0074911
0.0204518	0.05	0.00746342
0.0306776	0.05	0.00741684
0.0409035	0.05	0.007351
0.0511294	0.05	0.00726582
0.0613553	0.05	0.0071617
0.0715812	0.05	0.00703956
0.081807	0.05	0.00690074
0.0920329	0.05	0.00674688
0.102259	0.05	0.00657975
0.112485	0.05	0.00640115
0.122711	0.05	0.00621278
0.132936	0.05	0.00601619
0.143162	0.05	0.00581277
0.153388	0.05	0.00560371
0.163614	0.05	0.00539002
0.17384	0.05	0.00517257
0.184066	0.05	0.00495208
0.194292	0.05	0.00472914
0.204518	0.05	0.00450426
0.214743	0.05	0.00427787
0.224969	0.05	0.00405034
0.235195	0.05	0.00382197
0.245421	0.05	0.00359306
0.255647	0.05	0.00336384
0.265873	0.05	0.00313453
0.276099	0.05	0.00290534
0.286325	0.05	0.00267644
0.29655	0.05	0.002448
0.306776	0.05	0.00222016
0.317002	0.05	0.00199306
0.327228	0.05	0.00176682
0.337454	0.05	0.00154157
0.34768	0.05	0.00131741
0.357906	0.05	0.00109442
0.368132	0.05	0.000872702
0.378358	0.05	0.000652331
0.388583	0.05	0.000433381
0.398809	0.05	0.000215917
0.409035	0.05	0
0	0.055	0.00813561
0.0111235	0.055	0.00812492
0.0222469	0.055	0.0080927
0.0333704	0.055	0.00803866
0.0444939	0.055	0.00796258
0.0556173	0.055	0.00786469
0.0667408	0.055	0.00774576
0.0778643	0.055	0.00760711
0.0889877	0.055	0.00745049
0.100111	0.055	0.00727792
0.111235	0.055	0.00709149
0.122358	0.055	0.00689323
0.133482	0.055	0.00668502
0.144605	0.055	0.00646853
0.155729	0.055	0.00624523
0.166852	0.055	0.00601637
0.177975	0.055	0.00578297
0.189099	0.055	0.00554594
0.200222	0.055	0.005306
0.211346	0.055	0.00506377
0.222469	0.055	0.00481977
0.233593	0.055	0.00457446
0.244716	0.055	0.00432823
0.25584	0.055	0.00408141
0.266963	0.055	0.00383431
0.278087	0.055	0.00358719
0.28921	0.055	0.0033403
0.300334	0.055	0.00309386
0.311457	0.055	0.00284806
0.322581	0.055	0.00260308
0.333704	0.055	0.00235909
0.344827	0.055	0.00211624
0.355951	0.055	0.00187464
0.367074	0.055	0.00163444
0.378198	0.055	0.00139574
0.389321	0.055	0.00115863
0.400445	0.055	0.000923221
0.411568	0.055	0.000689579
0.422692	0.055	0.000457785
0.433815	0.055	0.000227905
0.444939	0.055	0
0	0.06	0.00875031
0.0120211	0.06	0.00873807
0.0240421	0.06	0.00870119
0.0360632	0.06	0.00863949
0.0480842	0.06	0.00855298
0.0601053	0.06	0.00844222
0.0721263	0.06	0.00830836
0.0841474	0.06	0.00815318
0.0961684	0.06	0.00797885
0.108189	0.06	0.00778772
0.120211	0.06	0.0075822
0.132232	0.06	0.00736453
0.144253	0.06	0.00713674
0.156274	0.06	0.00690063
0.168295	0.06	0.00665772
0.180316	0.06	0.0064093
0.192337	0.06	0.00615646
0.204358	0.06	0.0059001
0.216379	0.06	0.005641
0.2284	0.06	0.00537979
0.240421	0.06	0.00511703
0.252442	0.06	0.0048532
0.264463	0.06	0.00458871
0.276484	0.06	0.00432395
0.288505	0.06	0.00405923
0.300526	0.06	0.00379485
0.312547	0.06	0.00353107
0.324568	0.06	0.00326813
0.33659	0.06	0.00300624
0.348611	0.06	0.0027456
0.360632	0.06	0.00248638
0.372653	0.06	0.00222873
0.384674	0.06	0.0019728
0.396695	0.06	0.00171871
0.408716	0.06	0.00146658
0.420737	0.06	0.00121651
0.432758	0.06	0.00096859
0.444779	0.06	0.00072291
0.4568	0.06	0.000479541
0.468821	0.06	0.000238551
0.480842	0.06	0
0	0.065	0.00934432
0.0129186	0.065	0.00933049
0.0258373	0.065	0.00928883
0.0387559	0.065	0.00921931
0.0516746	0.065	0.00912221
0.0645932	0.065	0.00899843
0.0775119	0.065	0.00884958
0.0904305	0.065	0.00867786
0.103349	0.065	0.00848586
0.116268	0.065	0.0082763
0.129186	0.065	0.00805184
0.142105	0.065	0.00781494
0.155024	0.065	0.00756777
0.167942	0.065	0.00731222
0.180861	0.065	0.00704989
0.19378	0.065	0.00678212
0.206698	0.065	0.00651004
0.219617	0.065	0.00623461
0.232536	0.065	0.00595661
0.245454	0.065	0.00567674
0.258373	0.065	0.00539559
0.271292	0.065	0.00511366
0.28421	0.065	0.00483142
0.297129	0.065	0.00454926
0.310047	0.065	0.00426753
0.322966	0.065	0.00398656
0.335885	0.065	0.00370662
0.348803	0.065	0.00342797
0.361722	0.065	0.00315084
0.374641	0.065	0.00287542
0.387559	0.065	0.00260191
0.400478	0.065	0.00233047
0.413397	0.065	0.00206123
0.426315	0.065	0.00179434
0.439234	0.065	0.0015299
0.452153	0.065	0.00126803
0.465071	0.065	0.00100881
0.47799	0.065	0.000752327
0.490908	0.065	0.000498655
0.503827	0.065	0.00024786
0.516746	0.065	0
0	0.07	0.00991755
0.0138162	0.07	0.0099021
0.0276325	0.07	0.00985556
0.0414487	0.07	0.00977808
0.0552649	0.07	0.00967023
0.0690812	0.07	0.00953331
0.0828974	0.07	0.00936938
0.0967136	0.07	0.00918111
0.11053	0.07	0.00897148
0.124346	0.07	0.00874357
0.138162	0.07	0.00850028
0.151979	0.07	0.00824426
0.165795	0.07	0.00797783
0.179611	0.07	0.00770298
0.193427	0.07	0.00742137
0.207243	0.07	0.00713443
0.22106	0.07	0.00684331
0.234876	0.07	0.00654903
0.248692	0.07	0.00625244
0.262508	0.07	0.00595425
0.276325	0.07	0.0056551
0.290141	0.07	0.00535554
0.303957	0.07	0.00505606
0.317773	0.07	0.00475709
0.33159	0.07	0.004459
0.345406	0.07	0.00416214
0.359222	0.07	0.00386681
0.373038	0.07	0.00357327
0.386854	0.07	0.00328176
0.400671	0.07	0.0029925
0.414487	0.07	0.00270566
0.428303	0.07	0.00242143
0.442119	0.07	0.00213994
0.455936	0.07	0.00186133
0.469752	0.07	0.00158572
0.483568	0.07	0.00131321
0.497384	0.07	0.00104389
0.511201	0.07	0.000777843
0.525017	0.07	0.000515137
0.538833	0.07	0.000255838
0.552649	0.07	0
0	0.075	0.0104699
0.0147138	0.075	0.0104528
0.0294276	0.075	0.0104013
0.0441415	0.075	0.0103157
0.0588553	0.075	0.010197
0.0735691	0.075	0.0100468
0.0882829	0.075	0.00986772
0.102997	0.075	0.00966286
0.117711	0.075	0.00943561
0.132424	0.075	0.00918936
0.147138	0.075	0.00892729
0.161852	0.075	0.00865223
0.176566	0.075	0.00836662
0.19128	0.075	0.00807257
0.205993	0.075	0.00777182
0.220707	0.075	0.00746585
0.235421	0.075	0.0071559
0.250135	0.075	0.00684303
0.264849	0.075	0.00652814
0.279563	0.075	0.006212
0.294276	0.075	0.00589528
0.30899	0.075	0.00557859
0.323704	0.075	0.00526243
0.338418	0.075	0.00494727
0.353132	0.075	0.0046335
0.367845	0.075	0.00432149
0.382559	0.075	0.00401155
0.397273	0.075	0.00370396
0.411987	0.075	0.00339897
0.426701	0.075	0.00309679
0.441415	0.075	0.00279761
0.456128	0.075	0.00250161
0.470842	0.075	0.00220893
0.485556	0.075	0.00191971
0.50027	0.075	0.00163406
0.514984	0.075	0.00135208
0.529697	0.075	0.00107386
0.544411	0.075	0.000799477
0.559125	0.075	0.000529002
0.573839	0.075	0.000262493
0.588553	0.075	0
0	0.08	0.0110013
0.0156114	0.08	0.0109826
0.0312228	0.08	0.010926
0.0468342	0.08	0.0108322
0.0624456	0.08	0.0107024
0.078057	0.08	0.0105388
0.0936684	0.08	0.0103445
0.10928	0.08	0.010123
0.124891	0.08	0.00987807
0.140503	0.08	0.00961349
0.156114	0.08	0.00933266
0.171725	0.08	0.00903858
0.187337	0.08	0.00873385
0.202948	0.08	0.00842068
0.21856	0.08	0.00810089
0.234171	0.08	0.00777606
0.249783	0.08	0.00744749
0.265394	0.08	0.0071163
0.281005	0.08	0.00678344
0.296617	0.08	0.00644974
0.312228	0.08	0.00611592
0.32784	0.08	0.00578262
0.343451	0.08	0.00545037
0.359062	0.08	0.00511967
0.374674	0.08	0.00479093
0.390285	0.08	0.00446453
0.405897	0.08	0.0041408
0.421508	0.08	0.00382002
0.437119	0.08	0.00350245
0.452731	0.08	0.0031883
0.468342	0.08	0.00287777
0.483954	0.08	0.00257103
0.499565	0.08	0.00226823
0.515176	0.08	0.0019695
0.530788	0.08	0.00167494
0.546399	0.08	0.00138466
0.562011	0.08	0.00109874
0.577622	0.08	0.000817252
0.593233	0.08	0.000540266
0.608845	0.08	0.000267832
0.624456	0.08	0
0	0.085	0.0115117
0.016509	0.085	0.0114912
0.033018	0.085	0.0114295
0.049527	0.085	0.0113273
0.066036	0.085	0.0111864
0.082545	0.085	0.0110093
0.099054	0.085	0.0107996
0.115563	0.085	0.0105613
0.132072	0.085	0.0102987
0.148581	0.085	0.0100157
0.16509	0.085	0.00971612
0.181599	0.085	0.00940303
0.198108	0.085	0.00907921
0.214617	0.085	0.00874699
0.231126	0.085	0.00840829
0.247635	0.085	0.00806476
0.264144	0.085	0.00771779
0.280653	0.085	0.00736857
0.297162	0.085	0.0070181
0.313671	0.085	0.00666728
0.33018	0.085	0.00631685
0.346689	0.085	0.00596749
0.363198	0.085	0.00561977
0.379707	0.085	0.00527421
0.396216	0.085	0.00493123
0.412725	0.085	0.00459122
0.429234	0.085	0.00425453
0.445743	0.085	0.00392144
0.462252	0.085	0.0035922
0.478761	0.085	0.00326705
0.49527	0.085	0.00294617
0.511779	0.085	0.00262973
0.528288	0.085	0.00231787
0.544797	0.085	0.00201073
0.561306	0.085	0.0017084
0.577815	0.085	0.00141098
0.594324	0.085	0.00111855
0.610833	0.085	0.000831189
0.627342	0.085	0.000548943
0.643851	0.085	0.000271866
0.66036	0.085	0
0	0.09	0.012001
0.0174066	0.09	0.0119788
0.0348132	0.09	0.0119118
0.0522197	0.09	0.0118011
0.0696263	0.09	0.0116488
0.0870329	0.09	0.011458
0.104439	0.09	0.0112328
0.121846	0.09	0.0109777
0.139253	0.09	0.0106973
0.156659	0.09	0.0103959
0.174066	0.09	0.0100774
0.191472	0.09	0.00974531
0.208879	0.09	0.00940243
0.226286	0.09	0.00905121
0.243692	0.09	0.00869372
0.261099	0.09	0.00833169
0.278505	0.09	0.00796657
0.295912	0.09	0.00759964
0.313318	0.09	0.00723196
0.330725	0.09	0.00686446
0.348132	0.09	0.00649795
0.365538	0.09	0.00613311
0.382945	0.09	0.00577057
0.400351	0.09	0.00541084
0.417758	0.09	0.00505437
0.435165	0.09	0.00470156
0.452571	0.09	0.00435275
0.469978	0.09	0.00400823
0.487384	0.09	0.00366827
0.504791	0.09	0.00333308
0.522197	0.09	0.00300285
0.539604	0.09	0.00267774
0.557011	0.09	0.0023579
0.574417	0.09	0.00204344
0.591824	0.09	0.00173448
0.60923	0.09	0.00143108
0.626637	0.09	0.00113334
0.644044	0.09	0.000841312
0.66145	0.09	0.00055505
0.678857	0.09	0.0002746
0.696263	0.09	0
0	0.095	0.0124691
0.0183042	0.095	0.012445
0.0366083	0.095	0.0123727
0.0549125	0.095	0.0122534
0.0732167	0.095	0.0120896
0.0915209	0.095	0.011885
0.109825	0.095	0.0116441
0.128129	0.095	0.011372
0.146433	0.095	0.0110736
0.164738	0.095	0.0107537
0.183042	0.095	0.0104163
0.201346	0.095	0.0100652
0.21965	0.095	0.00970323
0.237954	0.095	0.00933311
0.256258	0.095	0.00895696
0.274563	0.095	0.00857662
0.292867	0.095	0.00819364
0.311171	0.095	0.00780934
0.329475	0.095	0.00742486
0.347779	0.095	0.00704117
0.366083	0.095	0.00665912
0.384388	0.095	0.00627942
0.402692	0.095	0.00590272
0.420996	0.095	0.00552954
0.4393	0.095	0.00516035
0.457604	0.095	0.00479555
0.475908	0.095	0.00443548
0.494213	0.095	0.00408044
0.512517	0.095	0.00373068
0.530821	0.095	0.00338642
0.549125	0.095	0.00304785
0.567429	0.095	0.00271512
0.585733	0.095	0.00238836
0.604038	0.095	0.00206769
0.622342	0.095	0.00175321
0.640646	0.095	0.001445
0.65895	0.095	0.00114312
0.677254	0.095	0.00084764
0.695558	0.095	0.000558601
0.713863	0.095	0.000276043
0.732167	0.095	0
0	0.1	0.0129159
0.0192018	0.1	0.01289
0.0384035	0.1	0.0128122
0.0576053	0.1	0.0126841
0.076807	0.1	0.0125086
0.0960088	0.1	0.01229
0.115211	0.1	0.0120333
0.134412	0.1	0.011744
0.153614	0.1	0.0114275
0.172816	0.1	0.0110889
0.192018	0.1	0.0107326
0.211219	0.1	0.0103623
0.230421	0.1	0.00998138
0.249623	0.1	0.00959244
0.268825	0.1	0.00919779
0.288026	0.1	0.00879938
0.307228	0.1	0.00839882
0.32643	0.1	0.00799753
0.345632	0.1	0.00759669
0.364833	0.1	0.00719733
0.384035	0.1	0.00680031
0.403237	0.1	0.00640638
0.422439	0.1	0.0060162
0.44164	0.1	0.00563031
0.460842	0.1	0.00524918
0.480044	0.1	0.00487322
0.499246	0.1	0.00450276
0.518447	0.1	0.0041381
0.537649	0.1	0.00377949
0.556851	0.1	0.00342714
0.576053	0.1	0.00308123
0.595255	0.1	0.0027419
0.614456	0.1	0.00240929
0.633658	0.1	0.00208351
0.65286	0.1	0.00176464
0.672062	0.1	0.00145276
0.691263	0.1	0.00114792
0.710465	0.1	0.000850194
0.729667	0.1	0.000559608
0.748869	0.1	0.000276201
0.76807	0.1	0
0	0.105	0.0133413
0.0200993	0.105	0.0133136
0.0401987	0.105	0.0132302
0.060298	0.105	0.0130931
0.0803974	0.105	0.0129058
0.100497	0.105	0.0126729
0.120596	0.105	0.0124001
0.140695	0.105	0.0120934
0.160795	0.105	0.0117588
0.180894	0.105	0.0114014
0.200993	0.105	0.011026
0.221093	0.105	0.0106366
0.241192	0.105	0.0102367
0.261292	0.105	0.009829
0.281391	0.105	0.00941603
0.30149	0.105	0.00899979
0.32159	0.105	0.008582
0.341689	0.105	0.00816411
0.361788	0.105	0.00774738
0.381888	0.105	0.00733287
0.401987	0.105	0.00692148
0.422086	0.105	0.00651398
0.442186	0.105	0.00611103
0.462285	0.105	0.00571318
0.482384	0.105	0.00532091
0.502484	0.105	0.00493461
0.522583	0.105	0.00455464
0.542682	0.105	0.00418127
0.562782	0.105	0.00381474
0.582881	0.105	0.00345527
0.60298	0.105	0.00310303
0.62308	0.105	0.00275815
0.643179	0.105	0.00242075
0.663278	0.105	0.00209094
0.683378	0.105	0.0017688
0.703477	0.105	0.00145439
0.723576	0.105	0.00114777
0.743676	0.105	0.000848991
0.763775	0.105	0.000558083
0.783875	0.105	0.000275078
0.803974	0.105	0
0	0.11	0.0137453
0.0209969	0.11	0.0137157
0.0419939	0.11	0.0136266
0.0629908	0.11	0.0134804
0.0839877	0.11	0.0132809
0.104985	0.11	0.0130335
0.125982	0.11	0.0127445
0.146979	0.11	0.0124203
0.167975	0.11	0.0120671
0.188972	0.11	0.0116908
0.209969	0.11	0.0112963
0.230966	0.11	0.0108878
0.251963	0.11	0.0104689
0.27296	0.11	0.0100426
0.293957	0.11	0.00961152
0.314954	0.11	0.00917773
0.335951	0.11	0.00874305
0.356948	0.11	0.008309
0.377945	0.11	0.00787688
0.398942	0.11	0.00744778
0.419939	0.11	0.00702264
0.440936	0.11	0.00660222
0.461933	0.11	0.00618722
0.482929	0.11	0.00577817
0.503926	0.11	0.00537555
0.524923	0.11	0.00497977
0.54592	0.11	0.00459116
0.566917	0.11	0.00420999
0.587914	0.11	0.0038365
0.608911	0.11	0.00347088
0.629908	0.11	0.0031133
0.650905	0.11	0.0027639
0.671902	0.11	0.00242277
0.692899	0.11	0.00209002
0.713896	0.11	0.00176571
0.734893	0.11	0.00144992
0.75589	0.11	0.00114268
0.776887	0.11	0.000844045
0.797883	0.11	0.000554036
0.81888	0.11	0.000272681
0.839877	0.11	0
0	0.115	0.0141278
0.0218945	0.115	0.0140963
0.043789	0.115	0.0140014
0.0656836	0.115	0.0138458
0.0875781	0.115	0.013634
0.109473	0.115	0.0133718
0.131367	0.115	0.0130662
0.153262	0.115	0.0127242
0.175156	0.115	0.0123525
0.197051	0.115	0.0119571
0.218945	0.115	0.0115433
0.24084	0.115	0.0111156
0.262734	0.115	0.0106779
0.284629	0.115	0.0102331
0.306523	0.115	0.00978414
0.328418	0.115	0.0093331
0.350312	0.115	0.00888191
0.372207	0.115	0.00843215
0.394101	0.115	0.00798515
0.415996	0.115	0.00754204
0.43789	0.115	0.00710377
0.459785	0.115	0.00667113
0.481679	0.115	0.00624479
0.503574	0.115	0.00582532
0.525469	0.115	0.00541317
0.547363	0.115	0.00500875
0.569258	0.115	0.00461238
0.591152	0.115	0.00422432
0.613047	0.115	0.0038448
0.634941	0.115	0.00347401
0.656836	0.115	0.0031121
0.67873	0.115	0.00275919
0.700625	0.115	0.00241539
0.722519	0.115	0.00208078
0.744414	0.115	0.00175542
0.766308	0.115	0.00143937
0.788203	0.115	0.00113268
0.810097	0.115	0.00083537
0.831992	0.115	0.000547475
0.853886	0.115	0.000269013
0.875781	0.115	0
0	0.12	0.0144888
0.0227921	0.12	0.0144552
0.0455842	0.12	0.0143544
0.0683763	0.12	0.0141892
0.0911684	0.12	0.0139648
0.113961	0.12	0.0136876
0.136753	0.12	0.0133652
0.159545	0.12	0.0130051
0.182337	0.12	0.0126145
0.205129	0.12	0.0121999
0.227921	0.12	0.0117668
0.250713	0.12	0.01132
0.273505	0.12	0.0108634
0.296297	0.12	0.0104004
0.31909	0.12	0.00993377
0.341882	0.12	0.00946582
0.364674	0.12	0.00899852
0.387466	0.12	0.00853351
0.410258	0.12	0.00807217
0.43305	0.12	0.00761564
0.455842	0.12	0.00716489
0.478634	0.12	0.00672072
0.501426	0.12	0.0062838
0.524219	0.12	0.00585468
0.547011	0.12	0.00543382
0.569803	0.12	0.00502161
0.592595	0.12	0.00461835
0.615387	0.12	0.00422432
0.638179	0.12	0.00383971
0.660971	0.12	0.00346472
0.683763	0.12	0.00309947
0.706555	0.12	0.00274408
0.729348	0.12	0.00239865
0.75214	0.12	0.00206325
0.774932	0.12	0.00173794
0.797724	0.12	0.00142277
0.820516	0.12	0.00111777
0.843308	0.12	0.000822977
0.8661	0.12	0.000538406
0.888892	0.12	0.000264076
0.911684	0.12	0
0	0.125	0.0148281
0.0236897	0.125	0.0147925
0.0473794	0.125	0.0146855
0.0710691	0.125	0.0145106
0.0947588	0.125	0.0142732
0.118448	0.125	0.0139808
0.142138	0.125	0.0136412
0.165828	0.125	0.0132628
0.189518	0.125	0.0128532
0.213207	0.125	0.0124192
0.236897	0.125	0.0119667
0.260587	0.125	0.0115008
0.284276	0.125	0.0110255
0.307966	0.125	0.0105444
0.331656	0.125	0.0100603
0.355345	0.125	0.00957581
0.379035	0.125	0.00909283
0.402725	0.125	0.00861307
0.426415	0.125	0.00813794
0.450104	0.125	0.00766861
0.473794	0.125	0.00720604
0.497484	0.125	0.00675105
0.521173	0.125	0.00630428
0.544863	0.125	0.0058663
0.568553	0.125	0.00543754
0.592242	0.125	0.00501839
0.615932	0.125	0.00460913
0.639622	0.125	0.00421003
0.663312	0.125	0.00382128
0.687001	0.125	0.00344304
0.710691	0.125	0.00307544
0.734381	0.125	0.0027186
0.75807	0.125	0.00237258
0.78176	0.125	0.00203747
0.80545	0.125	0.0017133
0.829139	0.125	0.00140013
0.852829	0.125	0.00109798
0.876519	0.125	0.000806875
0.900209	0.125	0.000526836
0.923898	0.125	0.000257874
0.947588	0.125	0
0	0.13	0.0151458
0.0245873	0.13	0.0151081
0.0491746	0.13	0.0149948
0.0737619	0.13	0.0148098
0.0983491	0.13	0.0145592
0.122936	0.13	0.0142511
0.147524	0.13	0.0138941
0.172111	0.13	0.0134971
0.196698	0.13	0.0130683
0.221286	0.13	0.0126148
0.245873	0.13	0.0121428
0.27046	0.13	0.0116577
0.295047	0.13	0.0111639
0.319635	0.13	0.0106649
0.344222	0.13	0.0101637
0.368809	0.13	0.00966303
0.393397	0.13	0.00916481
0.417984	0.13	0.00867082
0.442571	0.13	0.00818248
0.467158	0.13	0.00770097
0.491746	0.13	0.00722726
0.516333	0.13	0.00676215
0.54092	0.13	0.00630629
0.565508	0.13	0.00586023
0.590095	0.13	0.0054244
0.614682	0.13	0.00499915
0.639269	0.13	0.00458478
0.663857	0.13	0.00418151
0.688444	0.13	0.00378954
0.713031	0.13	0.00340902
0.737619	0.13	0.00304006
0.762206	0.13	0.00268277
0.786793	0.13	0.00233721
0.81138	0.13	0.00200344
0.835968	0.13	0.00168151
0.860555	0.13	0.00137146
0.885142	0.13	0.00107331
0.90973	0.13	0.00078707
0.934317	0.13	0.000512767
0.958904	0.13	0.000250408
0.983491	0.13	0
0	0.135	0.0154417
0.0254849	0.135	0.0154019
0.0509697	0.135	0.0152821
0.0764546	0.135	0.0150867
0.101939	0.135	0.0148227
0.127424	0.135	0.0144985
0.152909	0.135	0.0141238
0.178394	0.135	0.0137079
0.203879	0.135	0.0132595
0.229364	0.135	0.0127864
0.254849	0.135	0.012295
0.280334	0.135	0.0117908
0.305818	0.135	0.0112785
0.331303	0.135	0.0107618
0.356788	0.135	0.010244
0.382273	0.135	0.00972745
0.407758	0.135	0.00921447
0.433243	0.135	0.00870677
0.458728	0.135	0.0082058
0.484213	0.135	0.00771275
0.509697	0.135	0.00722857
0.535182	0.135	0.00675407
0.560667	0.135	0.00628988
0.586152	0.135	0.00583653
0.611637	0.135	0.00539443
0.637122	0.135	0.00496394
0.662607	0.135	0.00454533
0.688092	0.135	0.0041388
0.713576	0.135	0.00374455
0.739061	0.135	0.0033627
0.764546	0.135	0.00299336
0.790031	0.135	0.00263662
0.815516	0.135	0.00229255
0.841001	0.135	0.0019612
0.866486	0.135	0.0016426
0.891971	0.135	0.00133678
0.917455	0.135	0.00104376
0.94294	0.135	0.000763568
0.968425	0.135	0.000496204
0.99391	0.135	0.00024168
1.01939	0.135	0
0	0.14	0.0157159
0.0263825	0.14	0.0156738
0.0527649	0.14	0.0155474
0.0791474	0.14	0.0153414
0.10553	0.14	0.0150634
0.131912	0.14	0.0147228
0.158295	0.14	0.01433
0.184677	0.14	0.013895
0.21106	0.14	0.0134269
0.237442	0.14	0.012934
0.263825	0.14	0.0124231
0.290207	0.14	0.0118999
0.31659	0.14	0.0113693
0.342972	0.14	0.0108352
0.369354	0.14	0.0103009
0.395737	0.14	0.00976906
0.422119	0.14	0.0092418
0.448502	0.14	0.00872094
0.474884	0.14	0.00820794
0.501267	0.14	0.00770399
0.527649	0.14	0.00721003
0.554032	0.14	0.00672686
0.580414	0.14	0.00625509
0.606797	0.14	0.00579524
0.633179	0.14	0.00534771
0.659562	0.14	0.00491282
0.685944	0.14	0.00449083
0.712326	0.14	0.00408195
0.738709	0.14	0.00368633
0.765091	0.14	0.00330411
0.791474	0.14	0.00293537
0.817856	0.14	0.00258019
0.844239	0.14	0.00223864
0.870621	0.14	0.00191075
0.897004	0.14	0.00159656
0.923386	0.14	0.00129609
0.949769	0.14	0.00100936
0.976151	0.14	0.000736374
1.00253	0.14	0.000477149
1.02892	0.14	0.00023169
1.0553	0.14	0
0	0.145	0.0159683
0.02728	0.145	0.0159239
0.0545601	0.145	0.0157905
0.0818401	0.145	0.0155736
0.10912	0.145	0.0152813
0.1364	0.145	0.014924
0.16368	0.145	0.0145127
0.19096	0.145	0.0140582
0.21824	0.145	0.0135702
0.24552	0.145	0.0130574
0.2728	0.145	0.0125269
0.300081	0.145	0.0119849
0.327361	0.145	0.0114362
0.354641	0.145	0.010885
0.381921	0.145	0.0103347
0.409201	0.145	0.00978784
0.436481	0.145	0.00924681
0.463761	0.145	0.00871335
0.491041	0.145	0.00818893
0.518321	0.145	0.00767473
0.545601	0.145	0.00717169
0.572881	0.145	0.00668057
0.600161	0.145	0.00620199
0.627441	0.145	0.00573643
0.654721	0.145	0.00528427
0.682001	0.145	0.00484583
0.709281	0.145	0.00442134
0.736561	0.145	0.00401099
0.763841	0.145	0.00361493
0.791121	0.145	0.00323328
0.818401	0.145	0.00286611
0.845682	0.145	0.00251349
0.872962	0.145	0.00217549
0.900242	0.145	0.00185212
0.927522	0.145	0.00154342
0.954802	0.145	0.00124941
0.982082	0.145	0.000970093
1.00936	0.145	0.00070549
1.03664	0.145	0.000455603
1.06392	0.145	0.000220439
1.0912	0.145	0
0	0.15	0.0161988
0.0281776	0.15	0.0161521
0.0563553	0.15	0.0160116
0.0845329	0.15	0.0157833
0.112711	0.15	0.0154763
0.140888	0.15	0.0151018
0.169066	0.15	0.0146717
0.197243	0.15	0.0141974
0.225421	0.15	0.0136893
0.253599	0.15	0.0131565
0.281776	0.15	0.0126065
0.309954	0.15	0.0120457
0.338132	0.15	0.0114791
0.366309	0.15	0.0109111
0.394487	0.15	0.0103451
0.422665	0.15	0.00978381
0.450842	0.15	0.00922952
0.47902	0.15	0.00868403
0.507197	0.15	0.00814881
0.535375	0.15	0.00762502
0.563553	0.15	0.00711359
0.59173	0.15	0.00661526
0.619908	0.15	0.00613062
0.648086	0.15	0.00566013
0.676263	0.15	0.00520416
0.704441	0.15	0.00476301
0.732619	0.15	0.00433688
0.760796	0.15	0.00392596
0.788974	0.15	0.00353038
0.817151	0.15	0.00315023
0.845329	0.15	0.0027856
0.873507	0.15	0.00243655
0.901684	0.15	0.00210311
0.929862	0.15	0.00178531
0.95804	0.15	0.00148318
0.986217	0.15	0.00119673
1.01439	0.15	0.000925974
1.04257	0.15	0.000670918
1.07075	0.15	0.000431567
1.09893	0.15	0.000207927
1.12711	0.15	0
0	0.155	0.0164074
0.0290752	0.155	0.0163582
0.0581505	0.155	0.0162103
0.0872257	0.155	0.0159704
0.116301	0.155	0.0156483
0.145376	0.155	0.0152562
0.174451	0.155	0.0148068
0.203527	0.155	0.0143125
0.232602	0.155	0.0137841
0.261677	0.155	0.0132312
0.290752	0.155	0.0126617
0.319827	0.155	0.0120822
0.348903	0.155	0.011498
0.377978	0.155	0.0109136
0.407053	0.155	0.0103323
0.436128	0.155	0.00975696
0.465204	0.155	0.00918995
0.494279	0.155	0.00863302
0.523354	0.155	0.00808762
0.552429	0.155	0.00755491
0.581505	0.155	0.00703578
0.61058	0.155	0.00653097
0.639655	0.155	0.00604102
0.66873	0.155	0.0055664
0.697805	0.155	0.00510743
0.726881	0.155	0.0046644
0.755956	0.155	0.0042375
0.785031	0.155	0.00382689
0.814106	0.155	0.00343269
0.843182	0.155	0.003055
0.872257	0.155	0.00269387
0.901332	0.155	0.00234937
0.930407	0.155	0.00202151
0.959482	0.155	0.00171033
0.988558	0.155	0.00141585
1.01763	0.155	0.00113807
1.04671	0.155	0.000877002
1.07578	0.155	0.000632658
1.10486	0.155	0.000405041
1.13393	0.155	0.000194155
1.16301	0.155	0
0	0.16	0.0165942
0.0299728	0.16	0.0165424
0.0599456	0.16	0.0163869
0.0899184	0.16	0.0161348
0.119891	0.16	0.0157971
0.149864	0.16	0.015387
0.179837	0.16	0.014918
0.20981	0.16	0.0144033
0.239783	0.16	0.0138544
0.269755	0.16	0.0132814
0.299728	0.16	0.0126924
0.329701	0.16	0.0120944
0.359674	0.16	0.0114929
0.389647	0.16	0.0108923
0.419619	0.16	0.0102961
0.449592	0.16	0.00970733
0.479565	0.16	0.00912813
0.509538	0.16	0.00856035
0.539511	0.16	0.00800541
0.569483	0.16	0.00746444
0.599456	0.16	0.00693832
0.629429	0.16	0.00642775
0.659402	0.16	0.00593326
0.689375	0.16	0.00545528
0.719348	0.16	0.00499412
0.74932	0.16	0.00455004
0.779293	0.16	0.00412322
0.809266	0.16	0.0037138
0.839239	0.16	0.0033219
0.869212	0.16	0.0029476
0.899184	0.16	0.00259093
0.929157	0.16	0.00225196
0.95913	0.16	0.00193071
0.989103	0.16	0.00162719
1.01908	0.16	0.00134142
1.04905	0.16	0.00107342
1.07902	0.16	0.000823177
1.10899	0.16	0.000590712
1.13897	0.16	0.000376026
1.16894	0.16	0.000179124
1.19891	0.16	0
0	0.165	0.016759
0.0308704	0.165	0.0167046
0.0617408	0.165	0.016541
0.0926112	0.165	0.0162764
0.123482	0.165	0.0159227
0.154352	0.165	0.015494
0.185222	0.165	0.0150051
0.216093	0.165	0.0144697
0.246963	0.165	0.0139002
0.277834	0.165	0.0133069
0.308704	0.165	0.0126986
0.339574	0.165	0.0120823
0.370445	0.165	0.0114637
0.401315	0.165	0.0108473
0.432186	0.165	0.0102368
0.463056	0.165	0.00963493
0.493926	0.165	0.00904411
0.524797	0.165	0.00846607
0.555667	0.165	0.00790222
0.586538	0.165	0.00735366
0.617408	0.165	0.00682125
0.648278	0.165	0.00630564
0.679149	0.165	0.00580736
0.710019	0.165	0.0053268
0.74089	0.165	0.00486426
0.77176	0.165	0.00441995
0.80263	0.165	0.00399407
0.833501	0.165	0.00358673
0.864371	0.165	0.00319803
0.895242	0.165	0.00282804
0.926112	0.165	0.0024768
0.956982	0.165	0.00214435
0.987853	0.165	0.0018307
1.01872	0.165	0.00153589
1.04959	0.165	0.00125991
1.08046	0.165	0.00100278
1.11133	0.165	0.000764501
1.1422	0.165	0.00054508
1.17308	0.165	0.000344526
1.20395	0.165	0.000162839
1.23482	0.165	0
0	0.17	0.0169018
0.031768	0.17	0.0168446
0.063536	0.17	0.0166728
0.095304	0.17	0.0163953
0.127072	0.17	0.016025
0.15884	0.17	0.0155773
0.190608	0.17	0.0150679
0.222376	0.17	0.0145116
0.254144	0.17	0.0139212
0.285912	0.17	0.0133078
0.31768	0.17	0.0126802
0.349448	0.17	0.0120458
0.381216	0.17	0.0114104
0.412984	0.17	0.0107786
0.444752	0.17	0.0101541
0.47652	0.17	0.0095398
0.508288	0.17	0.00893791
0.540056	0.17	0.00835021
0.571824	0.17	0.00777809
0.603592	0.17	0.00722262
0.63536	0.17	0.00668461
0.667128	0.17	0.0061647
0.698896	0.17	0.00566338
0.730664	0.17	0.00518101
0.762432	0.17	0.00471788
0.7942	0.17	0.00427418
0.825968	0.17	0.00385008
0.857736	0.17	0.00344569
0.889504	0.17	0.00306109
0.921272	0.17	0.00269634
0.95304	0.17	0.00235147
0.984808	0.17	0.00202652
1.01658	0.17	0.00172151
1.04834	0.17	0.00143643
1.08011	0.17	0.00117132
1.11188	0.17	0.00092616
1.14365	0.17	0.000700974
1.17542	0.17	0.000495768
1.20718	0.17	0.000310548
1.23895	0.17	0.000145308
1.27072	0.17	0
0	0.175	0.0170227
0.0326656	0.175	0.0169626
0.0653312	0.175	0.0167822
0.0979967	0.175	0.0164911
0.130662	0.175	0.0161038
0.163328	0.175	0.0156366
0.195993	0.175	0.0151064
0.228659	0.175	0.0145288
0.261325	0.175	0.0139175
0.29399	0.175	0.0132838
0.326656	0.175	0.0126371
0.359321	0.175	0.0119849
0.391987	0.175	0.011333
0.424653	0.175	0.0106862
0.457318	0.175	0.0100483
0.489984	0.175	0.00942197
0.522649	0.175	0.00880957
0.555315	0.175	0.00821283
0.58798	0.175	0.00763308
0.620646	0.175	0.00707136
0.653312	0.175	0.00652845
0.685977	0.175	0.00600496
0.718643	0.175	0.00550135
0.751308	0.175	0.00501794
0.783974	0.175	0.00455501
0.816639	0.175	0.00411275
0.849305	0.175	0.00369127
0.881971	0.175	0.0032907
0.914636	0.175	0.0029111
0.947302	0.175	0.00255251
0.979967	0.175	0.00221497
1.01263	0.175	0.0018985
1.0453	0.175	0.00160311
1.07796	0.175	0.00132882
1.11063	0.175	0.00107563
1.1433	0.175	0.000843558
1.17596	0.175	0.000632604
1.20863	0.175	0.000442785
1.24129	0.175	0.000274107
1.27396	0.175	0.000126547
1.30662	0.175	0
0	0.18	0.0171215
0.0335632	0.18	0.0170585
0.0671263	0.18	0.016869
0.100689	0.18	0.016564
0.134253	0.18	0.016159
0.167816	0.18	0.0156718
0.201379	0.18	0.0151204
0.234942	0.18	0.0145214
0.268505	0.18	0.013889
0.302068	0.18	0.0132351
0.335632	0.18	0.0125694
0.369195	0.18	0.0118995
0.402758	0.18	0.0112315
0.436321	0.18	0.0105702
0.469884	0.18	0.00991922
0.503447	0.18	0.00928147
0.537011	0.18	0.00865915
0.570574	0.18	0.00805397
0.604137	0.18	0.00746723
0.6377	0.18	0.00689993
0.671263	0.18	0.00635282
0.704826	0.18	0.00582646
0.73839	0.18	0.00532129
0.771953	0.18	0.00483763
0.805516	0.18	0.00437569
0.839079	0.18	0.00393567
0.872642	0.18	0.00351766
0.906205	0.18	0.00312178
0.939769	0.18	0.00274806
0.973332	0.18	0.00239655
1.00689	0.18	0.00206729
1.04046	0.18	0.00176028
1.07402	0.18	0.00147553
1.10758	0.18	0.00121306
1.14115	0.18	0.00097287
1.17471	0.18	0.000754979
1.20827	0.18	0.0005594
1.24184	0.18	0.000386152
1.2754	0.18	0.000235234
1.30896	0.18	0.00010659
1.34253	0.18	0
0	0.185	0.0171984
0.0344608	0.185	0.0171322
0.0689215	0.185	0.0169334
0.103382	0.185	0.0166138
0.137843	0.185	0.0161905
0.172304	0.185	0.0156828
0.206765	0.185	0.0151098
0.241225	0.185	0.014489
0.275686	0.185	0.0138354
0.310147	0.185	0.0131614
0.344608	0.185	0.0124769
0.379068	0.185	0.0117896
0.413529	0.185	0.0111059
0.44799	0.185	0.0104305
0.482451	0.185	0.00976699
0.516911	0.185	0.00911833
0.551372	0.185	0.00848667
0.585833	0.185	0.00787366
0.620294	0.185	0.00728058
0.654754	0.185	0.00670836
0.689215	0.185	0.00615774
0.723676	0.185	0.00562924
0.758137	0.185	0.00512326
0.792597	0.185	0.00464009
0.827058	0.185	0.00417994
0.861519	0.185	0.00374296
0.89598	0.185	0.00332927
0.93044	0.185	0.00293893
0.964901	0.185	0.00257199
0.999362	0.185	0.00222849
1.03382	0.185	0.00190844
1.06828	0.185	0.00161186
1.10274	0.185	0.00133876
1.1372	0.185	0.00108914
1.17167	0.185	0.00086303
1.20613	0.185	0.000660437
1.24059	0.185	0.00048139
1.27505	0.185	0.000325912
1.30951	0.185	0.000193988
1.34397	0.185	8.54943e-05
1.37843	0.185	0
0	0.19	0.0172532
0.0353583	0.19	0.0171838
0.0707167	0.19	0.0169751
0.106075	0.19	0.0166404
0.141433	0.19	0.0161983
0.176792	0.19	0.0156695
0.21215	0.19	0.0150745
0.247508	0.19	0.0144318
0.282867	0.19	0.0137569
0.318225	0.19	0.0130628
0.353583	0.19	0.0123596
0.388942	0.19	0.0116553
0.4243	0.19	0.0109562
0.459658	0.19	0.0102671
0.495017	0.19	0.00959163
0.530375	0.19	0.00893261
0.565733	0.19	0.00829218
0.601092	0.19	0.00767196
0.63645	0.19	0.00707317
0.671808	0.19	0.00649671
0.707167	0.19	0.00594326
0.742525	0.19	0.00541332
0.777883	0.19	0.00490727
0.813242	0.19	0.00442535
0.8486	0.19	0.00396777
0.883959	0.19	0.00353465
0.919317	0.19	0.0031261
0.954675	0.19	0.00274216
0.990034	0.19	0.00238289
1.02539	0.19	0.0020483
1.06075	0.19	0.00173842
1.09611	0.19	0.00145325
1.13147	0.19	0.0011928
1.16683	0.19	0.000957084
1.20218	0.19	0.000746128
1.23754	0.19	0.000559961
1.2729	0.19	0.000398624
1.30826	0.19	0.000262142
1.34362	0.19	0.000150474
1.37898	0.19	6.33646e-05
1.41433	0.19	0
0	0.195	0.017286
0.0362559	0.195	0.0172132
0.0725119	0.195	0.0169942
0.108768	0.195	0.0166438
0.145024	0.195	0.0161822
0.18128	0.195	0.0156318
0.217536	0.195	0.0150144
0.253792	0.195	0.0143495
0.290047	0.195	0.0136533
0.326303	0.195	0.0129392
0.362559	0.195	0.0122176
0.398815	0.195	0.0114966
0.435071	0.195	0.0107825
0.471327	0.195	0.0100802
0.507583	0.195	0.00939317
0.543839	0.195	0.00872433
0.580095	0.195	0.00807572
0.616351	0.195	0.0074489
0.652607	0.195	0.00684504
0.688863	0.195	0.006265
0.725119	0.195	0.00570941
0.761375	0.195	0.00517875
0.79763	0.195	0.00467334
0.833886	0.195	0.00419344
0.870142	0.195	0.0037392
0.906398	0.195	0.00331075
0.942654	0.195	0.00290817
0.97891	0.195	0.0025315
1.01517	0.195	0.00218077
1.05142	0.195	0.00185601
1.08768	0.195	0.00155724
1.12393	0.195	0.00128445
1.16019	0.195	0.00103766
1.19645	0.195	0.000816896
1.2327	0.195	0.000622195
1.26896	0.195	0.000453607
1.30521	0.195	0.000311192
1.34147	0.195	0.000194982
1.37773	0.195	0.000104875
1.41398	0.195	4.03804e-05
1.45024	0.195	0
0	0.2	0.0172968
0.0371535	0.2	0.0172203
0.074307	0.2	0.0169906
0.111461	0.2	0.0166238
0.148614	0.2	0.0161421
0.185768	0.2	0.0155696
0.222921	0.2	0.0149294
0.260075	0.2	0.0142421
0.297228	0.2	0.0135246
0.334382	0.2	0.0127906
0.371535	0.2	0.0120507
0.408689	0.2	0.0113134
0.445842	0.2	0.0105847
0.482996	0.2	0.00986961
0.520149	0.2	0.00917164
0.557303	0.2	0.00849354
0.594456	0.2	0.00783733
0.63161	0.2	0.00720452
0.668763	0.2	0.00659623
0.705917	0.2	0.00601326
0.74307	0.2	0.00545622
0.780224	0.2	0.00492554
0.817377	0.2	0.00442151
0.854531	0.2	0.00394437
0.891684	0.2	0.00349426
0.928838	0.2	0.00307127
0.965991	0.2	0.00267548
1.00314	0.2	0.00230693
1.0403	0.2	0.00196564
1.07745	0.2	0.00165162
1.11461	0.2	0.00136489
1.15176	0.2	0.00110546
1.18891	0.2	0.000873356
1.22607	0.2	0.000668611
1.26322	0.2	0.000491288
1.30037	0.2	0.000341473
1.33753	0.2	0.000219257
1.37468	0.2	0.000124671
1.41183	0.2	5.75047e-05
1.44899	0.2	1.68464e-05
1.48614	0.2	0
