0	0	0
0.005	0	0
0.01	0	0
0.015	0	0
0.02	0	0
0.025	0	0
0.03	0	0
0.035	0	0
0.04	0	0
0.045	0	0
0.05	0	0
0.055	0	0
0.06	0	0
0.065	0	0
0.07	0	0
0.075	0	0
0.08	0	0
0.085	0	0
0.09	0	0
0.095	0	0
0.1	0	0
0.105	0	0
0.11	0	0
0.115	0	0
0.12	0	0
0.125	0	0
0.13	0	0
0.135	0	0
0.14	0	0
0.145	0	0
0.15	0	0
0.155	0	0
0.16	0	0
0.165	0	0
0.17	0	0
0.175	0	0
0.18	0	0
0.185	0	0
0.19	0	0
0.195	0	0
0.2	0	0
0	0.0225	0.00882057
0.0055863	0.0225	0.0088185
0.0111726	0.0225	0.00881227
0.0167589	0.0225	0.00880186
0.0223452	0.0225	0.00878723
0.0279315	0.0225	0.00876832
0.0335178	0.0225	0.00874507
0.0391041	0.0225	0.00871738
0.0446904	0.0225	0.00868515
0.0502767	0.0225	0.00864825
0.055863	0.0225	0.00860652
0.0614493	0.0225	0.00855979
0.0670356	0.0225	0.00850784
0.0726219	0.0225	0.00845044
0.0782082	0.0225	0.0083873
0.0837945	0.0225	0.00831809
0.0893808	0.0225	0.00824244
0.0949671	0.0225	0.00815992
0.100553	0.0225	0.00807
0.10614	0.0225	0.00797209
0.111726	0.0225	0.00786548
0.117312	0.0225	0.00774935
0.122899	0.0225	0.00762272
0.128485	0.0225	0.00748444
0.134071	0.0225	0.00733313
0.139658	0.0225	0.00716715
0.145244	0.0225	0.00698454
0.15083	0.0225	0.00678299
0.156416	0.0225	0.00655969
0.162003	0.0225	0.00631131
0.167589	0.0225	0.00603387
0.173175	0.0225	0.00572259
0.178762	0.0225	0.00537179
0.184348	0.0225	0.00497469
0.189934	0.0225	0.00452325
0.195521	0.0225	0.00400791
0.201107	0.0225	0.00341738
0.206693	0.0225	0.00273836
0.212279	0.0225	0.00195519
0.217866	0.0225	0.00104954
0.223452	0.0225	0
0	0.045	0.0172023
0.0061726	0.045	0.0171974
0.0123452	0.045	0.0171826
0.0185178	0.045	0.0171579
0.0246904	0.045	0.0171231
0.030863	0.045	0.0170782
0.0370356	0.045	0.0170229
0.0432082	0.045	0.016957
0.0493808	0.045	0.0168801
0.0555534	0.045	0.0167921
0.061726	0.045	0.0166923
0.0678986	0.045	0.0165805
0.0740712	0.045	0.0164559
0.0802439	0.045	0.016318
0.0864165	0.045	0.0161661
0.0925891	0.045	0.0159992
0.0987617	0.045	0.0158165
0.104934	0.045	0.0156167
0.111107	0.045	0.0153986
0.117279	0.045	0.0151608
0.123452	0.045	0.0149015
0.129625	0.045	0.0146188
0.135797	0.045	0.0143106
0.14197	0.045	0.0139742
0.148142	0.045	0.013607
0.154315	0.045	0.0132057
0.160488	0.045	0.0127666
0.16666	0.045	0.0122859
0.172833	0.045	0.011759
0.179006	0.045	0.0111812
0.185178	0.045	0.0105473
0.191351	0.045	0.00985162
0.197523	0.045	0.00908856
0.203696	0.045	0.00825229
0.209869	0.045	0.00733718
0.216041	0.045	0.00633809
0.222214	0.045	0.00525075
0.228386	0.045	0.00407236
0.234559	0.045	0.00280223
0.240732	0.045	0.00144265
0.246904	0.045	0
0	0.0675	0.0252089
0.00675891	0.0675	0.0252005
0.0135178	0.0675	0.0251751
0.0202767	0.0675	0.0251326
0.0270356	0.0675	0.0250729
0.0337945	0.0675	0.0249958
0.0405534	0.0675	0.0249007
0.0473123	0.0675	0.0247875
0.0540712	0.0675	0.0246554
0.0608302	0.0675	0.024504
0.0675891	0.0675	0.0243324
0.074348	0.0675	0.02414
0.0811069	0.0675	0.0239257
0.0878658	0.0675	0.0236884
0.0946247	0.0675	0.0234269
0.101384	0.0675	0.0231398
0.108142	0.0675	0.0228256
0.114901	0.0675	0.0224824
0.12166	0.0675	0.0221083
0.128419	0.0675	0.0217011
0.135178	0.0675	0.0212583
0.141937	0.0675	0.0207772
0.148696	0.0675	0.0202549
0.155455	0.0675	0.0196882
0.162214	0.0675	0.0190737
0.168973	0.0675	0.0184076
0.175732	0.0675	0.0176863
0.18249	0.0675	0.0169056
0.189249	0.0675	0.0160616
0.196008	0.0675	0.0151503
0.202767	0.0675	0.0141678
0.209526	0.0675	0.0131108
0.216285	0.0675	0.0119761
0.223044	0.0675	0.0107613
0.229803	0.0675	0.00946477
0.236562	0.0675	0.00808575
0.243321	0.0675	0.00662461
0.25008	0.0675	0.00508276
0.256838	0.0675	0.0034626
0.263597	0.0675	0.00176723
0.270356	0.0675	0
0	0.09	0.0328969
0.00734521	0.09	0.0328844
0.0146904	0.09	0.0328468
0.0220356	0.09	0.0327839
0.0293808	0.09	0.0326955
0.036726	0.09	0.0325812
0.0440712	0.09	0.0324405
0.0514165	0.09	0.0322729
0.0587617	0.09	0.0320775
0.0661069	0.09	0.0318535
0.0734521	0.09	0.0315999
0.0807973	0.09	0.0313156
0.0881425	0.09	0.0309993
0.0954877	0.09	0.0306494
0.102833	0.09	0.0302644
0.110178	0.09	0.0298424
0.117523	0.09	0.0293814
0.124869	0.09	0.0288792
0.132214	0.09	0.0283334
0.139559	0.09	0.0277414
0.146904	0.09	0.0271005
0.154249	0.09	0.0264078
0.161595	0.09	0.02566
0.16894	0.09	0.0248542
0.176285	0.09	0.023987
0.18363	0.09	0.0230553
0.190975	0.09	0.0220558
0.198321	0.09	0.0209855
0.205666	0.09	0.0198418
0.213011	0.09	0.0186221
0.220356	0.09	0.0173243
0.227701	0.09	0.0159471
0.235047	0.09	0.0144893
0.242392	0.09	0.0129507
0.249737	0.09	0.0113314
0.257082	0.09	0.0096325
0.264427	0.09	0.00785518
0.271773	0.09	0.00600126
0.279118	0.09	0.00407273
0.286463	0.09	0.00207164
0.293808	0.09	0
0	0.1125	0.0403138
0.00793151	0.1125	0.0402968
0.015863	0.1125	0.0402458
0.0237945	0.1125	0.0401606
0.031726	0.1125	0.0400408
0.0396575	0.1125	0.039886
0.0475891	0.1125	0.0396955
0.0555206	0.1125	0.0394686
0.0634521	0.1125	0.0392043
0.0713836	0.1125	0.0389017
0.0793151	0.1125	0.0385593
0.0872466	0.1125	0.038176
0.0951781	0.1125	0.03775
0.10311	0.1125	0.0372798
0.111041	0.1125	0.0367633
0.118973	0.1125	0.0361985
0.126904	0.1125	0.0355833
0.134836	0.1125	0.0349152
0.142767	0.1125	0.0341916
0.150699	0.1125	0.0334101
0.15863	0.1125	0.0325679
0.166562	0.1125	0.0316621
0.174493	0.1125	0.0306901
0.182425	0.1125	0.0296492
0.190356	0.1125	0.0285366
0.198288	0.1125	0.02735
0.206219	0.1125	0.0260871
0.214151	0.1125	0.0247459
0.222082	0.1125	0.0233248
0.230014	0.1125	0.0218227
0.237945	0.1125	0.0202386
0.245877	0.1125	0.0185724
0.253808	0.1125	0.016824
0.26174	0.1125	0.014994
0.269671	0.1125	0.0130832
0.277603	0.1125	0.0110929
0.285534	0.1125	0.00902436
0.293466	0.1125	0.0068792
0.301397	0.1125	0.00465902
0.309329	0.1125	0.00236541
0.31726	0.1125	0
0	0.135	0.0474979
0.00851781	0.135	0.0474763
0.0170356	0.135	0.0474111
0.0255534	0.135	0.0473023
0.0340712	0.135	0.0471494
0.0425891	0.135	0.0469518
0.0511069	0.135	0.0467089
0.0596247	0.135	0.0464197
0.0681425	0.135	0.0460832
0.0766603	0.135	0.0456982
0.0851781	0.135	0.0452634
0.0936959	0.135	0.0447771
0.102214	0.135	0.0442378
0.110732	0.135	0.0436434
0.119249	0.135	0.0429922
0.127767	0.135	0.0422818
0.136285	0.135	0.0415101
0.144803	0.135	0.0406748
0.153321	0.135	0.0397734
0.161838	0.135	0.0388035
0.170356	0.135	0.0377628
0.178874	0.135	0.0366487
0.187392	0.135	0.035459
0.19591	0.135	0.0341916
0.204427	0.135	0.0328446
0.212945	0.135	0.0314161
0.221463	0.135	0.0299049
0.229981	0.135	0.0283097
0.238499	0.135	0.0266298
0.247017	0.135	0.0248648
0.255534	0.135	0.0230146
0.264052	0.135	0.0210795
0.27257	0.135	0.0190599
0.281088	0.135	0.0169569
0.289606	0.135	0.0147714
0.298123	0.135	0.0125046
0.306641	0.135	0.0101578
0.315159	0.135	0.00773252
0.323677	0.135	0.00523015
0.332195	0.135	0.00265216
0.340712	0.135	0
0	0.1575	0.0544787
0.00910411	0.1575	0.0544522
0.0182082	0.1575	0.0543725
0.0273123	0.1575	0.0542393
0.0364165	0.1575	0.0540522
0.0455206	0.1575	0.0538107
0.0546247	0.1575	0.0535139
0.0637288	0.1575	0.0531609
0.0728329	0.1575	0.0527505
0.081937	0.1575	0.0522816
0.0910411	0.1575	0.0517526
0.100145	0.1575	0.0511619
0.109249	0.1575	0.0505079
0.118353	0.1575	0.0497886
0.127458	0.1575	0.0490022
0.136562	0.1575	0.0481464
0.145666	0.1575	0.0472193
0.15477	0.1575	0.0462187
0.163874	0.1575	0.0451424
0.172978	0.1575	0.0439882
0.182082	0.1575	0.0427542
0.191186	0.1575	0.0414384
0.200291	0.1575	0.0400391
0.209395	0.1575	0.0385545
0.218499	0.1575	0.0369835
0.227603	0.1575	0.0353249
0.236707	0.1575	0.0335779
0.245811	0.1575	0.0317419
0.254915	0.1575	0.0298168
0.264019	0.1575	0.0278027
0.273123	0.1575	0.0256998
0.282228	0.1575	0.0235088
0.291332	0.1575	0.0212305
0.300436	0.1575	0.0188658
0.30954	0.1575	0.0164158
0.318644	0.1575	0.0138819
0.327748	0.1575	0.0112654
0.336852	0.1575	0.00856746
0.345956	0.1575	0.00578966
0.35506	0.1575	0.00293336
0.364165	0.1575	0
0	0.18	0.0612778
0.00969042	0.18	0.0612464
0.0193808	0.18	0.0611518
0.0290712	0.18	0.060994
0.0387617	0.18	0.0607724
0.0484521	0.18	0.0604864
0.0581425	0.18	0.0601352
0.0678329	0.18	0.0597177
0.0775233	0.18	0.059233
0.0872137	0.18	0.0586797
0.0969042	0.18	0.0580563
0.106595	0.18	0.0573613
0.116285	0.18	0.056593
0.125975	0.18	0.0557496
0.135666	0.18	0.0548293
0.145356	0.18	0.0538302
0.155047	0.18	0.0527503
0.164737	0.18	0.0515877
0.174427	0.18	0.0503406
0.184118	0.18	0.0490073
0.193808	0.18	0.047586
0.203499	0.18	0.0460753
0.213189	0.18	0.0444738
0.22288	0.18	0.0427805
0.23257	0.18	0.0409945
0.24226	0.18	0.0391152
0.251951	0.18	0.0371423
0.261641	0.18	0.0350757
0.271332	0.18	0.0329154
0.281022	0.18	0.030662
0.290712	0.18	0.0283161
0.300403	0.18	0.0258783
0.310093	0.18	0.0233498
0.319784	0.18	0.0207315
0.329474	0.18	0.0180247
0.339165	0.18	0.0152307
0.348855	0.18	0.0123508
0.358545	0.18	0.00938631
0.368236	0.18	0.00633875
0.377926	0.18	0.0032095
0.387617	0.18	0
0	0.2025	0.0679104
0.0102767	0.2025	0.0678739
0.0205534	0.2025	0.0677646
0.0308302	0.2025	0.067582
0.0411069	0.2025	0.0673258
0.0513836	0.2025	0.0669953
0.0616603	0.2025	0.0665897
0.071937	0.2025	0.066108
0.0822137	0.2025	0.0655492
0.0924905	0.2025	0.0649119
0.102767	0.2025	0.0641949
0.113044	0.2025	0.0633965
0.123321	0.2025	0.0625153
0.133597	0.2025	0.0615496
0.143874	0.2025	0.0604976
0.154151	0.2025	0.0593578
0.164427	0.2025	0.0581284
0.174704	0.2025	0.0568078
0.184981	0.2025	0.0553945
0.195258	0.2025	0.0538871
0.205534	0.2025	0.0522842
0.215811	0.2025	0.0505848
0.226088	0.2025	0.048788
0.236365	0.2025	0.0468931
0.246641	0.2025	0.0448997
0.256918	0.2025	0.0428075
0.267195	0.2025	0.0406165
0.277471	0.2025	0.038327
0.287748	0.2025	0.0359394
0.298025	0.2025	0.0334544
0.308302	0.2025	0.0308727
0.318578	0.2025	0.0281953
0.328855	0.2025	0.0254234
0.339132	0.2025	0.0225581
0.349408	0.2025	0.0196006
0.359685	0.2025	0.0165524
0.369962	0.2025	0.0134149
0.380239	0.2025	0.0101894
0.390515	0.2025	0.00687742
0.400792	0.2025	0.00348047
0.411069	0.2025	0
0	0.225	0.0743861
0.010863	0.225	0.0743447
0.021726	0.225	0.0742206
0.0325891	0.225	0.0740135
0.0434521	0.225	0.0737229
0.0543151	0.225	0.0733482
0.0651781	0.225	0.0728886
0.0760411	0.225	0.0723432
0.0869042	0.225	0.071711
0.0977672	0.225	0.0709908
0.10863	0.225	0.0701813
0.119493	0.225	0.0692811
0.130356	0.225	0.0682888
0.141219	0.225	0.0672029
0.152082	0.225	0.066022
0.162945	0.225	0.0647445
0.173808	0.225	0.0633691
0.184671	0.225	0.0618944
0.195534	0.225	0.0603193
0.206397	0.225	0.0586425
0.21726	0.225	0.0568633
0.228123	0.225	0.0549809
0.238986	0.225	0.0529947
0.249849	0.225	0.0509043
0.260712	0.225	0.0487098
0.271575	0.225	0.0464111
0.282439	0.225	0.0440086
0.293302	0.225	0.0415027
0.304165	0.225	0.0388941
0.315028	0.225	0.0361838
0.325891	0.225	0.0333726
0.336754	0.225	0.0304617
0.347617	0.225	0.0274523
0.35848	0.225	0.0243457
0.369343	0.225	0.0211433
0.380206	0.225	0.0178465
0.391069	0.225	0.0144568
0.401932	0.225	0.0109758
0.412795	0.225	0.00740498
0.423658	0.225	0.00374585
0.434521	0.225	0
0	0.2475	0.0807105
0.0114493	0.2475	0.0806643
0.0228986	0.2475	0.0805256
0.034348	0.2475	0.0802941
0.0457973	0.2475	0.0799695
0.0572466	0.2475	0.079551
0.0686959	0.2475	0.0790381
0.0801453	0.2475	0.0784299
0.0915946	0.2475	0.0777254
0.103044	0.2475	0.0769234
0.114493	0.2475	0.0760229
0.125943	0.2475	0.0750227
0.137392	0.2475	0.0739214
0.148841	0.2475	0.0727177
0.160291	0.2475	0.0714105
0.17174	0.2475	0.0699984
0.183189	0.2475	0.0684804
0.194638	0.2475	0.0668555
0.206088	0.2475	0.0651226
0.217537	0.2475	0.063281
0.228986	0.2475	0.0613302
0.240436	0.2475	0.0592696
0.251885	0.2475	0.0570992
0.263334	0.2475	0.0548188
0.274784	0.2475	0.0524286
0.286233	0.2475	0.049929
0.297682	0.2475	0.0473205
0.309132	0.2475	0.0446039
0.320581	0.2475	0.0417801
0.33203	0.2475	0.03885
0.34348	0.2475	0.0358149
0.354929	0.2475	0.032676
0.366378	0.2475	0.0294347
0.377828	0.2475	0.0260924
0.389277	0.2475	0.0226506
0.400726	0.2475	0.0191109
0.412176	0.2475	0.0154749
0.423625	0.2475	0.0117441
0.435074	0.2475	0.00792028
0.446524	0.2475	0.00400502
0.457973	0.2475	0
0	0.27	0.0868859
0.0120356	0.27	0.0868349
0.0240712	0.27	0.0866818
0.0361069	0.27	0.0864263
0.0481425	0.27	0.0860681
0.0601781	0.27	0.0856065
0.0722137	0.27	0.0850411
0.0842494	0.27	0.0843709
0.096285	0.27	0.0835951
0.108321	0.27	0.0827128
0.120356	0.27	0.081723
0.132392	0.27	0.0806245
0.144427	0.27	0.0794162
0.156463	0.27	0.0780972
0.168499	0.27	0.0766664
0.180534	0.27	0.0751228
0.19257	0.27	0.0734654
0.204606	0.27	0.0716937
0.216641	0.27	0.0698069
0.228677	0.27	0.0678046
0.240712	0.27	0.0656864
0.252748	0.27	0.0634522
0.264784	0.27	0.0611022
0.276819	0.27	0.0586365
0.288855	0.27	0.0560556
0.300891	0.27	0.0533601
0.312926	0.27	0.0505509
0.324962	0.27	0.0476287
0.336997	0.27	0.0445948
0.349033	0.27	0.0414503
0.361069	0.27	0.0381967
0.373104	0.27	0.0348352
0.38514	0.27	0.0313675
0.397176	0.27	0.0277951
0.409211	0.27	0.0241197
0.421247	0.27	0.0203429
0.433282	0.27	0.0164665
0.445318	0.27	0.0124922
0.457354	0.27	0.00842189
0.469389	0.27	0.00425721
0.481425	0.27	0
0	0.2925	0.092912
0.0126219	0.2925	0.0928563
0.0252439	0.2925	0.0926889
0.0378658	0.2925	0.0924098
0.0504877	0.2925	0.0920184
0.0631096	0.2925	0.0915144
0.0757316	0.2925	0.0908972
0.0883535	0.2925	0.0901661
0.100975	0.2925	0.0893204
0.113597	0.2925	0.0883591
0.126219	0.2925	0.0872814
0.138841	0.2925	0.0860865
0.151463	0.2925	0.0847735
0.164085	0.2925	0.0833414
0.176707	0.2925	0.0817895
0.189329	0.2925	0.0801171
0.201951	0.2925	0.0783236
0.214573	0.2925	0.0764084
0.227195	0.2925	0.0743712
0.239817	0.2925	0.0722118
0.252439	0.2925	0.0699302
0.26506	0.2925	0.0675266
0.277682	0.2925	0.0650012
0.290304	0.2925	0.0623547
0.302926	0.2925	0.0595876
0.315548	0.2925	0.0567009
0.32817	0.2925	0.0536956
0.340792	0.2925	0.0505729
0.353414	0.2925	0.0473339
0.366036	0.2925	0.0439802
0.378658	0.2925	0.0405133
0.39128	0.2925	0.0369348
0.403902	0.2925	0.0332463
0.416524	0.2925	0.0294496
0.429145	0.2925	0.0255466
0.441767	0.2925	0.021539
0.454389	0.2925	0.0174288
0.467011	0.2925	0.0132179
0.479633	0.2925	0.00890816
0.492255	0.2925	0.00450155
0.504877	0.2925	0
0	0.315	0.0987866
0.0132082	0.315	0.0987262
0.0264165	0.315	0.0985448
0.0396247	0.315	0.0982423
0.0528329	0.315	0.0978184
0.0660411	0.315	0.0972726
0.0792494	0.315	0.0966045
0.0924576	0.315	0.0958134
0.105666	0.315	0.0948988
0.118874	0.315	0.0938599
0.132082	0.315	0.0926961
0.145291	0.315	0.0914065
0.158499	0.315	0.0899906
0.171707	0.315	0.0884477
0.184915	0.315	0.0867772
0.198123	0.315	0.0849787
0.211332	0.315	0.0830517
0.22454	0.315	0.0809961
0.237748	0.315	0.0788118
0.250956	0.315	0.0764988
0.264165	0.315	0.0740575
0.277373	0.315	0.0714882
0.290581	0.315	0.0687915
0.303789	0.315	0.0659683
0.316997	0.315	0.0630195
0.330206	0.315	0.0599461
0.343414	0.315	0.0567494
0.356622	0.315	0.0534308
0.36983	0.315	0.0499918
0.383039	0.315	0.0464341
0.396247	0.315	0.0427593
0.409455	0.315	0.0389694
0.422663	0.315	0.035066
0.435872	0.315	0.0310512
0.44908	0.315	0.0269271
0.462288	0.315	0.0226955
0.475496	0.315	0.0183586
0.488704	0.315	0.0139185
0.501913	0.315	0.00937729
0.515121	0.315	0.00473708
0.528329	0.315	0
0	0.3375	0.104506
0.0137945	0.3375	0.104441
0.0275891	0.3375	0.104246
0.0413836	0.3375	0.10392
0.0551781	0.3375	0.103464
0.0689726	0.3375	0.102877
0.0827672	0.3375	0.102159
0.0965617	0.3375	0.101309
0.110356	0.3375	0.100327
0.124151	0.3375	0.0992115
0.137945	0.3375	0.0979629
0.15174	0.3375	0.0965804
0.165534	0.3375	0.0950636
0.179329	0.3375	0.0934119
0.193123	0.3375	0.091625
0.206918	0.3375	0.0897028
0.220712	0.3375	0.0876451
0.234507	0.3375	0.0854519
0.248302	0.3375	0.0831235
0.262096	0.3375	0.0806602
0.275891	0.3375	0.0780626
0.289685	0.3375	0.0753312
0.30348	0.3375	0.0724671
0.317274	0.3375	0.0694712
0.331069	0.3375	0.0663447
0.344863	0.3375	0.0630889
0.358658	0.3375	0.0597055
0.372452	0.3375	0.0561959
0.386247	0.3375	0.052562
0.400041	0.3375	0.0488055
0.413836	0.3375	0.0449285
0.42763	0.3375	0.040933
0.441425	0.3375	0.0368209
0.455219	0.3375	0.0325946
0.469014	0.3375	0.0282563
0.482809	0.3375	0.023808
0.496603	0.3375	0.0192523
0.510398	0.3375	0.0145912
0.524192	0.3375	0.0098273
0.537987	0.3375	0.00496277
0.551781	0.3375	0
0	0.36	0.110065
0.0143808	0.36	0.109996
0.0287617	0.36	0.109787
0.0431425	0.36	0.109439
0.0575233	0.36	0.108951
0.0719042	0.36	0.108324
0.086285	0.36	0.107556
0.100666	0.36	0.106648
0.115047	0.36	0.105599
0.129427	0.36	0.104409
0.143808	0.36	0.103077
0.158189	0.36	0.101603
0.17257	0.36	0.0999868
0.186951	0.36	0.0982282
0.201332	0.36	0.0963271
0.215712	0.36	0.0942835
0.230093	0.36	0.0920975
0.244474	0.36	0.0897695
0.258855	0.36	0.0872999
0.273236	0.36	0.0846893
0.287617	0.36	0.0819386
0.301997	0.36	0.0790486
0.316378	0.36	0.0760206
0.330759	0.36	0.0728559
0.34514	0.36	0.0695558
0.359521	0.36	0.0661221
0.373902	0.36	0.0625565
0.388282	0.36	0.0588608
0.402663	0.36	0.0550371
0.417044	0.36	0.0510874
0.431425	0.36	0.047014
0.445806	0.36	0.0428191
0.460187	0.36	0.038505
0.474567	0.36	0.0340742
0.488948	0.36	0.0295291
0.503329	0.36	0.0248722
0.51771	0.36	0.020106
0.532091	0.36	0.0152331
0.546472	0.36	0.0102561
0.560852	0.36	0.00517752
0.575233	0.36	0
0	0.3825	0.11546
0.0149671	0.3825	0.115386
0.0299343	0.3825	0.115164
0.0449014	0.3825	0.114793
0.0598685	0.3825	0.114274
0.0748357	0.3825	0.113607
0.0898028	0.3825	0.11279
0.10477	0.3825	0.111825
0.119737	0.3825	0.11071
0.134704	0.3825	0.109446
0.149671	0.3825	0.108032
0.164638	0.3825	0.106468
0.179606	0.3825	0.104754
0.194573	0.3825	0.10289
0.20954	0.3825	0.100877
0.224507	0.3825	0.098714
0.239474	0.3825	0.0964021
0.254441	0.3825	0.0939416
0.269408	0.3825	0.0913335
0.284376	0.3825	0.0885785
0.299343	0.3825	0.0856777
0.31431	0.3825	0.0826325
0.329277	0.3825	0.0794442
0.344244	0.3825	0.0761144
0.359211	0.3825	0.0726449
0.374178	0.3825	0.0690376
0.389145	0.3825	0.0652944
0.404113	0.3825	0.0614176
0.41908	0.3825	0.0574094
0.434047	0.3825	0.0532722
0.449014	0.3825	0.0490084
0.463981	0.3825	0.0446207
0.478948	0.3825	0.0401115
0.493915	0.3825	0.0354837
0.508883	0.3825	0.03074
0.52385	0.3825	0.025883
0.538817	0.3825	0.0209157
0.553784	0.3825	0.0158409
0.568751	0.3825	0.0106614
0.583718	0.3825	0.00538014
0.598685	0.3825	0
0	0.405	0.120683
0.0155534	0.405	0.120604
0.0311069	0.405	0.120369
0.0466603	0.405	0.119976
0.0622137	0.405	0.119426
0.0777672	0.405	0.118719
0.0933206	0.405	0.117855
0.108874	0.405	0.116833
0.124427	0.405	0.115653
0.139981	0.405	0.114316
0.155534	0.405	0.112821
0.171088	0.405	0.111168
0.186641	0.405	0.109358
0.202195	0.405	0.107391
0.217748	0.405	0.105267
0.233302	0.405	0.102987
0.248855	0.405	0.100551
0.264408	0.405	0.0979604
0.279962	0.405	0.0952162
0.295515	0.405	0.0923195
0.311069	0.405	0.0892717
0.326622	0.405	0.0860744
0.342176	0.405	0.0827293
0.357729	0.405	0.0792382
0.373282	0.405	0.0756032
0.388836	0.405	0.0718266
0.404389	0.405	0.0679106
0.419943	0.405	0.0638577
0.435496	0.405	0.0596705
0.45105	0.405	0.0553516
0.466603	0.405	0.050904
0.482156	0.405	0.0463303
0.49771	0.405	0.0416336
0.513263	0.405	0.0368168
0.528817	0.405	0.0318831
0.54437	0.405	0.0268355
0.559924	0.405	0.0216771
0.575477	0.405	0.0164111
0.591031	0.405	0.0110408
0.606584	0.405	0.00556938
0.622137	0.405	0
0	0.4275	0.125728
0.0161397	0.4275	0.125646
0.0322795	0.4275	0.125397
0.0484192	0.4275	0.124983
0.0645589	0.4275	0.124402
0.0806987	0.4275	0.123656
0.0968384	0.4275	0.122744
0.112978	0.4275	0.121666
0.129118	0.4275	0.120422
0.145258	0.4275	0.119013
0.161397	0.4275	0.117438
0.177537	0.4275	0.115697
0.193677	0.4275	0.113792
0.209817	0.4275	0.111723
0.225956	0.4275	0.10949
0.242096	0.4275	0.107094
0.258236	0.4275	0.104536
0.274376	0.4275	0.101818
0.290515	0.4275	0.0989397
0.306655	0.4275	0.0959038
0.322795	0.4275	0.0927118
0.338934	0.4275	0.0893654
0.355074	0.4275	0.0858667
0.371214	0.4275	0.082218
0.387354	0.4275	0.0784216
0.403493	0.4275	0.07448
0.419633	0.4275	0.0703959
0.435773	0.4275	0.0661721
0.451913	0.4275	0.0618116
0.468052	0.4275	0.0573173
0.484192	0.4275	0.0526924
0.500332	0.4275	0.0479401
0.516472	0.4275	0.0430637
0.532611	0.4275	0.0380666
0.548751	0.4275	0.0329522
0.564891	0.4275	0.027724
0.581031	0.4275	0.0223855
0.59717	0.4275	0.0169402
0.61331	0.4275	0.0113918
0.62945	0.4275	0.00574388
0.645589	0.4275	0
0	0.45	0.13059
0.016726	0.45	0.130503
0.0334521	0.45	0.130241
0.0501781	0.45	0.129805
0.0669042	0.45	0.129195
0.0836302	0.45	0.12841
0.100356	0.45	0.12745
0.117082	0.45	0.126317
0.133808	0.45	0.12501
0.150534	0.45	0.123529
0.16726	0.45	0.121874
0.183986	0.45	0.120047
0.200712	0.45	0.118048
0.217439	0.45	0.115878
0.234165	0.45	0.113537
0.250891	0.45	0.111027
0.267617	0.45	0.108349
0.284343	0.45	0.105504
0.301069	0.45	0.102495
0.317795	0.45	0.0993223
0.334521	0.45	0.0959886
0.351247	0.45	0.0924961
0.367973	0.45	0.0888472
0.384699	0.45	0.0850443
0.401425	0.45	0.0810904
0.418151	0.45	0.0769882
0.434877	0.45	0.0727408
0.451603	0.45	0.0683515
0.468329	0.45	0.0638234
0.485055	0.45	0.0591601
0.501781	0.45	0.054365
0.518507	0.45	0.0494417
0.535233	0.45	0.0443941
0.551959	0.45	0.0392258
0.568685	0.45	0.0339408
0.585411	0.45	0.0285429
0.602137	0.45	0.023036
0.618863	0.45	0.0174243
0.635589	0.45	0.0117116
0.652316	0.45	0.00590218
0.669042	0.45	0
0	0.4725	0.135262
0.0173123	0.4725	0.13517
0.0346247	0.4725	0.134896
0.051937	0.4725	0.134438
0.0692494	0.4725	0.133797
0.0865617	0.4725	0.132974
0.103874	0.4725	0.131967
0.121186	0.4725	0.130779
0.138499	0.4725	0.129408
0.155811	0.4725	0.127856
0.173123	0.4725	0.126124
0.190436	0.4725	0.124211
0.207748	0.4725	0.122119
0.22506	0.4725	0.119848
0.242373	0.4725	0.117401
0.259685	0.4725	0.114778
0.276997	0.4725	0.111981
0.29431	0.4725	0.109012
0.311622	0.4725	0.105873
0.328934	0.4725	0.102566
0.346247	0.4725	0.0990927
0.363559	0.4725	0.0954568
0.380872	0.4725	0.0916607
0.398184	0.4725	0.0877072
0.415496	0.4725	0.0835997
0.432809	0.4725	0.0793413
0.450121	0.4725	0.0749355
0.467433	0.4725	0.0703859
0.484746	0.4725	0.0656963
0.502058	0.4725	0.0608705
0.51937	0.4725	0.0559125
0.536683	0.4725	0.0508264
0.553995	0.4725	0.0456164
0.571307	0.4725	0.0402867
0.58862	0.4725	0.0348417
0.605932	0.4725	0.0292858
0.623244	0.4725	0.0236234
0.640557	0.4725	0.017859
0.657869	0.4725	0.0119973
0.675181	0.4725	0.00604273
0.692494	0.4725	0
0	0.495	0.139737
0.0178986	0.495	0.139641
0.0357973	0.495	0.139354
0.0536959	0.495	0.138874
0.0715946	0.495	0.138203
0.0894932	0.495	0.137341
0.107392	0.495	0.136288
0.125291	0.495	0.135045
0.143189	0.495	0.133612
0.161088	0.495	0.131989
0.178986	0.495	0.130178
0.196885	0.495	0.12818
0.214784	0.495	0.125995
0.232682	0.495	0.123625
0.250581	0.495	0.121072
0.26848	0.495	0.118338
0.286378	0.495	0.115423
0.304277	0.495	0.112331
0.322176	0.495	0.109064
0.340074	0.495	0.105624
0.357973	0.495	0.102014
0.375872	0.495	0.0982374
0.39377	0.495	0.094297
0.411669	0.495	0.0901964
0.429567	0.495	0.085939
0.447466	0.495	0.0815287
0.465365	0.495	0.0769693
0.483263	0.495	0.072265
0.501162	0.495	0.06742
0.519061	0.495	0.0624386
0.536959	0.495	0.0573254
0.554858	0.495	0.0520849
0.572757	0.495	0.0467218
0.590655	0.495	0.0412411
0.608554	0.495	0.0356475
0.626453	0.495	0.0299461
0.644351	0.495	0.0241419
0.66225	0.495	0.01824
0.680148	0.495	0.0122456
0.698047	0.495	0.00616382
0.715946	0.495	0
0	0.5175	0.144009
0.0184849	0.5175	0.143909
0.0369699	0.5175	0.143608
0.0554548	0.5175	0.143108
0.0739398	0.5175	0.142407
0.0924247	0.5175	0.141506
0.11091	0.5175	0.140406
0.129395	0.5175	0.139108
0.14788	0.5175	0.137612
0.166365	0.5175	0.135919
0.184849	0.5175	0.13403
0.203334	0.5175	0.131946
0.221819	0.5175	0.129669
0.240304	0.5175	0.127201
0.258789	0.5175	0.124543
0.277274	0.5175	0.121697
0.295759	0.5175	0.118666
0.314244	0.5175	0.115452
0.332729	0.5175	0.112058
0.351214	0.5175	0.108488
0.369699	0.5175	0.104743
0.388184	0.5175	0.100828
0.406669	0.5175	0.0967458
0.425154	0.5175	0.0925011
0.443639	0.5175	0.0880976
0.462124	0.5175	0.0835395
0.480609	0.5175	0.0788315
0.499094	0.5175	0.0739779
0.517578	0.5175	0.0689837
0.536063	0.5175	0.0638538
0.554548	0.5175	0.0585932
0.573033	0.5175	0.0532072
0.591518	0.5175	0.047701
0.610003	0.5175	0.0420802
0.628488	0.5175	0.0363502
0.646973	0.5175	0.0305167
0.665458	0.5175	0.0245855
0.683943	0.5175	0.0185623
0.702428	0.5175	0.0124531
0.720913	0.5175	0.00626363
0.739398	0.5175	0
0	0.54	0.148072
0.0190712	0.54	0.147968
0.0381425	0.54	0.147654
0.0572137	0.54	0.147132
0.076285	0.54	0.146401
0.0953562	0.54	0.145462
0.114427	0.54	0.144315
0.133499	0.54	0.142962
0.15257	0.54	0.141403
0.171641	0.54	0.139639
0.190712	0.54	0.137672
0.209784	0.54	0.135503
0.228855	0.54	0.133134
0.247926	0.54	0.130567
0.266997	0.54	0.127804
0.286069	0.54	0.124848
0.30514	0.54	0.121701
0.324211	0.54	0.118366
0.343282	0.54	0.114847
0.362354	0.54	0.111146
0.381425	0.54	0.107268
0.400496	0.54	0.103217
0.419567	0.54	0.0989959
0.438639	0.54	0.0946102
0.45771	0.54	0.0900641
0.476781	0.54	0.0853626
0.495852	0.54	0.0805105
0.514924	0.54	0.0755133
0.533995	0.54	0.0703763
0.553066	0.54	0.065105
0.572137	0.54	0.0597052
0.591209	0.54	0.0541828
0.61028	0.54	0.0485439
0.629351	0.54	0.0427945
0.648422	0.54	0.0369411
0.667494	0.54	0.0309899
0.686565	0.54	0.0249476
0.705636	0.54	0.0188207
0.724707	0.54	0.012616
0.743779	0.54	0.00634013
0.76285	0.54	0
0	0.5625	0.15192
0.0196575	0.5625	0.151811
0.0393151	0.5625	0.151485
0.0589726	0.5625	0.150941
0.0786302	0.5625	0.150179
0.0982877	0.5625	0.149201
0.117945	0.5625	0.148007
0.137603	0.5625	0.146599
0.15726	0.5625	0.144976
0.176918	0.5625	0.143142
0.196575	0.5625	0.141096
0.216233	0.5625	0.138842
0.235891	0.5625	0.136381
0.255548	0.5625	0.133715
0.275206	0.5625	0.130847
0.294863	0.5625	0.127781
0.314521	0.5625	0.124518
0.334178	0.5625	0.121063
0.353836	0.5625	0.117419
0.373493	0.5625	0.11359
0.393151	0.5625	0.10958
0.412809	0.5625	0.105394
0.432466	0.5625	0.101036
0.452124	0.5625	0.0965123
0.471781	0.5625	0.091827
0.491439	0.5625	0.0869858
0.511096	0.5625	0.0819946
0.530754	0.5625	0.0768592
0.550411	0.5625	0.0715857
0.570069	0.5625	0.0661804
0.589726	0.5625	0.0606498
0.609384	0.5625	0.0550006
0.629042	0.5625	0.0492397
0.648699	0.5625	0.0433741
0.668357	0.5625	0.0374109
0.688014	0.5625	0.0313574
0.707672	0.5625	0.025221
0.727329	0.5625	0.0190094
0.746987	0.5625	0.0127302
0.766644	0.5625	0.00639111
0.786302	0.5625	0
0	0.585	0.155548
0.0202439	0.585	0.155435
0.0404877	0.585	0.155095
0.0607316	0.585	0.154529
0.0809754	0.585	0.153736
0.101219	0.585	0.152719
0.121463	0.585	0.151478
0.141707	0.585	0.150013
0.161951	0.585	0.148327
0.182195	0.585	0.146421
0.202439	0.585	0.144296
0.222682	0.585	0.141956
0.242926	0.585	0.139402
0.26317	0.585	0.136637
0.283414	0.585	0.133664
0.303658	0.585	0.130487
0.323902	0.585	0.127108
0.344145	0.585	0.123533
0.364389	0.585	0.119764
0.384633	0.585	0.115807
0.404877	0.585	0.111667
0.425121	0.585	0.107347
0.445365	0.585	0.102855
0.465609	0.585	0.0981954
0.485852	0.585	0.0933739
0.506096	0.585	0.088397
0.52634	0.585	0.0832711
0.546584	0.585	0.0780029
0.566828	0.585	0.0725993
0.587072	0.585	0.0670675
0.607316	0.585	0.0614147
0.627559	0.585	0.0556487
0.647803	0.585	0.0497771
0.668047	0.585	0.043808
0.688291	0.585	0.0377496
0.708535	0.585	0.03161
0.728779	0.585	0.025398
0.749022	0.585	0.0191221
0.769266	0.585	0.0127912
0.78951	0.585	0.00641414
0.809754	0.585	0
0	0.6075	0.158949
0.0208302	0.6075	0.158832
0.0416603	0.6075	0.158478
0.0624905	0.6075	0.15789
0.0833206	0.6075	0.157067
0.104151	0.6075	0.15601
0.124981	0.6075	0.15472
0.145811	0.6075	0.153199
0.166641	0.6075	0.151448
0.187471	0.6075	0.149469
0.208302	0.6075	0.147265
0.229132	0.6075	0.144837
0.249962	0.6075	0.142189
0.270792	0.6075	0.139324
0.291622	0.6075	0.136245
0.312452	0.6075	0.132956
0.333282	0.6075	0.129462
0.354113	0.6075	0.125765
0.374943	0.6075	0.121872
0.395773	0.6075	0.117788
0.416603	0.6075	0.113517
0.437433	0.6075	0.109066
0.458263	0.6075	0.104441
0.479094	0.6075	0.0996471
0.499924	0.6075	0.0946923
0.520754	0.6075	0.0895832
0.541584	0.6075	0.084327
0.562414	0.6075	0.0789313
0.583244	0.6075	0.0734039
0.604074	0.6075	0.067753
0.624905	0.6075	0.0619869
0.645735	0.6075	0.0561141
0.666565	0.6075	0.0501437
0.687395	0.6075	0.0440846
0.708225	0.6075	0.0379462
0.729055	0.6075	0.0317381
0.749886	0.6075	0.02547
0.770716	0.6075	0.0191519
0.791546	0.6075	0.0127939
0.812376	0.6075	0.00640648
0.833206	0.6075	0
0	0.63	0.16212
0.0214165	0.63	0.161998
0.0428329	0.63	0.161631
0.0642494	0.63	0.161019
0.0856658	0.63	0.160164
0.107082	0.63	0.159067
0.128499	0.63	0.157728
0.149915	0.63	0.156149
0.171332	0.63	0.154332
0.192748	0.63	0.15228
0.214165	0.63	0.149994
0.235581	0.63	0.147478
0.256997	0.63	0.144735
0.278414	0.63	0.141769
0.29983	0.63	0.138583
0.321247	0.63	0.135181
0.342663	0.63	0.131569
0.36408	0.63	0.127751
0.385496	0.63	0.123733
0.406913	0.63	0.119521
0.428329	0.63	0.11512
0.449746	0.63	0.110538
0.471162	0.63	0.10578
0.492578	0.63	0.100855
0.513995	0.63	0.0957688
0.535411	0.63	0.0905306
0.556828	0.63	0.0851482
0.578244	0.63	0.0796302
0.599661	0.63	0.0739853
0.621077	0.63	0.0682228
0.642494	0.63	0.0623521
0.66391	0.63	0.0563832
0.685327	0.63	0.050326
0.706743	0.63	0.044191
0.728159	0.63	0.0379888
0.749576	0.63	0.0317306
0.770992	0.63	0.0254274
0.792409	0.63	0.0190909
0.813825	0.63	0.0127328
0.835242	0.63	0.00636509
0.856658	0.63	0
0	0.6525	0.165055
0.0220028	0.6525	0.164928
0.0440055	0.6525	0.164547
0.0660083	0.6525	0.163912
0.088011	0.6525	0.163025
0.110014	0.6525	0.161886
0.132017	0.6525	0.160496
0.154019	0.6525	0.158858
0.176022	0.6525	0.156974
0.198025	0.6525	0.154847
0.220028	0.6525	0.152478
0.24203	0.6525	0.149872
0.264033	0.6525	0.147032
0.286036	0.6525	0.143962
0.308039	0.6525	0.140667
0.330041	0.6525	0.137152
0.352044	0.6525	0.133421
0.374047	0.6525	0.12948
0.39605	0.6525	0.125336
0.418052	0.6525	0.120995
0.440055	0.6525	0.116464
0.462058	0.6525	0.11175
0.484061	0.6525	0.106861
0.506063	0.6525	0.101804
0.528066	0.6525	0.0965896
0.550069	0.6525	0.0912252
0.572072	0.6525	0.0857203
0.594074	0.6525	0.0800847
0.616077	0.6525	0.0743283
0.63808	0.6525	0.0684617
0.660083	0.6525	0.0624955
0.682085	0.6525	0.0564409
0.704088	0.6525	0.0503096
0.726091	0.6525	0.0441133
0.748094	0.6525	0.0378645
0.770096	0.6525	0.0315756
0.792099	0.6525	0.0252599
0.814102	0.6525	0.0189306
0.836105	0.6525	0.0126015
0.858108	0.6525	0.00628649
0.88011	0.6525	0
0	0.675	0.16775
0.0225891	0.675	0.167618
0.0451781	0.675	0.167222
0.0677672	0.675	0.166564
0.0903562	0.675	0.165643
0.112945	0.675	0.164461
0.135534	0.675	0.16302
0.158123	0.675	0.161322
0.180712	0.675	0.159368
0.203302	0.675	0.157163
0.225891	0.675	0.15471
0.24848	0.675	0.152011
0.271069	0.675	0.149072
0.293658	0.675	0.145897
0.316247	0.675	0.142491
0.338836	0.675	0.138858
0.361425	0.675	0.135007
0.384014	0.675	0.130941
0.406603	0.675	0.126669
0.429192	0.675	0.122198
0.451781	0.675	0.117536
0.47437	0.675	0.11269
0.496959	0.675	0.107669
0.519548	0.675	0.102483
0.542137	0.675	0.0971403
0.564726	0.675	0.0916519
0.587316	0.675	0.0860278
0.609905	0.675	0.0802791
0.632494	0.675	0.074417
0.655083	0.675	0.0684534
0.677672	0.675	0.0624006
0.700261	0.675	0.0562713
0.72285	0.675	0.0500786
0.745439	0.675	0.0438363
0.768028	0.675	0.0375586
0.790617	0.675	0.03126
0.813206	0.675	0.0249557
0.835795	0.675	0.0186613
0.858384	0.675	0.0123928
0.880973	0.675	0.00616674
0.903562	0.675	0
0	0.6975	0.1702
0.0231754	0.6975	0.170063
0.0463507	0.6975	0.169653
0.0695261	0.6975	0.16897
0.0927014	0.6975	0.168014
0.115877	0.6975	0.166788
0.139052	0.6975	0.165294
0.162228	0.6975	0.163533
0.185403	0.6975	0.161509
0.208578	0.6975	0.159224
0.231754	0.6975	0.156683
0.254929	0.6975	0.15389
0.278104	0.6975	0.150848
0.30128	0.6975	0.147565
0.324455	0.6975	0.144044
0.34763	0.6975	0.140293
0.370806	0.6975	0.136317
0.393981	0.6975	0.132124
0.417156	0.6975	0.127722
0.440332	0.6975	0.123119
0.463507	0.6975	0.118323
0.486683	0.6975	0.113344
0.509858	0.6975	0.108191
0.533033	0.6975	0.102875
0.556209	0.6975	0.0974055
0.579384	0.6975	0.0917948
0.602559	0.6975	0.0860544
0.625735	0.6975	0.0801966
0.64891	0.6975	0.0742342
0.672085	0.6975	0.0681807
0.695261	0.6975	0.06205
0.718436	0.6975	0.0558566
0.741612	0.6975	0.0496158
0.764787	0.6975	0.0433432
0.787962	0.6975	0.0370552
0.811138	0.6975	0.0307688
0.834313	0.6975	0.0245016
0.857488	0.6975	0.0182719
0.880664	0.6975	0.0120986
0.903839	0.6975	0.00600122
0.927014	0.6975	0
0	0.72	0.172403
0.0237617	0.72	0.172261
0.0475233	0.72	0.171835
0.071285	0.72	0.171126
0.0950467	0.72	0.170135
0.118808	0.72	0.168863
0.14257	0.72	0.167313
0.166332	0.72	0.165488
0.190093	0.72	0.16339
0.213855	0.72	0.161023
0.237617	0.72	0.158391
0.261378	0.72	0.1555
0.28514	0.72	0.152353
0.308902	0.72	0.148958
0.332663	0.72	0.145319
0.356425	0.72	0.141445
0.380187	0.72	0.137342
0.403948	0.72	0.133019
0.42771	0.72	0.128484
0.451472	0.72	0.123745
0.475233	0.72	0.118814
0.498995	0.72	0.113699
0.522757	0.72	0.108413
0.546518	0.72	0.102965
0.57028	0.72	0.0973694
0.594042	0.72	0.0916375
0.617803	0.72	0.0857828
0.641565	0.72	0.0798192
0.665327	0.72	0.0737614
0.689088	0.72	0.0676246
0.71285	0.72	0.0614245
0.736612	0.72	0.0551779
0.760373	0.72	0.0489022
0.784135	0.72	0.0426154
0.807897	0.72	0.0363365
0.831658	0.72	0.0300853
0.85542	0.72	0.0238825
0.879182	0.72	0.0177496
0.902943	0.72	0.0117092
0.926705	0.72	0.00578455
0.950467	0.72	0
0	0.7425	0.174354
0.024348	0.7425	0.174207
0.0486959	0.7425	0.173765
0.0730439	0.7425	0.173029
0.0973919	0.7425	0.172001
0.12174	0.7425	0.170682
0.146088	0.7425	0.169074
0.170436	0.7425	0.167181
0.194784	0.7425	0.165007
0.219132	0.7425	0.162554
0.24348	0.7425	0.159829
0.267828	0.7425	0.156835
0.292176	0.7425	0.153579
0.316524	0.7425	0.150068
0.340872	0.7425	0.146308
0.365219	0.7425	0.142306
0.389567	0.7425	0.138072
0.413915	0.7425	0.133614
0.438263	0.7425	0.128941
0.462611	0.7425	0.124064
0.486959	0.7425	0.118994
0.511307	0.7425	0.113741
0.535655	0.7425	0.108319
0.560003	0.7425	0.102739
0.584351	0.7425	0.0970152
0.608699	0.7425	0.0911622
0.633047	0.7425	0.0851946
0.657395	0.7425	0.0791281
0.681743	0.7425	0.072979
0.706091	0.7425	0.0667648
0.730439	0.7425	0.0605035
0.754787	0.7425	0.0542142
0.779135	0.7425	0.0479167
0.803483	0.7425	0.0416321
0.827831	0.7425	0.0353823
0.852179	0.7425	0.0291906
0.876527	0.7425	0.0230812
0.900875	0.7425	0.0170798
0.925223	0.7425	0.0112134
0.949571	0.7425	0.00551023
0.973919	0.7425	0
0	0.765	0.176051
0.0249343	0.765	0.175898
0.0498685	0.765	0.175439
0.0748028	0.765	0.174676
0.0997371	0.765	0.173608
0.124671	0.765	0.17224
0.149606	0.765	0.170572
0.17454	0.765	0.168609
0.199474	0.765	0.166355
0.224408	0.765	0.163813
0.249343	0.765	0.160989
0.274277	0.765	0.157889
0.299211	0.765	0.15452
0.324145	0.765	0.150887
0.34908	0.765	0.147
0.374014	0.765	0.142867
0.398948	0.765	0.138496
0.423883	0.765	0.133899
0.448817	0.765	0.129084
0.473751	0.765	0.124064
0.498685	0.765	0.11885
0.52362	0.765	0.113455
0.548554	0.765	0.107893
0.573488	0.765	0.102178
0.598422	0.765	0.0963254
0.623357	0.765	0.0903505
0.648291	0.765	0.0842704
0.673225	0.765	0.0781026
0.698159	0.765	0.0718658
0.723094	0.765	0.0655796
0.748028	0.765	0.0592645
0.772962	0.765	0.0529424
0.797897	0.765	0.0466362
0.822831	0.765	0.0403702
0.847765	0.765	0.0341699
0.872699	0.765	0.0280628
0.897634	0.765	0.0220775
0.922568	0.765	0.0162448
0.947502	0.765	0.0105975
0.972436	0.765	0.00517034
0.997371	0.765	0
0	0.7875	0.177491
0.0255206	0.7875	0.177333
0.0510411	0.7875	0.176856
0.0765617	0.7875	0.176063
0.102082	0.7875	0.174955
0.127603	0.7875	0.173535
0.153123	0.7875	0.171804
0.178644	0.7875	0.169767
0.204165	0.7875	0.167429
0.229685	0.7875	0.164794
0.255206	0.7875	0.161867
0.280726	0.7875	0.158656
0.306247	0.7875	0.155167
0.331767	0.7875	0.151409
0.357288	0.7875	0.147389
0.382809	0.7875	0.143118
0.408329	0.7875	0.138605
0.43385	0.7875	0.133862
0.45937	0.7875	0.128899
0.484891	0.7875	0.12373
0.510411	0.7875	0.118367
0.535932	0.7875	0.112826
0.561453	0.7875	0.10712
0.586973	0.7875	0.101267
0.612494	0.7875	0.0952815
0.638014	0.7875	0.0891829
0.663535	0.7875	0.0829895
0.689055	0.7875	0.0767211
0.714576	0.7875	0.0703989
0.740096	0.7875	0.0640449
0.765617	0.7875	0.0576827
0.791138	0.7875	0.0513371
0.816658	0.7875	0.0450346
0.842179	0.7875	0.0388034
0.867699	0.7875	0.0326733
0.89322	0.7875	0.0266765
0.91874	0.7875	0.0208476
0.944261	0.7875	0.0152237
0.969782	0.7875	0.00984502
0.995302	0.7875	0.00475498
1.02082	0.7875	0
0	0.81	0.178673
0.0261069	0.81	0.178508
0.0522137	0.81	0.178013
0.0783206	0.81	0.177189
0.104427	0.81	0.176038
0.130534	0.81	0.174563
0.156641	0.81	0.172766
0.182748	0.81	0.170652
0.208855	0.81	0.168225
0.234962	0.81	0.165492
0.261069	0.81	0.162458
0.287176	0.81	0.15913
0.313282	0.81	0.155516
0.339389	0.81	0.151625
0.365496	0.81	0.147466
0.391603	0.81	0.14305
0.41771	0.81	0.138388
0.443817	0.81	0.133492
0.469924	0.81	0.128375
0.496031	0.81	0.12305
0.522137	0.81	0.117532
0.548244	0.81	0.111838
0.574351	0.81	0.105983
0.600458	0.81	0.0999856
0.626565	0.81	0.0938641
0.652672	0.81	0.0876385
0.678779	0.81	0.0813298
0.704886	0.81	0.0749603
0.730992	0.81	0.0685537
0.757099	0.81	0.0621351
0.783206	0.81	0.0557311
0.809313	0.81	0.0493702
0.83542	0.81	0.0430829
0.861527	0.81	0.0369018
0.887634	0.81	0.0308622
0.91374	0.81	0.025002
0.939847	0.81	0.0193629
0.965954	0.81	0.0139904
0.992061	0.81	0.00893484
1.01817	0.81	0.00425149
1.04427	0.81	0
0	0.8325	0.179593
0.0266932	0.8325	0.179422
0.0533863	0.8325	0.178907
0.0800795	0.8325	0.178051
0.106773	0.8325	0.176855
0.133466	0.8325	0.175322
0.160159	0.8325	0.173455
0.186852	0.8325	0.17126
0.213545	0.8325	0.16874
0.240239	0.8325	0.165903
0.266932	0.8325	0.162755
0.293625	0.8325	0.159304
0.320318	0.8325	0.155558
0.347011	0.8325	0.151527
0.373704	0.8325	0.147222
0.400398	0.8325	0.142654
0.427091	0.8325	0.137835
0.453784	0.8325	0.132778
0.480477	0.8325	0.127498
0.50717	0.8325	0.12201
0.533863	0.8325	0.11633
0.560557	0.8325	0.110475
0.58725	0.8325	0.104464
0.613943	0.8325	0.0983163
0.640636	0.8325	0.0920528
0.667329	0.8325	0.0856956
0.694022	0.8325	0.0792681
0.720716	0.8325	0.0727952
0.747409	0.8325	0.0663037
0.774102	0.8325	0.0598217
0.800795	0.8325	0.0533797
0.827488	0.8325	0.0470102
0.854182	0.8325	0.0407481
0.880875	0.8325	0.0346314
0.907568	0.8325	0.0287015
0.934261	0.8325	0.0230036
0.960954	0.8325	0.0175883
0.987647	0.8325	0.0125124
1.01434	0.8325	0.0078401
1.04103	0.8325	0.00364346
1.06773	0.8325	0
0	0.855	0.180252
0.0272795	0.855	0.180074
0.0545589	0.855	0.179538
0.0818384	0.855	0.178648
0.109118	0.855	0.177404
0.136397	0.855	0.17581
0.163677	0.855	0.173869
0.190956	0.855	0.171588
0.218236	0.855	0.16897
0.245515	0.855	0.166023
0.272795	0.855	0.162754
0.300074	0.855	0.159173
0.327354	0.855	0.155288
0.354633	0.855	0.15111
0.381913	0.855	0.14665
0.409192	0.855	0.14192
0.436472	0.855	0.136935
0.463751	0.855	0.131709
0.491031	0.855	0.126257
0.51831	0.855	0.120596
0.545589	0.855	0.114744
0.572869	0.855	0.10872
0.600148	0.855	0.102545
0.627428	0.855	0.096239
0.654707	0.855	0.0898263
0.681987	0.855	0.083331
0.709266	0.855	0.0767793
0.736546	0.855	0.0701991
0.763825	0.855	0.0636201
0.791105	0.855	0.0570743
0.818384	0.855	0.0505959
0.845664	0.855	0.0442221
0.872943	0.855	0.0379929
0.900223	0.855	0.0319525
0.927502	0.855	0.0261493
0.954782	0.855	0.0206377
0.982061	0.855	0.0154799
1.00934	0.855	0.0107478
1.03662	0.855	0.00652559
1.0639	0.855	0.00290967
1.09118	0.855	0
0	0.8775	0.180647
0.0278658	0.8775	0.180462
0.0557316	0.8775	0.179905
0.0835973	0.8775	0.178978
0.111463	0.8775	0.177683
0.139329	0.8775	0.176025
0.167195	0.8775	0.174006
0.19506	0.8775	0.171632
0.222926	0.8775	0.168911
0.250792	0.8775	0.165847
0.278658	0.8775	0.162451
0.306524	0.8775	0.158732
0.334389	0.8775	0.154699
0.362255	0.8775	0.150364
0.390121	0.8775	0.14574
0.417987	0.8775	0.14084
0.445852	0.8775	0.135679
0.473718	0.8775	0.130273
0.501584	0.8775	0.124638
0.52945	0.8775	0.118794
0.557316	0.8775	0.11276
0.585181	0.8775	0.106557
0.613047	0.8775	0.100207
0.640913	0.8775	0.0937331
0.668779	0.8775	0.0871621
0.696644	0.8775	0.0805205
0.72451	0.8775	0.0738372
0.752376	0.8775	0.0671433
0.780242	0.8775	0.0604721
0.808108	0.8775	0.0538592
0.835973	0.8775	0.0473433
0.863839	0.8775	0.0409665
0.891705	0.8775	0.0347747
0.919571	0.8775	0.0288187
0.947436	0.8775	0.0231555
0.975302	0.8775	0.0178505
1.00317	0.8775	0.0129811
1.03103	0.8775	0.00864125
1.0589	0.8775	0.00494503
1.08677	0.8775	0.00202384
1.11463	0.8775	0
0	0.9	0.180779
0.0284521	0.9	0.180586
0.0569042	0.9	0.180006
0.0853562	0.9	0.17904
0.113808	0.9	0.177692
0.14226	0.9	0.175964
0.170712	0.9	0.173863
0.199165	0.9	0.171392
0.227617	0.9	0.168559
0.256069	0.9	0.165373
0.284521	0.9	0.161841
0.312973	0.9	0.157975
0.341425	0.9	0.153785
0.369877	0.9	0.149284
0.398329	0.9	0.144485
0.426781	0.9	0.139403
0.455233	0.9	0.134055
0.483685	0.9	0.128457
0.512137	0.9	0.122629
0.540589	0.9	0.11659
0.569042	0.9	0.110361
0.597494	0.9	0.103967
0.625946	0.9	0.0974298
0.654398	0.9	0.0907772
0.68285	0.9	0.0840368
0.711302	0.9	0.0772383
0.739754	0.9	0.0704138
0.768206	0.9	0.0635974
0.796658	0.9	0.0568261
0.82511	0.9	0.0501398
0.853562	0.9	0.0435818
0.882014	0.9	0.0371993
0.910467	0.9	0.0310444
0.938919	0.9	0.0251753
0.967371	0.9	0.0196585
0.995823	0.9	0.0145732
1.02427	0.9	0.0100178
1.05273	0.9	0.00611933
1.08118	0.9	0.00303905
1.10963	0.9	0.000958367
1.13808	0.9	0
