0	0	0
0.0025	0	0
0.005	0	0
0.0075	0	0
0.01	0	0
0.0125	0	0
0.015	0	0
0.0175	0	0
0.02	0	0
0.0225	0	0
0.025	0	0
0.0275	0	0
0.03	0	0
0.0325	0	0
0.035	0	0
0.0375	0	0
0.04	0	0
0.0425	0	0
0.045	0	0
0.0475	0	0
0.05	0	0
0.0525	0	0
0.055	0	0
0.0575	0	0
0.06	0	0
0.0625	0	0
0.065	0	0
0.0675	0	0
0.07	0	0
0.0725	0	0
0.075	0	0
0.0775	0	0
0.08	0	0
0.0825	0	0
0.085	0	0
0.0875	0	0
0.09	0	0
0.0925	0	0
0.095	0	0
0.0975	0	0
0.1	0	0
0	0.0025	0.000238665
0.00337277	0.0025	0.000238664
0.00674553	0.0025	0.000238646
0.0101183	0.0025	0.000238616
0.0134911	0.0025	0.000238578
0.0168638	0.0025	0.00023854
0.0202366	0.0025	0.000238512
0.0236094	0.0025	0.0002385
0.0269821	0.0025	0.00023851
0.0303549	0.0025	0.000238539
0.0337277	0.0025	0.000238577
0.0371004	0.0025	0.000238606
0.0404732	0.0025	0.000238597
0.0438459	0.0025	0.000238516
0.0472187	0.0025	0.000238321
0.0505915	0.0025	0.000237961
0.0539642	0.0025	0.000237384
0.057337	0.0025	0.000236531
0.0607098	0.0025	0.000235342
0.0640825	0.0025	0.000233754
0.0674553	0.0025	0.000231702
0.0708281	0.0025	0.000229122
0.0742008	0.0025	0.00022595
0.0775736	0.0025	0.000222121
0.0809464	0.0025	0.000217572
0.0843191	0.0025	0.00021224
0.0876919	0.0025	0.000206064
0.0910647	0.0025	0.000198984
0.0944374	0.0025	0.000190942
0.0978102	0.0025	0.000181881
0.101183	0.0025	0.000171744
0.104556	0.0025	0.000160479
0.107928	0.0025	0.000148032
0.111301	0.0025	0.000134352
0.114674	0.0025	0.000119389
0.118047	0.0025	0.000103093
0.12142	0.0025	8.54181e-05
0.124792	0.0025	6.63164e-05
0.128165	0.0025	4.57424e-05
0.131538	0.0025	2.36516e-05
0.134911	0.0025	0
0	0.005	0.000471103
0.00424553	0.005	0.000471093
0.00849106	0.005	0.000471032
0.0127366	0.005	0.000470935
0.0169821	0.005	0.000470814
0.0212277	0.005	0.000470684
0.0254732	0.005	0.000470553
0.0297187	0.005	0.000470412
0.0339642	0.005	0.000470233
0.0382098	0.005	0.000469966
0.0424553	0.005	0.000469537
0.0467008	0.005	0.00046885
0.0509464	0.005	0.000467798
0.0551919	0.005	0.00046626
0.0594374	0.005	0.00046411
0.063683	0.005	0.000461221
0.0679285	0.005	0.000457469
0.072174	0.005	0.000452735
0.0764195	0.005	0.000446912
0.0806651	0.005	0.000439902
0.0849106	0.005	0.00043162
0.0891561	0.005	0.000421996
0.0934017	0.005	0.000410974
0.0976472	0.005	0.000398515
0.101893	0.005	0.000384594
0.106138	0.005	0.000369201
0.110384	0.005	0.000352344
0.114629	0.005	0.000334043
0.118875	0.005	0.000314336
0.12312	0.005	0.000293272
0.127366	0.005	0.000270918
0.131611	0.005	0.000247352
0.135857	0.005	0.000222666
0.140102	0.005	0.000196964
0.144348	0.005	0.000170365
0.148594	0.005	0.000142998
0.152839	0.005	0.000115005
0.157085	0.005	8.65392e-05
0.16133	0.005	5.77642e-05
0.165576	0.005	2.88557e-05
0.169821	0.005	0
0	0.0075	0.000697326
0.0051183	0.0075	0.000697295
0.0102366	0.0075	0.000697157
0.0153549	0.0075	0.000696935
0.0204732	0.0075	0.000696643
0.0255915	0.0075	0.000696287
0.0307098	0.0075	0.000695837
0.0358281	0.0075	0.000695228
0.0409464	0.0075	0.000694348
0.0460647	0.0075	0.000693044
0.051183	0.0075	0.000691136
0.0563012	0.0075	0.000688421
0.0614195	0.0075	0.000684694
0.0665378	0.0075	0.000679751
0.0716561	0.0075	0.000673407
0.0767744	0.0075	0.000665495
0.0818927	0.0075	0.000655879
0.087011	0.0075	0.00064445
0.0921293	0.0075	0.000631135
0.0972476	0.0075	0.000615891
0.102366	0.0075	0.000598708
0.107484	0.0075	0.000579608
0.112602	0.0075	0.000558636
0.117721	0.0075	0.000535867
0.122839	0.0075	0.000511396
0.127957	0.0075	0.000485336
0.133076	0.0075	0.000457816
0.138194	0.0075	0.000428977
0.143312	0.0075	0.000398968
0.148431	0.0075	0.000367946
0.153549	0.0075	0.000336065
0.158667	0.0075	0.000303483
0.163785	0.0075	0.00027035
0.168904	0.0075	0.000236811
0.174022	0.0075	0.000203
0.17914	0.0075	0.000169039
0.184259	0.0075	0.000135033
0.189377	0.0075	0.000101071
0.194495	0.0075	6.72193e-05
0.199614	0.0075	3.35228e-05
0.204732	0.0075	0
0	0.01	0.000917349
0.00599106	0.01	0.00091728
0.0119821	0.01	0.000917015
0.0179732	0.01	0.000916581
0.0239642	0.01	0.000915978
0.0299553	0.01	0.000915166
0.0359464	0.01	0.000914041
0.0419374	0.01	0.000912428
0.0479285	0.01	0.000910088
0.0539195	0.01	0.00090674
0.0599106	0.01	0.000902085
0.0659017	0.01	0.000895828
0.0718927	0.01	0.000887698
0.0778838	0.01	0.000877465
0.0838748	0.01	0.00086495
0.0898659	0.01	0.00085003
0.095857	0.01	0.000832639
0.101848	0.01	0.000812766
0.107839	0.01	0.000790453
0.11383	0.01	0.000765786
0.119821	0.01	0.000738889
0.125812	0.01	0.00070992
0.131803	0.01	0.000679057
0.137794	0.01	0.000646498
0.143785	0.01	0.000612447
0.149777	0.01	0.000577115
0.155768	0.01	0.000540707
0.161759	0.01	0.000503424
0.16775	0.01	0.000465452
0.173741	0.01	0.000426966
0.179732	0.01	0.000388121
0.185723	0.01	0.000349052
0.191714	0.01	0.000309876
0.197705	0.01	0.000270687
0.203696	0.01	0.00023156
0.209687	0.01	0.000192549
0.215678	0.01	0.00015369
0.221669	0.01	0.000115003
0.22766	0.01	7.64952e-05
0.233651	0.01	3.81638e-05
0.239642	0.01	0
0	0.0125	0.00113118
0.00686383	0.0125	0.00113106
0.0137277	0.0125	0.0011306
0.0205915	0.0125	0.00112984
0.0274553	0.0125	0.00112873
0.0343191	0.0125	0.00112715
0.041183	0.0125	0.00112488
0.0480468	0.0125	0.00112159
0.0549106	0.0125	0.0011169
0.0617744	0.0125	0.00111041
0.0686383	0.0125	0.00110172
0.0755021	0.0125	0.0010905
0.0823659	0.0125	0.00107649
0.0892297	0.0125	0.00105949
0.0960936	0.0125	0.00103943
0.102957	0.0125	0.00101629
0.109821	0.0125	0.000990168
0.116685	0.0125	0.000961191
0.123549	0.0125	0.000929561
0.130413	0.0125	0.000895511
0.137277	0.0125	0.000859306
0.14414	0.0125	0.00082122
0.151004	0.0125	0.000781533
0.157868	0.0125	0.000740518
0.164732	0.0125	0.000698433
0.171596	0.0125	0.000655518
0.178459	0.0125	0.000611989
0.185323	0.0125	0.000568034
0.192187	0.0125	0.000523815
0.199051	0.0125	0.000479467
0.205915	0.0125	0.000435097
0.212779	0.0125	0.000390788
0.219642	0.0125	0.000346601
0.226506	0.0125	0.000302578
0.23337	0.0125	0.000258744
0.240234	0.0125	0.000215114
0.247098	0.0125	0.00017169
0.253962	0.0125	0.000128473
0.260825	0.0125	8.54553e-05
0.267689	0.0125	4.26328e-05
0.274553	0.0125	0
0	0.015	0.00133884
0.00773659	0.015	0.00133863
0.0154732	0.015	0.00133791
0.0232098	0.015	0.00133668
0.0309464	0.015	0.00133483
0.038683	0.015	0.00133211
0.0464195	0.015	0.00132814
0.0541561	0.015	0.00132244
0.0618927	0.015	0.0013145
0.0696293	0.015	0.0013038
0.0773659	0.015	0.00128994
0.0851025	0.015	0.0012726
0.0928391	0.015	0.0012516
0.100576	0.015	0.00122688
0.108312	0.015	0.00119853
0.116049	0.015	0.0011667
0.123785	0.015	0.00113164
0.131522	0.015	0.00109368
0.139259	0.015	0.00105314
0.146995	0.015	0.0010104
0.154732	0.015	0.00096582
0.162468	0.015	0.000919738
0.170205	0.015	0.000872479
0.177942	0.015	0.000824334
0.185678	0.015	0.000775557
0.193415	0.015	0.000726366
0.201151	0.015	0.000676941
0.208888	0.015	0.000627425
0.216625	0.015	0.000577932
0.224361	0.015	0.000528544
0.232098	0.015	0.000479321
0.239834	0.015	0.000430303
0.247571	0.015	0.000381514
0.255307	0.015	0.000332967
0.263044	0.015	0.000284667
0.270781	0.015	0.000236615
0.278517	0.015	0.000188808
0.286254	0.015	0.000141245
0.29399	0.015	9.39225e-05
0.301727	0.015	4.68408e-05
0.309464	0.015	0
0	0.0175	0.00154034
0.00860936	0.0175	0.00154002
0.0172187	0.0175	0.00153895
0.0258281	0.0175	0.00153708
0.0344374	0.0175	0.00153421
0.0430468	0.0175	0.00152993
0.0516561	0.0175	0.00152369
0.0602655	0.0175	0.00151485
0.0688748	0.0175	0.00150279
0.0774842	0.0175	0.00148697
0.0860936	0.0175	0.00146701
0.0947029	0.0175	0.00144271
0.103312	0.0175	0.00141404
0.111922	0.0175	0.00138113
0.120531	0.0175	0.00134425
0.12914	0.0175	0.00130375
0.13775	0.0175	0.00126007
0.146359	0.0175	0.00121366
0.154968	0.0175	0.00116496
0.163578	0.0175	0.00111443
0.172187	0.0175	0.00106248
0.180796	0.0175	0.00100945
0.189406	0.0175	0.000955681
0.198015	0.0175	0.000901425
0.206625	0.0175	0.0008469
0.215234	0.0175	0.000792278
0.223843	0.0175	0.000737688
0.232453	0.0175	0.000683228
0.241062	0.0175	0.000628963
0.249671	0.0175	0.00057494
0.258281	0.0175	0.000521188
0.26689	0.0175	0.000467721
0.275499	0.0175	0.000414549
0.284109	0.0175	0.000361676
0.292718	0.0175	0.000309102
0.301327	0.0175	0.000256827
0.309937	0.0175	0.000204853
0.318546	0.0175	0.00015318
0.327155	0.0175	0.000101811
0.335765	0.0175	5.07501e-05
0.344374	0.0175	0
0	0.02	0.00173569
0.00948212	0.02	0.00173522
0.0189642	0.02	0.00173371
0.0284464	0.02	0.00173103
0.0379285	0.02	0.00172684
0.0474106	0.02	0.00172057
0.0568927	0.02	0.00171148
0.0663748	0.02	0.00169881
0.075857	0.02	0.00168187
0.0853391	0.02	0.00166017
0.0948212	0.02	0.00163344
0.104303	0.02	0.00160165
0.113785	0.02	0.00156497
0.123268	0.02	0.00152376
0.13275	0.02	0.00147849
0.142232	0.02	0.00142968
0.151714	0.02	0.00137791
0.161196	0.02	0.00132374
0.170678	0.02	0.00126769
0.18016	0.02	0.00121023
0.189642	0.02	0.00115176
0.199125	0.02	0.00109264
0.208607	0.02	0.00103313
0.218089	0.02	0.000973457
0.227571	0.02	0.000913787
0.237053	0.02	0.000854243
0.246535	0.02	0.00079491
0.256017	0.02	0.000735848
0.265499	0.02	0.000677095
0.274981	0.02	0.000618674
0.284464	0.02	0.0005606
0.293946	0.02	0.000502881
0.303428	0.02	0.00044552
0.31291	0.02	0.000388521
0.322392	0.02	0.000331888
0.331874	0.02	0.000275623
0.341356	0.02	0.000219732
0.350838	0.02	0.000164219
0.360321	0.02	0.000109089
0.369803	0.02	5.43473e-05
0.379285	0.02	0
0	0.0225	0.00192491
0.0103549	0.0225	0.00192426
0.0207098	0.0225	0.0019222
0.0310647	0.0225	0.00191851
0.0414195	0.0225	0.0019127
0.0517744	0.0225	0.001904
0.0621293	0.0225	0.00189151
0.0724842	0.0225	0.00187438
0.0828391	0.0225	0.00185194
0.093194	0.0225	0.00182379
0.103549	0.0225	0.00178985
0.113904	0.0225	0.0017503
0.124259	0.0225	0.00170555
0.134614	0.0225	0.00165618
0.144968	0.0225	0.00160285
0.155323	0.0225	0.00154623
0.165678	0.0225	0.001487
0.176033	0.0225	0.00142577
0.186388	0.0225	0.00136308
0.196743	0.0225	0.0012994
0.207098	0.0225	0.0012351
0.217453	0.0225	0.00117047
0.227807	0.0225	0.00110576
0.238162	0.0225	0.00104112
0.248517	0.0225	0.000976689
0.258872	0.0225	0.000912536
0.269227	0.0225	0.000848722
0.279582	0.0225	0.000785285
0.289937	0.0225	0.000722245
0.300292	0.0225	0.000659618
0.310647	0.0225	0.000597413
0.321001	0.0225	0.000535638
0.331356	0.0225	0.000474297
0.341711	0.0225	0.000413398
0.352066	0.0225	0.000352945
0.362421	0.0225	0.000292947
0.372776	0.0225	0.00023341
0.383131	0.0225	0.00017434
0.393486	0.0225	0.000115744
0.403841	0.0225	5.76286e-05
0.414195	0.0225	0
0	0.025	0.002108
0.0112277	0.025	0.00210714
0.0224553	0.025	0.00210442
0.033683	0.025	0.00209953
0.0449106	0.025	0.00209178
0.0561383	0.025	0.00208023
0.0673659	0.025	0.00206384
0.0785936	0.025	0.00204172
0.0898212	0.025	0.00201327
0.101049	0.025	0.00197827
0.112277	0.025	0.00193686
0.123504	0.025	0.00188949
0.134732	0.025	0.00183679
0.145959	0.025	0.00177956
0.157187	0.025	0.0017186
0.168415	0.025	0.00165471
0.179642	0.025	0.00158861
0.19087	0.025	0.00152093
0.202098	0.025	0.0014522
0.213325	0.025	0.00138285
0.224553	0.025	0.0013132
0.235781	0.025	0.00124351
0.247008	0.025	0.00117395
0.258236	0.025	0.00110466
0.269464	0.025	0.00103571
0.280691	0.025	0.000967168
0.291919	0.025	0.000899072
0.303147	0.025	0.000831445
0.314374	0.025	0.000764304
0.325602	0.025	0.000697661
0.33683	0.025	0.000631526
0.348057	0.025	0.000565908
0.359285	0.025	0.000500815
0.370512	0.025	0.000436257
0.38174	0.025	0.000372242
0.392968	0.025	0.000308778
0.404195	0.025	0.000245874
0.415423	0.025	0.000183537
0.426651	0.025	0.000121774
0.437878	0.025	6.05931e-05
0.449106	0.025	0
0	0.0275	0.00228499
0.0121004	0.0275	0.00228387
0.0242008	0.0275	0.00228038
0.0363012	0.0275	0.00227408
0.0484017	0.0275	0.0022641
0.0605021	0.0275	0.0022493
0.0726025	0.0275	0.00222855
0.0847029	0.0275	0.00220099
0.0968033	0.0275	0.00216615
0.108904	0.0275	0.00212405
0.121004	0.0275	0.00207508
0.133105	0.0275	0.00201995
0.145205	0.0275	0.00195955
0.157305	0.0275	0.00189482
0.169406	0.0275	0.0018267
0.181506	0.0275	0.00175605
0.193607	0.0275	0.0016836
0.205707	0.0275	0.00160998
0.217807	0.0275	0.00153568
0.229908	0.0275	0.00146107
0.242008	0.0275	0.00138643
0.254109	0.0275	0.00131197
0.266209	0.0275	0.00123782
0.27831	0.0275	0.00116409
0.29041	0.0275	0.00109083
0.30251	0.0275	0.00101808
0.314611	0.0275	0.00094588
0.326711	0.0275	0.000874246
0.338812	0.0275	0.000803193
0.350912	0.0275	0.000732735
0.363012	0.0275	0.000662884
0.375113	0.0275	0.00059365
0.387213	0.0275	0.000525046
0.399314	0.0275	0.000457081
0.411414	0.0275	0.000389766
0.423515	0.0275	0.000323109
0.435615	0.0275	0.00025712
0.447715	0.0275	0.000191808
0.459816	0.0275	0.000127179
0.471916	0.0275	6.32409e-05
0.484017	0.0275	0
0	0.03	0.00245587
0.0129732	0.03	0.00245447
0.0259464	0.03	0.0024501
0.0389195	0.03	0.00244219
0.0518927	0.03	0.00242967
0.0648659	0.03	0.00241125
0.0778391	0.03	0.00238575
0.0908123	0.03	0.00235239
0.103785	0.03	0.00231089
0.116759	0.03	0.00226155
0.129732	0.03	0.00220504
0.142705	0.03	0.00214233
0.155678	0.03	0.00207451
0.168651	0.03	0.00200268
0.181625	0.03	0.00192783
0.194598	0.03	0.00185087
0.207571	0.03	0.00177252
0.220544	0.03	0.00169336
0.233517	0.03	0.00161384
0.24649	0.03	0.00153428
0.259464	0.03	0.00145492
0.272437	0.03	0.00137592
0.28541	0.03	0.00129738
0.298383	0.03	0.00121939
0.311356	0.03	0.00114199
0.32433	0.03	0.00106521
0.337303	0.03	0.000989085
0.350276	0.03	0.000913632
0.363249	0.03	0.000838867
0.376222	0.03	0.000764805
0.389195	0.03	0.000691461
0.402169	0.03	0.000618848
0.415142	0.03	0.000546978
0.428115	0.03	0.000475863
0.441088	0.03	0.000405513
0.454061	0.03	0.000335939
0.467034	0.03	0.00026715
0.480008	0.03	0.000199154
0.492981	0.03	0.000131959
0.505954	0.03	6.5572e-05
0.518927	0.03	0
0	0.0325	0.00262067
0.0138459	0.0325	0.00261894
0.0276919	0.0325	0.00261358
0.0415378	0.0325	0.00260386
0.0553838	0.0325	0.00258853
0.0692297	0.0325	0.00256615
0.0830757	0.0325	0.00253556
0.0969216	0.0325	0.0024961
0.110768	0.0325	0.00244778
0.124614	0.0325	0.00239115
0.138459	0.0325	0.0023272
0.152305	0.0325	0.00225714
0.166151	0.0325	0.00218222
0.179997	0.0325	0.00210365
0.193843	0.0325	0.00202248
0.207689	0.0325	0.00193959
0.221535	0.0325	0.0018557
0.235381	0.0325	0.00177132
0.249227	0.0325	0.00168686
0.263073	0.0325	0.00160259
0.276919	0.0325	0.00151871
0.290765	0.0325	0.00143535
0.304611	0.0325	0.0013526
0.318457	0.0325	0.00127052
0.332303	0.0325	0.00118914
0.346149	0.0325	0.00110851
0.359995	0.0325	0.00102865
0.373841	0.0325	0.00094957
0.387686	0.0325	0.000871301
0.401532	0.0325	0.000793855
0.415378	0.0325	0.000717248
0.429224	0.0325	0.000641494
0.44307	0.0325	0.000566608
0.456916	0.0325	0.000492601
0.470762	0.0325	0.000419484
0.484608	0.0325	0.000347268
0.498454	0.0325	0.000275962
0.5123	0.0325	0.000205574
0.526146	0.0325	0.000136113
0.539992	0.0325	6.75864e-05
0.553838	0.0325	0
0	0.035	0.00277939
0.0147187	0.035	0.00277729
0.0294374	0.035	0.00277083
0.0441561	0.035	0.00275912
0.0588748	0.035	0.0027407
0.0735936	0.035	0.00271407
0.0883123	0.035	0.0026781
0.103031	0.035	0.00263233
0.11775	0.035	0.00257707
0.132468	0.035	0.00251319
0.147187	0.035	0.00244195
0.161906	0.035	0.00236478
0.176625	0.035	0.00228308
0.191343	0.035	0.00219811
0.206062	0.035	0.00211096
0.220781	0.035	0.00202248
0.235499	0.035	0.00193333
0.250218	0.035	0.00184399
0.264937	0.035	0.00175481
0.279655	0.035	0.00166603
0.294374	0.035	0.00157781
0.309093	0.035	0.00149025
0.323812	0.035	0.00140345
0.33853	0.035	0.00131744
0.353249	0.035	0.00123226
0.367968	0.035	0.00114796
0.382686	0.035	0.00106454
0.397405	0.035	0.000982046
0.412124	0.035	0.000900484
0.426843	0.035	0.000819876
0.441561	0.035	0.000740239
0.45628	0.035	0.000661587
0.470999	0.035	0.000583935
0.485717	0.035	0.000507294
0.500436	0.035	0.000431678
0.515155	0.035	0.000357095
0.529874	0.035	0.000283556
0.544592	0.035	0.000211069
0.559311	0.035	0.000139643
0.57403	0.035	6.92842e-05
0.588748	0.035	0
0	0.0375	0.00293204
0.0155915	0.0375	0.00292955
0.031183	0.0375	0.00292188
0.0467744	0.0375	0.00290797
0.0623659	0.0375	0.00288623
0.0779574	0.0375	0.00285507
0.0935489	0.0375	0.00281347
0.10914	0.0375	0.00276125
0.124732	0.0375	0.00269901
0.140323	0.0375	0.00262795
0.155915	0.0375	0.0025496
0.171506	0.0375	0.00246557
0.187098	0.0375	0.00237738
0.202689	0.0375	0.00228633
0.218281	0.0375	0.00219349
0.233872	0.0375	0.00209969
0.249464	0.0375	0.00200552
0.265055	0.0375	0.00191143
0.280647	0.0375	0.00181772
0.296238	0.0375	0.00172459
0.31183	0.0375	0.00163218
0.327421	0.0375	0.0015406
0.343012	0.0375	0.00144989
0.358604	0.0375	0.00136012
0.374195	0.0375	0.00127133
0.389787	0.0375	0.00118353
0.405378	0.0375	0.00109676
0.42097	0.0375	0.00101105
0.436561	0.0375	0.000926413
0.452153	0.0375	0.000842867
0.467744	0.0375	0.000760433
0.483336	0.0375	0.000679125
0.498927	0.0375	0.000598957
0.514519	0.0375	0.000519943
0.53011	0.0375	0.000442094
0.545702	0.0375	0.00036542
0.561293	0.0375	0.000289932
0.576885	0.0375	0.000215638
0.592476	0.0375	0.000142547
0.608068	0.0375	7.06654e-05
0.623659	0.0375	0
0	0.04	0.00307864
0.0164642	0.04	0.00307571
0.0329285	0.04	0.00306672
0.0493927	0.04	0.00305045
0.065857	0.04	0.00302514
0.0823212	0.04	0.00298922
0.0987854	0.04	0.00294181
0.11525	0.04	0.00288302
0.131714	0.04	0.0028138
0.148178	0.04	0.00273567
0.164642	0.04	0.0026504
0.181107	0.04	0.00255977
0.197571	0.04	0.00246536
0.214035	0.04	0.0023685
0.230499	0.04	0.00227022
0.246964	0.04	0.00217132
0.263428	0.04	0.00207234
0.279892	0.04	0.00197367
0.296356	0.04	0.00187559
0.312821	0.04	0.00177827
0.329285	0.04	0.00168183
0.345749	0.04	0.00158636
0.362213	0.04	0.00149192
0.378678	0.04	0.00139856
0.395142	0.04	0.00130632
0.411606	0.04	0.00121522
0.42807	0.04	0.0011253
0.444534	0.04	0.00103658
0.460999	0.04	0.000949083
0.477463	0.04	0.000862826
0.493927	0.04	0.000777829
0.510391	0.04	0.000694107
0.526856	0.04	0.000611675
0.54332	0.04	0.000530546
0.559784	0.04	0.000450732
0.576248	0.04	0.000372244
0.592713	0.04	0.000295091
0.609177	0.04	0.000219283
0.625641	0.04	0.000144827
0.642105	0.04	7.17302e-05
0.65857	0.04	0
0	0.0425	0.00321918
0.017337	0.0425	0.00321579
0.034674	0.0425	0.00320537
0.052011	0.0425	0.00318657
0.069348	0.0425	0.00315749
0.086685	0.0425	0.00311659
0.104022	0.0425	0.00306321
0.121359	0.0425	0.00299779
0.138696	0.0425	0.00292162
0.156033	0.0425	0.00283654
0.17337	0.0425	0.00274455
0.190707	0.0425	0.00264755
0.208044	0.0425	0.00254717
0.225381	0.0425	0.00244473
0.242718	0.0425	0.00234124
0.260055	0.0425	0.00223743
0.277392	0.0425	0.0021338
0.294729	0.0425	0.00203072
0.312066	0.0425	0.00192842
0.329403	0.0425	0.00182705
0.34674	0.0425	0.00172673
0.364077	0.0425	0.00162754
0.381414	0.0425	0.00152953
0.398751	0.0425	0.00143275
0.416088	0.0425	0.00133724
0.433425	0.0425	0.00124303
0.450762	0.0425	0.00115016
0.468099	0.0425	0.00105864
0.485436	0.0425	0.000968495
0.502773	0.0425	0.000879753
0.52011	0.0425	0.000792427
0.537447	0.0425	0.000706534
0.554784	0.0425	0.000622089
0.572121	0.0425	0.000539105
0.589458	0.0425	0.000457594
0.606795	0.0425	0.000377567
0.624132	0.0425	0.000299033
0.641469	0.0425	0.000222002
0.658806	0.0425	0.000146482
0.676143	0.0425	7.24791e-05
0.69348	0.0425	0
0	0.045	0.00335369
0.0182098	0.045	0.00334979
0.0364195	0.045	0.00333785
0.0546293	0.045	0.00331635
0.0728391	0.045	0.0032833
0.0910489	0.045	0.00323724
0.109259	0.045	0.00317777
0.127468	0.045	0.00310567
0.145678	0.045	0.00302262
0.163888	0.045	0.00293074
0.182098	0.045	0.00283221
0.200307	0.045	0.00272905
0.218517	0.045	0.00262292
0.236727	0.045	0.00251511
0.254937	0.045	0.00240659
0.273147	0.045	0.00229804
0.291356	0.045	0.00218993
0.309566	0.045	0.00208258
0.327776	0.045	0.0019762
0.345986	0.045	0.00187093
0.364195	0.045	0.00176687
0.382405	0.045	0.00166411
0.400615	0.045	0.00156269
0.418825	0.045	0.00146267
0.437034	0.045	0.00136408
0.455244	0.045	0.00126695
0.473454	0.045	0.00117132
0.491664	0.045	0.00107721
0.509874	0.045	0.000984648
0.528083	0.045	0.000893646
0.546293	0.045	0.000804226
0.564503	0.045	0.000716405
0.582713	0.045	0.000630199
0.600922	0.045	0.000545619
0.619132	0.045	0.000462679
0.637342	0.045	0.000381389
0.655552	0.045	0.00030176
0.673761	0.045	0.000223799
0.691971	0.045	0.000147514
0.710181	0.045	7.29127e-05
0.728391	0.045	0
0	0.0475	0.00348217
0.0190825	0.0475	0.00347773
0.0381651	0.0475	0.00346417
0.0572476	0.0475	0.00343982
0.0763301	0.0475	0.00340262
0.0954127	0.0475	0.00335123
0.114495	0.0475	0.00328557
0.133578	0.0475	0.00320679
0.15266	0.0475	0.00311693
0.171743	0.0475	0.00301838
0.190825	0.0475	0.0029135
0.209908	0.0475	0.00280438
0.22899	0.0475	0.00269269
0.248073	0.0475	0.0025797
0.267155	0.0475	0.00246632
0.286238	0.0475	0.00235318
0.305321	0.0475	0.00224073
0.324403	0.0475	0.00212924
0.343486	0.0475	0.00201892
0.362568	0.0475	0.00190989
0.381651	0.0475	0.00180225
0.400733	0.0475	0.00169608
0.419816	0.0475	0.00159142
0.438898	0.0475	0.00148833
0.457981	0.0475	0.00138684
0.477063	0.0475	0.00128699
0.496146	0.0475	0.0011888
0.515228	0.0475	0.00109231
0.534311	0.0475	0.00099754
0.553394	0.0475	0.000904505
0.572476	0.0475	0.000813227
0.591559	0.0475	0.000723721
0.610641	0.0475	0.000636005
0.629724	0.0475	0.00055009
0.648806	0.0475	0.000465989
0.667889	0.0475	0.000383713
0.686971	0.0475	0.000303272
0.706054	0.0475	0.000224673
0.725136	0.0475	0.000147924
0.744219	0.0475	7.30315e-05
0.763301	0.0475	0
0	0.05	0.00360462
0.0199553	0.05	0.00359962
0.0399106	0.05	0.00358434
0.0598659	0.05	0.00355698
0.0798212	0.05	0.00351547
0.0997765	0.05	0.00345863
0.119732	0.05	0.0033867
0.139687	0.05	0.00330124
0.159642	0.05	0.00320465
0.179598	0.05	0.00309957
0.199553	0.05	0.00298851
0.219508	0.05	0.00287362
0.239464	0.05	0.00275654
0.259419	0.05	0.00263852
0.279374	0.05	0.00252043
0.29933	0.05	0.00240285
0.319285	0.05	0.00228619
0.33924	0.05	0.00217071
0.359195	0.05	0.00205658
0.379151	0.05	0.00194394
0.399106	0.05	0.00183286
0.419061	0.05	0.00172343
0.439017	0.05	0.0016157
0.458972	0.05	0.00150971
0.478927	0.05	0.00140551
0.498883	0.05	0.00130313
0.518838	0.05	0.00120259
0.538793	0.05	0.00110393
0.558748	0.05	0.00100717
0.578704	0.05	0.000912331
0.598659	0.05	0.000819429
0.618614	0.05	0.000728484
0.63857	0.05	0.000639509
0.658525	0.05	0.00055252
0.67848	0.05	0.000467527
0.698436	0.05	0.000384541
0.718391	0.05	0.000303572
0.738346	0.05	0.000224628
0.758301	0.05	0.000147714
0.778257	0.05	7.28362e-05
0.798212	0.05	0
0	0.0525	0.00372106
0.0208281	0.0525	0.00371545
0.0416561	0.0525	0.00369837
0.0624842	0.0525	0.00366787
0.0833123	0.0525	0.00362189
0.10414	0.0525	0.00355946
0.124968	0.0525	0.00348121
0.145796	0.0525	0.0033891
0.166625	0.0525	0.00328586
0.187453	0.0525	0.00317439
0.208281	0.0525	0.00305732
0.229109	0.0525	0.00293681
0.249937	0.0525	0.00281451
0.270765	0.0525	0.00269162
0.291593	0.0525	0.00256895
0.312421	0.0525	0.00244706
0.333249	0.0525	0.00232632
0.354077	0.0525	0.00220697
0.374905	0.0525	0.00208917
0.395733	0.0525	0.00197306
0.416561	0.0525	0.0018587
0.437389	0.0525	0.00174618
0.458217	0.0525	0.00163554
0.479045	0.0525	0.00152683
0.499874	0.0525	0.0014201
0.520702	0.0525	0.00131538
0.54153	0.0525	0.00121269
0.562358	0.0525	0.00111207
0.583186	0.0525	0.00101354
0.604014	0.0525	0.000917125
0.624842	0.0525	0.000822836
0.64567	0.0525	0.000730694
0.666498	0.0525	0.000640715
0.687326	0.0525	0.000552911
0.708154	0.0525	0.000467295
0.728982	0.0525	0.000383876
0.74981	0.0525	0.000302663
0.770638	0.0525	0.000223664
0.791466	0.0525	0.000146884
0.812295	0.0525	7.23277e-05
0.833123	0.0525	0
0	0.055	0.00383149
0.0217008	0.055	0.00382525
0.0434017	0.055	0.00380627
0.0651025	0.055	0.0037725
0.0868033	0.055	0.00372191
0.108504	0.055	0.00365379
0.130205	0.055	0.00356917
0.151906	0.055	0.00347043
0.173607	0.055	0.00336064
0.195307	0.055	0.00324291
0.217008	0.055	0.00311996
0.238709	0.055	0.00299399
0.26041	0.055	0.00286662
0.282111	0.055	0.00273899
0.303812	0.055	0.00261188
0.325512	0.055	0.0024858
0.347213	0.055	0.00236111
0.368914	0.055	0.00223802
0.390615	0.055	0.0021167
0.412316	0.055	0.00199725
0.434017	0.055	0.00187976
0.455717	0.055	0.0017643
0.477418	0.055	0.00165093
0.499119	0.055	0.00153968
0.52082	0.055	0.00143061
0.542521	0.055	0.00132374
0.564222	0.055	0.00121911
0.585922	0.055	0.00111674
0.607623	0.055	0.00101666
0.629324	0.055	0.000918889
0.651025	0.055	0.000823449
0.672726	0.055	0.000730355
0.694427	0.055	0.000639624
0.716127	0.055	0.000551266
0.737828	0.055	0.000465295
0.759529	0.055	0.000381719
0.78123	0.055	0.000300546
0.802931	0.055	0.000221783
0.824632	0.055	0.000145435
0.846332	0.055	7.15064e-05
0.868033	0.055	0
0	0.0575	0.00393592
0.0225736	0.0575	0.00392902
0.0451472	0.0575	0.00390806
0.0677208	0.0575	0.00387089
0.0902944	0.0575	0.00381555
0.112868	0.0575	0.00374164
0.135442	0.0575	0.00365062
0.158015	0.0575	0.00354529
0.180589	0.0575	0.00342904
0.203162	0.0575	0.00330517
0.225736	0.0575	0.0031765
0.24831	0.0575	0.00304521
0.270883	0.0575	0.00291289
0.293457	0.0575	0.00278065
0.31603	0.0575	0.00264922
0.338604	0.0575	0.00251908
0.361178	0.0575	0.00239056
0.383751	0.0575	0.00226387
0.406325	0.0575	0.00213915
0.428898	0.0575	0.00201652
0.451472	0.0575	0.00189605
0.474045	0.0575	0.00177782
0.496619	0.0575	0.00166187
0.519193	0.0575	0.00154826
0.541766	0.0575	0.00143703
0.56434	0.0575	0.00132821
0.586913	0.0575	0.00122183
0.609487	0.0575	0.00111793
0.632061	0.0575	0.00101652
0.654634	0.0575	0.000917625
0.677208	0.0575	0.000821271
0.699781	0.0575	0.000727471
0.722355	0.0575	0.00063624
0.744929	0.0575	0.00054759
0.767502	0.0575	0.000461532
0.790076	0.0575	0.000378075
0.812649	0.0575	0.000297225
0.835223	0.0575	0.000218989
0.857797	0.0575	0.00014337
0.88037	0.0575	7.03731e-05
0.902944	0.0575	0
0	0.06	0.00403435
0.0234464	0.06	0.00402677
0.0468927	0.06	0.00400373
0.0703391	0.06	0.00396304
0.0937854	0.06	0.00390284
0.117232	0.06	0.00382306
0.140678	0.06	0.00372561
0.164125	0.06	0.00361373
0.187571	0.06	0.00349111
0.211017	0.06	0.00336122
0.234464	0.06	0.00322695
0.25791	0.06	0.00309047
0.281356	0.06	0.00295333
0.304803	0.06	0.0028166
0.328249	0.06	0.00268097
0.351695	0.06	0.0025469
0.375142	0.06	0.00241467
0.398588	0.06	0.0022845
0.422034	0.06	0.00215653
0.445481	0.06	0.00203085
0.468927	0.06	0.00190756
0.492374	0.06	0.00178671
0.51582	0.06	0.00166837
0.539266	0.06	0.00155257
0.562713	0.06	0.00143937
0.586159	0.06	0.00132879
0.609605	0.06	0.00122087
0.633052	0.06	0.00111564
0.656498	0.06	0.00101312
0.679944	0.06	0.000913336
0.703391	0.06	0.000816305
0.726837	0.06	0.000722044
0.750284	0.06	0.000630567
0.77373	0.06	0.000541885
0.797176	0.06	0.000456008
0.820623	0.06	0.000372945
0.844069	0.06	0.000292701
0.867515	0.06	0.000215281
0.890962	0.06	0.000140689
0.914408	0.06	6.89283e-05
0.937854	0.06	0
0	0.0625	0.00412679
0.0243191	0.0625	0.00411849
0.0486383	0.0625	0.00409331
0.0729574	0.0625	0.00404898
0.0972765	0.0625	0.0039838
0.121596	0.0625	0.00389807
0.145915	0.0625	0.00379418
0.170234	0.0625	0.00367579
0.194553	0.0625	0.00354688
0.218872	0.0625	0.00341109
0.243191	0.0625	0.00327134
0.26751	0.0625	0.00312979
0.29183	0.0625	0.00298796
0.316149	0.0625	0.00284686
0.340468	0.0625	0.00270715
0.364787	0.0625	0.00256925
0.389106	0.0625	0.00243345
0.413425	0.0625	0.00229993
0.437744	0.0625	0.00216883
0.462063	0.0625	0.00204026
0.486383	0.0625	0.00191429
0.510702	0.0625	0.00179099
0.535021	0.0625	0.00167041
0.55934	0.0625	0.00155261
0.583659	0.0625	0.00143762
0.607978	0.0625	0.00132548
0.632297	0.0625	0.00121622
0.656616	0.0625	0.00110988
0.680936	0.0625	0.00100647
0.705255	0.0625	0.000906027
0.729574	0.0625	0.000808556
0.753893	0.0625	0.000714079
0.778212	0.0625	0.000622608
0.802531	0.0625	0.000534155
0.82685	0.0625	0.000448727
0.851169	0.0625	0.000366332
0.875489	0.0625	0.000286976
0.899808	0.0625	0.000210662
0.924127	0.0625	0.000137393
0.948446	0.0625	6.71723e-05
0.972765	0.0625	0
0	0.065	0.00421324
0.0251919	0.065	0.00420421
0.0503838	0.065	0.0041768
0.0755757	0.065	0.00412871
0.100768	0.065	0.00405844
0.125959	0.065	0.0039667
0.151151	0.065	0.00385636
0.176343	0.065	0.0037315
0.201535	0.065	0.00359639
0.226727	0.065	0.0034548
0.251919	0.065	0.00330968
0.277111	0.065	0.00316319
0.302303	0.065	0.00301677
0.327495	0.065	0.00287142
0.352686	0.065	0.00272774
0.377878	0.065	0.00258614
0.40307	0.065	0.00244688
0.428262	0.065	0.00231014
0.453454	0.065	0.00217606
0.478646	0.065	0.00204474
0.503838	0.065	0.00191624
0.52903	0.065	0.00179065
0.554222	0.065	0.00166801
0.579413	0.065	0.00154838
0.604605	0.065	0.00143179
0.629797	0.065	0.00131829
0.654989	0.065	0.0012079
0.680181	0.065	0.00110066
0.705373	0.065	0.000996582
0.730565	0.065	0.000895701
0.755757	0.065	0.000798029
0.780949	0.065	0.00070358
0.80614	0.065	0.000612368
0.831332	0.065	0.000524403
0.856524	0.065	0.000439691
0.881716	0.065	0.00035824
0.906908	0.065	0.000280052
0.9321	0.065	0.000205133
0.957292	0.065	0.000133483
0.982484	0.065	6.51054e-05
1.00768	0.065	0
0	0.0675	0.00429372
0.0260647	0.0675	0.00428392
0.0521293	0.0675	0.0042542
0.078194	0.0675	0.00420226
0.104259	0.0675	0.00412678
0.130323	0.0675	0.00402896
0.156388	0.0675	0.00391216
0.182453	0.0675	0.00378088
0.208517	0.0675	0.00363966
0.234582	0.0675	0.00349237
0.260647	0.0675	0.003342
0.286711	0.0675	0.00319067
0.312776	0.0675	0.00303979
0.338841	0.0675	0.00289028
0.364905	0.0675	0.00274275
0.39097	0.0675	0.00259756
0.417034	0.0675	0.00245496
0.443099	0.0675	0.00231514
0.469164	0.0675	0.00217821
0.495228	0.0675	0.00204428
0.521293	0.0675	0.00191341
0.547358	0.0675	0.00178569
0.573422	0.0675	0.00166116
0.599487	0.0675	0.00153988
0.625552	0.0675	0.00142188
0.651616	0.0675	0.00130721
0.677681	0.0675	0.00119589
0.703746	0.0675	0.00108797
0.72981	0.0675	0.000983448
0.755875	0.0675	0.000882363
0.78194	0.0675	0.000784726
0.808004	0.0675	0.000690551
0.834069	0.0675	0.000599851
0.860134	0.0675	0.000512632
0.886198	0.0675	0.000428903
0.912263	0.0675	0.000348669
0.938328	0.0675	0.000271932
0.964392	0.0675	0.000198695
0.990457	0.0675	0.00012896
1.01652	0.0675	6.27279e-05
1.04259	0.0675	0
0	0.07	0.00436822
0.0269374	0.07	0.00435762
0.0538748	0.07	0.00432553
0.0808123	0.07	0.00426961
0.10775	0.07	0.00418885
0.134687	0.07	0.00408488
0.161625	0.07	0.00396161
0.188562	0.07	0.00382396
0.215499	0.07	0.0036767
0.242437	0.07	0.00352382
0.269374	0.07	0.0033683
0.296312	0.07	0.00321224
0.323249	0.07	0.00305699
0.350186	0.07	0.00290346
0.377124	0.07	0.00275218
0.404061	0.07	0.00260352
0.430999	0.07	0.00245771
0.457936	0.07	0.00231493
0.484874	0.07	0.00217529
0.511811	0.07	0.00203889
0.538748	0.07	0.00190581
0.565686	0.07	0.00177611
0.592623	0.07	0.00164987
0.619561	0.07	0.00152711
0.646498	0.07	0.00140789
0.673436	0.07	0.00129225
0.700373	0.07	0.00118021
0.72731	0.07	0.00107182
0.754248	0.07	0.000967076
0.781185	0.07	0.000866016
0.808123	0.07	0.000768652
0.83506	0.07	0.000674996
0.861997	0.07	0.000585058
0.888935	0.07	0.000498846
0.915872	0.07	0.000416366
0.94281	0.07	0.000337621
0.969747	0.07	0.000262614
0.996685	0.07	0.000191348
1.02362	0.07	0.000123823
1.05056	0.07	6.00399e-05
1.0775	0.07	0
0	0.0725	0.00443674
0.0278102	0.0725	0.00442534
0.0556204	0.0725	0.00439079
0.0834306	0.0725	0.0043308
0.111241	0.0725	0.00424463
0.139051	0.0725	0.00413447
0.166861	0.0725	0.00400473
0.194671	0.0725	0.00386075
0.222481	0.0725	0.00370753
0.250292	0.0725	0.00354915
0.278102	0.0725	0.00338859
0.305912	0.0725	0.0032279
0.333722	0.0725	0.00306841
0.361532	0.0725	0.00291094
0.389343	0.0725	0.00275603
0.417153	0.0725	0.00260401
0.444963	0.0725	0.00245511
0.472773	0.0725	0.0023095
0.500583	0.0725	0.00216728
0.528394	0.0725	0.00202856
0.556204	0.0725	0.00189342
0.584014	0.0725	0.00176192
0.611824	0.0725	0.00163413
0.639634	0.0725	0.00151008
0.667444	0.0725	0.00138983
0.695255	0.0725	0.00127342
0.723065	0.0725	0.00116087
0.750875	0.0725	0.00105221
0.778685	0.0725	0.000947471
0.806495	0.0725	0.000846666
0.834306	0.0725	0.000749812
0.862116	0.0725	0.000656918
0.889926	0.0725	0.000567994
0.917736	0.0725	0.000483047
0.945546	0.0725	0.00040208
0.973356	0.0725	0.000325098
1.00117	0.0725	0.000252102
1.02898	0.0725	0.000183093
1.05679	0.0725	0.000118072
1.0846	0.0725	5.70413e-05
1.11241	0.0725	0
0	0.075	0.0044993
0.028683	0.075	0.00448706
0.0573659	0.075	0.00444998
0.0860489	0.075	0.00438582
0.114732	0.075	0.00429416
0.143415	0.075	0.00417774
0.172098	0.075	0.00404153
0.200781	0.075	0.00389126
0.229464	0.075	0.00373216
0.258147	0.075	0.00356838
0.28683	0.075	0.00340288
0.315512	0.075	0.00323767
0.344195	0.075	0.00307402
0.372878	0.075	0.00291273
0.401561	0.075	0.00275429
0.430244	0.075	0.00259904
0.458927	0.075	0.00244717
0.48761	0.075	0.00229885
0.516293	0.075	0.0021542
0.544976	0.075	0.00201331
0.573659	0.075	0.00187626
0.602342	0.075	0.00174312
0.631025	0.075	0.00161394
0.659708	0.075	0.00148879
0.688391	0.075	0.0013677
0.717074	0.075	0.00125071
0.745757	0.075	0.00113785
0.77444	0.075	0.00102915
0.803123	0.075	0.000924637
0.831806	0.075	0.000824317
0.860489	0.075	0.000728208
0.889171	0.075	0.00063632
0.917854	0.075	0.000548661
0.946537	0.075	0.000465236
0.97522	0.075	0.000386048
1.0039	0.075	0.0003111
1.03259	0.075	0.000240394
1.06127	0.075	0.00017393
1.08995	0.075	0.000111709
1.11864	0.075	5.37322e-05
1.14732	0.075	0
0	0.0775	0.0045559
0.0295557	0.0775	0.00454279
0.0591114	0.0775	0.00450312
0.0886671	0.0775	0.00443467
0.118223	0.0775	0.00433743
0.147779	0.0775	0.0042147
0.177334	0.0775	0.00407202
0.20689	0.0775	0.00391552
0.236446	0.0775	0.00375061
0.266001	0.0775	0.00358151
0.295557	0.0775	0.00341118
0.325113	0.0775	0.00324154
0.354669	0.0775	0.00307384
0.384224	0.0775	0.00290883
0.41378	0.0775	0.00274698
0.443336	0.0775	0.0025886
0.472891	0.0775	0.00243388
0.502447	0.0775	0.00228299
0.532003	0.0775	0.00213604
0.561559	0.0775	0.00199312
0.591114	0.0775	0.00185432
0.62067	0.0775	0.0017197
0.650226	0.0775	0.00158932
0.679781	0.0775	0.00146324
0.709337	0.0775	0.0013415
0.738893	0.0775	0.00122414
0.768449	0.0775	0.00111118
0.798004	0.0775	0.00100265
0.82756	0.0775	0.000898578
0.857116	0.0775	0.000798971
0.886671	0.0775	0.000703844
0.916227	0.0775	0.000613205
0.945783	0.0775	0.000527061
0.975339	0.0775	0.000445415
1.00489	0.0775	0.00036827
1.03445	0.0775	0.000295628
1.06401	0.0775	0.000227491
1.09356	0.0775	0.000163858
1.12312	0.0775	0.000104732
1.15267	0.0775	5.01128e-05
1.18223	0.0775	0
0	0.08	0.00460654
0.0304285	0.08	0.00459254
0.060857	0.08	0.0045502
0.0912854	0.08	0.00447737
0.121714	0.08	0.00437445
0.152142	0.08	0.00424536
0.182571	0.08	0.00409621
0.212999	0.08	0.00393351
0.243428	0.08	0.00376288
0.273856	0.08	0.00358856
0.304285	0.08	0.00341348
0.334713	0.08	0.00323953
0.365142	0.08	0.00306788
0.39557	0.08	0.00289925
0.425999	0.08	0.00273409
0.456427	0.08	0.00257269
0.486856	0.08	0.00241525
0.517284	0.08	0.00226191
0.547713	0.08	0.0021128
0.578141	0.08	0.001968
0.60857	0.08	0.0018276
0.638998	0.08	0.00169167
0.669427	0.08	0.00156027
0.699855	0.08	0.00143344
0.730284	0.08	0.00131124
0.760712	0.08	0.0011937
0.79114	0.08	0.00108085
0.821569	0.08	0.000972708
0.851997	0.08	0.000869298
0.882426	0.08	0.000770633
0.912854	0.08	0.000676723
0.943283	0.08	0.000587576
0.973711	0.08	0.000503195
1.00414	0.08	0.000423585
1.03457	0.08	0.000348747
1.065	0.08	0.000278683
1.09543	0.08	0.000213393
1.12585	0.08	0.000152879
1.15628	0.08	9.71424e-05
1.18671	0.08	4.61836e-05
1.21714	0.08	0
0	0.0825	0.00465122
0.0313012	0.0825	0.0046363
0.0626025	0.0825	0.00459123
0.0939037	0.0825	0.00451392
0.125205	0.0825	0.00440522
0.156506	0.0825	0.00426972
0.187807	0.0825	0.0041141
0.219109	0.0825	0.00394526
0.25041	0.0825	0.00376898
0.281711	0.0825	0.00358952
0.313012	0.0825	0.00340979
0.344314	0.0825	0.00323162
0.375615	0.0825	0.00305612
0.406916	0.0825	0.00288398
0.438217	0.0825	0.00271562
0.469519	0.0825	0.00255132
0.50082	0.0825	0.00239127
0.532121	0.0825	0.00223562
0.563422	0.0825	0.00208448
0.594724	0.0825	0.00193795
0.626025	0.0825	0.00179611
0.657326	0.0825	0.00165903
0.688627	0.0825	0.00152678
0.719929	0.0825	0.00139939
0.75123	0.0825	0.00127693
0.782531	0.0825	0.00115941
0.813832	0.0825	0.00104687
0.845134	0.0825	0.000939326
0.876435	0.0825	0.000836801
0.907736	0.0825	0.000739306
0.939037	0.0825	0.000646847
0.970339	0.0825	0.000559433
1.00164	0.0825	0.000477065
1.03294	0.0825	0.000399746
1.06424	0.0825	0.000327478
1.09554	0.0825	0.000260262
1.12684	0.0825	0.0001981
1.15815	0.0825	0.000140992
1.18945	0.0825	8.89409e-05
1.22075	0.0825	4.19458e-05
1.25205	0.0825	0
0	0.085	0.00468994
0.032174	0.085	0.00467409
0.064348	0.085	0.00462621
0.096522	0.085	0.00454431
0.128696	0.085	0.00442975
0.16087	0.085	0.00428778
0.193044	0.085	0.00412571
0.225218	0.085	0.00395077
0.257392	0.085	0.00376891
0.289566	0.085	0.00358441
0.32174	0.085	0.00340012
0.353914	0.085	0.00321782
0.386088	0.085	0.00303857
0.418262	0.085	0.00286302
0.450436	0.085	0.00269157
0.48261	0.085	0.00252448
0.514784	0.085	0.00236195
0.546958	0.085	0.00220411
0.579132	0.085	0.00205109
0.611306	0.085	0.00190298
0.64348	0.085	0.00175985
0.675654	0.085	0.0016218
0.707828	0.085	0.00148886
0.740002	0.085	0.0013611
0.772176	0.085	0.00123856
0.80435	0.085	0.00112126
0.836524	0.085	0.00100924
0.868698	0.085	0.000902509
0.900872	0.085	0.00080109
0.933046	0.085	0.000704991
0.96522	0.085	0.000614218
0.997394	0.085	0.000528777
1.02957	0.085	0.00044867
1.06174	0.085	0.000373899
1.09392	0.085	0.000304465
1.12609	0.085	0.000240368
1.15826	0.085	0.000181612
1.19044	0.085	0.000128199
1.22261	0.085	8.01295e-05
1.25479	0.085	3.74017e-05
1.28696	0.085	0
0	0.0875	0.00472271
0.0330468	0.0875	0.00470591
0.0660936	0.0875	0.00465515
0.0991403	0.0875	0.00456856
0.132187	0.0875	0.00444803
0.165234	0.0875	0.00429956
0.198281	0.0875	0.00413102
0.231327	0.0875	0.00395004
0.264374	0.0875	0.00376267
0.297421	0.0875	0.00357322
0.330468	0.0875	0.00338448
0.363515	0.0875	0.00319814
0.396561	0.0875	0.00301524
0.429608	0.0875	0.00283638
0.462655	0.0875	0.00266194
0.495702	0.0875	0.00249218
0.528748	0.0875	0.00232728
0.561795	0.0875	0.00216739
0.594842	0.0875	0.00201262
0.627889	0.0875	0.00186308
0.660936	0.0875	0.00171883
0.693982	0.0875	0.00157996
0.727029	0.0875	0.00144652
0.760076	0.0875	0.00131857
0.793123	0.0875	0.00119614
0.826169	0.0875	0.00107926
0.859216	0.0875	0.000967963
0.892263	0.0875	0.00086226
0.92531	0.0875	0.000762166
0.958356	0.0875	0.00066769
0.991403	0.0875	0.000578837
1.02445	0.0875	0.00049561
1.0575	0.0875	0.000418012
1.09054	0.0875	0.000346043
1.12359	0.0875	0.000279706
1.15664	0.0875	0.000219001
1.18968	0.0875	0.000163932
1.22273	0.0875	0.000114502
1.25578	0.0875	7.07126e-05
1.28882	0.0875	3.25563e-05
1.32187	0.0875	0
0	0.09	0.00474954
0.0339195	0.09	0.00473175
0.0678391	0.09	0.00467804
0.101759	0.09	0.00458665
0.135678	0.09	0.00446007
0.169598	0.09	0.00430504
0.203517	0.09	0.00413006
0.237437	0.09	0.00394307
0.271356	0.09	0.00375028
0.305276	0.09	0.00355597
0.339195	0.09	0.00336285
0.373115	0.09	0.00317258
0.407034	0.09	0.00298612
0.440954	0.09	0.00280404
0.474874	0.09	0.00262673
0.508793	0.09	0.00245441
0.542713	0.09	0.00228727
0.576632	0.09	0.00212546
0.610552	0.09	0.00196909
0.644471	0.09	0.00181825
0.678391	0.09	0.00167304
0.71231	0.09	0.00153353
0.74623	0.09	0.00139977
0.780149	0.09	0.0012718
0.814069	0.09	0.00114968
0.847989	0.09	0.00103342
0.881908	0.09	0.000923048
0.915828	0.09	0.000818583
0.949747	0.09	0.000720033
0.983667	0.09	0.000627406
1.01759	0.09	0.000540705
1.05151	0.09	0.000459932
1.08543	0.09	0.00038509
1.11934	0.09	0.000316179
1.15326	0.09	0.000253202
1.18718	0.09	0.000196161
1.2211	0.09	0.000145061
1.25502	0.09	9.99074e-05
1.28894	0.09	6.06988e-05
1.32286	0.09	2.74181e-05
1.35678	0.09	0
0	0.0925	0.00477041
0.0347923	0.0925	0.00475162
0.0695846	0.0925	0.00469489
0.104377	0.0925	0.0045986
0.139169	0.0925	0.00446587
0.173962	0.0925	0.00430422
0.208754	0.0925	0.0041228
0.243546	0.0925	0.00392988
0.278338	0.0925	0.00373174
0.313131	0.0925	0.00353265
0.347923	0.0925	0.00333525
0.382715	0.0925	0.00314113
0.417508	0.0925	0.00295121
0.4523	0.0925	0.00276603
0.487092	0.0925	0.00258593
0.521885	0.0925	0.00241117
0.556677	0.0925	0.00224192
0.591469	0.0925	0.00207831
0.626261	0.0925	0.00192048
0.661054	0.0925	0.00176851
0.695846	0.0925	0.0016225
0.730638	0.0925	0.00148251
0.765431	0.0925	0.00134859
0.800223	0.0925	0.0012208
0.835015	0.0925	0.00109917
0.869808	0.0925	0.000983732
0.9046	0.0925	0.000874496
0.939392	0.0925	0.000771479
0.974185	0.0925	0.000674692
1.00898	0.0925	0.000584138
1.04377	0.0925	0.000499821
1.07856	0.0925	0.000421743
1.11335	0.0925	0.000349905
1.14815	0.0925	0.000284307
1.18294	0.0925	0.000224955
1.21773	0.0925	0.000171853
1.25252	0.0925	0.000125008
1.28732	0.0925	8.44261e-05
1.32211	0.0925	5.01031e-05
1.3569	0.0925	2.20023e-05
1.39169	0.0925	0
0	0.095	0.00478534
0.0356651	0.095	0.00476552
0.0713301	0.095	0.00470571
0.106995	0.095	0.0046044
0.14266	0.095	0.00446541
0.178325	0.095	0.00429712
0.21399	0.095	0.00410927
0.249655	0.095	0.00391045
0.285321	0.095	0.00370705
0.320986	0.095	0.00350327
0.356651	0.095	0.00330168
0.392316	0.095	0.00310381
0.427981	0.095	0.00291051
0.463646	0.095	0.00272232
0.499311	0.095	0.00253956
0.534976	0.095	0.00236247
0.570641	0.095	0.00219122
0.606306	0.095	0.00202596
0.641971	0.095	0.0018668
0.677636	0.095	0.00171386
0.713301	0.095	0.0015672
0.748966	0.095	0.0014269
0.784632	0.095	0.00129301
0.820297	0.095	0.00116558
0.855962	0.095	0.00104463
0.891627	0.095	0.000930206
0.927292	0.095	0.000822307
0.962957	0.095	0.000720951
0.998622	0.095	0.000626143
1.03429	0.095	0.000537888
1.06995	0.095	0.000456188
1.10562	0.095	0.000381043
1.14128	0.095	0.000312456
1.17695	0.095	0.00025043
1.21261	0.095	0.000194969
1.24828	0.095	0.000146084
1.28394	0.095	0.000103785
1.31961	0.095	6.80781e-05
1.35527	0.095	3.89523e-05
1.39094	0.095	1.63353e-05
1.4266	0.095	0
0	0.0975	0.00479432
0.0365378	0.0975	0.00477345
0.0730757	0.0975	0.00471048
0.109614	0.0975	0.00460404
0.146151	0.0975	0.00445871
0.182689	0.0975	0.00428372
0.219227	0.0975	0.00408945
0.255765	0.0975	0.00388481
0.292303	0.0975	0.00367621
0.328841	0.0975	0.00346783
0.365378	0.0975	0.00326214
0.401916	0.0975	0.00306061
0.438454	0.0975	0.00286403
0.474992	0.0975	0.00267293
0.51153	0.0975	0.0024876
0.548068	0.0975	0.0023083
0.584605	0.0975	0.00213518
0.621143	0.0975	0.0019684
0.657681	0.0975	0.00180806
0.694219	0.0975	0.00165429
0.730757	0.0975	0.00150714
0.767295	0.0975	0.0013667
0.803832	0.0975	0.00123302
0.84037	0.0975	0.00110613
0.876908	0.0975	0.000986061
0.913446	0.0975	0.000872843
0.949984	0.0975	0.000766486
0.986522	0.0975	0.000666999
1.02306	0.0975	0.000574388
1.0596	0.0975	0.000488656
1.09614	0.0975	0.000409804
1.13267	0.0975	0.000337833
1.16921	0.0975	0.000272746
1.20575	0.0975	0.000214549
1.24229	0.0975	0.000163252
1.27882	0.0975	0.000118868
1.31536	0.0975	8.14141e-05
1.3519	0.0975	5.08978e-05
1.38844	0.0975	2.72915e-05
1.42498	0.0975	1.04611e-05
1.46151	0.0975	0
0	0.1	0.00479737
0.0374106	0.1	0.00477542
0.0748212	0.1	0.00470922
0.112232	0.1	0.00459753
0.149642	0.1	0.00444574
0.187053	0.1	0.00426401
0.224464	0.1	0.00406335
0.261874	0.1	0.00385294
0.299285	0.1	0.00363923
0.336695	0.1	0.00342633
0.374106	0.1	0.00321664
0.411517	0.1	0.00301152
0.448927	0.1	0.00281177
0.486338	0.1	0.00261785
0.523748	0.1	0.00243007
0.561159	0.1	0.00224866
0.59857	0.1	0.0020738
0.63598	0.1	0.00190563
0.673391	0.1	0.00174427
0.710801	0.1	0.00158981
0.748212	0.1	0.00144235
0.785623	0.1	0.00130193
0.823033	0.1	0.00116862
0.860444	0.1	0.00104246
0.897854	0.1	0.000923457
0.935265	0.1	0.000811645
0.972676	0.1	0.000707031
1.01009	0.1	0.000609625
1.0475	0.1	0.000519428
1.08491	0.1	0.000436442
1.12232	0.1	0.00036067
1.15973	0.1	0.000292114
1.19714	0.1	0.000230779
1.23455	0.1	0.000176674
1.27196	0.1	0.000129817
1.30937	0.1	9.02296e-05
1.34678	0.1	5.79356e-05
1.38419	0.1	3.29431e-05
1.4216	0.1	1.51958e-05
1.45901	0.1	4.45218e-06
1.49642	0.1	0
