0	0	0
0.00125	0	0
0.0025	0	0
0.00375	0	0
0.005	0	0
0.00625	0	0
0.0075	0	0
0.00875	0	0
0.01	0	0
0.01125	0	0
0.0125	0	0
0.01375	0	0
0.015	0	0
0.01625	0	0
0.0175	0	0
0.01875	0	0
0.02	0	0
0.02125	0	0
0.0225	0	0
0.02375	0	0
0.025	0	0
0.02625	0	0
0.0275	0	0
0.02875	0	0
0.03	0	0
0.03125	0	0
0.0325	0	0
0.03375	0	0
0.035	0	0
0.03625	0	0
0.0375	0	0
0.03875	0	0
0.04	0	0
0.04125	0	0
0.0425	0	0
0.04375	0	0
0.045	0	0
0.04625	0	0
0.0475	0	0
0.04875	0	0
0.05	0	0
0	0.015	0.00414326
0.00207502	0.015	0.00414189
0.00415005	0.015	0.00413778
0.00622507	0.015	0.00413088
0.00830009	0.015	0.00412113
0.0103751	0.015	0.00410845
0.0124501	0.015	0.00409273
0.0145252	0.015	0.00407382
0.0166002	0.015	0.00405157
0.0186752	0.015	0.0040258
0.0207502	0.015	0.0039963
0.0228253	0.015	0.00396284
0.0249003	0.015	0.00392518
0.0269753	0.015	0.00388304
0.0290503	0.015	0.00383617
0.0311254	0.015	0.00378425
0.0332004	0.015	0.00372698
0.0352754	0.015	0.00366407
0.0373504	0.015	0.00359519
0.0394254	0.015	0.00352002
0.0415005	0.015	0.00343824
0.0435755	0.015	0.00334955
0.0456505	0.015	0.00325363
0.0477255	0.015	0.00315017
0.0498006	0.015	0.00303889
0.0518756	0.015	0.0029195
0.0539506	0.015	0.00279171
0.0560256	0.015	0.00265528
0.0581007	0.015	0.00250995
0.0601757	0.015	0.00235549
0.0622507	0.015	0.00219167
0.0643257	0.015	0.00201828
0.0664008	0.015	0.00183514
0.0684758	0.015	0.00164206
0.0705508	0.015	0.00143888
0.0726258	0.015	0.00122544
0.0747009	0.015	0.00100161
0.0767759	0.015	0.000767261
0.0788509	0.015	0.000522275
0.0809259	0.015	0.000266551
0.0830009	0.015	0
0	0.03	0.00820484
0.00290005	0.03	0.00820097
0.00580009	0.03	0.00818932
0.00870014	0.03	0.00816982
0.0116002	0.03	0.00814233
0.0145002	0.03	0.00810669
0.0174003	0.03	0.00806266
0.0203003	0.03	0.00800999
0.0232004	0.03	0.00794839
0.0261004	0.03	0.00787751
0.0290005	0.03	0.00779702
0.0319005	0.03	0.00770654
0.0348006	0.03	0.00760571
0.0377006	0.03	0.00749416
0.0406007	0.03	0.00737151
0.0435007	0.03	0.00723743
0.0464008	0.03	0.0070916
0.0493008	0.03	0.00693371
0.0522009	0.03	0.00676352
0.0551009	0.03	0.00658081
0.0580009	0.03	0.00638541
0.060901	0.03	0.00617721
0.063801	0.03	0.00595613
0.0667011	0.03	0.00572217
0.0696011	0.03	0.00547536
0.0725012	0.03	0.0052158
0.0754012	0.03	0.00494363
0.0783013	0.03	0.00465905
0.0812013	0.03	0.00436231
0.0841014	0.03	0.0040537
0.0870014	0.03	0.00373356
0.0899015	0.03	0.00340227
0.0928015	0.03	0.00306027
0.0957016	0.03	0.002708
0.0986016	0.03	0.00234597
0.101502	0.03	0.0019747
0.104402	0.03	0.00159474
0.107302	0.03	0.00120668
0.110202	0.03	0.000811118
0.113102	0.03	0.000408677
0.116002	0.03	0
0	0.045	0.0122491
0.00372507	0.045	0.0122421
0.00745014	0.045	0.012221
0.0111752	0.045	0.0121858
0.0149003	0.045	0.0121363
0.0186254	0.045	0.0120723
0.0223504	0.045	0.0119935
0.0260755	0.045	0.0118996
0.0298006	0.045	0.0117902
0.0335256	0.045	0.0116652
0.0372507	0.045	0.0115241
0.0409758	0.045	0.0113665
0.0447009	0.045	0.0111923
0.0484259	0.045	0.011001
0.052151	0.045	0.0107926
0.0558761	0.045	0.0105669
0.0596011	0.045	0.0103236
0.0633262	0.045	0.0100629
0.0670513	0.045	0.00978477
0.0707763	0.045	0.00948929
0.0745014	0.045	0.00917666
0.0782265	0.045	0.00884714
0.0819516	0.045	0.00850104
0.0856766	0.045	0.00813875
0.0894017	0.045	0.00776067
0.0931268	0.045	0.00736731
0.0968518	0.045	0.00695915
0.100577	0.045	0.00653674
0.104302	0.045	0.00610066
0.108027	0.045	0.00565146
0.111752	0.045	0.00518972
0.115477	0.045	0.00471604
0.119202	0.045	0.00423097
0.122927	0.045	0.00373506
0.126652	0.045	0.00322883
0.130377	0.045	0.00271279
0.134103	0.045	0.0021874
0.137828	0.045	0.00165307
0.141553	0.045	0.00111018
0.145278	0.045	0.000559069
0.149003	0.045	0
0	0.06	0.016296
0.00455009	0.06	0.0162855
0.00910019	0.06	0.0162541
0.0136503	0.06	0.0162017
0.0182004	0.06	0.016128
0.0227505	0.06	0.0160329
0.0273006	0.06	0.0159162
0.0318507	0.06	0.0157777
0.0364008	0.06	0.015617
0.0409509	0.06	0.015434
0.0455009	0.06	0.0152285
0.050051	0.06	0.0150002
0.0546011	0.06	0.0147492
0.0591512	0.06	0.0144753
0.0637013	0.06	0.0141786
0.0682514	0.06	0.0138593
0.0728015	0.06	0.0135176
0.0773516	0.06	0.0131537
0.0819017	0.06	0.0127681
0.0864518	0.06	0.0123611
0.0910019	0.06	0.0119335
0.095552	0.06	0.0114856
0.100102	0.06	0.0110181
0.104652	0.06	0.0105318
0.109202	0.06	0.0100272
0.113752	0.06	0.00950515
0.118302	0.06	0.00896626
0.122853	0.06	0.00841124
0.127403	0.06	0.0078408
0.131953	0.06	0.00725557
0.136503	0.06	0.00665621
0.141053	0.06	0.00604331
0.145603	0.06	0.00541744
0.150153	0.06	0.00477914
0.154703	0.06	0.00412889
0.159253	0.06	0.00346716
0.163803	0.06	0.00279436
0.168354	0.06	0.0021109
0.172904	0.06	0.00141713
0.177454	0.06	0.000713391
0.182004	0.06	0
0	0.075	0.0203457
0.00537512	0.075	0.0203316
0.0107502	0.075	0.0202894
0.0161254	0.075	0.0202189
0.0215005	0.075	0.02012
0.0268756	0.075	0.0199927
0.0322507	0.075	0.0198368
0.0376258	0.075	0.0196521
0.0430009	0.075	0.0194386
0.0483761	0.075	0.0191963
0.0537512	0.075	0.018925
0.0591263	0.075	0.018625
0.0645014	0.075	0.0182964
0.0698765	0.075	0.0179394
0.0752517	0.075	0.0175544
0.0806268	0.075	0.0171418
0.0860019	0.075	0.0167023
0.091377	0.075	0.0162363
0.0967521	0.075	0.0157447
0.102127	0.075	0.0152281
0.107502	0.075	0.0146873
0.112877	0.075	0.0141232
0.118253	0.075	0.0135366
0.123628	0.075	0.0129284
0.129003	0.075	0.0122994
0.134378	0.075	0.0116505
0.139753	0.075	0.0109825
0.145128	0.075	0.0102962
0.150503	0.075	0.00959225
0.155878	0.075	0.00887147
0.161254	0.075	0.00813451
0.166629	0.075	0.00738202
0.172004	0.075	0.00661459
0.177379	0.075	0.00583281
0.182754	0.075	0.00503721
0.188129	0.075	0.00422829
0.193504	0.075	0.00340654
0.198879	0.075	0.00257241
0.204254	0.075	0.00172633
0.20963	0.075	0.00086873
0.215005	0.075	0
0	0.09	0.0243899
0.00620014	0.09	0.0243722
0.0124003	0.09	0.0243189
0.0186004	0.09	0.02423
0.0248006	0.09	0.0241055
0.0310007	0.09	0.0239454
0.0372009	0.09	0.0237497
0.043401	0.09	0.0235183
0.0496011	0.09	0.0232515
0.0558013	0.09	0.0229494
0.0620014	0.09	0.0226121
0.0682016	0.09	0.0222402
0.0744017	0.09	0.0218341
0.0806018	0.09	0.0213942
0.086802	0.09	0.0209213
0.0930021	0.09	0.0204162
0.0992023	0.09	0.0198796
0.105402	0.09	0.0193125
0.111603	0.09	0.0187158
0.117803	0.09	0.0180906
0.124003	0.09	0.0174378
0.130203	0.09	0.0167585
0.136403	0.09	0.0160538
0.142603	0.09	0.0153245
0.148803	0.09	0.0145718
0.155004	0.09	0.0137965
0.161204	0.09	0.0129996
0.167404	0.09	0.012182
0.173604	0.09	0.0113445
0.179804	0.09	0.0104879
0.186004	0.09	0.00961303
0.192204	0.09	0.00872053
0.198405	0.09	0.00781113
0.204605	0.09	0.00688547
0.210805	0.09	0.00594418
0.217005	0.09	0.00498786
0.223205	0.09	0.00401708
0.229405	0.09	0.00303239
0.235605	0.09	0.00203431
0.241806	0.09	0.00102335
0.248006	0.09	0
0	0.105	0.0284175
0.00702517	0.105	0.028396
0.0140503	0.105	0.0283316
0.0210755	0.105	0.0282242
0.0281007	0.105	0.0280738
0.0351258	0.105	0.0278807
0.042151	0.105	0.0276449
0.0491762	0.105	0.0273667
0.0562013	0.105	0.0270465
0.0632265	0.105	0.0266845
0.0702517	0.105	0.0262813
0.0772768	0.105	0.0258376
0.084302	0.105	0.0253542
0.0913272	0.105	0.0248318
0.0983523	0.105	0.0242715
0.105377	0.105	0.0236743
0.112403	0.105	0.0230413
0.119428	0.105	0.0223737
0.126453	0.105	0.0216726
0.133478	0.105	0.0209393
0.140503	0.105	0.0201751
0.147528	0.105	0.019381
0.154554	0.105	0.0185585
0.161579	0.105	0.0177085
0.168604	0.105	0.0168322
0.175629	0.105	0.0159307
0.182654	0.105	0.0150051
0.189679	0.105	0.0140563
0.196705	0.105	0.0130854
0.20373	0.105	0.0120932
0.210755	0.105	0.0110805
0.21778	0.105	0.0100483
0.224805	0.105	0.00899739
0.23183	0.105	0.00792844
0.238856	0.105	0.00684222
0.245881	0.105	0.00573944
0.252906	0.105	0.00462078
0.259931	0.105	0.00348689
0.266956	0.105	0.0023384
0.273981	0.105	0.00117591
0.281007	0.105	0
0	0.12	0.0324163
0.00785019	0.12	0.0323911
0.0157004	0.12	0.0323155
0.0235506	0.12	0.0321894
0.0314008	0.12	0.0320132
0.0392509	0.12	0.031787
0.0471011	0.12	0.0315112
0.0549513	0.12	0.0311861
0.0628015	0.12	0.0308123
0.0706517	0.12	0.0303906
0.0785019	0.12	0.0299216
0.0863521	0.12	0.0294064
0.0942023	0.12	0.0288459
0.102052	0.12	0.0282414
0.109903	0.12	0.027594
0.117753	0.12	0.026905
0.125603	0.12	0.026176
0.133453	0.12	0.0254082
0.141303	0.12	0.0246031
0.149154	0.12	0.0237622
0.157004	0.12	0.0228868
0.164854	0.12	0.0219784
0.172704	0.12	0.0210383
0.180554	0.12	0.0200679
0.188405	0.12	0.0190684
0.196255	0.12	0.0180411
0.204105	0.12	0.0169872
0.211955	0.12	0.0159078
0.219805	0.12	0.014804
0.227655	0.12	0.0136768
0.235506	0.12	0.0125274
0.243356	0.12	0.0113565
0.251206	0.12	0.0101653
0.259056	0.12	0.00895446
0.266906	0.12	0.00772498
0.274757	0.12	0.00647763
0.282607	0.12	0.00521323
0.290457	0.12	0.00393254
0.298307	0.12	0.0026363
0.306157	0.12	0.00132522
0.314008	0.12	0
0	0.135	0.0363746
0.00867521	0.135	0.0363457
0.0173504	0.135	0.0362589
0.0260256	0.135	0.0361142
0.0347009	0.135	0.0359121
0.0433761	0.135	0.0356528
0.0520513	0.135	0.0353368
0.0607265	0.135	0.0349649
0.0694017	0.135	0.0345378
0.0780769	0.135	0.0340563
0.0867521	0.135	0.0335217
0.0954273	0.135	0.0329351
0.104103	0.135	0.0322978
0.112778	0.135	0.0316113
0.121453	0.135	0.0308771
0.130128	0.135	0.0300968
0.138803	0.135	0.0292719
0.147479	0.135	0.0284043
0.156154	0.135	0.0274955
0.164829	0.135	0.0265473
0.173504	0.135	0.0255611
0.182179	0.135	0.0245387
0.190855	0.135	0.0234815
0.19953	0.135	0.0223912
0.208205	0.135	0.0212691
0.21688	0.135	0.0201167
0.225556	0.135	0.0189353
0.234231	0.135	0.0177262
0.242906	0.135	0.0164906
0.251581	0.135	0.0152299
0.260256	0.135	0.0139451
0.268932	0.135	0.0126373
0.277607	0.135	0.0113077
0.286282	0.135	0.00995719
0.294957	0.135	0.00858687
0.303632	0.135	0.00719768
0.312308	0.135	0.00579054
0.320983	0.135	0.00436635
0.329658	0.135	0.00292597
0.338333	0.135	0.00147025
0.347009	0.135	0
0	0.15	0.0402815
0.00950024	0.15	0.0402489
0.0190005	0.15	0.0401508
0.0285007	0.15	0.0399875
0.0380009	0.15	0.0397594
0.0475012	0.15	0.039467
0.0570014	0.15	0.0391111
0.0665017	0.15	0.0386923
0.0760019	0.15	0.0382118
0.0855021	0.15	0.0376708
0.0950024	0.15	0.0370707
0.104503	0.15	0.0364128
0.114003	0.15	0.0356989
0.123503	0.15	0.0349306
0.133003	0.15	0.0341098
0.142504	0.15	0.0332383
0.152004	0.15	0.032318
0.161504	0.15	0.0313509
0.171004	0.15	0.0303387
0.180504	0.15	0.0292835
0.190005	0.15	0.028187
0.199505	0.15	0.0270511
0.209005	0.15	0.0258776
0.218505	0.15	0.024668
0.228006	0.15	0.0234242
0.237506	0.15	0.0221476
0.247006	0.15	0.0208399
0.256506	0.15	0.0195025
0.266007	0.15	0.0181368
0.275507	0.15	0.0167442
0.285007	0.15	0.0153261
0.294507	0.15	0.0138836
0.304008	0.15	0.0124182
0.313508	0.15	0.0109309
0.323008	0.15	0.00942286
0.332508	0.15	0.00789526
0.342009	0.15	0.00634915
0.351509	0.15	0.00478558
0.361009	0.15	0.00320555
0.370509	0.15	0.00161004
0.380009	0.15	0
0	0.165	0.0441268
0.0103253	0.165	0.0440904
0.0206505	0.165	0.0439811
0.0309758	0.165	0.0437993
0.041301	0.165	0.0435452
0.0516263	0.165	0.0432198
0.0619516	0.165	0.0428237
0.0722768	0.165	0.0423582
0.0826021	0.165	0.0418244
0.0929273	0.165	0.0412239
0.103253	0.165	0.0405583
0.113578	0.165	0.0398293
0.123903	0.165	0.0390389
0.134228	0.165	0.038189
0.144554	0.165	0.0372818
0.154879	0.165	0.0363193
0.165204	0.165	0.0353039
0.175529	0.165	0.0342375
0.185855	0.165	0.0331224
0.19618	0.165	0.0319607
0.206505	0.165	0.0307545
0.21683	0.165	0.0295058
0.227156	0.165	0.0282166
0.237481	0.165	0.0268889
0.247806	0.165	0.0255244
0.258132	0.165	0.024125
0.268457	0.165	0.0226925
0.278782	0.165	0.0212285
0.289107	0.165	0.0197346
0.299433	0.165	0.0182124
0.309758	0.165	0.0166634
0.320083	0.165	0.0150892
0.330408	0.165	0.013491
0.340734	0.165	0.0118702
0.351059	0.165	0.0102283
0.361384	0.165	0.00856637
0.371709	0.165	0.00688578
0.382035	0.165	0.00518769
0.39236	0.165	0.00347328
0.402685	0.165	0.00174368
0.41301	0.165	0
0	0.18	0.0479013
0.0111503	0.18	0.0478612
0.0223006	0.18	0.0477407
0.0334509	0.18	0.0475402
0.0446011	0.18	0.0472602
0.0557514	0.18	0.0469016
0.0669017	0.18	0.0464655
0.078052	0.18	0.0459532
0.0892023	0.18	0.0453662
0.100353	0.18	0.0447062
0.111503	0.18	0.0439752
0.122653	0.18	0.0431751
0.133803	0.18	0.0423083
0.144954	0.18	0.0413769
0.156104	0.18	0.0403835
0.167254	0.18	0.0393304
0.178405	0.18	0.03822
0.189555	0.18	0.0370548
0.200705	0.18	0.0358372
0.211855	0.18	0.0345696
0.223006	0.18	0.0332543
0.234156	0.18	0.0318937
0.245306	0.18	0.0304899
0.256457	0.18	0.0290451
0.267607	0.18	0.0275613
0.278757	0.18	0.0260407
0.289907	0.18	0.0244852
0.301058	0.18	0.0228966
0.312208	0.18	0.0212768
0.323358	0.18	0.0196277
0.334509	0.18	0.0179508
0.345659	0.18	0.0162479
0.356809	0.18	0.0145205
0.367959	0.18	0.0127703
0.37911	0.18	0.0109987
0.39026	0.18	0.00920726
0.40141	0.18	0.00739732
0.412561	0.18	0.0055703
0.423711	0.18	0.00372754
0.434861	0.18	0.00187034
0.446011	0.18	0
0	0.195	0.0515967
0.0119753	0.195	0.0515529
0.0239506	0.195	0.0514211
0.0359259	0.195	0.0512019
0.0479012	0.195	0.0508959
0.0598765	0.195	0.0505042
0.0718518	0.195	0.050028
0.0838272	0.195	0.0494689
0.0958025	0.195	0.0488286
0.107778	0.195	0.0481091
0.119753	0.195	0.0473127
0.131728	0.195	0.0464416
0.143704	0.195	0.0454985
0.155679	0.195	0.0444858
0.167654	0.195	0.0434063
0.17963	0.195	0.0422627
0.191605	0.195	0.0410577
0.20358	0.195	0.0397941
0.215556	0.195	0.0384745
0.227531	0.195	0.0371016
0.239506	0.195	0.0356781
0.251481	0.195	0.0342064
0.263457	0.195	0.0326891
0.275432	0.195	0.0311285
0.287407	0.195	0.0295271
0.299383	0.195	0.027887
0.311358	0.195	0.0262105
0.323333	0.195	0.0244997
0.335309	0.195	0.0227568
0.347284	0.195	0.0209835
0.359259	0.195	0.0191821
0.371235	0.195	0.0173542
0.38321	0.195	0.0155017
0.395185	0.195	0.0136265
0.40716	0.195	0.0117301
0.419136	0.195	0.00981439
0.431111	0.195	0.00788086
0.443086	0.195	0.00593114
0.455062	0.195	0.00396675
0.467037	0.195	0.00198922
0.479012	0.195	0
0	0.21	0.0552054
0.0128003	0.21	0.0551577
0.0256007	0.21	0.0550147
0.038401	0.21	0.0547768
0.0512013	0.21	0.0544448
0.0640017	0.21	0.0540199
0.076802	0.21	0.0535036
0.0896023	0.21	0.0528976
0.102403	0.21	0.0522039
0.115203	0.21	0.0514249
0.128003	0.21	0.050563
0.140804	0.21	0.0496209
0.153604	0.21	0.0486014
0.166404	0.21	0.0475075
0.179205	0.21	0.0463421
0.192005	0.21	0.0451082
0.204805	0.21	0.0438089
0.217606	0.21	0.0424473
0.230406	0.21	0.0410262
0.243206	0.21	0.0395488
0.256007	0.21	0.0380178
0.268807	0.21	0.0364362
0.281607	0.21	0.0348066
0.294408	0.21	0.0331318
0.307208	0.21	0.0314143
0.320008	0.21	0.0296568
0.332809	0.21	0.0278616
0.345609	0.21	0.0260312
0.358409	0.21	0.0241679
0.37121	0.21	0.022274
0.38401	0.21	0.0203515
0.39681	0.21	0.0184027
0.409611	0.21	0.0164296
0.422411	0.21	0.0144342
0.435211	0.21	0.0124185
0.448012	0.21	0.0103843
0.460812	0.21	0.00833358
0.473612	0.21	0.00626803
0.486413	0.21	0.00418944
0.499213	0.21	0.00209954
0.512013	0.21	0
0	0.225	0.0587204
0.0136254	0.225	0.058669
0.0272507	0.225	0.0585147
0.0408761	0.225	0.058258
0.0545014	0.225	0.0578999
0.0681268	0.225	0.0574417
0.0817521	0.225	0.0568851
0.0953775	0.225	0.056232
0.109003	0.225	0.0554849
0.122628	0.225	0.0546462
0.136254	0.225	0.0537188
0.149879	0.225	0.0527056
0.163504	0.225	0.0516098
0.17713	0.225	0.0504347
0.190755	0.225	0.0491834
0.20438	0.225	0.0478595
0.218006	0.225	0.0464662
0.231631	0.225	0.0450069
0.245256	0.225	0.043485
0.258882	0.225	0.0419037
0.272507	0.225	0.0402662
0.286132	0.225	0.0385757
0.299758	0.225	0.0368352
0.313383	0.225	0.0350477
0.327009	0.225	0.0332161
0.340634	0.225	0.0313433
0.354259	0.225	0.0294319
0.367885	0.225	0.0274847
0.38151	0.225	0.0255043
0.395135	0.225	0.0234932
0.408761	0.225	0.0214537
0.422386	0.225	0.0193884
0.436011	0.225	0.0172996
0.449637	0.225	0.0151894
0.463262	0.225	0.0130601
0.476887	0.225	0.0109139
0.490513	0.225	0.00875279
0.504138	0.225	0.00657888
0.517763	0.225	0.00439415
0.531389	0.225	0.00220055
0.545014	0.225	0
0	0.24	0.0621355
0.0144504	0.24	0.0620804
0.0289008	0.24	0.0619147
0.0433511	0.24	0.0616391
0.0578015	0.24	0.0612548
0.0722519	0.24	0.0607631
0.0867023	0.24	0.0601661
0.101153	0.24	0.0594659
0.115603	0.24	0.0586651
0.130053	0.24	0.0577666
0.144504	0.24	0.0567735
0.158954	0.24	0.0556891
0.173405	0.24	0.0545169
0.187855	0.24	0.0532604
0.202305	0.24	0.0519234
0.216756	0.24	0.0505096
0.231206	0.24	0.0490225
0.245656	0.24	0.0474661
0.260107	0.24	0.0458438
0.274557	0.24	0.0441594
0.289008	0.24	0.0424163
0.303458	0.24	0.040618
0.317908	0.24	0.038768
0.332359	0.24	0.0368695
0.346809	0.24	0.0349258
0.361259	0.24	0.03294
0.37571	0.24	0.0309151
0.39016	0.24	0.0288541
0.404611	0.24	0.02676
0.419061	0.24	0.0246355
0.433511	0.24	0.0224834
0.447962	0.24	0.0203064
0.462412	0.24	0.018107
0.476862	0.24	0.0158878
0.491313	0.24	0.0136513
0.505763	0.24	0.0113998
0.520214	0.24	0.00913588
0.534664	0.24	0.00686168
0.549114	0.24	0.00457951
0.563565	0.24	0.00229156
0.578015	0.24	0
0	0.255	0.0654452
0.0152754	0.255	0.0653862
0.0305508	0.255	0.0652091
0.0458262	0.255	0.0649145
0.0611016	0.255	0.0645038
0.076377	0.255	0.0639785
0.0916524	0.255	0.0633408
0.106928	0.255	0.0625932
0.122203	0.255	0.0617385
0.137479	0.255	0.0607799
0.152754	0.255	0.0597209
0.168029	0.255	0.058565
0.183305	0.255	0.0573162
0.19858	0.255	0.0559784
0.213856	0.255	0.0545556
0.229131	0.255	0.0530519
0.244406	0.255	0.0514714
0.259682	0.255	0.049818
0.274957	0.255	0.048096
0.290233	0.255	0.0463091
0.305508	0.255	0.0444614
0.320783	0.255	0.0425566
0.336059	0.255	0.0405986
0.351334	0.255	0.0385908
0.36661	0.255	0.036537
0.381885	0.255	0.0344407
0.39716	0.255	0.0323051
0.412436	0.255	0.0301336
0.427711	0.255	0.0279294
0.442987	0.255	0.0256956
0.458262	0.255	0.0234354
0.473537	0.255	0.0211517
0.488813	0.255	0.0188475
0.504088	0.255	0.0165254
0.519364	0.255	0.0141884
0.534639	0.255	0.0118392
0.549914	0.255	0.00948034
0.56519	0.255	0.00711449
0.580465	0.255	0.00474416
0.595741	0.255	0.00237186
0.611016	0.255	0
0	0.27	0.0686441
0.0161004	0.27	0.0685813
0.0322009	0.27	0.0683926
0.0483013	0.27	0.068079
0.0644017	0.27	0.0676416
0.0805021	0.27	0.0670825
0.0966026	0.27	0.0664038
0.112703	0.27	0.0656085
0.128803	0.27	0.0646995
0.144904	0.27	0.0636805
0.161004	0.27	0.0625552
0.177105	0.27	0.0613276
0.193205	0.27	0.060002
0.209306	0.27	0.0585826
0.225406	0.27	0.0570739
0.241506	0.27	0.0554804
0.257607	0.27	0.0538064
0.273707	0.27	0.0520566
0.289808	0.27	0.0502352
0.305908	0.27	0.0483466
0.322009	0.27	0.0463952
0.338109	0.27	0.0443851
0.354209	0.27	0.0423205
0.37031	0.27	0.0402054
0.38641	0.27	0.0380437
0.402511	0.27	0.0358393
0.418611	0.27	0.033596
0.434712	0.27	0.0313173
0.450812	0.27	0.029007
0.466912	0.27	0.0266684
0.483013	0.27	0.0243049
0.499113	0.27	0.02192
0.515214	0.27	0.0195168
0.531314	0.27	0.0170985
0.547414	0.27	0.0146682
0.563515	0.27	0.012229
0.579615	0.27	0.00978373
0.595716	0.27	0.0073354
0.611816	0.27	0.00488683
0.627917	0.27	0.00244079
0.644017	0.27	0
0	0.285	0.0717276
0.0169254	0.285	0.0716609
0.0338509	0.285	0.0714606
0.0507763	0.285	0.0711276
0.0677018	0.285	0.0706635
0.0846272	0.285	0.0700701
0.101553	0.285	0.0693501
0.118478	0.285	0.0685066
0.135404	0.285	0.067543
0.152329	0.285	0.0664631
0.169254	0.285	0.0652711
0.18618	0.285	0.0639714
0.203105	0.285	0.0625686
0.220031	0.285	0.0610674
0.236956	0.285	0.0594726
0.253882	0.285	0.0577891
0.270807	0.285	0.0560218
0.287733	0.285	0.0541756
0.304658	0.285	0.0522553
0.321584	0.285	0.0502658
0.338509	0.285	0.0482116
0.355434	0.285	0.0460974
0.37236	0.285	0.0439278
0.389285	0.285	0.0417072
0.406211	0.285	0.0394399
0.423136	0.285	0.0371301
0.440062	0.285	0.0347822
0.456987	0.285	0.0323999
0.473913	0.285	0.0299875
0.490838	0.285	0.0275486
0.507763	0.285	0.0250871
0.524689	0.285	0.0226066
0.541614	0.285	0.0201108
0.55854	0.285	0.0176032
0.575465	0.285	0.0150873
0.592391	0.285	0.0125663
0.609316	0.285	0.0100437
0.626242	0.285	0.00752262
0.643167	0.285	0.00500626
0.660093	0.285	0.00249771
0.677018	0.285	0
0	0.3	0.0746914
0.0177505	0.3	0.0746208
0.0355009	0.3	0.0744087
0.0532514	0.3	0.0740562
0.0710019	0.3	0.0735649
0.0887524	0.3	0.0729369
0.106503	0.3	0.0721752
0.124253	0.3	0.071283
0.142004	0.3	0.0702642
0.159754	0.3	0.0691229
0.177505	0.3	0.0678637
0.195255	0.3	0.0664913
0.213006	0.3	0.0650108
0.230756	0.3	0.0634273
0.248507	0.3	0.0617461
0.266257	0.3	0.0599725
0.284008	0.3	0.0581118
0.301758	0.3	0.0561695
0.319509	0.3	0.0541507
0.337259	0.3	0.0520607
0.355009	0.3	0.0499046
0.37276	0.3	0.0476876
0.39051	0.3	0.0454145
0.408261	0.3	0.0430903
0.426011	0.3	0.0407197
0.443762	0.3	0.0383074
0.461512	0.3	0.0358581
0.479263	0.3	0.033376
0.497013	0.3	0.0308657
0.514764	0.3	0.0283313
0.532514	0.3	0.0257772
0.550265	0.3	0.0232072
0.568015	0.3	0.0206255
0.585766	0.3	0.018036
0.603516	0.3	0.0154424
0.621267	0.3	0.0128485
0.639017	0.3	0.010258
0.656768	0.3	0.00767439
0.674518	0.3	0.00510126
0.692268	0.3	0.00254201
0.710019	0.3	0
0	0.315	0.0775316
0.0185755	0.315	0.077457
0.037151	0.315	0.077233
0.0557265	0.315	0.0768606
0.074302	0.315	0.0763418
0.0928775	0.315	0.0756788
0.111453	0.315	0.0748747
0.130028	0.315	0.0739333
0.148604	0.315	0.0728586
0.167179	0.315	0.0716552
0.185755	0.315	0.070328
0.20433	0.315	0.0688823
0.222906	0.315	0.0673235
0.241481	0.315	0.0656572
0.260057	0.315	0.0638891
0.278632	0.315	0.0620251
0.297208	0.315	0.060071
0.315783	0.315	0.0580325
0.334359	0.315	0.0559155
0.352934	0.315	0.0537257
0.37151	0.315	0.0514686
0.390085	0.315	0.0491498
0.408661	0.315	0.0467749
0.427236	0.315	0.0443491
0.445812	0.315	0.0418776
0.464387	0.315	0.0393657
0.482963	0.315	0.0368183
0.501538	0.315	0.0342403
0.520114	0.315	0.0316366
0.538689	0.315	0.0290119
0.557265	0.315	0.0263707
0.57584	0.315	0.0237177
0.594416	0.315	0.0210571
0.612991	0.315	0.0183933
0.631567	0.315	0.0157305
0.650142	0.315	0.0130729
0.668718	0.315	0.0104244
0.687293	0.315	0.00778904
0.705869	0.315	0.00517068
0.724444	0.315	0.0025731
0.74302	0.315	0
0	0.33	0.0802446
0.0194005	0.33	0.0801659
0.038801	0.33	0.0799298
0.0582016	0.33	0.0795373
0.0776021	0.33	0.0789904
0.0970026	0.33	0.0782918
0.116403	0.33	0.0774449
0.135804	0.33	0.0764534
0.155204	0.33	0.0753221
0.174605	0.33	0.0740558
0.194005	0.33	0.0726598
0.213406	0.33	0.07114
0.232806	0.33	0.0695021
0.252207	0.33	0.0677523
0.271607	0.33	0.0658968
0.291008	0.33	0.0639419
0.310408	0.33	0.061894
0.329809	0.33	0.0597594
0.349209	0.33	0.0575444
0.36861	0.33	0.0552552
0.38801	0.33	0.0528979
0.407411	0.33	0.0504786
0.426811	0.33	0.0480034
0.446212	0.33	0.0454779
0.465612	0.33	0.0429081
0.485013	0.33	0.0402994
0.504414	0.33	0.0376575
0.523814	0.33	0.0349877
0.543215	0.33	0.0322953
0.562615	0.33	0.0295855
0.582016	0.33	0.0268634
0.601416	0.33	0.0241338
0.620817	0.33	0.0214017
0.640217	0.33	0.0186717
0.659618	0.33	0.0159486
0.679018	0.33	0.0132368
0.698419	0.33	0.0105408
0.717819	0.33	0.00786496
0.73722	0.33	0.00521344
0.75662	0.33	0.00259044
0.776021	0.33	0
0	0.345	0.0828271
0.0202255	0.345	0.0827443
0.0404511	0.345	0.0824958
0.0606766	0.345	0.0820828
0.0809022	0.345	0.0815074
0.101128	0.345	0.0807726
0.121353	0.345	0.0798819
0.141579	0.345	0.0788396
0.161804	0.345	0.0776507
0.18203	0.345	0.0763205
0.202255	0.345	0.0748548
0.222481	0.345	0.0732598
0.242707	0.345	0.0715419
0.262932	0.345	0.0697078
0.283158	0.345	0.0677641
0.303383	0.345	0.0657178
0.323609	0.345	0.0635758
0.343834	0.345	0.0613449
0.36406	0.345	0.0590319
0.384285	0.345	0.0566438
0.404511	0.345	0.0541871
0.424736	0.345	0.0516684
0.444962	0.345	0.0490944
0.465188	0.345	0.0464714
0.485413	0.345	0.0438057
0.505639	0.345	0.0411034
0.525864	0.345	0.0383706
0.54609	0.345	0.0356132
0.566315	0.345	0.0328371
0.586541	0.345	0.0300477
0.606766	0.345	0.0272508
0.626992	0.345	0.0244517
0.647217	0.345	0.0216557
0.667443	0.345	0.0188681
0.687669	0.345	0.0160938
0.707894	0.345	0.013338
0.72812	0.345	0.0106053
0.748345	0.345	0.00790063
0.768571	0.345	0.00522851
0.788796	0.345	0.0025935
0.809022	0.345	0
0	0.36	0.0852761
0.0210506	0.36	0.0851891
0.0421011	0.36	0.0849279
0.0631517	0.36	0.084494
0.0842023	0.36	0.0838895
0.105253	0.36	0.0831176
0.126303	0.36	0.0821824
0.147354	0.36	0.0810883
0.168405	0.36	0.0798407
0.189455	0.36	0.0784455
0.210506	0.36	0.0769089
0.231556	0.36	0.0752376
0.252607	0.36	0.0734386
0.273657	0.36	0.0715191
0.294708	0.36	0.0694864
0.315759	0.36	0.067348
0.336809	0.36	0.0651113
0.35786	0.36	0.0627838
0.37891	0.36	0.0603729
0.399961	0.36	0.0578861
0.421011	0.36	0.0553307
0.442062	0.36	0.0527139
0.463112	0.36	0.0500427
0.484163	0.36	0.0473242
0.505214	0.36	0.0445652
0.526264	0.36	0.0417725
0.547315	0.36	0.0389526
0.568365	0.36	0.0361121
0.589416	0.36	0.0332571
0.610466	0.36	0.030394
0.631517	0.36	0.0275288
0.652568	0.36	0.0246674
0.673618	0.36	0.0218156
0.694669	0.36	0.0189791
0.715719	0.36	0.0161634
0.73677	0.36	0.013374
0.75782	0.36	0.010616
0.778871	0.36	0.00789461
0.799922	0.36	0.00521492
0.820972	0.36	0.00258179
0.842023	0.36	0
0	0.375	0.0875889
0.0218756	0.375	0.0874976
0.0437512	0.375	0.0872235
0.0656268	0.375	0.0867681
0.0875024	0.375	0.0861338
0.109378	0.375	0.0853241
0.131254	0.375	0.0843432
0.153129	0.375	0.0831961
0.175005	0.375	0.0818886
0.19688	0.375	0.0804271
0.218756	0.375	0.0788182
0.240632	0.375	0.0770693
0.262507	0.375	0.075188
0.284383	0.375	0.0731819
0.306258	0.375	0.0710591
0.328134	0.375	0.0688276
0.350009	0.375	0.0664955
0.371885	0.375	0.064071
0.393761	0.375	0.0615622
0.415636	0.375	0.0589771
0.437512	0.375	0.0563236
0.459387	0.375	0.0536097
0.481263	0.375	0.050843
0.503139	0.375	0.0480311
0.525014	0.375	0.0451815
0.54689	0.375	0.0423016
0.568765	0.375	0.0393986
0.590641	0.375	0.0364794
0.612517	0.375	0.033551
0.634392	0.375	0.0306202
0.656268	0.375	0.0276935
0.678143	0.375	0.0247774
0.700019	0.375	0.0218781
0.721895	0.375	0.019002
0.74377	0.375	0.0161548
0.765646	0.375	0.0133426
0.787521	0.375	0.010571
0.809397	0.375	0.00784556
0.831272	0.375	0.00517176
0.853148	0.375	0.00255487
0.875024	0.375	0
0	0.39	0.0897631
0.0227006	0.39	0.0896674
0.0454012	0.39	0.0893799
0.0681018	0.39	0.0889024
0.0908025	0.39	0.0882376
0.113503	0.39	0.087389
0.136204	0.39	0.0863613
0.158904	0.39	0.0851599
0.181605	0.39	0.0837911
0.204306	0.39	0.0822617
0.227006	0.39	0.0805791
0.249707	0.39	0.0787511
0.272407	0.39	0.0767858
0.295108	0.39	0.0746918
0.317809	0.39	0.0724776
0.340509	0.39	0.070152
0.36321	0.39	0.0677238
0.38591	0.39	0.0652018
0.408611	0.39	0.0625948
0.431312	0.39	0.0599115
0.454012	0.39	0.0571606
0.476713	0.39	0.0543506
0.499414	0.39	0.0514899
0.522114	0.39	0.0485869
0.544815	0.39	0.0456495
0.567515	0.39	0.0426858
0.590216	0.39	0.0397037
0.612917	0.39	0.0367107
0.635617	0.39	0.0337144
0.658318	0.39	0.0307221
0.681018	0.39	0.027741
0.703719	0.39	0.024778
0.72642	0.39	0.02184
0.74912	0.39	0.0189337
0.771821	0.39	0.0160655
0.794522	0.39	0.0132418
0.817222	0.39	0.0104687
0.839923	0.39	0.00775221
0.862623	0.39	0.00509821
0.885324	0.39	0.00251231
0.908025	0.39	0
0	0.405	0.0917963
0.0235256	0.405	0.091696
0.0470513	0.405	0.0913949
0.0705769	0.405	0.0908947
0.0941026	0.405	0.0901983
0.117628	0.405	0.0893097
0.141154	0.405	0.0882339
0.164679	0.405	0.0869768
0.188205	0.405	0.0855451
0.211731	0.405	0.0839461
0.235256	0.405	0.082188
0.258782	0.405	0.0802791
0.282308	0.405	0.0782282
0.305833	0.405	0.0760447
0.329359	0.405	0.0737377
0.352885	0.405	0.0713167
0.37641	0.405	0.0687914
0.399936	0.405	0.0661712
0.423462	0.405	0.0634657
0.446987	0.405	0.0606844
0.470513	0.405	0.0578366
0.494038	0.405	0.0549316
0.517564	0.405	0.0519786
0.54109	0.405	0.0489865
0.564615	0.405	0.0459642
0.588141	0.405	0.0429203
0.611667	0.405	0.0398633
0.635192	0.405	0.0368015
0.658718	0.405	0.033743
0.682244	0.405	0.0306958
0.705769	0.405	0.0276675
0.729295	0.405	0.0246659
0.75282	0.405	0.0216982
0.776346	0.405	0.0187716
0.799872	0.405	0.0158931
0.823397	0.405	0.0130695
0.846923	0.405	0.0103075
0.870449	0.405	0.00761342
0.893974	0.405	0.00499349
0.9175	0.405	0.00245374
0.941026	0.405	0
0	0.42	0.0936866
0.0243507	0.42	0.0935816
0.0487013	0.42	0.0932663
0.073052	0.42	0.0927426
0.0974027	0.42	0.0920137
0.121753	0.42	0.0910838
0.146104	0.42	0.0899584
0.170455	0.42	0.0886439
0.194805	0.42	0.0871474
0.219156	0.42	0.085477
0.243507	0.42	0.0836413
0.267857	0.42	0.0816496
0.292208	0.42	0.0795113
0.316559	0.42	0.0772363
0.340909	0.42	0.0748349
0.36526	0.42	0.0723172
0.389611	0.42	0.0696935
0.413961	0.42	0.0669744
0.438312	0.42	0.06417
0.462663	0.42	0.0612906
0.487013	0.42	0.0583465
0.511364	0.42	0.0553477
0.535715	0.42	0.052304
0.560065	0.42	0.0492252
0.584416	0.42	0.0461209
0.608767	0.42	0.0430004
0.633117	0.42	0.0398729
0.657468	0.42	0.0367474
0.681819	0.42	0.0336327
0.706169	0.42	0.0305373
0.73052	0.42	0.0274696
0.754871	0.42	0.0244378
0.779221	0.42	0.0214497
0.803572	0.42	0.0185131
0.827923	0.42	0.0156355
0.852273	0.42	0.0128241
0.876624	0.42	0.0100861
0.900975	0.42	0.00742813
0.925325	0.42	0.00485693
0.949676	0.42	0.00237884
0.974027	0.42	0
0	0.435	0.095432
0.0251757	0.435	0.0953221
0.0503514	0.435	0.0949921
0.0755271	0.435	0.0944441
0.100703	0.435	0.0936815
0.125878	0.435	0.092709
0.151054	0.435	0.0915323
0.17623	0.435	0.0901584
0.201405	0.435	0.0885952
0.226581	0.435	0.0868512
0.251757	0.435	0.0849358
0.276933	0.435	0.082859
0.302108	0.435	0.0806311
0.327284	0.435	0.0782627
0.35246	0.435	0.075765
0.377635	0.435	0.0731489
0.402811	0.435	0.0704257
0.427987	0.435	0.0676067
0.453162	0.435	0.0647029
0.478338	0.435	0.0617255
0.503514	0.435	0.0586855
0.528689	0.435	0.0555938
0.553865	0.435	0.0524611
0.579041	0.435	0.049298
0.604216	0.435	0.0461147
0.629392	0.435	0.0429215
0.654568	0.435	0.0397281
0.679744	0.435	0.0365443
0.704919	0.435	0.0333796
0.730095	0.435	0.0302431
0.755271	0.435	0.0271439
0.780446	0.435	0.0240907
0.805622	0.435	0.021092
0.830798	0.435	0.018156
0.855973	0.435	0.0152907
0.881149	0.435	0.0125039
0.906325	0.435	0.00980304
0.9315	0.435	0.0071954
0.956676	0.435	0.00468791
0.981852	0.435	0.0022873
1.00703	0.435	0
0	0.45	0.0970309
0.0260007	0.45	0.0969159
0.0520014	0.45	0.0965707
0.0780021	0.45	0.0959975
0.104003	0.45	0.0951999
0.130004	0.45	0.0941831
0.156004	0.45	0.0929533
0.182005	0.45	0.091518
0.208006	0.45	0.0898856
0.234006	0.45	0.0880656
0.260007	0.45	0.0860681
0.286008	0.45	0.0839038
0.312009	0.45	0.0815838
0.338009	0.45	0.0791199
0.36401	0.45	0.0765238
0.390011	0.45	0.0738076
0.416011	0.45	0.0709834
0.442012	0.45	0.0680634
0.468013	0.45	0.0650595
0.494013	0.45	0.061984
0.520014	0.45	0.0588487
0.546015	0.45	0.0556652
0.572016	0.45	0.0524453
0.598016	0.45	0.0492003
0.624017	0.45	0.0459412
0.650018	0.45	0.0426791
0.676018	0.45	0.0394247
0.702019	0.45	0.0361882
0.72802	0.45	0.0329799
0.754021	0.45	0.0298097
0.780021	0.45	0.0266872
0.806022	0.45	0.0236217
0.832023	0.45	0.0206224
0.858023	0.45	0.0176979
0.884024	0.45	0.0148568
0.910025	0.45	0.0121073
0.936026	0.45	0.00945727
0.962026	0.45	0.00691438
0.988027	0.45	0.00448592
1.01403	0.45	0.0021789
1.04003	0.45	0
0	0.465	0.0984818
0.0268257	0.465	0.0983616
0.0536515	0.465	0.0980004
0.0804772	0.465	0.0974009
0.107303	0.465	0.096567
0.134129	0.465	0.0955041
0.160954	0.465	0.0942191
0.18778	0.465	0.09272
0.214606	0.465	0.0910161
0.241432	0.465	0.0891175
0.268257	0.465	0.0870351
0.295083	0.465	0.0847805
0.321909	0.465	0.0823659
0.348735	0.465	0.0798039
0.37556	0.465	0.0771072
0.402386	0.465	0.0742889
0.429212	0.465	0.0713621
0.456037	0.465	0.0683399
0.482863	0.465	0.0652353
0.509689	0.465	0.0620615
0.536515	0.465	0.0588312
0.56334	0.465	0.0555571
0.590166	0.465	0.0522518
0.616992	0.465	0.0489274
0.643818	0.465	0.0455959
0.670643	0.465	0.0422691
0.697469	0.465	0.0389585
0.724295	0.465	0.0356752
0.751121	0.465	0.0324301
0.777946	0.465	0.0292337
0.804772	0.465	0.0260965
0.831598	0.465	0.0230282
0.858423	0.465	0.0200385
0.885249	0.465	0.0171369
0.912075	0.465	0.0143321
0.938901	0.465	0.011633
0.965726	0.465	0.00904774
0.992552	0.465	0.00658437
1.01938	0.465	0.00425051
1.0462	0.465	0.00205342
1.07303	0.465	0
0	0.48	0.0997834
0.0276508	0.48	0.0996576
0.0553015	0.48	0.0992799
0.0829523	0.48	0.098653
0.110603	0.48	0.0977811
0.138254	0.48	0.0966702
0.165905	0.48	0.0953276
0.193555	0.48	0.0937622
0.221206	0.48	0.0919839
0.248857	0.48	0.0900037
0.276508	0.48	0.0878335
0.304158	0.48	0.0854857
0.331809	0.48	0.0829736
0.35946	0.48	0.0803108
0.387111	0.48	0.0775111
0.414761	0.48	0.0745885
0.442412	0.48	0.0715573
0.470063	0.48	0.0684316
0.497714	0.48	0.0652256
0.525364	0.48	0.0619533
0.553015	0.48	0.0586285
0.580666	0.48	0.0552649
0.608317	0.48	0.0518759
0.635967	0.48	0.0484748
0.663618	0.48	0.0450744
0.691269	0.48	0.0416872
0.71892	0.48	0.0383256
0.74657	0.48	0.0350016
0.774221	0.48	0.0317266
0.801872	0.48	0.0285121
0.829523	0.48	0.0253689
0.857173	0.48	0.0223076
0.884824	0.48	0.0193384
0.912475	0.48	0.0164711
0.940126	0.48	0.0137152
0.967777	0.48	0.0110798
0.995427	0.48	0.00857357
1.02308	0.48	0.00620477
1.05073	0.48	0.00398134
1.07838	0.48	0.00191074
1.10603	0.48	0
0	0.495	0.100934
0.0284758	0.495	0.100803
0.0569516	0.495	0.100408
0.0854273	0.495	0.0997522
0.113903	0.495	0.0988406
0.142379	0.495	0.0976795
0.170855	0.495	0.0962769
0.19933	0.495	0.0946423
0.227806	0.495	0.0927866
0.256282	0.495	0.0907216
0.284758	0.495	0.0884603
0.313234	0.495	0.0860161
0.341709	0.495	0.0834033
0.370185	0.495	0.0806367
0.398661	0.495	0.0777312
0.427137	0.495	0.0747021
0.455612	0.495	0.0715646
0.484088	0.495	0.068334
0.512564	0.495	0.0650257
0.54104	0.495	0.0616546
0.569516	0.495	0.0582358
0.597991	0.495	0.0547839
0.626467	0.495	0.0513134
0.654943	0.495	0.0478383
0.683419	0.495	0.0443725
0.711895	0.495	0.0409295
0.74037	0.495	0.0375224
0.768846	0.495	0.0341639
0.797322	0.495	0.0308664
0.825798	0.495	0.0276418
0.854273	0.495	0.0245019
0.882749	0.495	0.0214576
0.911225	0.495	0.0185199
0.939701	0.495	0.015699
0.968177	0.495	0.0130048
0.996652	0.495	0.0104468
1.02513	0.495	0.00803405
1.0536	0.495	0.00577514
1.08208	0.495	0.00367818
1.11056	0.495	0.00175079
1.13903	0.495	0
0	0.51	0.101934
0.0293008	0.51	0.101796
0.0586016	0.51	0.101383
0.0879024	0.51	0.100697
0.117203	0.51	0.099744
0.146504	0.51	0.0985303
0.175805	0.51	0.0970649
0.205106	0.51	0.0953581
0.234406	0.51	0.0934217
0.263707	0.51	0.0912684
0.293008	0.51	0.0889123
0.322309	0.51	0.0863682
0.35161	0.51	0.0836514
0.38091	0.51	0.0807778
0.410211	0.51	0.0777637
0.439512	0.51	0.0746254
0.468813	0.51	0.0713796
0.498114	0.51	0.0680426
0.527414	0.51	0.064631
0.556715	0.51	0.061161
0.586016	0.51	0.0576487
0.615317	0.51	0.0541097
0.644618	0.51	0.0505596
0.673919	0.51	0.0470135
0.703219	0.51	0.0434862
0.73252	0.51	0.0399921
0.761821	0.51	0.0365451
0.791122	0.51	0.0331588
0.820423	0.51	0.0298463
0.849723	0.51	0.0266203
0.879024	0.51	0.023493
0.908325	0.51	0.0204763
0.937626	0.51	0.0175813
0.966927	0.51	0.014819
0.996227	0.51	0.0121996
1.02553	0.51	0.00973308
1.05483	0.51	0.00742865
1.08413	0.51	0.00529517
1.11343	0.51	0.00334093
1.14273	0.51	0.00157359
1.17203	0.51	0
0	0.525	0.102781
0.0301258	0.525	0.102637
0.0602517	0.525	0.102205
0.0903775	0.525	0.101487
0.120503	0.525	0.10049
0.150629	0.525	0.0992213
0.180755	0.525	0.09769
0.210881	0.525	0.0959075
0.241007	0.525	0.0938866
0.271132	0.525	0.0916413
0.301258	0.525	0.0891867
0.331384	0.525	0.0865387
0.36151	0.525	0.0837142
0.391636	0.525	0.0807302
0.421762	0.525	0.0776043
0.451887	0.525	0.0743543
0.482013	0.525	0.0709979
0.512139	0.525	0.067553
0.542265	0.525	0.0640372
0.572391	0.525	0.060468
0.602517	0.525	0.0568626
0.632642	0.525	0.0532379
0.662768	0.525	0.0496105
0.692894	0.525	0.0459965
0.72302	0.525	0.0424117
0.753146	0.525	0.0388714
0.783272	0.525	0.0353904
0.813397	0.525	0.0319831
0.843523	0.525	0.0286635
0.873649	0.525	0.0254449
0.903775	0.525	0.0223402
0.933901	0.525	0.0193616
0.964027	0.525	0.0165212
0.994152	0.525	0.0138301
1.02428	0.525	0.011299
1.0544	0.525	0.00893808
1.08453	0.525	0.006757
1.11466	0.525	0.00476474
1.14478	0.525	0.00296966
1.17491	0.525	0.00137929
1.20503	0.525	0
0	0.54	0.103475
0.0309509	0.54	0.103325
0.0619017	0.54	0.102872
0.0928526	0.54	0.102121
0.123803	0.54	0.101078
0.154754	0.54	0.0997508
0.185705	0.54	0.0981503
0.216656	0.54	0.0962885
0.247607	0.54	0.0941792
0.278558	0.54	0.0918376
0.309509	0.54	0.0892802
0.340459	0.54	0.0865244
0.37141	0.54	0.0835881
0.402361	0.54	0.0804901
0.433312	0.54	0.0772491
0.464263	0.54	0.0738845
0.495214	0.54	0.0704153
0.526164	0.54	0.0668607
0.557115	0.54	0.0632397
0.588066	0.54	0.0595711
0.619017	0.54	0.0558733
0.649968	0.54	0.0521643
0.680919	0.54	0.0484619
0.71187	0.54	0.0447832
0.74282	0.54	0.0411451
0.773771	0.54	0.0375638
0.804722	0.54	0.034055
0.835673	0.54	0.0306341
0.866624	0.54	0.0273155
0.897575	0.54	0.0241134
0.928526	0.54	0.0210413
0.959476	0.54	0.0181121
0.990427	0.54	0.0153382
1.02138	0.54	0.0127311
1.05233	0.54	0.010302
1.08328	0.54	0.0080614
1.11423	0.54	0.006019
1.14518	0.54	0.00418399
1.17613	0.54	0.00256469
1.20708	0.54	0.00116827
1.23803	0.54	0
0	0.555	0.104016
0.0317759	0.555	0.103858
0.0635518	0.555	0.103384
0.0953276	0.555	0.102598
0.127104	0.555	0.101506
0.158879	0.555	0.100118
0.190655	0.555	0.0984442
0.222431	0.555	0.0964989
0.254207	0.555	0.0942969
0.285983	0.555	0.0918547
0.317759	0.555	0.0891901
0.349535	0.555	0.0863219
0.381311	0.555	0.0832697
0.413086	0.555	0.0800536
0.444862	0.555	0.0766941
0.476638	0.555	0.0732118
0.508414	0.555	0.0696274
0.54019	0.555	0.0659614
0.571966	0.555	0.0622343
0.603742	0.555	0.058466
0.635518	0.555	0.0546764
0.667293	0.555	0.0508847
0.699069	0.555	0.0471097
0.730845	0.555	0.0433699
0.762621	0.555	0.0396829
0.794397	0.555	0.0360661
0.826173	0.555	0.032536
0.857949	0.555	0.0291088
0.889725	0.555	0.0257998
0.9215	0.555	0.0226237
0.953276	0.555	0.0195947
0.985052	0.555	0.0167263
1.01683	0.555	0.0140312
1.0486	0.555	0.0115214
1.08038	0.555	0.00920844
1.11216	0.555	0.00710291
1.14393	0.555	0.00521483
1.17571	0.555	0.00355341
1.20748	0.555	0.00212677
1.23926	0.555	0.000941304
1.27104	0.555	0
0	0.57	0.104402
0.0326009	0.57	0.104237
0.0652018	0.57	0.10374
0.0978027	0.57	0.102916
0.130404	0.57	0.101773
0.163004	0.57	0.10032
0.195605	0.57	0.0985699
0.228206	0.57	0.0965369
0.260807	0.57	0.0942375
0.293408	0.57	0.0916898
0.326009	0.57	0.0889131
0.35861	0.57	0.0859278
0.391211	0.57	0.0827552
0.423812	0.57	0.079417
0.456413	0.57	0.0759352
0.489013	0.57	0.0723321
0.521614	0.57	0.06863
0.554215	0.57	0.0648508
0.586816	0.57	0.0610165
0.619417	0.57	0.0571485
0.652018	0.57	0.0532678
0.684619	0.57	0.049395
0.71722	0.57	0.0455502
0.749821	0.57	0.0417529
0.782422	0.57	0.0380218
0.815022	0.57	0.0343752
0.847623	0.57	0.0308306
0.880224	0.57	0.0274049
0.912825	0.57	0.0241142
0.945426	0.57	0.020974
0.978027	0.57	0.017999
1.01063	0.57	0.0152031
1.04323	0.57	0.0125995
1.07583	0.57	0.0102005
1.10843	0.57	0.00801803
1.14103	0.57	0.00606283
1.17363	0.57	0.00434512
1.20623	0.57	0.00287407
1.23883	0.57	0.00165739
1.27144	0.57	0.000699851
1.30404	0.57	0
0	0.585	0.104634
0.0334259	0.585	0.10446
0.0668518	0.585	0.10394
0.100278	0.585	0.103076
0.133704	0.585	0.101879
0.16713	0.585	0.100357
0.200556	0.585	0.0985261
0.233981	0.585	0.0964005
0.267407	0.585	0.0939987
0.300833	0.585	0.0913403
0.334259	0.585	0.0884463
0.367685	0.585	0.085339
0.401111	0.585	0.0820411
0.434537	0.585	0.0785764
0.467963	0.585	0.0749684
0.501389	0.585	0.0712413
0.534815	0.585	0.0674188
0.568241	0.585	0.0635247
0.601667	0.585	0.0595822
0.635093	0.585	0.0556143
0.668518	0.585	0.0516434
0.701944	0.585	0.0476915
0.73537	0.585	0.0437797
0.768796	0.585	0.0399287
0.802222	0.585	0.0361584
0.835648	0.585	0.032488
0.869074	0.585	0.028936
0.9025	0.585	0.02552
0.935926	0.585	0.0222569
0.969352	0.585	0.0191627
1.00278	0.585	0.0162528
1.0362	0.585	0.0135415
1.06963	0.585	0.0110424
1.10306	0.585	0.00876828
1.13648	0.585	0.00673104
1.16991	0.585	0.00494189
1.20333	0.585	0.00341118
1.23676	0.585	0.00214804
1.27019	0.585	0.00115931
1.30361	0.585	0.000446656
1.33704	0.585	0
0	0.6	0.104711
0.0342509	0.6	0.104529
0.0685019	0.6	0.103983
0.102753	0.6	0.103077
0.137004	0.6	0.101822
0.171255	0.6	0.100228
0.205506	0.6	0.098311
0.239757	0.6	0.0960878
0.274008	0.6	0.0935782
0.308259	0.6	0.0908036
0.342509	0.6	0.0877868
0.37676	0.6	0.0845519
0.411011	0.6	0.0811239
0.445262	0.6	0.0775279
0.479513	0.6	0.0737898
0.513764	0.6	0.0699352
0.548015	0.6	0.0659897
0.582266	0.6	0.0619787
0.616517	0.6	0.0579271
0.650768	0.6	0.0538594
0.685019	0.6	0.0497993
0.71927	0.6	0.0457702
0.753521	0.6	0.0417945
0.787772	0.6	0.0378941
0.822023	0.6	0.0340898
0.856274	0.6	0.030402
0.890525	0.6	0.0268499
0.924776	0.6	0.0234521
0.959027	0.6	0.020226
0.993277	0.6	0.0171885
1.02753	0.6	0.0143552
1.06178	0.6	0.011741
1.09603	0.6	0.00935989
1.13028	0.6	0.00722485
1.16453	0.6	0.00534821
1.19878	0.6	0.00374154
1.23303	0.6	0.00241549
1.26729	0.6	0.00137911
1.30154	0.6	0.000637614
1.33579	0.6	0.000186787
1.37004	0.6	0
