0	0	0
0.00125	0	0
0.0025	0	0
0.00375	0	0
0.005	0	0
0.00625	0	0
0.0075	0	0
0.00875	0	0
0.01	0	0
0.01125	0	0
0.0125	0	0
0.01375	0	0
0.015	0	0
0.01625	0	0
0.0175	0	0
0.01875	0	0
0.02	0	0
0.02125	0	0
0.0225	0	0
0.02375	0	0
0.025	0	0
0.02625	0	0
0.0275	0	0
0.02875	0	0
0.03	0	0
0.03125	0	0
0.0325	0	0
0.03375	0	0
0.035	0	0
0.03625	0	0
0.0375	0	0
0.03875	0	0
0.04	0	0
0.04125	0	0
0.0425	0	0
0.04375	0	0
0.045	0	0
0.04625	0	0
0.0475	0	0
0.04875	0	0
0.05	0	0
0	0.0225	0.00463674
0.00196055	0.0225	0.0046348
0.0039211	0.0225	0.00462894
0.00588165	0.0225	0.00461916
0.0078422	0.0225	0.0046054
0.00980276	0.0225	0.00458761
0.0117633	0.0225	0.00456573
0.0137239	0.0225	0.00453967
0.0156844	0.0225	0.00450933
0.017645	0.0225	0.0044746
0.0196055	0.0225	0.00443534
0.0215661	0.0225	0.0043914
0.0235266	0.0225	0.00434264
0.0254872	0.0225	0.00428886
0.0274477	0.0225	0.00422989
0.0294083	0.0225	0.00416551
0.0313688	0.0225	0.00409551
0.0333294	0.0225	0.00401965
0.0352899	0.0225	0.0039377
0.0372505	0.0225	0.00384939
0.039211	0.0225	0.00375447
0.0411716	0.0225	0.00365265
0.0431321	0.0225	0.00354365
0.0450927	0.0225	0.00342717
0.0470532	0.0225	0.00330292
0.0490138	0.0225	0.00317058
0.0509743	0.0225	0.00302985
0.0529349	0.0225	0.00288041
0.0548954	0.0225	0.00272193
0.056856	0.0225	0.0025541
0.0588165	0.0225	0.0023766
0.0607771	0.0225	0.0021891
0.0627376	0.0225	0.00199129
0.0646982	0.0225	0.00178284
0.0666587	0.0225	0.00156344
0.0686193	0.0225	0.00133278
0.0705798	0.0225	0.00109055
0.0725404	0.0225	0.000836451
0.0745009	0.0225	0.000570185
0.0764615	0.0225	0.000291462
0.078422	0.0225	0
0	0.045	0.00928221
0.0026711	0.045	0.00927731
0.0053422	0.045	0.00926257
0.00801331	0.045	0.00923795
0.0106844	0.045	0.00920341
0.0133555	0.045	0.00915884
0.0160266	0.045	0.00910415
0.0186977	0.045	0.00903921
0.0213688	0.045	0.00896386
0.0240399	0.045	0.00887796
0.026711	0.045	0.00878131
0.0293821	0.045	0.00867371
0.0320532	0.045	0.00855495
0.0347243	0.045	0.00842482
0.0373954	0.045	0.00828309
0.0400665	0.045	0.00812952
0.0427376	0.045	0.00796387
0.0454087	0.045	0.00778591
0.0480798	0.045	0.00759541
0.0507509	0.045	0.00739215
0.053422	0.045	0.00717591
0.0560931	0.045	0.00694649
0.0587642	0.045	0.0067037
0.0614353	0.045	0.00644739
0.0641065	0.045	0.00617741
0.0667776	0.045	0.00589364
0.0694487	0.045	0.00559599
0.0721198	0.045	0.00528439
0.0747909	0.045	0.00495883
0.077462	0.045	0.00461929
0.0801331	0.045	0.00426582
0.0828042	0.045	0.0038985
0.0854753	0.045	0.00351743
0.0881464	0.045	0.00312277
0.0908175	0.045	0.00271469
0.0934886	0.045	0.00229344
0.0961597	0.045	0.00185926
0.0988308	0.045	0.00141247
0.101502	0.045	0.000953399
0.104173	0.045	0.000482438
0.106844	0.045	0
0	0.0675	0.0141197
0.00338165	0.0675	0.0141114
0.00676331	0.0675	0.0140864
0.010145	0.0675	0.0140448
0.0135266	0.0675	0.0139865
0.0169083	0.0675	0.0139114
0.0202899	0.0675	0.0138194
0.0236716	0.0675	0.0137103
0.0270532	0.0675	0.0135841
0.0304349	0.0675	0.0134406
0.0338165	0.0675	0.0132796
0.0371982	0.0675	0.013101
0.0405798	0.0675	0.0129047
0.0439615	0.0675	0.0126904
0.0473431	0.0675	0.0124579
0.0507248	0.0675	0.0122073
0.0541065	0.0675	0.0119382
0.0574881	0.0675	0.0116506
0.0608698	0.0675	0.0113444
0.0642514	0.0675	0.0110195
0.0676331	0.0675	0.0106758
0.0710147	0.0675	0.0103133
0.0743964	0.0675	0.00993195
0.077778	0.0675	0.00953185
0.0811597	0.0675	0.00911301
0.0845413	0.0675	0.00867552
0.087923	0.0675	0.00821947
0.0913046	0.0675	0.00774502
0.0946863	0.0675	0.00725231
0.0980679	0.0675	0.00674155
0.10145	0.0675	0.00621293
0.104831	0.0675	0.00566669
0.108213	0.0675	0.00510307
0.111595	0.0675	0.00452233
0.114976	0.0675	0.00392474
0.118358	0.0675	0.00331056
0.12174	0.0675	0.00268006
0.125121	0.0675	0.00203351
0.128503	0.0675	0.00137115
0.131884	0.0675	0.000693245
0.135266	0.0675	0
0	0.09	0.0191876
0.0040922	0.09	0.0191757
0.00818441	0.09	0.0191399
0.0122766	0.09	0.0190802
0.0163688	0.09	0.0189966
0.020461	0.09	0.018889
0.0245532	0.09	0.0187574
0.0286454	0.09	0.0186016
0.0327376	0.09	0.0184215
0.0368298	0.09	0.0182172
0.040922	0.09	0.0179885
0.0450142	0.09	0.0177352
0.0491065	0.09	0.0174574
0.0531987	0.09	0.017155
0.0572909	0.09	0.0168279
0.0613831	0.09	0.016476
0.0654753	0.09	0.0160995
0.0695675	0.09	0.0156981
0.0736597	0.09	0.0152721
0.0777519	0.09	0.0148214
0.0818441	0.09	0.0143462
0.0859363	0.09	0.0138465
0.0900285	0.09	0.0133225
0.0941207	0.09	0.0127743
0.0982129	0.09	0.0122022
0.102305	0.09	0.0116063
0.106397	0.09	0.0109869
0.11049	0.09	0.0103443
0.114582	0.09	0.00967859
0.118674	0.09	0.00899018
0.122766	0.09	0.00827931
0.126858	0.09	0.00754629
0.130951	0.09	0.0067914
0.135043	0.09	0.00601495
0.139135	0.09	0.00521722
0.143227	0.09	0.00439851
0.147319	0.09	0.00355911
0.151412	0.09	0.00269928
0.155504	0.09	0.00181931
0.159596	0.09	0.000919465
0.163688	0.09	0
0	0.1125	0.0244713
0.00480276	0.1125	0.0244557
0.00960551	0.1125	0.0244086
0.0144083	0.1125	0.0243301
0.019211	0.1125	0.0242202
0.0240138	0.1125	0.0240789
0.0288165	0.1125	0.0239061
0.0336193	0.1125	0.0237018
0.038422	0.1125	0.0234659
0.0432248	0.1125	0.0231985
0.0480276	0.1125	0.0228995
0.0528303	0.1125	0.022569
0.0576331	0.1125	0.022207
0.0624358	0.1125	0.0218134
0.0672386	0.1125	0.0213884
0.0720413	0.1125	0.0209321
0.0768441	0.1125	0.0204445
0.0816468	0.1125	0.0199257
0.0864496	0.1125	0.019376
0.0912524	0.1125	0.0187954
0.0960551	0.1125	0.0181843
0.100858	0.1125	0.0175428
0.105661	0.1125	0.0168711
0.110463	0.1125	0.0161697
0.115266	0.1125	0.0154387
0.120069	0.1125	0.0146784
0.124872	0.1125	0.0138893
0.129674	0.1125	0.0130716
0.134477	0.1125	0.0122256
0.13928	0.1125	0.0113518
0.144083	0.1125	0.0104504
0.148885	0.1125	0.00952189
0.153688	0.1125	0.00856654
0.158491	0.1125	0.00758471
0.163294	0.1125	0.00657678
0.168096	0.1125	0.00554308
0.172899	0.1125	0.00448396
0.177702	0.1125	0.00339975
0.182505	0.1125	0.00229081
0.187307	0.1125	0.00115745
0.19211	0.1125	0
0	0.135	0.0299385
0.00551331	0.135	0.029919
0.0110266	0.135	0.0298603
0.0165399	0.135	0.0297625
0.0220532	0.135	0.0296255
0.0275665	0.135	0.0294494
0.0330798	0.135	0.0292342
0.0385931	0.135	0.0289799
0.0441065	0.135	0.0286865
0.0496198	0.135	0.0283542
0.0551331	0.135	0.027983
0.0606464	0.135	0.0275729
0.0661597	0.135	0.0271242
0.071673	0.135	0.0266369
0.0771863	0.135	0.0261111
0.0826996	0.135	0.0255472
0.0882129	0.135	0.0249452
0.0937262	0.135	0.0243055
0.0992395	0.135	0.0236283
0.104753	0.135	0.0229139
0.110266	0.135	0.0221626
0.115779	0.135	0.0213748
0.121293	0.135	0.0205507
0.126806	0.135	0.0196909
0.132319	0.135	0.0187956
0.137833	0.135	0.0178654
0.143346	0.135	0.0169005
0.148859	0.135	0.0159015
0.154373	0.135	0.0148687
0.159886	0.135	0.0138026
0.165399	0.135	0.0127036
0.170912	0.135	0.0115721
0.176426	0.135	0.0104087
0.181939	0.135	0.00921367
0.187452	0.135	0.0079875
0.192966	0.135	0.0067306
0.198479	0.135	0.00544342
0.203992	0.135	0.00412635
0.209506	0.135	0.00277982
0.215019	0.135	0.00140423
0.220532	0.135	0
0	0.1575	0.0355522
0.00622386	0.1575	0.0355287
0.0124477	0.1575	0.0354581
0.0186716	0.1575	0.0353404
0.0248954	0.1575	0.0351757
0.0311193	0.1575	0.0349639
0.0373431	0.1575	0.0347053
0.043567	0.1575	0.0343998
0.0497909	0.1575	0.0340476
0.0560147	0.1575	0.0336487
0.0622386	0.1575	0.0332035
0.0684624	0.1575	0.0327119
0.0746863	0.1575	0.0321743
0.0809101	0.1575	0.0315909
0.087134	0.1575	0.0309619
0.0933579	0.1575	0.0302876
0.0995817	0.1575	0.0295684
0.105806	0.1575	0.0288046
0.112029	0.1575	0.0279966
0.118253	0.1575	0.0271448
0.124477	0.1575	0.0262496
0.130701	0.1575	0.0253115
0.136925	0.1575	0.0243309
0.143149	0.1575	0.0233083
0.149373	0.1575	0.0222443
0.155596	0.1575	0.0211392
0.16182	0.1575	0.0199937
0.168044	0.1575	0.0188082
0.174268	0.1575	0.0175832
0.180492	0.1575	0.0163194
0.186716	0.1575	0.0150172
0.19294	0.1575	0.0136772
0.199163	0.1575	0.0122998
0.205387	0.1575	0.0108856
0.211611	0.1575	0.00943523
0.217835	0.1575	0.00794908
0.224059	0.1575	0.00642769
0.230283	0.1575	0.00487159
0.236507	0.1575	0.00328127
0.24273	0.1575	0.00165725
0.248954	0.1575	0
0	0.18	0.0412758
0.00693441	0.18	0.0412482
0.0138688	0.18	0.0411655
0.0208032	0.18	0.0410275
0.0277376	0.18	0.0408345
0.034672	0.18	0.0405864
0.0416065	0.18	0.0402835
0.0485409	0.18	0.0399257
0.0554753	0.18	0.0395134
0.0624097	0.18	0.0390467
0.0693441	0.18	0.0385259
0.0762785	0.18	0.0379512
0.0832129	0.18	0.0373229
0.0901473	0.18	0.0366413
0.0970817	0.18	0.0359069
0.104016	0.18	0.0351201
0.110951	0.18	0.0342812
0.117885	0.18	0.0333907
0.124819	0.18	0.0324492
0.131754	0.18	0.0314571
0.138688	0.18	0.0304149
0.145623	0.18	0.0293233
0.152557	0.18	0.0281828
0.159491	0.18	0.026994
0.166426	0.18	0.0257575
0.17336	0.18	0.024474
0.180295	0.18	0.0231439
0.187229	0.18	0.0217681
0.194163	0.18	0.020347
0.201098	0.18	0.0188815
0.208032	0.18	0.0173719
0.214967	0.18	0.0158191
0.221901	0.18	0.0142237
0.228835	0.18	0.0125863
0.23577	0.18	0.0109074
0.242704	0.18	0.00918782
0.249639	0.18	0.00742809
0.256573	0.18	0.00562884
0.263508	0.18	0.00379067
0.270442	0.18	0.00191419
0.277376	0.18	0
0	0.2025	0.047075
0.00764496	0.2025	0.0470433
0.0152899	0.2025	0.0469482
0.0229349	0.2025	0.0467897
0.0305798	0.2025	0.0465679
0.0382248	0.2025	0.0462829
0.0458698	0.2025	0.0459349
0.0535147	0.2025	0.045524
0.0611597	0.2025	0.0450506
0.0688046	0.2025	0.044515
0.0764496	0.2025	0.0439173
0.0840946	0.2025	0.0432581
0.0917395	0.2025	0.0425376
0.0993845	0.2025	0.0417564
0.107029	0.2025	0.0409148
0.114674	0.2025	0.0400135
0.122319	0.2025	0.039053
0.129964	0.2025	0.0380338
0.137609	0.2025	0.0369565
0.145254	0.2025	0.0358218
0.152899	0.2025	0.0346304
0.160544	0.2025	0.0333828
0.168189	0.2025	0.0320799
0.175834	0.2025	0.0307223
0.183479	0.2025	0.0293108
0.191124	0.2025	0.027846
0.198769	0.2025	0.0263288
0.206414	0.2025	0.0247599
0.214059	0.2025	0.02314
0.221704	0.2025	0.0214699
0.229349	0.2025	0.0197503
0.236994	0.2025	0.0179821
0.244639	0.2025	0.0161659
0.252284	0.2025	0.0143025
0.259929	0.2025	0.0123927
0.267574	0.2025	0.0104372
0.275219	0.2025	0.00843679
0.282864	0.2025	0.00639212
0.290508	0.2025	0.00430396
0.298153	0.2025	0.00217301
0.305798	0.2025	0
0	0.225	0.0529181
0.00835551	0.225	0.0528823
0.016711	0.225	0.0527746
0.0250665	0.225	0.0525953
0.033422	0.225	0.0523443
0.0417776	0.225	0.0520219
0.0501331	0.225	0.0516283
0.0584886	0.225	0.0511637
0.0668441	0.225	0.0506284
0.0751996	0.225	0.0500229
0.0835551	0.225	0.0493475
0.0919106	0.225	0.0486026
0.100266	0.225	0.0477888
0.108622	0.225	0.0469066
0.116977	0.225	0.0459566
0.125333	0.225	0.0449395
0.133688	0.225	0.0438558
0.142044	0.225	0.0427063
0.150399	0.225	0.0414917
0.158755	0.225	0.0402128
0.16711	0.225	0.0388704
0.175466	0.225	0.0374652
0.183821	0.225	0.0359981
0.192177	0.225	0.03447
0.200532	0.225	0.0328816
0.208888	0.225	0.031234
0.217243	0.225	0.0295278
0.225599	0.225	0.0277641
0.233954	0.225	0.0259437
0.24231	0.225	0.0240676
0.250665	0.225	0.0221365
0.259021	0.225	0.0201514
0.267376	0.225	0.0181132
0.275732	0.225	0.0160227
0.284087	0.225	0.0138809
0.292443	0.225	0.0116886
0.300798	0.225	0.00944665
0.309154	0.225	0.00715598
0.317509	0.225	0.00481742
0.325865	0.225	0.00243181
0.33422	0.225	0
0	0.2475	0.0587762
0.00906606	0.2475	0.0587361
0.0181321	0.2475	0.0586159
0.0271982	0.2475	0.0584154
0.0362642	0.2475	0.058135
0.0453303	0.2475	0.0577749
0.0543964	0.2475	0.0573351
0.0634624	0.2475	0.0568162
0.0725285	0.2475	0.0562185
0.0815946	0.2475	0.0555425
0.0906606	0.2475	0.0547885
0.0997267	0.2475	0.0539573
0.108793	0.2475	0.0530493
0.117859	0.2475	0.0520652
0.126925	0.2475	0.0510058
0.135991	0.2475	0.0498718
0.145057	0.2475	0.048664
0.154123	0.2475	0.0473832
0.163189	0.2475	0.0460302
0.172255	0.2475	0.044606
0.181321	0.2475	0.0431115
0.190387	0.2475	0.0415476
0.199453	0.2475	0.0399153
0.208519	0.2475	0.0382156
0.217585	0.2475	0.0364496
0.226652	0.2475	0.0346181
0.235718	0.2475	0.0327222
0.244784	0.2475	0.030763
0.25385	0.2475	0.0287415
0.262916	0.2475	0.0266588
0.271982	0.2475	0.0245158
0.281048	0.2475	0.0223136
0.290114	0.2475	0.0200533
0.29918	0.2475	0.0177358
0.308246	0.2475	0.0153623
0.317312	0.2475	0.0129337
0.326378	0.2475	0.010451
0.335444	0.2475	0.00791535
0.34451	0.2475	0.00532762
0.353576	0.2475	0.00268884
0.362642	0.2475	0
0	0.27	0.0646227
0.00977661	0.27	0.0645784
0.0195532	0.27	0.0644454
0.0293298	0.27	0.0642238
0.0391065	0.27	0.0639137
0.0488831	0.27	0.0635155
0.0586597	0.27	0.0630294
0.0684363	0.27	0.0624558
0.0782129	0.27	0.0617952
0.0879895	0.27	0.0610481
0.0977661	0.27	0.0602151
0.107543	0.27	0.0592969
0.117319	0.27	0.0582941
0.127096	0.27	0.0572076
0.136873	0.27	0.0560382
0.146649	0.27	0.0547867
0.156426	0.27	0.053454
0.166202	0.27	0.0520413
0.175979	0.27	0.0505493
0.185756	0.27	0.0489792
0.195532	0.27	0.0473321
0.205309	0.27	0.0456091
0.215085	0.27	0.0438112
0.224862	0.27	0.0419397
0.234639	0.27	0.0399956
0.244415	0.27	0.0379802
0.254192	0.27	0.0358946
0.263969	0.27	0.0337401
0.273745	0.27	0.0315178
0.283522	0.27	0.0292289
0.293298	0.27	0.0268747
0.303075	0.27	0.0244563
0.312852	0.27	0.0219749
0.322628	0.27	0.0194318
0.332405	0.27	0.0168281
0.342181	0.27	0.0141651
0.351958	0.27	0.0114438
0.361735	0.27	0.00866547
0.371511	0.27	0.00583131
0.381288	0.27	0.00294243
0.391065	0.27	0
0	0.2925	0.0704334
0.0104872	0.2925	0.0703849
0.0209743	0.2925	0.070239
0.0314615	0.2925	0.0699961
0.0419487	0.2925	0.0696562
0.0524358	0.2925	0.0692197
0.062923	0.2925	0.068687
0.0734101	0.2925	0.0680585
0.0838973	0.2925	0.0673347
0.0943845	0.2925	0.0665163
0.104872	0.2925	0.0656039
0.115359	0.2925	0.0645984
0.125846	0.2925	0.0635005
0.136333	0.2925	0.0623111
0.14682	0.2925	0.0610313
0.157307	0.2925	0.059662
0.167795	0.2925	0.0582043
0.178282	0.2925	0.0566593
0.188769	0.2925	0.0550282
0.199256	0.2925	0.0533121
0.209743	0.2925	0.0515124
0.22023	0.2925	0.0496302
0.230718	0.2925	0.0476669
0.241205	0.2925	0.0456238
0.251692	0.2925	0.0435021
0.262179	0.2925	0.0413034
0.272666	0.2925	0.0390288
0.283153	0.2925	0.0366799
0.293641	0.2925	0.0342579
0.304128	0.2925	0.0317643
0.314615	0.2925	0.0292004
0.325102	0.2925	0.0265676
0.335589	0.2925	0.0238673
0.346076	0.2925	0.021101
0.356564	0.2925	0.0182699
0.367051	0.2925	0.0153754
0.377538	0.2925	0.0124189
0.388025	0.2925	0.00940178
0.398512	0.2925	0.00632537
0.408999	0.2925	0.00319099
0.419487	0.2925	0
0	0.315	0.0761861
0.0111977	0.315	0.0761333
0.0223954	0.315	0.0759746
0.0335931	0.315	0.0757103
0.0447909	0.315	0.0753405
0.0559886	0.315	0.0748656
0.0671863	0.315	0.0742861
0.078384	0.315	0.0736024
0.0895817	0.315	0.0728153
0.100779	0.315	0.0719253
0.111977	0.315	0.0709334
0.123175	0.315	0.0698404
0.134373	0.315	0.0686472
0.14557	0.315	0.0673549
0.156768	0.315	0.0659646
0.167966	0.315	0.0644775
0.179163	0.315	0.0628947
0.190361	0.315	0.0612176
0.201559	0.315	0.0594474
0.212757	0.315	0.0575856
0.223954	0.315	0.0556336
0.235152	0.315	0.0535928
0.24635	0.315	0.0514647
0.257547	0.315	0.0492508
0.268745	0.315	0.0469526
0.279943	0.315	0.0445716
0.291141	0.315	0.0421095
0.302338	0.315	0.0395678
0.313536	0.315	0.036948
0.324734	0.315	0.0342518
0.335931	0.315	0.0314807
0.347129	0.315	0.0286363
0.358327	0.315	0.0257203
0.369525	0.315	0.0227341
0.380722	0.315	0.0196794
0.39192	0.315	0.0165577
0.403118	0.315	0.0133707
0.414315	0.315	0.0101199
0.425513	0.315	0.00680678
0.436711	0.315	0.00343297
0.447909	0.315	0
0	0.3375	0.0818603
0.0119083	0.3375	0.0818032
0.0238165	0.3375	0.0816316
0.0357248	0.3375	0.0813458
0.0476331	0.3375	0.0809461
0.0595413	0.3375	0.0804328
0.0714496	0.3375	0.0798063
0.0833579	0.3375	0.0790675
0.0952661	0.3375	0.0782169
0.107174	0.3375	0.0772553
0.119083	0.3375	0.0761838
0.130991	0.3375	0.0750032
0.142899	0.3375	0.0737148
0.154807	0.3375	0.0723196
0.166716	0.3375	0.0708189
0.178624	0.3375	0.069214
0.190532	0.3375	0.0675064
0.202441	0.3375	0.0656975
0.214349	0.3375	0.0637888
0.226257	0.3375	0.0617819
0.238165	0.3375	0.0596783
0.250074	0.3375	0.0574798
0.261982	0.3375	0.055188
0.27389	0.3375	0.0528045
0.285798	0.3375	0.0503313
0.297707	0.3375	0.0477699
0.309615	0.3375	0.0451222
0.321523	0.3375	0.0423899
0.333431	0.3375	0.0395749
0.34534	0.3375	0.036679
0.357248	0.3375	0.0337039
0.369156	0.3375	0.0306516
0.381065	0.3375	0.0275237
0.392973	0.3375	0.0243222
0.404881	0.3375	0.0210488
0.416789	0.3375	0.0177053
0.428698	0.3375	0.0142936
0.440606	0.3375	0.0108154
0.452514	0.3375	0.00727257
0.464422	0.3375	0.00366684
0.476331	0.3375	0
0	0.36	0.0874372
0.0126188	0.36	0.0873758
0.0252376	0.36	0.0871914
0.0378565	0.36	0.0868841
0.0504753	0.36	0.0864543
0.0630941	0.36	0.0859025
0.0757129	0.36	0.0852291
0.0883317	0.36	0.084435
0.100951	0.36	0.0835209
0.113569	0.36	0.0824878
0.126188	0.36	0.0813366
0.138807	0.36	0.0800686
0.151426	0.36	0.0786849
0.164045	0.36	0.077187
0.176663	0.36	0.0755761
0.189282	0.36	0.0738539
0.201901	0.36	0.072022
0.21452	0.36	0.0700818
0.227139	0.36	0.0680353
0.239758	0.36	0.065884
0.252376	0.36	0.06363
0.264995	0.36	0.0612749
0.277614	0.36	0.0588208
0.290233	0.36	0.0562696
0.302852	0.36	0.0536231
0.31547	0.36	0.0508835
0.328089	0.36	0.0480527
0.340708	0.36	0.0451328
0.353327	0.36	0.0421258
0.365946	0.36	0.0390337
0.378565	0.36	0.0358587
0.391183	0.36	0.0326028
0.403802	0.36	0.029268
0.416421	0.36	0.0258565
0.42904	0.36	0.0223703
0.441659	0.36	0.0188114
0.454277	0.36	0.015182
0.466896	0.36	0.0114841
0.479515	0.36	0.00771979
0.492134	0.36	0.00389107
0.504753	0.36	0
0	0.3825	0.0928995
0.0133294	0.3825	0.0928338
0.0266587	0.3825	0.0926364
0.0399881	0.3825	0.0923076
0.0533175	0.3825	0.0918478
0.0666468	0.3825	0.0912574
0.0799762	0.3825	0.0905372
0.0933056	0.3825	0.0896878
0.106635	0.3825	0.0887102
0.119964	0.3825	0.0876055
0.133294	0.3825	0.0863748
0.146623	0.3825	0.0850194
0.159952	0.3825	0.0835407
0.173282	0.3825	0.0819403
0.186611	0.3825	0.0802196
0.199941	0.3825	0.0783805
0.21327	0.3825	0.0764247
0.226599	0.3825	0.0743541
0.239929	0.3825	0.0721706
0.253258	0.3825	0.0698761
0.266587	0.3825	0.0674728
0.279917	0.3825	0.0649627
0.293246	0.3825	0.0623481
0.306575	0.3825	0.059631
0.319905	0.3825	0.0568137
0.333234	0.3825	0.0538985
0.346564	0.3825	0.0508876
0.359893	0.3825	0.0477834
0.373222	0.3825	0.0445881
0.386552	0.3825	0.0413042
0.399881	0.3825	0.0379338
0.41321	0.3825	0.0344795
0.42654	0.3825	0.0309435
0.439869	0.3825	0.0273283
0.453199	0.3825	0.0236361
0.466528	0.3825	0.0198693
0.479857	0.3825	0.0160304
0.493187	0.3825	0.0121217
0.506516	0.3825	0.00814544
0.519845	0.3825	0.0041041
0.533175	0.3825	0
0	0.405	0.0982311
0.0140399	0.405	0.098161
0.0280798	0.405	0.0979508
0.0421198	0.405	0.0976004
0.0561597	0.405	0.0971105
0.0701996	0.405	0.0964816
0.0842395	0.405	0.0957143
0.0982794	0.405	0.0948097
0.112319	0.405	0.0937686
0.126359	0.405	0.0925923
0.140399	0.405	0.0912822
0.154439	0.405	0.0898396
0.168479	0.405	0.0882661
0.182519	0.405	0.0865635
0.196559	0.405	0.0847334
0.210599	0.405	0.082778
0.224639	0.405	0.080699
0.238679	0.405	0.0784987
0.252719	0.405	0.0761792
0.266758	0.405	0.0737427
0.280798	0.405	0.0711916
0.294838	0.405	0.0685282
0.308878	0.405	0.065755
0.322918	0.405	0.0628744
0.336958	0.405	0.0598889
0.350998	0.405	0.0568011
0.365038	0.405	0.0536135
0.379078	0.405	0.0503288
0.393118	0.405	0.0469496
0.407158	0.405	0.0434785
0.421198	0.405	0.0399182
0.435237	0.405	0.0362713
0.449277	0.405	0.0325406
0.463317	0.405	0.0287288
0.477357	0.405	0.0248384
0.491397	0.405	0.0208723
0.505437	0.405	0.0168332
0.519477	0.405	0.0127237
0.533517	0.405	0.00854651
0.547557	0.405	0.00430438
0.561597	0.405	0
0	0.4275	0.103417
0.0147505	0.4275	0.103343
0.0295009	0.4275	0.103119
0.0442514	0.4275	0.102748
0.0590019	0.4275	0.102228
0.0737524	0.4275	0.10156
0.0885028	0.4275	0.100746
0.103253	0.4275	0.0997857
0.118004	0.4275	0.0986812
0.132754	0.4275	0.0974334
0.147505	0.4275	0.0960439
0.162255	0.4275	0.0945142
0.177006	0.4275	0.0928461
0.191756	0.4275	0.0910416
0.206507	0.4275	0.0891026
0.221257	0.4275	0.0870312
0.236008	0.4275	0.0848299
0.250758	0.4275	0.0825007
0.265508	0.4275	0.0800463
0.280259	0.4275	0.0774692
0.295009	0.4275	0.0747718
0.30976	0.4275	0.071957
0.32451	0.4275	0.0690273
0.339261	0.4275	0.0659857
0.354011	0.4275	0.0628349
0.368762	0.4275	0.0595778
0.383512	0.4275	0.0562173
0.398263	0.4275	0.0527563
0.413013	0.4275	0.0491979
0.427764	0.4275	0.045545
0.442514	0.4275	0.0418007
0.457265	0.4275	0.0379679
0.472015	0.4275	0.0340497
0.486766	0.4275	0.0300492
0.501516	0.4275	0.0259695
0.516266	0.4275	0.0218136
0.531017	0.4275	0.0175846
0.545767	0.4275	0.0132857
0.560518	0.4275	0.00891989
0.575268	0.4275	0.00449028
0.590019	0.4275	0
0	0.45	0.108444
0.015461	0.45	0.108365
0.030922	0.45	0.108129
0.0463831	0.45	0.107735
0.0618441	0.45	0.107185
0.0773051	0.45	0.106479
0.0927661	0.45	0.105617
0.108227	0.45	0.104602
0.123688	0.45	0.103434
0.139149	0.45	0.102115
0.15461	0.45	0.100646
0.170071	0.45	0.099029
0.185532	0.45	0.0972664
0.200993	0.45	0.0953603
0.216454	0.45	0.0933127
0.231915	0.45	0.091126
0.247376	0.45	0.0888029
0.262837	0.45	0.0863458
0.278298	0.45	0.0837576
0.293759	0.45	0.0810411
0.30922	0.45	0.0781992
0.324681	0.45	0.0752348
0.340142	0.45	0.0721511
0.355603	0.45	0.0689511
0.371065	0.45	0.0656381
0.386526	0.45	0.0622153
0.401987	0.45	0.0586859
0.417448	0.45	0.0550533
0.432909	0.45	0.0513209
0.44837	0.45	0.047492
0.463831	0.45	0.0435701
0.479292	0.45	0.0395586
0.494753	0.45	0.0354609
0.510214	0.45	0.0312806
0.525675	0.45	0.0270212
0.541136	0.45	0.0226861
0.556597	0.45	0.0182789
0.572058	0.45	0.0138031
0.587519	0.45	0.00926236
0.60298	0.45	0.00466013
0.618441	0.45	0
0	0.4725	0.113298
0.0161716	0.4725	0.113215
0.0323431	0.4725	0.112966
0.0485147	0.4725	0.112551
0.0646863	0.4725	0.11197
0.0808579	0.4725	0.111225
0.0970294	0.4725	0.110316
0.113201	0.4725	0.109245
0.129373	0.4725	0.108014
0.145544	0.4725	0.106623
0.161716	0.4725	0.105074
0.177887	0.4725	0.103371
0.194059	0.4725	0.101514
0.21023	0.4725	0.099506
0.226402	0.4725	0.09735
0.242574	0.4725	0.0950485
0.258745	0.4725	0.0926042
0.274917	0.4725	0.0900201
0.291088	0.4725	0.0872992
0.30726	0.4725	0.0844447
0.323431	0.4725	0.0814598
0.339603	0.4725	0.0783479
0.355775	0.4725	0.0751125
0.371946	0.4725	0.071757
0.388118	0.4725	0.068285
0.404289	0.4725	0.0647003
0.420461	0.4725	0.0610064
0.436632	0.4725	0.0572071
0.452804	0.4725	0.0533062
0.468976	0.4725	0.0493076
0.485147	0.4725	0.0452152
0.501319	0.4725	0.0410327
0.51749	0.4725	0.0367643
0.533662	0.4725	0.0324138
0.549833	0.4725	0.0279852
0.566005	0.4725	0.0234825
0.582177	0.4725	0.0189098
0.598348	0.4725	0.0142712
0.61452	0.4725	0.00957058
0.630691	0.4725	0.00481216
0.646863	0.4725	0
0	0.495	0.117969
0.0168821	0.495	0.117881
0.0337642	0.495	0.117619
0.0506464	0.495	0.117182
0.0675285	0.495	0.116571
0.0844106	0.495	0.115787
0.101293	0.495	0.114831
0.118175	0.495	0.113704
0.135057	0.495	0.112408
0.151939	0.495	0.110945
0.168821	0.495	0.109317
0.185703	0.495	0.107526
0.202585	0.495	0.105575
0.219468	0.495	0.103466
0.23635	0.495	0.101202
0.253232	0.495	0.0987855
0.270114	0.495	0.0962206
0.286996	0.495	0.0935101
0.303878	0.495	0.0906575
0.32076	0.495	0.0876662
0.337642	0.495	0.08454
0.354525	0.495	0.0812826
0.371407	0.495	0.0778978
0.388289	0.495	0.0743897
0.405171	0.495	0.0707622
0.422053	0.495	0.0670194
0.438935	0.495	0.0631655
0.455817	0.495	0.0592047
0.472699	0.495	0.0551413
0.489582	0.495	0.0509797
0.506464	0.495	0.0467242
0.523346	0.495	0.0423793
0.540228	0.495	0.0379495
0.55711	0.495	0.0334392
0.573992	0.495	0.028853
0.590874	0.495	0.0241954
0.607756	0.495	0.0194712
0.624639	0.495	0.0146848
0.641521	0.495	0.00984105
0.658403	0.495	0.00494454
0.675285	0.495	0
0	0.5175	0.122445
0.0175927	0.5175	0.122353
0.0351853	0.5175	0.122077
0.052778	0.5175	0.121618
0.0703707	0.5175	0.120976
0.0879634	0.5175	0.120153
0.105556	0.5175	0.119149
0.123149	0.5175	0.117966
0.140741	0.5175	0.116606
0.158334	0.5175	0.11507
0.175927	0.5175	0.113362
0.193519	0.5175	0.111484
0.211112	0.5175	0.109438
0.228705	0.5175	0.107227
0.246297	0.5175	0.104855
0.26389	0.5175	0.102324
0.281483	0.5175	0.099639
0.299075	0.5175	0.0968027
0.316668	0.5175	0.0938191
0.334261	0.5175	0.0906923
0.351853	0.5175	0.0874263
0.369446	0.5175	0.0840252
0.387039	0.5175	0.0804935
0.404632	0.5175	0.0768356
0.422224	0.5175	0.0730559
0.439817	0.5175	0.0691591
0.45741	0.5175	0.0651499
0.475002	0.5175	0.0610331
0.492595	0.5175	0.0568134
0.510188	0.5175	0.0524959
0.52778	0.5175	0.0480854
0.545373	0.5175	0.0435871
0.562966	0.5175	0.0390059
0.580558	0.5175	0.034347
0.598151	0.5175	0.0296156
0.615744	0.5175	0.024817
0.633336	0.5175	0.0199563
0.650929	0.5175	0.0150389
0.668522	0.5175	0.0100701
0.686114	0.5175	0.00505532
0.703707	0.5175	0
0	0.54	0.126715
0.0183032	0.54	0.126619
0.0366065	0.54	0.12633
0.0549097	0.54	0.125848
0.0732129	0.54	0.125176
0.0915161	0.54	0.124312
0.109819	0.54	0.12326
0.128123	0.54	0.12202
0.146426	0.54	0.120595
0.164729	0.54	0.118987
0.183032	0.54	0.117198
0.201335	0.54	0.115232
0.219639	0.54	0.113091
0.237942	0.54	0.110778
0.256245	0.54	0.108297
0.274548	0.54	0.105652
0.292852	0.54	0.102847
0.311155	0.54	0.0998849
0.329458	0.54	0.0967711
0.347761	0.54	0.0935096
0.366065	0.54	0.0901051
0.384368	0.54	0.0865623
0.402671	0.54	0.0828859
0.420974	0.54	0.0790809
0.439277	0.54	0.0751525
0.457581	0.54	0.0711059
0.475884	0.54	0.0669462
0.494187	0.54	0.0626789
0.51249	0.54	0.0583095
0.530794	0.54	0.0538435
0.549097	0.54	0.0492865
0.5674	0.54	0.0446442
0.585703	0.54	0.0399225
0.604006	0.54	0.035127
0.62231	0.54	0.0302639
0.640613	0.54	0.0253389
0.658916	0.54	0.0203582
0.677219	0.54	0.0153277
0.695523	0.54	0.0102538
0.713826	0.54	0.00514243
0.732129	0.54	0
0	0.5625	0.130771
0.0190138	0.5625	0.13067
0.0380276	0.5625	0.130368
0.0570413	0.5625	0.129864
0.0760551	0.5625	0.129159
0.0950689	0.5625	0.128256
0.114083	0.5625	0.127155
0.133096	0.5625	0.125857
0.15211	0.5625	0.124367
0.171124	0.5625	0.122685
0.190138	0.5625	0.120815
0.209152	0.5625	0.118759
0.228165	0.5625	0.116522
0.247179	0.5625	0.114107
0.266193	0.5625	0.111517
0.285207	0.5625	0.108757
0.30422	0.5625	0.105831
0.323234	0.5625	0.102744
0.342248	0.5625	0.0995004
0.361262	0.5625	0.0961051
0.380276	0.5625	0.0925632
0.399289	0.5625	0.0888801
0.418303	0.5625	0.0850611
0.437317	0.5625	0.0811119
0.456331	0.5625	0.0770382
0.475344	0.5625	0.0728457
0.494358	0.5625	0.0685404
0.513372	0.5625	0.0641285
0.532386	0.5625	0.059616
0.5514	0.5625	0.0550092
0.570413	0.5625	0.0503146
0.589427	0.5625	0.0455385
0.608441	0.5625	0.0406876
0.627455	0.5625	0.0357684
0.646468	0.5625	0.0307878
0.665482	0.5625	0.0257525
0.684496	0.5625	0.0206694
0.70351	0.5625	0.0155456
0.722524	0.5625	0.0103879
0.741537	0.5625	0.00520367
0.760551	0.5625	0
0	0.585	0.134604
0.0197243	0.585	0.134499
0.0394487	0.585	0.134182
0.059173	0.585	0.133655
0.0788973	0.585	0.132919
0.0986216	0.585	0.131974
0.118346	0.585	0.130823
0.13807	0.585	0.129468
0.157795	0.585	0.12791
0.177519	0.585	0.126154
0.197243	0.585	0.124201
0.216968	0.585	0.122056
0.236692	0.585	0.119721
0.256416	0.585	0.117202
0.276141	0.585	0.114503
0.295865	0.585	0.111627
0.315589	0.585	0.10858
0.335314	0.585	0.105368
0.355038	0.585	0.101994
0.374762	0.585	0.0984654
0.394487	0.585	0.094787
0.414211	0.585	0.090965
0.433935	0.585	0.0870054
0.45366	0.585	0.0829145
0.473384	0.585	0.0786986
0.493108	0.585	0.0743643
0.512833	0.585	0.0699184
0.532557	0.585	0.0653676
0.552281	0.585	0.0607189
0.572006	0.585	0.0559795
0.59173	0.585	0.0511564
0.611454	0.585	0.0462572
0.631178	0.585	0.0412892
0.650903	0.585	0.0362599
0.670627	0.585	0.0311771
0.690351	0.585	0.0260486
0.710076	0.585	0.0208823
0.7298	0.585	0.0156861
0.749524	0.585	0.0104681
0.769249	0.585	0.00523665
0.788973	0.585	0
0	0.6075	0.138206
0.0204349	0.6075	0.138096
0.0408698	0.6075	0.137765
0.0613046	0.6075	0.137215
0.0817395	0.6075	0.136445
0.102174	0.6075	0.135459
0.122609	0.6075	0.134257
0.143044	0.6075	0.132842
0.163479	0.6075	0.131217
0.183914	0.6075	0.129384
0.204349	0.6075	0.127347
0.224784	0.6075	0.125111
0.245219	0.6075	0.122678
0.265653	0.6075	0.120054
0.286088	0.6075	0.117243
0.306523	0.6075	0.114251
0.326958	0.6075	0.111082
0.347393	0.6075	0.107743
0.367828	0.6075	0.10424
0.388263	0.6075	0.100577
0.408698	0.6075	0.0967631
0.429132	0.6075	0.0928032
0.449567	0.6075	0.0887046
0.470002	0.6075	0.0844742
0.490437	0.6075	0.0801193
0.510872	0.6075	0.0756472
0.531307	0.6075	0.0710654
0.551742	0.6075	0.0663817
0.572177	0.6075	0.0616038
0.592611	0.6075	0.05674
0.613046	0.6075	0.0517982
0.633481	0.6075	0.0467868
0.653916	0.6075	0.0417144
0.674351	0.6075	0.0365895
0.694786	0.6075	0.0314209
0.715221	0.6075	0.0262174
0.735656	0.6075	0.0209883
0.756091	0.6075	0.0157425
0.776525	0.6075	0.0104895
0.79696	0.6075	0.00523883
0.817395	0.6075	0
0	0.63	0.141569
0.0211454	0.63	0.141454
0.0422909	0.63	0.141109
0.0634363	0.63	0.140534
0.0845817	0.63	0.139732
0.105727	0.63	0.138702
0.126873	0.63	0.137448
0.148018	0.63	0.135972
0.169163	0.63	0.134277
0.190309	0.63	0.132367
0.211454	0.63	0.130244
0.2326	0.63	0.127914
0.253745	0.63	0.125381
0.274891	0.63	0.122651
0.296036	0.63	0.119727
0.317181	0.63	0.116616
0.338327	0.63	0.113325
0.359472	0.63	0.109858
0.380618	0.63	0.106224
0.401763	0.63	0.102428
0.422909	0.63	0.0984776
0.444054	0.63	0.0943806
0.465199	0.63	0.0901442
0.486345	0.63	0.0857765
0.50749	0.63	0.0812854
0.528636	0.63	0.0766791
0.549781	0.63	0.0719663
0.570927	0.63	0.0671555
0.592072	0.63	0.0622556
0.613217	0.63	0.0572758
0.634363	0.63	0.0522252
0.655508	0.63	0.0471134
0.676654	0.63	0.0419498
0.697799	0.63	0.0367445
0.718945	0.63	0.0315073
0.74009	0.63	0.0262485
0.761235	0.63	0.0209784
0.782381	0.63	0.0157077
0.803526	0.63	0.010447
0.824672	0.63	0.00520741
0.845817	0.63	0
0	0.6525	0.144687
0.021856	0.6525	0.144567
0.043712	0.6525	0.144207
0.0655679	0.6525	0.143608
0.0874239	0.6525	0.14277
0.10928	0.6525	0.141697
0.131136	0.6525	0.140389
0.152992	0.6525	0.13885
0.174848	0.6525	0.137084
0.196704	0.6525	0.135093
0.21856	0.6525	0.132883
0.240416	0.6525	0.130458
0.262272	0.6525	0.127822
0.284128	0.6525	0.124982
0.305984	0.6525	0.121944
0.32784	0.6525	0.118713
0.349696	0.6525	0.115296
0.371552	0.6525	0.111701
0.393408	0.6525	0.107934
0.415264	0.6525	0.104003
0.43712	0.6525	0.0999169
0.458976	0.6525	0.0956829
0.480832	0.6525	0.0913097
0.502688	0.6525	0.0868062
0.524544	0.6525	0.0821814
0.5464	0.6525	0.0774446
0.568256	0.6525	0.0726053
0.590111	0.6525	0.0676732
0.611967	0.6525	0.0626585
0.633823	0.6525	0.0575713
0.655679	0.6525	0.0524222
0.677535	0.6525	0.0472218
0.699391	0.6525	0.0419812
0.721247	0.6525	0.0367114
0.743103	0.6525	0.031424
0.764959	0.6525	0.0261306
0.786815	0.6525	0.0208431
0.808671	0.6525	0.0155737
0.830527	0.6525	0.0103349
0.852383	0.6525	0.00513935
0.874239	0.6525	0
0	0.675	0.147554
0.0225665	0.675	0.147429
0.0451331	0.675	0.147053
0.0676996	0.675	0.146428
0.0902661	0.675	0.145555
0.112833	0.675	0.144435
0.135399	0.675	0.143072
0.157966	0.675	0.141469
0.180532	0.675	0.139629
0.203099	0.675	0.137556
0.225665	0.675	0.135255
0.248232	0.675	0.132731
0.270798	0.675	0.129991
0.293365	0.675	0.127039
0.315931	0.675	0.123882
0.338498	0.675	0.120528
0.361065	0.675	0.116984
0.383631	0.675	0.113258
0.406198	0.675	0.109357
0.428764	0.675	0.10529
0.451331	0.675	0.101067
0.473897	0.675	0.0966955
0.496464	0.675	0.0921859
0.51903	0.675	0.0875479
0.541597	0.675	0.0827916
0.564163	0.675	0.0779274
0.58673	0.675	0.072966
0.609296	0.675	0.0679184
0.631863	0.675	0.0627959
0.654429	0.675	0.0576101
0.676996	0.675	0.0523729
0.699562	0.675	0.0470964
0.722129	0.675	0.0417931
0.744696	0.675	0.0364757
0.767262	0.675	0.0311574
0.789829	0.675	0.0258515
0.812395	0.675	0.0205717
0.834962	0.675	0.0153321
0.857528	0.675	0.010147
0.880095	0.675	0.0050313
0.902661	0.675	0
0	0.6975	0.150164
0.0232771	0.6975	0.150033
0.0465542	0.6975	0.149642
0.0698312	0.6975	0.14899
0.0931083	0.6975	0.148079
0.116385	0.6975	0.146912
0.139662	0.6975	0.145492
0.16294	0.6975	0.143821
0.186217	0.6975	0.141905
0.209494	0.6975	0.139746
0.232771	0.6975	0.137352
0.256048	0.6975	0.134727
0.279325	0.6975	0.131877
0.302602	0.6975	0.12881
0.325879	0.6975	0.125532
0.349156	0.6975	0.122052
0.372433	0.6975	0.118377
0.39571	0.6975	0.114517
0.418987	0.6975	0.11048
0.442265	0.6975	0.106275
0.465542	0.6975	0.101913
0.488819	0.6975	0.0974035
0.512096	0.6975	0.0927574
0.535373	0.6975	0.0879856
0.55865	0.6975	0.0830995
0.581927	0.6975	0.0781108
0.605204	0.6975	0.0730313
0.628481	0.6975	0.0678737
0.651758	0.6975	0.0626505
0.675035	0.6975	0.0573748
0.698312	0.6975	0.0520601
0.72159	0.6975	0.0467203
0.744867	0.6975	0.0413694
0.768144	0.6975	0.036022
0.791421	0.6975	0.0306932
0.814698	0.6975	0.0253982
0.837975	0.6975	0.0201528
0.861252	0.6975	0.0149734
0.884529	0.6975	0.00987654
0.907806	0.6975	0.00487952
0.931083	0.6975	0
0	0.72	0.152512
0.0239876	0.72	0.152376
0.0479753	0.72	0.151967
0.0719629	0.72	0.151288
0.0959505	0.72	0.150338
0.119938	0.72	0.149122
0.143926	0.72	0.147641
0.167913	0.72	0.145901
0.191901	0.72	0.143905
0.215889	0.72	0.141658
0.239876	0.72	0.139166
0.263864	0.72	0.136435
0.287852	0.72	0.133473
0.311839	0.72	0.130286
0.335827	0.72	0.126883
0.359815	0.72	0.123273
0.383802	0.72	0.119464
0.40779	0.72	0.115466
0.431777	0.72	0.111289
0.455765	0.72	0.106944
0.479753	0.72	0.102441
0.50374	0.72	0.0977915
0.527728	0.72	0.0930082
0.551716	0.72	0.0881028
0.575703	0.72	0.0830881
0.599691	0.72	0.0779772
0.623678	0.72	0.0727834
0.647666	0.72	0.0675209
0.671654	0.72	0.0622038
0.695641	0.72	0.056847
0.719629	0.72	0.0514657
0.743617	0.72	0.0460755
0.767604	0.72	0.0406926
0.791592	0.72	0.0353335
0.81558	0.72	0.0300155
0.839567	0.72	0.0247562
0.863555	0.72	0.0195738
0.887542	0.72	0.0144872
0.91153	0.72	0.00951583
0.935518	0.72	0.00467982
0.959505	0.72	0
0	0.7425	0.154594
0.0246982	0.7425	0.154452
0.0493964	0.7425	0.154026
0.0740946	0.7425	0.153317
0.0987927	0.7425	0.152327
0.123491	0.7425	0.151059
0.148189	0.7425	0.149515
0.172887	0.7425	0.147702
0.197585	0.7425	0.145622
0.222284	0.7425	0.143282
0.246982	0.7425	0.140688
0.27168	0.7425	0.137848
0.296378	0.7425	0.134768
0.321076	0.7425	0.131458
0.345775	0.7425	0.127925
0.370473	0.7425	0.12418
0.395171	0.7425	0.120232
0.419869	0.7425	0.116092
0.444567	0.7425	0.111771
0.469266	0.7425	0.107282
0.493964	0.7425	0.102635
0.518662	0.7425	0.0978439
0.54336	0.7425	0.0929219
0.568058	0.7425	0.0878824
0.592756	0.7425	0.0827397
0.617455	0.7425	0.0775084
0.642153	0.7425	0.0722036
0.666851	0.7425	0.066841
0.691549	0.7425	0.0614366
0.716247	0.7425	0.0560072
0.740946	0.7425	0.05057
0.765644	0.7425	0.0451428
0.790342	0.7425	0.0397438
0.81504	0.7425	0.0343921
0.839738	0.7425	0.0291074
0.864436	0.7425	0.0239099
0.889135	0.7425	0.0188208
0.913833	0.7425	0.013862
0.938531	0.7425	0.0090563
0.963229	0.7425	0.00442742
0.987927	0.7425	0
0	0.765	0.156406
0.0254087	0.765	0.156258
0.0508175	0.765	0.155813
0.0762262	0.765	0.155073
0.101635	0.765	0.154041
0.127044	0.765	0.152718
0.152452	0.765	0.151108
0.177861	0.765	0.149218
0.20327	0.765	0.147051
0.228679	0.765	0.144613
0.254087	0.765	0.141913
0.279496	0.765	0.138958
0.304905	0.765	0.135755
0.330314	0.765	0.132315
0.355722	0.765	0.128647
0.381131	0.765	0.124761
0.40654	0.765	0.120669
0.431949	0.765	0.116382
0.457357	0.765	0.111913
0.482766	0.765	0.107275
0.508175	0.765	0.10248
0.533583	0.765	0.0975445
0.558992	0.765	0.0924815
0.584401	0.765	0.0873067
0.60981	0.765	0.0820359
0.635218	0.765	0.0766854
0.660627	0.765	0.0712722
0.686036	0.765	0.0658138
0.711445	0.765	0.0603285
0.736853	0.765	0.0548349
0.762262	0.765	0.0493525
0.787671	0.765	0.0439015
0.81308	0.765	0.0385028
0.838488	0.765	0.0331781
0.863897	0.765	0.0279499
0.889306	0.765	0.0228417
0.914715	0.765	0.0178781
0.940123	0.765	0.0130846
0.965532	0.765	0.00848814
0.990941	0.765	0.0041168
1.01635	0.765	0
0	0.7875	0.157944
0.0261193	0.7875	0.15779
0.0522386	0.7875	0.157326
0.0783579	0.7875	0.156553
0.104477	0.7875	0.155475
0.130596	0.7875	0.154095
0.156716	0.7875	0.152416
0.182835	0.7875	0.150444
0.208954	0.7875	0.148185
0.235074	0.7875	0.145645
0.261193	0.7875	0.142833
0.287312	0.7875	0.139756
0.313431	0.7875	0.136425
0.339551	0.7875	0.132849
0.36567	0.7875	0.129038
0.391789	0.7875	0.125006
0.417909	0.7875	0.120763
0.444028	0.7875	0.116323
0.470147	0.7875	0.1117
0.496266	0.7875	0.106908
0.522386	0.7875	0.101961
0.548505	0.7875	0.0968765
0.574624	0.7875	0.0916695
0.600744	0.7875	0.0863573
0.626863	0.7875	0.0809574
0.652982	0.7875	0.0754882
0.679101	0.7875	0.0699686
0.705221	0.7875	0.0644183
0.73134	0.7875	0.0588576
0.757459	0.7875	0.0533078
0.783579	0.7875	0.0477907
0.809698	0.7875	0.0423293
0.835817	0.7875	0.0369474
0.861936	0.7875	0.0316697
0.888056	0.7875	0.0265222
0.914175	0.7875	0.0215321
0.940294	0.7875	0.016728
0.966414	0.7875	0.01214
0.992533	0.7875	0.00779997
1.01865	0.7875	0.00374152
1.04477	0.7875	0
0	0.81	0.159207
0.0268298	0.81	0.159045
0.0536597	0.81	0.158561
0.0804895	0.81	0.157754
0.107319	0.81	0.156628
0.134149	0.81	0.155186
0.160979	0.81	0.153434
0.187809	0.81	0.151376
0.214639	0.81	0.149019
0.241469	0.81	0.146371
0.268298	0.81	0.14344
0.295128	0.81	0.140236
0.321958	0.81	0.136769
0.348788	0.81	0.133049
0.375618	0.81	0.12909
0.402448	0.81	0.124903
0.429277	0.81	0.120503
0.456107	0.81	0.115903
0.482937	0.81	0.111119
0.509767	0.81	0.106166
0.536597	0.81	0.101062
0.563427	0.81	0.095823
0.590256	0.81	0.0904678
0.617086	0.81	0.0850151
0.643916	0.81	0.0794844
0.670746	0.81	0.073896
0.697576	0.81	0.0682712
0.724406	0.81	0.0626319
0.751235	0.81	0.0570011
0.778065	0.81	0.0514024
0.804895	0.81	0.0458607
0.831725	0.81	0.040402
0.858555	0.81	0.0350534
0.885385	0.81	0.0298431
0.912215	0.81	0.0248012
0.939044	0.81	0.0199591
0.965874	0.81	0.0153504
0.992704	0.81	0.0110108
1.01953	0.81	0.00697847
1.04636	0.81	0.00329405
1.07319	0.81	0
0	0.8325	0.160191
0.0275404	0.8325	0.160022
0.0550808	0.8325	0.159515
0.0826212	0.8325	0.158672
0.110162	0.8325	0.157495
0.137702	0.8325	0.155989
0.165242	0.8325	0.154158
0.192783	0.8325	0.152008
0.220323	0.8325	0.149548
0.247864	0.8325	0.146785
0.275404	0.8325	0.143729
0.302944	0.8325	0.140389
0.330485	0.8325	0.136778
0.358025	0.8325	0.132907
0.385565	0.8325	0.12879
0.413106	0.8325	0.124441
0.440646	0.8325	0.119875
0.468187	0.8325	0.115107
0.495727	0.8325	0.110154
0.523267	0.8325	0.105034
0.550808	0.8325	0.0997647
0.578348	0.8325	0.094366
0.605889	0.8325	0.0888576
0.633429	0.8325	0.0832603
0.660969	0.8325	0.0775959
0.68851	0.8325	0.071887
0.71605	0.8325	0.0661572
0.743591	0.8325	0.0604311
0.771131	0.8325	0.0547343
0.798671	0.8325	0.0490935
0.826212	0.8325	0.0435368
0.853752	0.8325	0.0380934
0.881292	0.8325	0.0327942
0.908833	0.8325	0.0276717
0.936373	0.8325	0.0227605
0.963914	0.8325	0.0180972
0.991454	0.8325	0.0137216
1.01899	0.8325	0.00967644
1.04653	0.8325	0.00600796
1.07408	0.8325	0.0027657
1.10162	0.8325	0
0	0.855	0.160896
0.0282509	0.855	0.160719
0.0565019	0.855	0.160188
0.0847528	0.855	0.159306
0.113004	0.855	0.158075
0.141255	0.855	0.156499
0.169506	0.855	0.154584
0.197757	0.855	0.152338
0.226008	0.855	0.149768
0.254258	0.855	0.146882
0.282509	0.855	0.143692
0.31076	0.855	0.140209
0.339011	0.855	0.136445
0.367262	0.855	0.132414
0.395513	0.855	0.12813
0.423764	0.855	0.123609
0.452015	0.855	0.118867
0.480266	0.855	0.113921
0.508517	0.855	0.108791
0.536768	0.855	0.103495
0.565019	0.855	0.0980533
0.59327	0.855	0.0924874
0.621521	0.855	0.0868194
0.649772	0.855	0.0810722
0.678023	0.855	0.0752701
0.706274	0.855	0.0694382
0.734524	0.855	0.0636025
0.762775	0.855	0.0577906
0.791026	0.855	0.0520311
0.819277	0.855	0.046354
0.847528	0.855	0.0407907
0.875779	0.855	0.0353745
0.90403	0.855	0.0301403
0.932281	0.855	0.0251256
0.960532	0.855	0.0203701
0.988783	0.855	0.0159172
1.01703	0.855	0.0118141
1.04528	0.855	0.00811272
1.07354	0.855	0.00487027
1.10179	0.855	0.00214713
1.13004	0.855	0
0	0.8775	0.161319
0.0289615	0.8775	0.161133
0.057923	0.8775	0.160578
0.0868845	0.8775	0.159653
0.115846	0.8775	0.158364
0.144807	0.8775	0.156714
0.173769	0.8775	0.154711
0.20273	0.8775	0.15236
0.231692	0.8775	0.149672
0.260653	0.8775	0.146657
0.289615	0.8775	0.143324
0.318576	0.8775	0.139688
0.347538	0.8775	0.135762
0.376499	0.8775	0.13156
0.405461	0.8775	0.127099
0.434422	0.8775	0.122395
0.463384	0.8775	0.117467
0.492345	0.8775	0.112333
0.521307	0.8775	0.107015
0.550268	0.8775	0.101533
0.57923	0.8775	0.0959099
0.608191	0.8775	0.0901683
0.637153	0.8775	0.0843331
0.666114	0.8775	0.0784296
0.695076	0.8775	0.0724845
0.724037	0.8775	0.0665256
0.752999	0.8775	0.0605819
0.78196	0.8775	0.054684
0.810922	0.8775	0.0488637
0.839883	0.8775	0.0431546
0.868845	0.8775	0.0375921
0.897806	0.8775	0.0322136
0.926768	0.8775	0.0270589
0.955729	0.8775	0.0221707
0.984691	0.8775	0.0175955
1.01365	0.8775	0.0133844
1.04261	0.8775	0.00959478
1.07158	0.8775	0.00629128
1.10054	0.8775	0.00354562
1.1295	0.8775	0.00143052
1.15846	0.8775	0
0	0.9	0.16146
0.029672	0.9	0.161265
0.0593441	0.9	0.160683
0.0890161	0.9	0.159713
0.118688	0.9	0.158362
0.14836	0.9	0.156633
0.178032	0.9	0.154534
0.207704	0.9	0.152073
0.237376	0.9	0.149259
0.267048	0.9	0.146103
0.29672	0.9	0.142619
0.326392	0.9	0.13882
0.356065	0.9	0.13472
0.385737	0.9	0.130336
0.415409	0.9	0.125686
0.445081	0.9	0.120787
0.474753	0.9	0.115661
0.504425	0.9	0.110329
0.534097	0.9	0.104811
0.563769	0.9	0.0991322
0.593441	0.9	0.0933164
0.623113	0.9	0.0873894
0.652785	0.9	0.0813779
0.682457	0.9	0.0753101
0.712129	0.9	0.0692152
0.741801	0.9	0.063124
0.771473	0.9	0.0570686
0.801145	0.9	0.0510829
0.830817	0.9	0.0452022
0.860489	0.9	0.0394639
0.890161	0.9	0.0339077
0.919833	0.9	0.0285756
0.949505	0.9	0.0235127
0.979177	0.9	0.018768
1.00885	0.9	0.0143958
1.03852	0.9	0.0104576
1.06819	0.9	0.00702479
1.09787	0.9	0.00418048
1.12754	0.9	0.00201661
1.15721	0.9	0.000616179
1.18688	0.9	0
