0	0	0
0.005	0	0
0.01	0	0
0.015	0	0
0.02	0	0
0.025	0	0
0.03	0	0
0.035	0	0
0.04	0	0
0.045	0	0
0.05	0	0
0.055	0	0
0.06	0	0
0.065	0	0
0.07	0	0
0.075	0	0
0.08	0	0
0.085	0	0
0.09	0	0
0.095	0	0
0.1	0	0
0.105	0	0
0.11	0	0
0.115	0	0
0.12	0	0
0.125	0	0
0.13	0	0
0.135	0	0
0.14	0	0
0.145	0	0
0.15	0	0
0.155	0	0
0.16	0	0
0.165	0	0
0.17	0	0
0.175	0	0
0.18	0	0
0.185	0	0
0.19	0	0
0.195	0	0
0.2	0	0
0	0.0125	0.00470178
0.00575	0.0125	0.00470125
0.0115	0.0125	0.00469964
0.01725	0.0125	0.00469695
0.023	0.0125	0.00469317
0.02875	0.0125	0.00468828
0.0345	0.0125	0.00468226
0.04025	0.0125	0.00467508
0.046	0.0125	0.00466671
0.05175	0.0125	0.00465711
0.0575	0.0125	0.00464623
0.06325	0.0125	0.00463402
0.069	0.0125	0.0046204
0.07475	0.0125	0.0046053
0.0805	0.0125	0.00458862
0.08625	0.0125	0.00457024
0.092	0.0125	0.00455
0.09775	0.0125	0.00452772
0.1035	0.0125	0.00450315
0.10925	0.0125	0.00447598
0.115	0.0125	0.00444578
0.12075	0.0125	0.00441203
0.1265	0.0125	0.00437405
0.13225	0.0125	0.00433098
0.138	0.0125	0.0042817
0.14375	0.0125	0.00422484
0.1495	0.0125	0.00415871
0.15525	0.0125	0.00408122
0.161	0.0125	0.00398983
0.16675	0.0125	0.00388152
0.1725	0.0125	0.00375268
0.17825	0.0125	0.00359908
0.184	0.0125	0.00341578
0.18975	0.0125	0.00319707
0.1955	0.0125	0.00293639
0.20125	0.0125	0.00262629
0.207	0.0125	0.0022583
0.21275	0.0125	0.00182292
0.2185	0.0125	0.00130952
0.22425	0.0125	0.000706253
0.23	0.0125	0
0	0.025	0.00925241
0.0065	0.025	0.00925106
0.013	0.025	0.00924697
0.0195	0.025	0.00924013
0.026	0.025	0.00923049
0.0325	0.025	0.00921801
0.039	0.025	0.0092026
0.0455	0.025	0.00918417
0.052	0.025	0.0091626
0.0585	0.025	0.00913775
0.065	0.025	0.00910943
0.0715	0.025	0.00907744
0.078	0.025	0.00904151
0.0845	0.025	0.0090013
0.091	0.025	0.00895643
0.0975	0.025	0.00890638
0.104	0.025	0.00885052
0.1105	0.025	0.00878809
0.117	0.025	0.00871811
0.1235	0.025	0.0086394
0.13	0.025	0.00855047
0.1365	0.025	0.00844958
0.143	0.025	0.00833458
0.1495	0.025	0.00820299
0.156	0.025	0.00805191
0.1625	0.025	0.007878
0.169	0.025	0.00767758
0.1755	0.025	0.00744654
0.182	0.025	0.00718052
0.1885	0.025	0.00687492
0.195	0.025	0.00652507
0.2015	0.025	0.00612642
0.208	0.025	0.0056747
0.2145	0.025	0.00516624
0.221	0.025	0.00459825
0.2275	0.025	0.0039692
0.234	0.025	0.00327923
0.2405	0.025	0.00253062
0.247	0.025	0.00172838
0.2535	0.025	0.000880766
0.26	0.025	0
0	0.0375	0.0136569
0.00725	0.0375	0.0136544
0.0145	0.0375	0.0136469
0.02175	0.0375	0.0136343
0.029	0.0375	0.0136165
0.03625	0.0375	0.0135934
0.0435	0.0375	0.0135649
0.05075	0.0375	0.0135307
0.058	0.0375	0.0134904
0.06525	0.0375	0.0134439
0.0725	0.0375	0.0133907
0.07975	0.0375	0.0133301
0.087	0.0375	0.0132617
0.09425	0.0375	0.0131847
0.1015	0.0375	0.0130979
0.10875	0.0375	0.0130005
0.116	0.0375	0.0128908
0.12325	0.0375	0.0127672
0.1305	0.0375	0.0126278
0.13775	0.0375	0.0124701
0.145	0.0375	0.0122916
0.15225	0.0375	0.012089
0.1595	0.0375	0.0118589
0.16675	0.0375	0.0115977
0.174	0.0375	0.0113015
0.18125	0.0375	0.0109661
0.1885	0.0375	0.0105875
0.19575	0.0375	0.0101619
0.203	0.0375	0.00968579
0.21025	0.0375	0.00915629
0.2175	0.0375	0.00857125
0.22475	0.0375	0.00792953
0.232	0.0375	0.00723112
0.23925	0.0375	0.0064773
0.2465	0.0375	0.00567068
0.25375	0.0375	0.00481515
0.261	0.0375	0.00391578
0.26825	0.0375	0.0029785
0.2755	0.0375	0.00200961
0.28275	0.0375	0.00101516
0.29	0.0375	0
0	0.05	0.0179201
0.008	0.05	0.0179162
0.016	0.05	0.0179042
0.024	0.05	0.0178842
0.032	0.05	0.0178559
0.04	0.05	0.0178191
0.048	0.05	0.0177735
0.056	0.05	0.0177187
0.064	0.05	0.0176541
0.072	0.05	0.0175792
0.08	0.05	0.0174931
0.088	0.05	0.0173949
0.096	0.05	0.0172834
0.104	0.05	0.0171572
0.112	0.05	0.0170147
0.12	0.05	0.0168539
0.128	0.05	0.0166726
0.136	0.05	0.016468
0.144	0.05	0.0162373
0.152	0.05	0.0159771
0.16	0.05	0.0156838
0.168	0.05	0.0153538
0.176	0.05	0.0149831
0.184	0.05	0.014568
0.192	0.05	0.0141049
0.2	0.05	0.0135907
0.208	0.05	0.0130227
0.216	0.05	0.012399
0.224	0.05	0.0117188
0.232	0.05	0.010982
0.24	0.05	0.0101898
0.248	0.05	0.00934432
0.256	0.05	0.00844872
0.264	0.05	0.00750693
0.272	0.05	0.0065235
0.28	0.05	0.00550326
0.288	0.05	0.00445101
0.296	0.05	0.00337119
0.304	0.05	0.00226758
0.312	0.05	0.00114315
0.32	0.05	0
0	0.0625	0.0220466
0.00875	0.0625	0.0220409
0.0175	0.0625	0.0220235
0.02625	0.0625	0.0219943
0.035	0.0625	0.0219532
0.04375	0.0625	0.0218996
0.0525	0.0625	0.0218331
0.06125	0.0625	0.021753
0.07	0.0625	0.0216584
0.07875	0.0625	0.0215485
0.0875	0.0625	0.0214219
0.09625	0.0625	0.0212772
0.105	0.0625	0.0211126
0.11375	0.0625	0.0209261
0.1225	0.0625	0.0207152
0.13125	0.0625	0.0204773
0.14	0.0625	0.0202094
0.14875	0.0625	0.019908
0.1575	0.0625	0.0195697
0.16625	0.0625	0.0191908
0.175	0.0625	0.0187675
0.18375	0.0625	0.0182963
0.1925	0.0625	0.017774
0.20125	0.0625	0.0171976
0.21	0.0625	0.016565
0.21875	0.0625	0.015875
0.2275	0.0625	0.0151269
0.23625	0.0625	0.0143214
0.245	0.0625	0.0134598
0.25375	0.0625	0.0125445
0.2625	0.0625	0.0115788
0.27125	0.0625	0.0105664
0.28	0.0625	0.00951146
0.28875	0.0625	0.0084183
0.2975	0.0625	0.00729115
0.30625	0.0625	0.00613396
0.315	0.0625	0.00495018
0.32375	0.0625	0.00374273
0.3325	0.0625	0.00251401
0.34125	0.0625	0.00126591
0.35	0.0625	0
0	0.075	0.0260405
0.0095	0.075	0.0260326
0.019	0.075	0.0260089
0.0285	0.075	0.0259691
0.038	0.075	0.0259128
0.0475	0.075	0.0258395
0.057	0.075	0.0257484
0.0665	0.075	0.0256386
0.076	0.075	0.025509
0.0855	0.075	0.025358
0.095	0.075	0.025184
0.1045	0.075	0.0249849
0.114	0.075	0.0247585
0.1235	0.075	0.0245021
0.133	0.075	0.0242127
0.1425	0.075	0.0238871
0.152	0.075	0.0235218
0.1615	0.075	0.0231131
0.171	0.075	0.0226575
0.1805	0.075	0.0221515
0.19	0.075	0.0215919
0.1995	0.075	0.020976
0.209	0.075	0.0203018
0.2185	0.075	0.019568
0.228	0.075	0.0187742
0.2375	0.075	0.0179209
0.247	0.075	0.0170096
0.2565	0.075	0.0160426
0.266	0.075	0.0150229
0.2755	0.075	0.0139542
0.285	0.075	0.0128402
0.2945	0.075	0.0116852
0.304	0.075	0.0104932
0.3135	0.075	0.00926789
0.323	0.075	0.0080128
0.3325	0.075	0.00673097
0.342	0.075	0.00542499
0.3515	0.075	0.0040971
0.361	0.075	0.00274922
0.3705	0.075	0.00138301
0.38	0.075	0
0	0.0875	0.0299055
0.01025	0.0875	0.0298953
0.0205	0.0875	0.0298643
0.03075	0.0875	0.0298124
0.041	0.0875	0.0297389
0.05125	0.0875	0.0296432
0.0615	0.0875	0.0295243
0.07175	0.0875	0.0293809
0.082	0.0875	0.0292114
0.09225	0.0875	0.0290141
0.1025	0.0875	0.0287868
0.11275	0.0875	0.028527
0.123	0.0875	0.0282318
0.13325	0.0875	0.0278983
0.1435	0.0875	0.0275229
0.15375	0.0875	0.0271023
0.164	0.0875	0.026633
0.17425	0.0875	0.0261113
0.1845	0.0875	0.0255342
0.19475	0.0875	0.0248989
0.205	0.0875	0.0242032
0.21525	0.0875	0.0234457
0.2255	0.0875	0.0226256
0.23575	0.0875	0.0217435
0.246	0.0875	0.0208004
0.25625	0.0875	0.0197984
0.2665	0.0875	0.0187403
0.27675	0.0875	0.0176295
0.287	0.0875	0.0164697
0.29725	0.0875	0.0152649
0.3075	0.0875	0.0140191
0.31775	0.0875	0.0127361
0.328	0.0875	0.0114195
0.33825	0.0875	0.0100726
0.3485	0.0875	0.00869814
0.35875	0.0875	0.00729882
0.369	0.0875	0.00587685
0.37925	0.0875	0.00443423
0.3895	0.0875	0.00297279
0.39975	0.0875	0.00149419
0.41	0.0875	0
0	0.1	0.033645
0.011	0.1	0.0336321
0.022	0.1	0.0335931
0.033	0.1	0.0335277
0.044	0.1	0.0334353
0.055	0.1	0.0333149
0.066	0.1	0.0331652
0.077	0.1	0.0329848
0.088	0.1	0.0327717
0.099	0.1	0.0325237
0.11	0.1	0.0322383
0.121	0.1	0.0319126
0.132	0.1	0.0315435
0.143	0.1	0.0311276
0.154	0.1	0.0306616
0.165	0.1	0.0301419
0.176	0.1	0.0295652
0.187	0.1	0.0289288
0.198	0.1	0.02823
0.209	0.1	0.0274672
0.22	0.1	0.0266393
0.231	0.1	0.0257462
0.242	0.1	0.0247887
0.253	0.1	0.0237685
0.264	0.1	0.0226879
0.275	0.1	0.02155
0.286	0.1	0.0203585
0.297	0.1	0.0191171
0.308	0.1	0.0178299
0.319	0.1	0.0165008
0.33	0.1	0.0151335
0.341	0.1	0.0137316
0.352	0.1	0.0122983
0.363	0.1	0.0108366
0.374	0.1	0.00934895
0.385	0.1	0.00783785
0.396	0.1	0.00630542
0.407	0.1	0.00475363
0.418	0.1	0.00318433
0.429	0.1	0.00159924
0.44	0.1	0
0	0.1125	0.0372617
0.01175	0.1125	0.0372459
0.0235	0.1125	0.0371982
0.03525	0.1125	0.0371183
0.047	0.1125	0.0370053
0.05875	0.1125	0.0368582
0.0705	0.1125	0.0366753
0.08225	0.1125	0.036455
0.094	0.1125	0.036195
0.10575	0.1125	0.0358928
0.1175	0.1125	0.0355457
0.12925	0.1125	0.0351504
0.141	0.1125	0.0347038
0.15275	0.1125	0.0342024
0.1645	0.1125	0.033643
0.17625	0.1125	0.0330224
0.188	0.1125	0.0323379
0.19975	0.1125	0.0315873
0.2115	0.1125	0.0307692
0.22325	0.1125	0.0298827
0.235	0.1125	0.0289283
0.24675	0.1125	0.0279068
0.2585	0.1125	0.0268202
0.27025	0.1125	0.0256713
0.282	0.1125	0.0244633
0.29375	0.1125	0.0231998
0.3055	0.1125	0.0218849
0.31725	0.1125	0.0205226
0.329	0.1125	0.0191168
0.34075	0.1125	0.0176713
0.3525	0.1125	0.0161898
0.36425	0.1125	0.0146755
0.376	0.1125	0.0131314
0.38775	0.1125	0.0115604
0.3995	0.1125	0.00996499
0.41125	0.1125	0.00834745
0.423	0.1125	0.00671
0.43475	0.1125	0.00505467
0.4465	0.1125	0.00338336
0.45825	0.1125	0.00169791
0.47	0.1125	0
0	0.125	0.0407581
0.0125	0.125	0.0407391
0.025	0.125	0.0406822
0.0375	0.125	0.0405868
0.05	0.125	0.0404519
0.0625	0.125	0.0402763
0.075	0.125	0.0400582
0.0875	0.125	0.0397957
0.1	0.125	0.0394863
0.1125	0.125	0.0391273
0.125	0.125	0.0387157
0.1375	0.125	0.0382484
0.15	0.125	0.037722
0.1625	0.125	0.0371334
0.175	0.125	0.0364796
0.1875	0.125	0.035758
0.2	0.125	0.0349667
0.2125	0.125	0.0341042
0.225	0.125	0.0331701
0.2375	0.125	0.0321649
0.25	0.125	0.0310897
0.2625	0.125	0.0299467
0.275	0.125	0.0287386
0.2875	0.125	0.027469
0.3	0.125	0.0261416
0.3125	0.125	0.0247605
0.325	0.125	0.0233298
0.3375	0.125	0.0218535
0.35	0.125	0.0203357
0.3625	0.125	0.0187799
0.375	0.125	0.0171897
0.3875	0.125	0.0155683
0.4	0.125	0.0139186
0.4125	0.125	0.0122434
0.425	0.125	0.0105453
0.4375	0.125	0.00882667
0.45	0.125	0.00708972
0.4625	0.125	0.00533661
0.475	0.125	0.00356936
0.4875	0.125	0.00178988
0.5	0.125	0
0	0.1375	0.044136
0.01325	0.1375	0.0441139
0.0265	0.1375	0.0440472
0.03975	0.1375	0.0439354
0.053	0.1375	0.0437775
0.06625	0.1375	0.043572
0.0795	0.1375	0.0433171
0.09275	0.1375	0.0430106
0.106	0.1375	0.0426498
0.11925	0.1375	0.042232
0.1325	0.1375	0.0417542
0.14575	0.1375	0.0412132
0.159	0.1375	0.0406059
0.17225	0.1375	0.0399294
0.1855	0.1375	0.0391814
0.19875	0.1375	0.0383598
0.212	0.1375	0.0374635
0.22525	0.1375	0.0364921
0.2385	0.1375	0.0354461
0.25175	0.1375	0.0343268
0.265	0.1375	0.0331365
0.27825	0.1375	0.031878
0.2915	0.1375	0.0305549
0.30475	0.1375	0.0291711
0.318	0.1375	0.0277307
0.33125	0.1375	0.0262381
0.3445	0.1375	0.0246974
0.35775	0.1375	0.0231128
0.371	0.1375	0.0214881
0.38425	0.1375	0.019827
0.3975	0.1375	0.018133
0.41075	0.1375	0.0164092
0.424	0.1375	0.0146587
0.43725	0.1375	0.0128844
0.4505	0.1375	0.0110887
0.46375	0.1375	0.00927433
0.477	0.1375	0.00744355
0.49025	0.1375	0.00559864
0.5035	0.1375	0.00374172
0.51675	0.1375	0.00187486
0.53	0.1375	0
0	0.15	0.0473973
0.014	0.15	0.0473717
0.028	0.15	0.0472949
0.042	0.15	0.0471661
0.056	0.15	0.0469842
0.07	0.15	0.0467477
0.084	0.15	0.0464546
0.098	0.15	0.0461026
0.112	0.15	0.0456891
0.126	0.15	0.0452112
0.14	0.15	0.0446659
0.154	0.15	0.0440503
0.168	0.15	0.0433616
0.182	0.15	0.0425975
0.196	0.15	0.041756
0.21	0.15	0.0408361
0.224	0.15	0.0398373
0.238	0.15	0.0387601
0.252	0.15	0.037606
0.266	0.15	0.0363772
0.28	0.15	0.0350767
0.294	0.15	0.0337079
0.308	0.15	0.0322751
0.322	0.15	0.0307823
0.336	0.15	0.0292342
0.35	0.15	0.027635
0.364	0.15	0.0259892
0.378	0.15	0.0243007
0.392	0.15	0.0225737
0.406	0.15	0.0208117
0.42	0.15	0.0190183
0.434	0.15	0.0171968
0.448	0.15	0.0153503
0.462	0.15	0.0134817
0.476	0.15	0.0115938
0.49	0.15	0.00968915
0.504	0.15	0.00777038
0.518	0.15	0.00583983
0.532	0.15	0.00389981
0.546	0.15	0.00195249
0.56	0.15	0
0	0.1625	0.0505431
0.01475	0.1625	0.050514
0.0295	0.1625	0.0504266
0.04425	0.1625	0.0502802
0.059	0.1625	0.0500736
0.07375	0.1625	0.0498051
0.0885	0.1625	0.0494728
0.10325	0.1625	0.0490743
0.118	0.1625	0.048607
0.13275	0.1625	0.048068
0.1475	0.1625	0.0474546
0.16225	0.1625	0.0467641
0.177	0.1625	0.0459942
0.19175	0.1625	0.045143
0.2065	0.1625	0.0442094
0.22125	0.1625	0.043193
0.236	0.1625	0.0420942
0.25075	0.1625	0.0409144
0.2655	0.1625	0.0396558
0.28025	0.1625	0.0383214
0.295	0.1625	0.0369149
0.30975	0.1625	0.0354403
0.3245	0.1625	0.0339021
0.33925	0.1625	0.0323048
0.354	0.1625	0.0306531
0.36875	0.1625	0.0289516
0.3835	0.1625	0.0272047
0.39825	0.1625	0.0254165
0.413	0.1625	0.0235912
0.42775	0.1625	0.0217326
0.4425	0.1625	0.0198441
0.45725	0.1625	0.0179294
0.472	0.1625	0.0159916
0.48675	0.1625	0.0140338
0.5015	0.1625	0.0120589
0.51625	0.1625	0.0100698
0.531	0.1625	0.00806902
0.54575	0.1625	0.00605927
0.5605	0.1625	0.00404295
0.57525	0.1625	0.00202244
0.59	0.1625	0
0	0.175	0.0535744
0.0155	0.175	0.0535417
0.031	0.175	0.0534435
0.0465	0.175	0.053279
0.062	0.175	0.053047
0.0775	0.175	0.0527459
0.093	0.175	0.0523736
0.1085	0.175	0.0519278
0.124	0.175	0.0514058
0.1395	0.175	0.0508052
0.155	0.175	0.0501233
0.1705	0.175	0.0493579
0.186	0.175	0.0485072
0.2015	0.175	0.0475699
0.217	0.175	0.0465456
0.2325	0.175	0.0454346
0.248	0.175	0.0442383
0.2635	0.175	0.0429587
0.279	0.175	0.0415989
0.2945	0.175	0.0401624
0.31	0.175	0.0386535
0.3255	0.175	0.0370768
0.341	0.175	0.0354369
0.3565	0.175	0.0337388
0.372	0.175	0.0319873
0.3875	0.175	0.0301871
0.403	0.175	0.0283427
0.4185	0.175	0.0264586
0.434	0.175	0.0245389
0.4495	0.175	0.0225876
0.465	0.175	0.0206085
0.4805	0.175	0.018605
0.496	0.175	0.0165807
0.5115	0.175	0.0145388
0.527	0.175	0.0124825
0.5425	0.175	0.0104147
0.558	0.175	0.00833827
0.5735	0.175	0.00625599
0.589	0.175	0.00417049
0.6045	0.175	0.00208434
0.62	0.175	0
0	0.1875	0.056492
0.01625	0.1875	0.0564556
0.0325	0.1875	0.0563464
0.04875	0.1875	0.0561634
0.065	0.1875	0.0559056
0.08125	0.1875	0.0555712
0.0975	0.1875	0.0551582
0.11375	0.1875	0.0546644
0.13	0.1875	0.0540874
0.14625	0.1875	0.0534248
0.1625	0.1875	0.0526744
0.17875	0.1875	0.0518343
0.195	0.1875	0.0509034
0.21125	0.1875	0.0498809
0.2275	0.1875	0.0487673
0.24375	0.1875	0.0475637
0.26	0.1875	0.046272
0.27625	0.1875	0.0448953
0.2925	0.1875	0.043437
0.30875	0.1875	0.0419015
0.325	0.1875	0.0402934
0.34125	0.1875	0.0386176
0.3575	0.1875	0.0368793
0.37375	0.1875	0.0350835
0.39	0.1875	0.0332354
0.40625	0.1875	0.0313398
0.4225	0.1875	0.0294015
0.43875	0.1875	0.0274251
0.455	0.1875	0.0254148
0.47125	0.1875	0.0233748
0.4875	0.1875	0.0213091
0.50375	0.1875	0.0192216
0.52	0.1875	0.0171157
0.53625	0.1875	0.0149951
0.5525	0.1875	0.0128629
0.56875	0.1875	0.0107225
0.585	0.1875	0.00857691
0.60125	0.1875	0.00642904
0.6175	0.1875	0.00428178
0.63375	0.1875	0.00213788
0.65	0.1875	0
0	0.2	0.0592965
0.017	0.2	0.0592564
0.034	0.2	0.0591358
0.051	0.2	0.058934
0.068	0.2	0.0586499
0.085	0.2	0.0582817
0.102	0.2	0.0578276
0.119	0.2	0.0572854
0.136	0.2	0.056653
0.153	0.2	0.0559282
0.17	0.2	0.0551092
0.187	0.2	0.0541949
0.204	0.2	0.0531844
0.221	0.2	0.0520779
0.238	0.2	0.0508764
0.255	0.2	0.0495818
0.272	0.2	0.0481968
0.289	0.2	0.0467251
0.306	0.2	0.0451708
0.323	0.2	0.0435388
0.34	0.2	0.0418341
0.357	0.2	0.040062
0.374	0.2	0.0382281
0.391	0.2	0.0363376
0.408	0.2	0.0343958
0.425	0.2	0.032408
0.442	0.2	0.030379
0.459	0.2	0.0283136
0.476	0.2	0.0262164
0.493	0.2	0.0240918
0.51	0.2	0.021944
0.527	0.2	0.019777
0.544	0.2	0.0175947
0.561	0.2	0.0154006
0.578	0.2	0.0131986
0.595	0.2	0.0109918
0.612	0.2	0.00878375
0.629	0.2	0.0065775
0.646	0.2	0.00437616
0.663	0.2	0.0021827
0.68	0.2	0
0	0.2125	0.0619881
0.01775	0.2125	0.0619442
0.0355	0.2125	0.0618122
0.05325	0.2125	0.0615913
0.071	0.2125	0.0612805
0.08875	0.2125	0.0608782
0.1065	0.2125	0.0603825
0.12425	0.2125	0.0597915
0.142	0.2125	0.0591034
0.15975	0.2125	0.0583163
0.1775	0.2125	0.057429
0.19525	0.2125	0.0564406
0.213	0.2125	0.0553513
0.23075	0.2125	0.0541617
0.2485	0.2125	0.0528735
0.26625	0.2125	0.0514895
0.284	0.2125	0.050013
0.30175	0.2125	0.0484483
0.3195	0.2125	0.0468001
0.33725	0.2125	0.0450737
0.355	0.2125	0.0432747
0.37275	0.2125	0.0414088
0.3905	0.2125	0.0394817
0.40825	0.2125	0.037499
0.426	0.2125	0.0354664
0.44375	0.2125	0.0333893
0.4615	0.2125	0.0312728
0.47925	0.2125	0.0291219
0.497	0.2125	0.0269416
0.51475	0.2125	0.0247364
0.5325	0.2125	0.0225109
0.55025	0.2125	0.0202692
0.568	0.2125	0.0180155
0.58575	0.2125	0.0157537
0.6035	0.2125	0.0134877
0.62125	0.2125	0.0112212
0.639	0.2125	0.0089576
0.65675	0.2125	0.00670044
0.6745	0.2125	0.00445301
0.69225	0.2125	0.0022185
0.71	0.2125	0
0	0.225	0.0645672
0.0185	0.225	0.0645194
0.037	0.225	0.0643758
0.0555	0.225	0.0641356
0.074	0.225	0.0637977
0.0925	0.225	0.0633608
0.111	0.225	0.0628232
0.1295	0.225	0.0621832
0.148	0.225	0.0614391
0.1665	0.225	0.0605897
0.185	0.225	0.0596342
0.2035	0.225	0.0585722
0.222	0.225	0.0574046
0.2405	0.225	0.0561327
0.259	0.225	0.054759
0.2775	0.225	0.0532868
0.296	0.225	0.0517203
0.3145	0.225	0.0500642
0.333	0.225	0.0483239
0.3515	0.225	0.0465051
0.37	0.225	0.0446138
0.3885	0.225	0.0426562
0.407	0.225	0.0406382
0.4255	0.225	0.0385658
0.444	0.225	0.036445
0.4625	0.225	0.0342814
0.481	0.225	0.0320805
0.4995	0.225	0.0298476
0.518	0.225	0.0275879
0.5365	0.225	0.0253062
0.555	0.225	0.0230074
0.5735	0.225	0.0206959
0.592	0.225	0.0183762
0.6105	0.225	0.0160524
0.629	0.225	0.0137288
0.6475	0.225	0.0114091
0.666	0.225	0.00909732
0.6845	0.225	0.006797
0.703	0.225	0.00451174
0.7215	0.225	0.00224496
0.74	0.225	0
0	0.2375	0.0670338
0.01925	0.2375	0.0669821
0.0385	0.2375	0.0668266
0.05775	0.2375	0.0665668
0.077	0.2375	0.0662017
0.09625	0.2375	0.0657299
0.1155	0.2375	0.06515
0.13475	0.2375	0.0644606
0.154	0.2375	0.0636605
0.17325	0.2375	0.0627487
0.1925	0.2375	0.0617249
0.21175	0.2375	0.0605897
0.231	0.2375	0.0593443
0.25025	0.2375	0.0579908
0.2695	0.2375	0.0565325
0.28875	0.2375	0.0549732
0.308	0.2375	0.0533179
0.32725	0.2375	0.0515718
0.3465	0.2375	0.0497409
0.36575	0.2375	0.0478313
0.385	0.2375	0.0458496
0.40425	0.2375	0.0438021
0.4235	0.2375	0.0416953
0.44275	0.2375	0.0395356
0.462	0.2375	0.0373291
0.48125	0.2375	0.0350818
0.5005	0.2375	0.0327996
0.51975	0.2375	0.0304882
0.539	0.2375	0.0281528
0.55825	0.2375	0.0257989
0.5775	0.2375	0.0234313
0.59675	0.2375	0.0210551
0.616	0.2375	0.0186748
0.63525	0.2375	0.0162951
0.6545	0.2375	0.0139202
0.67375	0.2375	0.0115544
0.693	0.2375	0.00920183
0.71225	0.2375	0.00686634
0.7315	0.2375	0.00455177
0.75075	0.2375	0.00226181
0.77	0.2375	0
0	0.25	0.0693879
0.02	0.25	0.0693322
0.04	0.25	0.0691648
0.06	0.25	0.0688852
0.08	0.25	0.0684924
0.1	0.25	0.0679854
0.12	0.25	0.0673629
0.14	0.25	0.0666239
0.16	0.25	0.0657674
0.18	0.25	0.0647931
0.2	0.25	0.0637012
0.22	0.25	0.0624929
0.24	0.25	0.0611701
0.26	0.25	0.0597356
0.28	0.25	0.0581933
0.3	0.25	0.0565478
0.32	0.25	0.0548046
0.34	0.25	0.0529697
0.36	0.25	0.0510495
0.38	0.25	0.0490506
0.4	0.25	0.0469799
0.42	0.25	0.0448444
0.44	0.25	0.0426508
0.46	0.25	0.0404059
0.48	0.25	0.0381161
0.5	0.25	0.035788
0.52	0.25	0.0334277
0.54	0.25	0.0310411
0.56	0.25	0.028634
0.58	0.25	0.026212
0.6	0.25	0.0237805
0.62	0.25	0.0213447
0.64	0.25	0.0189095
0.66	0.25	0.0164799
0.68	0.25	0.0140605
0.7	0.25	0.0116557
0.72	0.25	0.00927006
0.74	0.25	0.00690765
0.76	0.25	0.00457258
0.78	0.25	0.00226877
0.8	0.25	0
0	0.2625	0.0716293
0.02075	0.2625	0.0715696
0.0415	0.2625	0.0713901
0.06225	0.2625	0.0710905
0.083	0.2625	0.0706698
0.10375	0.2625	0.0701272
0.1245	0.2625	0.0694618
0.14525	0.2625	0.0686727
0.166	0.2625	0.0677597
0.18675	0.2625	0.0667227
0.2075	0.2625	0.0655627
0.22825	0.2625	0.0642813
0.249	0.2625	0.0628812
0.26975	0.2625	0.0613661
0.2905	0.2625	0.0597403
0.31125	0.2625	0.0580094
0.332	0.2625	0.0561792
0.35275	0.2625	0.0542563
0.3735	0.2625	0.0522478
0.39425	0.2625	0.0501608
0.415	0.2625	0.0480027
0.43575	0.2625	0.0457807
0.4565	0.2625	0.0435022
0.47725	0.2625	0.0411742
0.498	0.2625	0.0388037
0.51875	0.2625	0.0363974
0.5395	0.2625	0.033962
0.56025	0.2625	0.0315038
0.581	0.2625	0.029029
0.60175	0.2625	0.0265433
0.6225	0.2625	0.0240527
0.64325	0.2625	0.0215626
0.664	0.2625	0.0190784
0.68475	0.2625	0.0166053
0.7055	0.2625	0.0141481
0.72625	0.2625	0.0117118
0.747	0.2625	0.00930104
0.76775	0.2625	0.0069202
0.7885	0.2625	0.00457366
0.80925	0.2625	0.00226559
0.83	0.2625	0
0	0.275	0.073758
0.0215	0.275	0.0736942
0.043	0.275	0.0735025
0.0645	0.275	0.0731825
0.086	0.275	0.0727336
0.1075	0.275	0.0721551
0.129	0.275	0.0714463
0.1505	0.275	0.0706069
0.172	0.275	0.0696369
0.1935	0.275	0.068537
0.215	0.275	0.0673086
0.2365	0.275	0.0659542
0.258	0.275	0.064477
0.2795	0.275	0.0628814
0.301	0.275	0.0611725
0.3225	0.275	0.0593564
0.344	0.275	0.0574398
0.3655	0.275	0.0554298
0.387	0.275	0.0533339
0.4085	0.275	0.0511599
0.43	0.275	0.0489155
0.4515	0.275	0.0466086
0.473	0.275	0.0442469
0.4945	0.275	0.0418379
0.516	0.275	0.0393891
0.5375	0.275	0.0369075
0.559	0.275	0.0344002
0.5805	0.275	0.031874
0.602	0.275	0.0293354
0.6235	0.275	0.0267906
0.645	0.275	0.0242458
0.6665	0.275	0.021707
0.688	0.275	0.0191797
0.7095	0.275	0.0166696
0.731	0.275	0.0141818
0.7525	0.275	0.0117216
0.774	0.275	0.00929384
0.7955	0.275	0.0069033
0.817	0.275	0.00455456
0.8385	0.275	0.00225205
0.86	0.275	0
0	0.2875	0.0757738
0.02225	0.2875	0.0757058
0.0445	0.2875	0.0755017
0.06675	0.2875	0.0751611
0.089	0.2875	0.0746836
0.11125	0.2875	0.0740688
0.1335	0.2875	0.0733162
0.15575	0.2875	0.072426
0.178	0.2875	0.0713986
0.20025	0.2875	0.0702354
0.2225	0.2875	0.0689384
0.24475	0.2875	0.0675107
0.267	0.2875	0.0659563
0.28925	0.2875	0.0642802
0.3115	0.2875	0.0624883
0.33375	0.2875	0.0605874
0.356	0.2875	0.0585847
0.37825	0.2875	0.0564881
0.4005	0.2875	0.0543056
0.42275	0.2875	0.0520454
0.445	0.2875	0.049716
0.46725	0.2875	0.0473257
0.4895	0.2875	0.0448825
0.51175	0.2875	0.0423946
0.534	0.2875	0.0398698
0.55625	0.2875	0.0373157
0.5785	0.2875	0.0347397
0.60075	0.2875	0.0321492
0.623	0.2875	0.0295509
0.64525	0.2875	0.0269516
0.6675	0.2875	0.0243578
0.68975	0.2875	0.0217759
0.712	0.2875	0.0192117
0.73425	0.2875	0.0166713
0.7565	0.2875	0.0141602
0.77875	0.2875	0.0116839
0.801	0.2875	0.0092476
0.82325	0.2875	0.0068563
0.8455	0.2875	0.00451486
0.86775	0.2875	0.00222794
0.89	0.2875	0
0	0.3	0.0776763
0.023	0.3	0.0776041
0.046	0.3	0.0773874
0.069	0.3	0.077026
0.092	0.3	0.0765195
0.115	0.3	0.0758679
0.138	0.3	0.075071
0.161	0.3	0.0741294
0.184	0.3	0.0730442
0.207	0.3	0.0718172
0.23	0.3	0.0704512
0.253	0.3	0.0689498
0.276	0.3	0.0673179
0.299	0.3	0.0655611
0.322	0.3	0.0636863
0.345	0.3	0.0617006
0.368	0.3	0.0596121
0.391	0.3	0.0574292
0.414	0.3	0.0551606
0.437	0.3	0.0528152
0.46	0.3	0.0504018
0.483	0.3	0.0479293
0.506	0.3	0.0454063
0.529	0.3	0.0428415
0.552	0.3	0.0402431
0.575	0.3	0.0376194
0.598	0.3	0.0349781
0.621	0.3	0.0323269
0.644	0.3	0.0296732
0.667	0.3	0.0270242
0.69	0.3	0.0243867
0.713	0.3	0.0217675
0.736	0.3	0.0191729
0.759	0.3	0.0166091
0.782	0.3	0.0140822
0.805	0.3	0.0115978
0.828	0.3	0.00916153
0.851	0.3	0.00677863
0.874	0.3	0.00445419
0.897	0.3	0.0021931
0.92	0.3	0
0	0.3125	0.0794653
0.02375	0.3125	0.0793889
0.0475	0.3125	0.0791594
0.07125	0.3125	0.0787768
0.095	0.3125	0.0782409
0.11875	0.3125	0.0775519
0.1425	0.3125	0.0767102
0.16625	0.3125	0.0757167
0.19	0.3125	0.074573
0.21375	0.3125	0.0732816
0.2375	0.3125	0.0718459
0.26125	0.3125	0.0702703
0.285	0.3125	0.0685605
0.30875	0.3125	0.0667228
0.3325	0.3125	0.0647646
0.35625	0.3125	0.0626941
0.38	0.3125	0.0605198
0.40375	0.3125	0.0582509
0.4275	0.3125	0.0558967
0.45125	0.3125	0.0534667
0.475	0.3125	0.0509703
0.49875	0.3125	0.0484169
0.5225	0.3125	0.0458158
0.54625	0.3125	0.0431761
0.57	0.3125	0.0405067
0.59375	0.3125	0.0378161
0.6175	0.3125	0.0351128
0.64125	0.3125	0.0324049
0.665	0.3125	0.0297002
0.68875	0.3125	0.0270063
0.7125	0.3125	0.0243306
0.73625	0.3125	0.0216801
0.76	0.3125	0.0190616
0.78375	0.3125	0.0164816
0.8075	0.3125	0.0139465
0.83125	0.3125	0.0114624
0.855	0.3125	0.00903494
0.87875	0.3125	0.00666978
0.9025	0.3125	0.00437222
0.92625	0.3125	0.00214735
0.95	0.3125	0
0	0.325	0.0811406
0.0245	0.325	0.0810599
0.049	0.325	0.0808174
0.0735	0.325	0.0804132
0.098	0.325	0.0798474
0.1225	0.325	0.0791205
0.147	0.325	0.0782333
0.1715	0.325	0.0771871
0.196	0.325	0.0759842
0.2205	0.325	0.0746276
0.245	0.325	0.0731215
0.2695	0.325	0.0714712
0.294	0.325	0.0696828
0.3185	0.325	0.0677636
0.343	0.325	0.0657217
0.3675	0.325	0.063566
0.392	0.325	0.0613059
0.4165	0.325	0.0589511
0.441	0.325	0.0565116
0.4655	0.325	0.0539975
0.49	0.325	0.051419
0.5145	0.325	0.048786
0.539	0.325	0.0461084
0.5635	0.325	0.0433959
0.588	0.325	0.0406579
0.6125	0.325	0.0379035
0.637	0.325	0.0351417
0.6615	0.325	0.032381
0.686	0.325	0.0296298
0.7105	0.325	0.0268961
0.735	0.325	0.0241877
0.7595	0.325	0.0215121
0.784	0.325	0.0188764
0.8085	0.325	0.0162876
0.833	0.325	0.0137523
0.8575	0.325	0.0112768
0.882	0.325	0.00886717
0.9065	0.325	0.00652929
0.931	0.325	0.00426867
0.9555	0.325	0.00209057
0.98	0.325	0
0	0.3375	0.0827019
0.02525	0.3375	0.0826167
0.0505	0.3375	0.082361
0.07575	0.3375	0.0819348
0.101	0.3375	0.0813386
0.12625	0.3375	0.0805731
0.1515	0.3375	0.0796396
0.17675	0.3375	0.0785399
0.202	0.3375	0.0772769
0.22725	0.3375	0.0758543
0.2525	0.3375	0.074277
0.27775	0.3375	0.0725509
0.303	0.3375	0.0706832
0.32825	0.3375	0.0686818
0.3535	0.3375	0.0665556
0.37875	0.3375	0.0643144
0.404	0.3375	0.0619681
0.42925	0.3375	0.0595273
0.4545	0.3375	0.0570028
0.47975	0.3375	0.0544052
0.505	0.3375	0.0517454
0.53025	0.3375	0.0490341
0.5555	0.3375	0.0462816
0.58075	0.3375	0.0434983
0.606	0.3375	0.0406943
0.63125	0.3375	0.0378791
0.6565	0.3375	0.0350623
0.68175	0.3375	0.0322529
0.707	0.3375	0.0294599
0.73225	0.3375	0.0266916
0.7575	0.3375	0.0239564
0.78275	0.3375	0.0212621
0.808	0.3375	0.0186162
0.83325	0.3375	0.016026
0.8585	0.3375	0.0134985
0.88375	0.3375	0.0110403
0.909	0.3375	0.00865769
0.93425	0.3375	0.0063568
0.9595	0.3375	0.00414331
0.98475	0.3375	0.00202267
1.01	0.3375	0
0	0.35	0.0841488
0.026	0.35	0.0840592
0.052	0.35	0.0837899
0.078	0.35	0.0833413
0.104	0.35	0.0827141
0.13	0.35	0.0819093
0.156	0.35	0.0809286
0.182	0.35	0.0797745
0.208	0.35	0.0784504
0.234	0.35	0.0769607
0.26	0.35	0.0753111
0.286	0.35	0.0735083
0.312	0.35	0.0715602
0.338	0.35	0.0694758
0.364	0.35	0.0672646
0.39	0.35	0.0649371
0.416	0.35	0.0625043
0.442	0.35	0.0599774
0.468	0.35	0.0573679
0.494	0.35	0.0546873
0.52	0.35	0.051947
0.546	0.35	0.0491585
0.572	0.35	0.0463328
0.598	0.35	0.0434809
0.624	0.35	0.0406134
0.65	0.35	0.0377406
0.676	0.35	0.0348724
0.702	0.35	0.0320187
0.728	0.35	0.0291886
0.754	0.35	0.0263912
0.78	0.35	0.0236351
0.806	0.35	0.0209285
0.832	0.35	0.0182796
0.858	0.35	0.0156957
0.884	0.35	0.0131843
0.91	0.35	0.0107522
0.936	0.35	0.00840602
0.962	0.35	0.00615196
0.988	0.35	0.00399595
1.014	0.35	0.00194355
1.04	0.35	0
0	0.3625	0.0854812
0.02675	0.3625	0.0853869
0.0535	0.3625	0.0851038
0.08025	0.3625	0.0846323
0.107	0.3625	0.0839734
0.13375	0.3625	0.0831284
0.1605	0.3625	0.0820996
0.18725	0.3625	0.08089
0.214	0.3625	0.0795036
0.24075	0.3625	0.0779457
0.2675	0.3625	0.0762226
0.29425	0.3625	0.0743419
0.321	0.3625	0.0723124
0.34775	0.3625	0.0701437
0.3745	0.3625	0.0678466
0.40125	0.3625	0.0654322
0.428	0.3625	0.0629123
0.45475	0.3625	0.060299
0.4815	0.3625	0.0576046
0.50825	0.3625	0.0548413
0.535	0.3625	0.0520213
0.56175	0.3625	0.0491568
0.5885	0.3625	0.0462596
0.61525	0.3625	0.0433412
0.642	0.3625	0.0404129
0.66875	0.3625	0.0374857
0.6955	0.3625	0.03457
0.72225	0.3625	0.0316762
0.749	0.3625	0.0288141
0.77575	0.3625	0.025993
0.8025	0.3625	0.0232222
0.82925	0.3625	0.0205103
0.856	0.3625	0.0178656
0.88275	0.3625	0.015296
0.9095	0.3625	0.0128091
0.93625	0.3625	0.0104121
0.963	0.3625	0.00811178
0.98975	0.3625	0.00591455
1.0165	0.3625	0.00382646
1.04325	0.3625	0.00185318
1.07	0.3625	0
0	0.375	0.0866987
0.0275	0.375	0.0865997
0.055	0.375	0.0863024
0.0825	0.375	0.0858074
0.11	0.375	0.0851161
0.1375	0.375	0.0842301
0.165	0.375	0.0831521
0.1925	0.375	0.0818857
0.22	0.375	0.0804358
0.2475	0.375	0.0788082
0.275	0.375	0.0770102
0.3025	0.375	0.0750502
0.33	0.375	0.0729379
0.3575	0.375	0.0706839
0.385	0.375	0.0682997
0.4125	0.375	0.0657974
0.44	0.375	0.0631898
0.4675	0.375	0.0604897
0.495	0.375	0.0577103
0.5225	0.375	0.0548647
0.55	0.375	0.0519658
0.5775	0.375	0.0490266
0.605	0.375	0.0460595
0.6325	0.375	0.0430769
0.66	0.375	0.0400906
0.6875	0.375	0.0371123
0.715	0.375	0.0341531
0.7425	0.375	0.0312238
0.77	0.375	0.0283347
0.7975	0.375	0.0254958
0.825	0.375	0.0227165
0.8525	0.375	0.0200061
0.88	0.375	0.0173732
0.9075	0.375	0.0148259
0.935	0.375	0.0123722
0.9625	0.375	0.0100195
0.99	0.375	0.00777466
1.0175	0.375	0.00564437
1.045	0.375	0.00363475
1.0725	0.375	0.00175152
1.1	0.375	0
0	0.3875	0.087801
0.02825	0.3875	0.0876972
0.0565	0.3875	0.0873853
0.08475	0.3875	0.0868664
0.113	0.3875	0.0861417
0.14125	0.3875	0.0852136
0.1695	0.3875	0.0840852
0.19775	0.3875	0.0827608
0.226	0.3875	0.0812459
0.25425	0.3875	0.0795471
0.2825	0.3875	0.0776726
0.31075	0.3875	0.0756318
0.339	0.3875	0.0734352
0.36725	0.3875	0.0710944
0.3955	0.3875	0.0686219
0.42375	0.3875	0.0660307
0.452	0.3875	0.0633346
0.48025	0.3875	0.0605473
0.5085	0.3875	0.0576828
0.53675	0.3875	0.0547551
0.565	0.3875	0.0517781
0.59325	0.3875	0.0487653
0.6215	0.3875	0.0457301
0.64975	0.3875	0.0426856
0.678	0.3875	0.0396442
0.70625	0.3875	0.0366183
0.7345	0.3875	0.0336196
0.76275	0.3875	0.0306595
0.791	0.3875	0.0277488
0.81925	0.3875	0.0248979
0.8475	0.3875	0.0221168
0.87575	0.3875	0.019415
0.904	0.3875	0.0168015
0.93225	0.3875	0.0142849
0.9605	0.3875	0.0118732
0.98875	0.3875	0.00957396
1.017	0.3875	0.00739445
1.04525	0.3875	0.00534132
1.0735	0.3875	0.00342078
1.10175	0.3875	0.00163859
1.13	0.3875	0
0	0.4	0.088788
0.029	0.4	0.0886792
0.058	0.4	0.0883524
0.087	0.4	0.0878087
0.116	0.4	0.0870499
0.145	0.4	0.0860786
0.174	0.4	0.0848985
0.203	0.4	0.0835145
0.232	0.4	0.0819329
0.261	0.4	0.0801613
0.29	0.4	0.0782085
0.319	0.4	0.0760851
0.348	0.4	0.0738025
0.377	0.4	0.0713734
0.406	0.4	0.0688111
0.435	0.4	0.0661299
0.464	0.4	0.0633444
0.493	0.4	0.0604693
0.522	0.4	0.0575195
0.551	0.4	0.0545101
0.58	0.4	0.0514556
0.609	0.4	0.0483706
0.638	0.4	0.0452692
0.667	0.4	0.0421651
0.696	0.4	0.0390717
0.725	0.4	0.0360018
0.754	0.4	0.0329679
0.783	0.4	0.0299818
0.812	0.4	0.0270549
0.841	0.4	0.0241982
0.87	0.4	0.021422
0.899	0.4	0.0187362
0.928	0.4	0.01615
0.957	0.4	0.0136724
0.986	0.4	0.0113115
1.015	0.4	0.00907534
1.044	0.4	0.00697102
1.073	0.4	0.00500536
1.102	0.4	0.00318458
1.131	0.4	0.00151442
1.16	0.4	0
0	0.4125	0.0896594
0.02975	0.4125	0.0895454
0.0595	0.4125	0.0892033
0.08925	0.4125	0.0886342
0.119	0.4125	0.0878402
0.14875	0.4125	0.0868244
0.1785	0.4125	0.0855912
0.20825	0.4125	0.084146
0.238	0.4125	0.082496
0.26775	0.4125	0.0806495
0.2975	0.4125	0.0786166
0.32725	0.4125	0.0764087
0.357	0.4125	0.0740382
0.38675	0.4125	0.0715189
0.4165	0.4125	0.0688654
0.44625	0.4125	0.0660928
0.476	0.4125	0.0632169
0.50575	0.4125	0.0602533
0.5355	0.4125	0.0572181
0.56525	0.4125	0.0541272
0.595	0.4125	0.0509961
0.62475	0.4125	0.0478402
0.6545	0.4125	0.0446744
0.68425	0.4125	0.0415133
0.714	0.4125	0.0383709
0.74375	0.4125	0.0352609
0.7735	0.4125	0.0321961
0.80325	0.4125	0.0291891
0.833	0.4125	0.0262518
0.86275	0.4125	0.0233955
0.8925	0.4125	0.0206311
0.92225	0.4125	0.0179687
0.952	0.4125	0.0154179
0.98175	0.4125	0.0129879
1.0115	0.4125	0.0106871
1.04125	0.4125	0.00852346
1.071	0.4125	0.00650433
1.10075	0.4125	0.00463652
1.1305	0.4125	0.00292624
1.16025	0.4125	0.00137911
1.19	0.4125	0
0	0.425	0.090415
0.0305	0.425	0.0902958
0.061	0.425	0.0899378
0.0915	0.425	0.0893425
0.122	0.425	0.0885122
0.1525	0.425	0.0874507
0.183	0.425	0.0861626
0.2135	0.425	0.0846545
0.244	0.425	0.082934
0.2745	0.425	0.0810107
0.305	0.425	0.0788955
0.3355	0.425	0.0766008
0.366	0.425	0.0741404
0.3965	0.425	0.0715291
0.427	0.425	0.0687826
0.4575	0.425	0.0659172
0.488	0.425	0.0629498
0.5185	0.425	0.0598971
0.549	0.425	0.0567762
0.5795	0.425	0.053604
0.61	0.425	0.0503971
0.6405	0.425	0.0471717
0.671	0.425	0.0439436
0.7015	0.425	0.0407281
0.732	0.425	0.0375401
0.7625	0.425	0.0343937
0.793	0.425	0.0313027
0.8235	0.425	0.02828
0.854	0.425	0.0253381
0.8845	0.425	0.0224888
0.915	0.425	0.0197432
0.9455	0.425	0.0171119
0.976	0.425	0.0146048
1.0065	0.425	0.0122312
1.037	0.425	0.00999965
1.0675	0.425	0.00791827
1.098	0.425	0.00599443
1.1285	0.425	0.00423494
1.159	0.425	0.00264593
1.1895	0.425	0.00123281
1.22	0.425	0
0	0.4375	0.0910547
0.03125	0.4375	0.09093
0.0625	0.4375	0.0905556
0.09375	0.4375	0.0899332
0.125	0.4375	0.0890656
0.15625	0.4375	0.0879568
0.1875	0.4375	0.0866122
0.21875	0.4375	0.0850391
0.25	0.4375	0.0832461
0.28125	0.4375	0.0812436
0.3125	0.4375	0.0790437
0.34375	0.4375	0.0766601
0.375	0.4375	0.0741075
0.40625	0.4375	0.071402
0.4375	0.4375	0.0685607
0.46875	0.4375	0.0656009
0.5	0.4375	0.0625408
0.53125	0.4375	0.0593982
0.5625	0.4375	0.0561914
0.59375	0.4375	0.0529383
0.625	0.4375	0.0496564
0.65625	0.4375	0.0463629
0.6875	0.4375	0.0430746
0.71875	0.4375	0.0398075
0.75	0.4375	0.0365773
0.78125	0.4375	0.0333987
0.8125	0.4375	0.0302862
0.84375	0.4375	0.0272533
0.875	0.4375	0.0243129
0.90625	0.4375	0.0214772
0.9375	0.4375	0.0187578
0.96875	0.4375	0.0161655
1	0.4375	0.0137104
1.03125	0.4375	0.0114021
1.0625	0.4375	0.00924917
1.09375	0.4375	0.00725985
1.125	0.4375	0.0054415
1.15625	0.4375	0.00380086
1.1875	0.4375	0.00234393
1.21875	0.4375	0.00107575
1.25	0.4375	0
0	0.45	0.0915782
0.032	0.45	0.0914479
0.064	0.45	0.0910566
0.096	0.45	0.0904063
0.128	0.45	0.0894999
0.16	0.45	0.0883422
0.192	0.45	0.0869393
0.224	0.45	0.085299
0.256	0.45	0.0834311
0.288	0.45	0.081347
0.32	0.45	0.0790599
0.352	0.45	0.0765847
0.384	0.45	0.0739375
0.416	0.45	0.0711357
0.448	0.45	0.0681974
0.48	0.45	0.0651417
0.512	0.45	0.0619876
0.544	0.45	0.0587544
0.576	0.45	0.0554614
0.608	0.45	0.0521277
0.64	0.45	0.0487717
0.672	0.45	0.0454118
0.704	0.45	0.0420655
0.736	0.45	0.0387497
0.768	0.45	0.0354808
0.8	0.45	0.0322744
0.832	0.45	0.0291453
0.864	0.45	0.0261077
0.896	0.45	0.023175
0.928	0.45	0.0203599
0.96	0.45	0.0176741
0.992	0.45	0.0151289
1.024	0.45	0.0127344
1.056	0.45	0.0105004
1.088	0.45	0.00843571
1.12	0.45	0.00654838
1.152	0.45	0.00484582
1.184	0.45	0.00333467
1.216	0.45	0.00202068
1.248	0.45	0.000908351
1.28	0.45	0
0	0.4625	0.0919855
0.03275	0.4625	0.0918494
0.0655	0.4625	0.0914406
0.09825	0.4625	0.0907612
0.131	0.4625	0.0898148
0.16375	0.4625	0.0886065
0.1965	0.4625	0.0871432
0.22925	0.4625	0.0854335
0.262	0.4625	0.0834881
0.29475	0.4625	0.0813197
0.3275	0.4625	0.0789426
0.36025	0.4625	0.0763731
0.393	0.4625	0.0736286
0.42575	0.4625	0.070728
0.4585	0.4625	0.0676908
0.49125	0.4625	0.0645373
0.524	0.4625	0.0612879
0.55675	0.4625	0.0579633
0.5895	0.4625	0.0545839
0.62225	0.4625	0.0511698
0.655	0.4625	0.0477409
0.68775	0.4625	0.0443162
0.7205	0.4625	0.0409142
0.75325	0.4625	0.0375528
0.786	0.4625	0.034249
0.81875	0.4625	0.0310192
0.8515	0.4625	0.0278787
0.88425	0.4625	0.0248423
0.917	0.4625	0.0219238
0.94975	0.4625	0.0191363
0.9825	0.4625	0.0164919
1.01525	0.4625	0.0140019
1.048	0.4625	0.0116768
1.08075	0.4625	0.0095264
1.1135	0.4625	0.00755949
1.14625	0.4625	0.00578421
1.179	0.4625	0.00420788
1.21175	0.4625	0.00283699
1.2445	0.4625	0.00167693
1.27725	0.4625	0.000731271
1.31	0.4625	0
0	0.475	0.0922765
0.0335	0.475	0.0921343
0.067	0.475	0.0917074
0.1005	0.475	0.090998
0.134	0.475	0.0900101
0.1675	0.475	0.0887493
0.201	0.475	0.0872233
0.2345	0.475	0.0854416
0.268	0.475	0.083416
0.3015	0.475	0.0811604
0.335	0.475	0.0786904
0.3685	0.475	0.0760236
0.402	0.475	0.0731791
0.4355	0.475	0.0701771
0.469	0.475	0.0670386
0.5025	0.475	0.0637854
0.536	0.475	0.0604394
0.5695	0.475	0.0570225
0.603	0.475	0.0535565
0.6365	0.475	0.0500627
0.67	0.475	0.0465618
0.7035	0.475	0.0430741
0.737	0.475	0.039619
0.7705	0.475	0.0362152
0.804	0.475	0.0328805
0.8375	0.475	0.0296318
0.871	0.475	0.0264853
0.9045	0.475	0.0234562
0.938	0.475	0.0205586
0.9715	0.475	0.017806
1.005	0.475	0.0152107
1.0385	0.475	0.0127844
1.072	0.475	0.0105376
1.1055	0.475	0.00848015
1.139	0.475	0.00662086
1.1725	0.475	0.00496785
1.206	0.475	0.00352839
1.2395	0.475	0.00230878
1.273	0.475	0.00131386
1.3065	0.475	0.000545633
1.34	0.475	0
0	0.4875	0.0924511
0.03425	0.4875	0.0923026
0.0685	0.4875	0.0918568
0.10275	0.4875	0.0911163
0.137	0.4875	0.0900852
0.17125	0.4875	0.08877
0.2055	0.4875	0.0871789
0.23975	0.4875	0.0853226
0.274	0.4875	0.0832139
0.30825	0.4875	0.0808678
0.3425	0.4875	0.0783017
0.37675	0.4875	0.0755345
0.411	0.4875	0.0725869
0.44525	0.4875	0.0694808
0.4795	0.4875	0.0662387
0.51375	0.4875	0.062884
0.548	0.4875	0.0594399
0.58225	0.4875	0.05593
0.6165	0.4875	0.0523771
0.65075	0.4875	0.0488039
0.685	0.4875	0.0452324
0.71925	0.4875	0.0416836
0.7535	0.4875	0.0381781
0.78775	0.4875	0.0347353
0.822	0.4875	0.0313738
0.85625	0.4875	0.0281112
0.8905	0.4875	0.0249643
0.92475	0.4875	0.0219485
0.959	0.4875	0.0190787
0.99325	0.4875	0.0163685
1.0275	0.4875	0.0138305
1.06175	0.4875	0.0114765
1.096	0.4875	0.00931706
1.13025	0.4875	0.00736206
1.1645	0.4875	0.00562038
1.19875	0.4875	0.00410011
1.233	0.4875	0.00280848
1.26725	0.4875	0.00175159
1.3015	0.4875	0.000933425
1.33575	0.4875	0.000353327
1.37	0.4875	0
0	0.5	0.0925093
0.035	0.5	0.0923543
0.07	0.5	0.0918889
0.105	0.5	0.0911159
0.14	0.5	0.0900401
0.175	0.5	0.0886683
0.21	0.5	0.0870096
0.245	0.5	0.0850756
0.28	0.5	0.0828805
0.315	0.5	0.0804407
0.35	0.5	0.077775
0.385	0.5	0.0749041
0.42	0.5	0.0718503
0.455	0.5	0.0686371
0.49	0.5	0.0652889
0.525	0.5	0.0618306
0.56	0.5	0.0582871
0.595	0.5	0.0546833
0.63	0.5	0.0510435
0.665	0.5	0.0473916
0.7	0.5	0.0437507
0.735	0.5	0.040143
0.77	0.5	0.0365899
0.805	0.5	0.0331117
0.84	0.5	0.0297277
0.875	0.5	0.0264563
0.91	0.5	0.0233146
0.945	0.5	0.0203188
0.98	0.5	0.0174838
1.015	0.5	0.0148237
1.05	0.5	0.0123513
1.085	0.5	0.0100783
1.12	0.5	0.00801545
1.155	0.5	0.00617266
1.19	0.5	0.00455884
1.225	0.5	0.00318215
1.26	0.5	0.00204988
1.295	0.5	0.0011679
1.33	0.5	0.000538874
1.365	0.5	0.000157555
1.4	0.5	0
