0	0	0
0.0075	0	0
0.015	0	0
0.0225	0	0
0.03	0	0
0.0375	0	0
0.045	0	0
0.0525	0	0
0.06	0	0
0.0675	0	0
0.075	0	0
0.0825	0	0
0.09	0	0
0.0975	0	0
0.105	0	0
0.1125	0	0
0.12	0	0
0.1275	0	0
0.135	0	0
0.1425	0	0
0.15	0	0
0.1575	0	0
0.165	0	0
0.1725	0	0
0.18	0	0
0.1875	0	0
0.195	0	0
0.2025	0	0
0.21	0	0
0.2175	0	0
0.225	0	0
0.2325	0	0
0.24	0	0
0.2475	0	0
0.255	0	0
0.2625	0	0
0.27	0	0
0.2775	0	0
0.285	0	0
0.2925	0	0
0.3	0	0
0	0.0225	0.0101822
0.00799608	0.0225	0.0101799
0.0159922	0.0225	0.0101728
0.0239882	0.0225	0.010161
0.0319843	0.0225	0.0101444
0.0399804	0.0225	0.0101229
0.0479765	0.0225	0.0100966
0.0559725	0.0225	0.0100653
0.0639686	0.0225	0.0100288
0.0719647	0.0225	0.00998717
0.0799608	0.0225	0.00994012
0.0879569	0.0225	0.0098875
0.0959529	0.0225	0.00982912
0.103949	0.0225	0.00976475
0.111945	0.0225	0.00969411
0.119941	0.0225	0.00961689
0.127937	0.0225	0.00953276
0.135933	0.0225	0.00944129
0.143929	0.0225	0.00934203
0.151925	0.0225	0.00923444
0.159922	0.0225	0.00911788
0.167918	0.0225	0.00899161
0.175914	0.0225	0.00885479
0.18391	0.0225	0.00870636
0.191906	0.0225	0.00854511
0.199902	0.0225	0.00836955
0.207898	0.0225	0.00817787
0.215894	0.0225	0.00796783
0.22389	0.0225	0.00773664
0.231886	0.0225	0.00748081
0.239882	0.0225	0.0071959
0.247878	0.0225	0.0068762
0.255875	0.0225	0.00651437
0.263871	0.0225	0.00610081
0.271867	0.0225	0.005623
0.279863	0.0225	0.00506446
0.287859	0.0225	0.00440343
0.295855	0.0225	0.00361114
0.303851	0.0225	0.0026495
0.311847	0.0225	0.00146805
0.319843	0.0225	0
0	0.045	0.0198955
0.00849216	0.045	0.0198903
0.0169843	0.045	0.0198745
0.0254765	0.045	0.0198482
0.0339686	0.045	0.0198112
0.0424608	0.045	0.0197634
0.0509529	0.045	0.0197047
0.0594451	0.045	0.0196347
0.0679373	0.045	0.0195533
0.0764294	0.045	0.0194601
0.0849216	0.045	0.0193548
0.0934137	0.045	0.0192369
0.101906	0.045	0.0191059
0.110398	0.045	0.0189613
0.11889	0.045	0.0188024
0.127382	0.045	0.0186284
0.135875	0.045	0.0184384
0.144367	0.045	0.0182314
0.152859	0.045	0.0180064
0.161351	0.045	0.0177618
0.169843	0.045	0.0174962
0.178335	0.045	0.0172077
0.186827	0.045	0.0168942
0.19532	0.045	0.0165531
0.203812	0.045	0.0161815
0.212304	0.045	0.0157758
0.220796	0.045	0.0153318
0.229288	0.045	0.0148445
0.23778	0.045	0.014308
0.246273	0.045	0.0137151
0.254765	0.045	0.0130572
0.263257	0.045	0.0123245
0.271749	0.045	0.0115051
0.280241	0.045	0.0105854
0.288733	0.045	0.00955006
0.297225	0.045	0.00838205
0.305718	0.045	0.00706351
0.31421	0.045	0.00557695
0.322702	0.045	0.00390763
0.331194	0.045	0.00204725
0.339686	0.045	0
0	0.0675	0.0291763
0.00898824	0.0675	0.0291677
0.0179765	0.0675	0.0291418
0.0269647	0.0675	0.0290984
0.0359529	0.0675	0.0290375
0.0449412	0.0675	0.0289588
0.0539294	0.0675	0.028862
0.0629176	0.0675	0.0287467
0.0719059	0.0675	0.0286125
0.0808941	0.0675	0.0284588
0.0898824	0.0675	0.0282849
0.0988706	0.0675	0.0280902
0.107859	0.0675	0.0278737
0.116847	0.0675	0.0276344
0.125835	0.0675	0.0273712
0.134824	0.0675	0.0270828
0.143812	0.0675	0.0267676
0.1528	0.0675	0.026424
0.161788	0.0675	0.0260499
0.170776	0.0675	0.0256431
0.179765	0.0675	0.025201
0.188753	0.0675	0.0247204
0.197741	0.0675	0.0241981
0.206729	0.0675	0.02363
0.215718	0.0675	0.0230114
0.224706	0.0675	0.0223373
0.233694	0.0675	0.0216015
0.242682	0.0675	0.0207973
0.251671	0.0675	0.0199168
0.260659	0.0675	0.0189516
0.269647	0.0675	0.0178921
0.278635	0.0675	0.0167281
0.287624	0.0675	0.0154488
0.296612	0.0675	0.014043
0.3056	0.0675	0.0125002
0.314588	0.0675	0.0108105
0.323576	0.0675	0.00896628
0.332565	0.0675	0.00696243
0.341553	0.0675	0.00479771
0.350541	0.0675	0.00247489
0.359529	0.0675	0
0	0.09	0.0380592
0.00948431	0.09	0.0380468
0.0189686	0.09	0.0380093
0.0284529	0.09	0.0379468
0.0379373	0.09	0.0378589
0.0474216	0.09	0.0377453
0.0569059	0.09	0.0376056
0.0663902	0.09	0.0374391
0.0758745	0.09	0.0372453
0.0853588	0.09	0.0370232
0.0948431	0.09	0.036772
0.104327	0.09	0.0364906
0.113812	0.09	0.0361776
0.123296	0.09	0.0358316
0.13278	0.09	0.035451
0.142265	0.09	0.0350338
0.151749	0.09	0.034578
0.161233	0.09	0.034081
0.170718	0.09	0.0335402
0.180202	0.09	0.0329523
0.189686	0.09	0.0323139
0.199171	0.09	0.031621
0.208655	0.09	0.0308692
0.218139	0.09	0.0300534
0.227624	0.09	0.0291681
0.237108	0.09	0.0282072
0.246592	0.09	0.027164
0.256076	0.09	0.0260314
0.265561	0.09	0.0248015
0.275045	0.09	0.0234664
0.284529	0.09	0.0220179
0.294014	0.09	0.0204478
0.303498	0.09	0.0187486
0.312982	0.09	0.0169132
0.322467	0.09	0.0149361
0.331951	0.09	0.0128132
0.341435	0.09	0.0105422
0.35092	0.09	0.00812296
0.360404	0.09	0.00555729
0.369888	0.09	0.00284832
0.379373	0.09	0
0	0.1125	0.0465762
0.00998039	0.1125	0.0465596
0.0199608	0.1125	0.0465096
0.0299412	0.1125	0.046426
0.0399216	0.1125	0.0463086
0.049902	0.1125	0.0461568
0.0598824	0.1125	0.0459701
0.0698627	0.1125	0.0457477
0.0798431	0.1125	0.0454887
0.0898235	0.1125	0.0451921
0.0998039	0.1125	0.0448565
0.109784	0.1125	0.0444805
0.119765	0.1125	0.0440625
0.129745	0.1125	0.0436006
0.139725	0.1125	0.0430926
0.149706	0.1125	0.0425362
0.159686	0.1125	0.0419287
0.169667	0.1125	0.0412669
0.179647	0.1125	0.0405476
0.189627	0.1125	0.039767
0.199608	0.1125	0.0389209
0.209588	0.1125	0.0380048
0.219569	0.1125	0.0370137
0.229549	0.1125	0.0359422
0.239529	0.1125	0.0347845
0.24951	0.1125	0.0335345
0.25949	0.1125	0.0321858
0.269471	0.1125	0.0307316
0.279451	0.1125	0.0291655
0.289431	0.1125	0.0274809
0.299412	0.1125	0.0256716
0.309392	0.1125	0.023732
0.319373	0.1125	0.0216574
0.329353	0.1125	0.019444
0.339333	0.1125	0.0170893
0.349314	0.1125	0.014592
0.359294	0.1125	0.011952
0.369274	0.1125	0.00917055
0.379255	0.1125	0.0062496
0.389235	0.1125	0.00319177
0.399216	0.1125	0
0	0.135	0.0547564
0.0104765	0.135	0.0547352
0.0209529	0.135	0.0546718
0.0314294	0.135	0.0545658
0.0419059	0.135	0.0544168
0.0523824	0.135	0.0542243
0.0628588	0.135	0.0539875
0.0733353	0.135	0.0537055
0.0838118	0.135	0.0533771
0.0942882	0.135	0.0530011
0.104765	0.135	0.0525759
0.115241	0.135	0.0520998
0.125718	0.135	0.0515707
0.136194	0.135	0.0509865
0.146671	0.135	0.0503446
0.157147	0.135	0.0496421
0.167624	0.135	0.0488761
0.1781	0.135	0.0480429
0.188576	0.135	0.0471389
0.199053	0.135	0.04616
0.209529	0.135	0.0451017
0.220006	0.135	0.0439592
0.230482	0.135	0.0427275
0.240959	0.135	0.0414012
0.251435	0.135	0.0399749
0.261912	0.135	0.0384428
0.272388	0.135	0.0367994
0.282865	0.135	0.0350391
0.293341	0.135	0.0331566
0.303818	0.135	0.031147
0.314294	0.135	0.029006
0.324771	0.135	0.0267301
0.335247	0.135	0.0243163
0.345724	0.135	0.021763
0.3562	0.135	0.0190691
0.366676	0.135	0.0162347
0.377153	0.135	0.0132604
0.387629	0.135	0.0101477
0.398106	0.135	0.00689858
0.408582	0.135	0.00351517
0.419059	0.135	0
0	0.1575	0.0626252
0.0109725	0.1575	0.0625994
0.0219451	0.1575	0.0625219
0.0329176	0.1575	0.0623924
0.0438902	0.1575	0.0622104
0.0548627	0.1575	0.0619752
0.0658353	0.1575	0.0616861
0.0768078	0.1575	0.0613418
0.0877804	0.1575	0.0609411
0.0987529	0.1575	0.0604825
0.109725	0.1575	0.0599642
0.120698	0.1575	0.0593843
0.131671	0.1575	0.0587403
0.142643	0.1575	0.0580299
0.153616	0.1575	0.0572502
0.164588	0.1575	0.0563982
0.175561	0.1575	0.0554704
0.186533	0.1575	0.0544632
0.197506	0.1575	0.0533727
0.208478	0.1575	0.0521946
0.219451	0.1575	0.0509245
0.230424	0.1575	0.0495576
0.241396	0.1575	0.0480892
0.252369	0.1575	0.0465143
0.263341	0.1575	0.044828
0.274314	0.1575	0.0430253
0.285286	0.1575	0.0411015
0.296259	0.1575	0.0390522
0.307231	0.1575	0.0368734
0.318204	0.1575	0.0345616
0.329176	0.1575	0.0321138
0.340149	0.1575	0.0295279
0.351122	0.1575	0.0268023
0.362094	0.1575	0.0239362
0.373067	0.1575	0.0209296
0.384039	0.1575	0.017783
0.395012	0.1575	0.0144974
0.405984	0.1575	0.0110744
0.416957	0.1575	0.00751576
0.427929	0.1575	0.00382354
0.438902	0.1575	0
0	0.18	0.070205
0.0114686	0.18	0.0701744
0.0229373	0.18	0.0700824
0.0344059	0.18	0.0699286
0.0458745	0.18	0.0697126
0.0573431	0.18	0.0694336
0.0688118	0.18	0.0690906
0.0802804	0.18	0.0686824
0.091749	0.18	0.0682076
0.103218	0.18	0.0676644
0.114686	0.18	0.067051
0.126155	0.18	0.0663651
0.137624	0.18	0.0656044
0.149092	0.18	0.064766
0.160561	0.18	0.0638471
0.172029	0.18	0.0628444
0.183498	0.18	0.0617544
0.194967	0.18	0.0605735
0.206435	0.18	0.0592976
0.217904	0.18	0.0579226
0.229373	0.18	0.0564442
0.240841	0.18	0.0548581
0.25231	0.18	0.0531598
0.263778	0.18	0.0513449
0.275247	0.18	0.0494091
0.286716	0.18	0.0473483
0.298184	0.18	0.0451586
0.309653	0.18	0.0428368
0.321122	0.18	0.0403796
0.33259	0.18	0.0377848
0.344059	0.18	0.0350504
0.355527	0.18	0.032175
0.366996	0.18	0.0291581
0.378465	0.18	0.0259994
0.389933	0.18	0.0226993
0.401402	0.18	0.0192587
0.412871	0.18	0.0156787
0.424339	0.18	0.011961
0.435808	0.18	0.00810735
0.447276	0.18	0.00411963
0.458745	0.18	0
0	0.2025	0.0775147
0.0119647	0.2025	0.0774791
0.0239294	0.2025	0.0773723
0.0358941	0.2025	0.0771939
0.0478588	0.2025	0.0769433
0.0598235	0.2025	0.0766197
0.0717882	0.2025	0.076222
0.0837529	0.2025	0.075749
0.0957176	0.2025	0.0751991
0.107682	0.2025	0.0745704
0.119647	0.2025	0.073861
0.131612	0.2025	0.0730686
0.143576	0.2025	0.0721905
0.155541	0.2025	0.0712241
0.167506	0.2025	0.0701662
0.179471	0.2025	0.0690136
0.191435	0.2025	0.0677629
0.2034	0.2025	0.0664104
0.215365	0.2025	0.0649522
0.227329	0.2025	0.0633846
0.239294	0.2025	0.0617033
0.251259	0.2025	0.0599046
0.263224	0.2025	0.0579844
0.275188	0.2025	0.0559388
0.287153	0.2025	0.0537644
0.299118	0.2025	0.0514576
0.311082	0.2025	0.0490156
0.323047	0.2025	0.0464356
0.335012	0.2025	0.0437155
0.346976	0.2025	0.0408536
0.358941	0.2025	0.0378489
0.370906	0.2025	0.0347005
0.382871	0.2025	0.0314083
0.394835	0.2025	0.0279726
0.4068	0.2025	0.0243941
0.418765	0.2025	0.0206738
0.430729	0.2025	0.016813
0.442694	0.2025	0.0128134
0.454659	0.2025	0.00867674
0.466624	0.2025	0.00440492
0.478588	0.2025	0
0	0.225	0.0845698
0.0124608	0.225	0.0845292
0.0249216	0.225	0.0844075
0.0373824	0.225	0.0842043
0.0498431	0.225	0.0839188
0.0623039	0.225	0.0835504
0.0747647	0.225	0.0830978
0.0872255	0.225	0.0825597
0.0996863	0.225	0.0819344
0.112147	0.225	0.0812202
0.124608	0.225	0.0804149
0.137069	0.225	0.0795162
0.149529	0.225	0.0785214
0.16199	0.225	0.0774279
0.174451	0.225	0.0762325
0.186912	0.225	0.0749321
0.199373	0.225	0.0735233
0.211833	0.225	0.0720027
0.224294	0.225	0.0703666
0.236755	0.225	0.0686114
0.249216	0.225	0.0667335
0.261676	0.225	0.0647293
0.274137	0.225	0.0625954
0.286598	0.225	0.0603286
0.299059	0.225	0.0579258
0.31152	0.225	0.0553843
0.32398	0.225	0.0527018
0.336441	0.225	0.0498764
0.348902	0.225	0.0469065
0.361363	0.225	0.043791
0.373824	0.225	0.0405294
0.386284	0.225	0.0371214
0.398745	0.225	0.0335672
0.411206	0.225	0.0298674
0.423667	0.225	0.0260229
0.436127	0.225	0.022035
0.448588	0.225	0.017905
0.461049	0.225	0.0136347
0.47351	0.225	0.00922573
0.485971	0.225	0.00468017
0.498431	0.225	0
0	0.2475	0.0913831
0.0129569	0.2475	0.0913376
0.0259137	0.2475	0.091201
0.0388706	0.2475	0.0909729
0.0518274	0.2475	0.0906526
0.0647843	0.2475	0.0902394
0.0777412	0.2475	0.0897319
0.090698	0.2475	0.0891289
0.103655	0.2475	0.0884288
0.116612	0.2475	0.0876295
0.129569	0.2475	0.0867291
0.142525	0.2475	0.0857251
0.155482	0.2475	0.084615
0.168439	0.2475	0.0833962
0.181396	0.2475	0.0820655
0.194353	0.2475	0.0806201
0.20731	0.2475	0.0790567
0.220267	0.2475	0.077372
0.233224	0.2475	0.0755628
0.24618	0.2475	0.0736257
0.259137	0.2475	0.0715576
0.272094	0.2475	0.0693552
0.285051	0.2475	0.0670157
0.298008	0.2475	0.0645364
0.310965	0.2475	0.0619148
0.323922	0.2475	0.0591488
0.336878	0.2475	0.0562366
0.349835	0.2475	0.0531768
0.362792	0.2475	0.0499684
0.375749	0.2475	0.0466108
0.388706	0.2475	0.0431039
0.401663	0.2475	0.0394478
0.41462	0.2475	0.0356429
0.427576	0.2475	0.0316902
0.440533	0.2475	0.0275907
0.45349	0.2475	0.0233458
0.466447	0.2475	0.0189571
0.479404	0.2475	0.0144262
0.492361	0.2475	0.00975508
0.505318	0.2475	0.00494566
0.518274	0.2475	0
0	0.27	0.0979647
0.0134529	0.27	0.0979143
0.0269059	0.27	0.0977628
0.0403588	0.27	0.09751
0.0538118	0.27	0.0971552
0.0672647	0.27	0.0966974
0.0807176	0.27	0.0961356
0.0941706	0.27	0.0954683
0.107624	0.27	0.0946939
0.121076	0.27	0.0938106
0.134529	0.27	0.0928162
0.147982	0.27	0.0917085
0.161435	0.27	0.090485
0.174888	0.27	0.0891432
0.188341	0.27	0.0876801
0.201794	0.27	0.0860929
0.215247	0.27	0.0843787
0.2287	0.27	0.0825344
0.242153	0.27	0.0805571
0.255606	0.27	0.0784438
0.269059	0.27	0.0761918
0.282512	0.27	0.0737983
0.295965	0.27	0.0712608
0.309418	0.27	0.0685772
0.322871	0.27	0.0657455
0.336324	0.27	0.0627641
0.349776	0.27	0.0596317
0.363229	0.27	0.0563474
0.376682	0.27	0.0529106
0.390135	0.27	0.0493211
0.403588	0.27	0.0455791
0.417041	0.27	0.041685
0.430494	0.27	0.0376397
0.443947	0.27	0.0334441
0.4574	0.27	0.0290996
0.470853	0.27	0.0246077
0.484306	0.27	0.01997
0.497759	0.27	0.0151884
0.511212	0.27	0.0102649
0.524665	0.27	0.00520134
0.538118	0.27	0
0	0.2925	0.104322
0.013949	0.2925	0.104267
0.027898	0.2925	0.104101
0.0418471	0.2925	0.103824
0.0557961	0.2925	0.103435
0.0697451	0.2925	0.102933
0.0836941	0.2925	0.102317
0.0976431	0.2925	0.101586
0.111592	0.2925	0.100739
0.125541	0.2925	0.0997727
0.13949	0.2925	0.098686
0.153439	0.2925	0.0974764
0.167388	0.2925	0.0961417
0.181337	0.2925	0.0946794
0.195286	0.2925	0.0930869
0.209235	0.2925	0.0913614
0.223184	0.2925	0.0895004
0.237133	0.2925	0.087501
0.251082	0.2925	0.0853607
0.265031	0.2925	0.0830768
0.27898	0.2925	0.080647
0.292929	0.2925	0.0780689
0.306878	0.2925	0.0753407
0.320827	0.2925	0.0724604
0.334776	0.2925	0.0694266
0.348725	0.2925	0.0662382
0.362674	0.2925	0.0628942
0.376624	0.2925	0.0593942
0.390573	0.2925	0.0557381
0.404522	0.2925	0.0519259
0.418471	0.2925	0.0479581
0.43242	0.2925	0.0438355
0.446369	0.2925	0.039559
0.460318	0.2925	0.0351301
0.474267	0.2925	0.03055
0.488216	0.2925	0.0258206
0.502165	0.2925	0.0209436
0.516114	0.2925	0.0159209
0.530063	0.2925	0.0107546
0.544012	0.2925	0.00544695
0.557961	0.2925	0
0	0.315	0.110462
0.0144451	0.315	0.110402
0.0288902	0.315	0.110221
0.0433353	0.315	0.10992
0.0577804	0.315	0.109497
0.0722255	0.315	0.108952
0.0866706	0.315	0.108283
0.101116	0.315	0.10749
0.115561	0.315	0.10657
0.130006	0.315	0.105523
0.144451	0.315	0.104345
0.158896	0.315	0.103036
0.173341	0.315	0.101592
0.187786	0.315	0.100012
0.202231	0.315	0.0982934
0.216676	0.315	0.0964332
0.231122	0.315	0.0944293
0.245567	0.315	0.0922793
0.260012	0.315	0.0899808
0.274457	0.315	0.0875317
0.288902	0.315	0.0849299
0.303347	0.315	0.0821736
0.317792	0.315	0.0792612
0.332237	0.315	0.0761912
0.346682	0.315	0.0729628
0.361127	0.315	0.069575
0.375573	0.315	0.0660274
0.390018	0.315	0.06232
0.404463	0.315	0.0584529
0.418908	0.315	0.0544265
0.433353	0.315	0.0502416
0.447798	0.315	0.0458992
0.462243	0.315	0.0414007
0.476688	0.315	0.0367474
0.491133	0.315	0.031941
0.505578	0.315	0.0269834
0.520023	0.315	0.0218766
0.534469	0.315	0.0166226
0.548914	0.315	0.0112237
0.563359	0.315	0.00568202
0.577804	0.315	0
0	0.3375	0.116388
0.0149412	0.3375	0.116323
0.0298824	0.3375	0.116128
0.0448235	0.3375	0.115803
0.0597647	0.3375	0.115346
0.0747059	0.3375	0.114758
0.0896471	0.3375	0.114038
0.104588	0.3375	0.113183
0.119529	0.3375	0.112193
0.134471	0.3375	0.111065
0.149412	0.3375	0.109799
0.164353	0.3375	0.108392
0.179294	0.3375	0.106842
0.194235	0.3375	0.105147
0.209176	0.3375	0.103305
0.224118	0.3375	0.101313
0.239059	0.3375	0.0991702
0.254	0.3375	0.0968738
0.268941	0.3375	0.0944218
0.283882	0.3375	0.0918126
0.298824	0.3375	0.0890443
0.313765	0.3375	0.0861155
0.328706	0.3375	0.0830251
0.343647	0.3375	0.0797721
0.358588	0.3375	0.0763558
0.373529	0.3375	0.0727758
0.388471	0.3375	0.0690321
0.403412	0.3375	0.0651249
0.418353	0.3375	0.0610546
0.433294	0.3375	0.0568221
0.448235	0.3375	0.0524284
0.463176	0.3375	0.0478748
0.478118	0.3375	0.0431628
0.493059	0.3375	0.0382941
0.508	0.3375	0.0332706
0.522941	0.3375	0.0280943
0.537882	0.3375	0.0227674
0.552823	0.3375	0.0172921
0.567765	0.3375	0.0116708
0.582706	0.3375	0.00590596
0.597647	0.3375	0
0	0.36	0.122102
0.0154373	0.36	0.122032
0.0308745	0.36	0.121823
0.0463118	0.36	0.121474
0.061749	0.36	0.120985
0.0771863	0.36	0.120355
0.0926235	0.36	0.119583
0.108061	0.36	0.118668
0.123498	0.36	0.117609
0.138935	0.36	0.116403
0.154373	0.36	0.115049
0.16981	0.36	0.113547
0.185247	0.36	0.111892
0.200684	0.36	0.110085
0.216122	0.36	0.108123
0.231559	0.36	0.106003
0.246996	0.36	0.103725
0.262433	0.36	0.101286
0.277871	0.36	0.0986855
0.293308	0.36	0.0959209
0.308745	0.36	0.0929913
0.324182	0.36	0.0898956
0.33962	0.36	0.086633
0.355057	0.36	0.083203
0.370494	0.36	0.0796053
0.385931	0.36	0.0758399
0.401369	0.36	0.071907
0.416806	0.36	0.0678071
0.432243	0.36	0.0635413
0.44768	0.36	0.0591105
0.463118	0.36	0.054516
0.478555	0.36	0.0497595
0.493992	0.36	0.0448426
0.509429	0.36	0.0397674
0.524867	0.36	0.034536
0.540304	0.36	0.0291506
0.555741	0.36	0.0236136
0.571178	0.36	0.0179275
0.586616	0.36	0.0120947
0.602053	0.36	0.00611803
0.61749	0.36	0
0	0.3825	0.127605
0.0159333	0.3825	0.127531
0.0318667	0.3825	0.127308
0.0478	0.3825	0.126936
0.0637333	0.3825	0.126415
0.0796667	0.3825	0.125744
0.0956	0.3825	0.124922
0.111533	0.3825	0.123947
0.127467	0.3825	0.122819
0.1434	0.3825	0.121537
0.159333	0.3825	0.120098
0.175267	0.3825	0.118502
0.1912	0.3825	0.116746
0.207133	0.3825	0.114829
0.223067	0.3825	0.112749
0.239	0.3825	0.110505
0.254933	0.3825	0.108095
0.270867	0.3825	0.105518
0.2868	0.3825	0.102772
0.302733	0.3825	0.0998563
0.318667	0.3825	0.0967701
0.3346	0.3825	0.0935126
0.350533	0.3825	0.0900834
0.366467	0.3825	0.0864822
0.3824	0.3825	0.0827091
0.398333	0.3825	0.0787646
0.414267	0.3825	0.0746491
0.4302	0.3825	0.0703637
0.446133	0.3825	0.0659095
0.462067	0.3825	0.061288
0.478	0.3825	0.0565007
0.493933	0.3825	0.0515495
0.509867	0.3825	0.0464364
0.5258	0.3825	0.0411638
0.541733	0.3825	0.0357339
0.557667	0.3825	0.0301494
0.5736	0.3825	0.0244127
0.589533	0.3825	0.0185266
0.605467	0.3825	0.0124939
0.6214	0.3825	0.00631737
0.637333	0.3825	0
0	0.405	0.132899
0.0164294	0.405	0.13282
0.0328588	0.405	0.132584
0.0492882	0.405	0.132189
0.0657176	0.405	0.131637
0.0821471	0.405	0.130925
0.0985765	0.405	0.130053
0.115006	0.405	0.12902
0.131435	0.405	0.127825
0.147865	0.405	0.126467
0.164294	0.405	0.124945
0.180724	0.405	0.123257
0.197153	0.405	0.121401
0.213582	0.405	0.119377
0.230012	0.405	0.117182
0.246441	0.405	0.114816
0.262871	0.405	0.112278
0.2793	0.405	0.109566
0.295729	0.405	0.106679
0.312159	0.405	0.103617
0.328588	0.405	0.100379
0.345018	0.405	0.0969641
0.361447	0.405	0.0933733
0.377876	0.405	0.0896063
0.394306	0.405	0.0856637
0.410735	0.405	0.0815461
0.427165	0.405	0.0772545
0.443594	0.405	0.0727903
0.460023	0.405	0.0681548
0.476453	0.405	0.06335
0.492882	0.405	0.0583777
0.509312	0.405	0.0532402
0.525741	0.405	0.0479397
0.542171	0.405	0.0424789
0.5586	0.405	0.0368603
0.575029	0.405	0.0310868
0.591459	0.405	0.0251613
0.607888	0.405	0.0190868
0.624318	0.405	0.0128663
0.640747	0.405	0.00650302
0.657176	0.405	0
0	0.4275	0.137982
0.0169255	0.4275	0.137899
0.033851	0.4275	0.137649
0.0507765	0.4275	0.137232
0.067702	0.4275	0.136648
0.0846274	0.4275	0.135896
0.101553	0.4275	0.134976
0.118478	0.4275	0.133886
0.135404	0.4275	0.132625
0.152329	0.4275	0.131193
0.169255	0.4275	0.129589
0.18618	0.4275	0.12781
0.203106	0.4275	0.125857
0.220031	0.4275	0.123728
0.236957	0.4275	0.121421
0.253882	0.4275	0.118936
0.270808	0.4275	0.116272
0.287733	0.4275	0.113428
0.304659	0.4275	0.110404
0.321584	0.4275	0.107199
0.33851	0.4275	0.103813
0.355435	0.4275	0.100246
0.372361	0.4275	0.0964986
0.389286	0.4275	0.092571
0.406212	0.4275	0.0884643
0.423137	0.4275	0.0841794
0.440063	0.4275	0.079718
0.456988	0.4275	0.0750814
0.473914	0.4275	0.0702718
0.490839	0.4275	0.0652911
0.507765	0.4275	0.0601417
0.52469	0.4275	0.0548262
0.541616	0.4275	0.0493472
0.558541	0.4275	0.0437076
0.575467	0.4275	0.0379105
0.592392	0.4275	0.0319589
0.609318	0.4275	0.0258561
0.626243	0.4275	0.0196054
0.643169	0.4275	0.0132102
0.660094	0.4275	0.00667388
0.67702	0.4275	0
0	0.45	0.142854
0.0174216	0.45	0.142766
0.0348431	0.45	0.142503
0.0522647	0.45	0.142064
0.0696863	0.45	0.141449
0.0871078	0.45	0.140658
0.104529	0.45	0.139689
0.121951	0.45	0.138543
0.139373	0.45	0.137218
0.156794	0.45	0.135713
0.174216	0.45	0.134027
0.191637	0.45	0.13216
0.209059	0.45	0.130111
0.22648	0.45	0.127879
0.243902	0.45	0.125462
0.261324	0.45	0.122861
0.278745	0.45	0.120074
0.296167	0.45	0.117102
0.313588	0.45	0.113944
0.33101	0.45	0.110599
0.348431	0.45	0.107069
0.365853	0.45	0.103354
0.383274	0.45	0.0994542
0.400696	0.45	0.0953709
0.418118	0.45	0.0911052
0.435539	0.45	0.0866588
0.452961	0.45	0.0820334
0.470382	0.45	0.077231
0.487804	0.45	0.0722541
0.505225	0.45	0.067105
0.522647	0.45	0.0617864
0.540069	0.45	0.0563014
0.55749	0.45	0.050653
0.574912	0.45	0.0448445
0.592333	0.45	0.0388793
0.609755	0.45	0.0327609
0.627176	0.45	0.0264929
0.644598	0.45	0.020079
0.66202	0.45	0.013523
0.679441	0.45	0.00682874
0.696863	0.45	0
0	0.4725	0.147512
0.0179176	0.4725	0.14742
0.0358353	0.4725	0.147144
0.0537529	0.4725	0.146683
0.0716706	0.4725	0.146038
0.0895882	0.4725	0.145207
0.107506	0.4725	0.144191
0.125424	0.4725	0.142989
0.143341	0.4725	0.1416
0.161259	0.4725	0.140023
0.179176	0.4725	0.138258
0.197094	0.4725	0.136304
0.215012	0.4725	0.134161
0.232929	0.4725	0.131827
0.250847	0.4725	0.129302
0.268765	0.4725	0.126587
0.286682	0.4725	0.12368
0.3046	0.4725	0.120582
0.322518	0.4725	0.117292
0.340435	0.4725	0.113812
0.358353	0.4725	0.110142
0.376271	0.4725	0.106282
0.394188	0.4725	0.102234
0.412106	0.4725	0.0979996
0.430023	0.4725	0.09358
0.447941	0.4725	0.0889774
0.465859	0.4725	0.0841939
0.483776	0.4725	0.0792321
0.501694	0.4725	0.0740946
0.519612	0.4725	0.0687844
0.537529	0.4725	0.0633048
0.555447	0.4725	0.057659
0.573365	0.4725	0.0518506
0.591282	0.4725	0.0458833
0.6092	0.4725	0.039761
0.627118	0.4725	0.0334877
0.645035	0.4725	0.0270673
0.662953	0.4725	0.0205042
0.680871	0.4725	0.0138024
0.698788	0.4725	0.00696623
0.716706	0.4725	0
0	0.495	0.151954
0.0184137	0.495	0.151858
0.0368274	0.495	0.151569
0.0552412	0.495	0.151087
0.0736549	0.495	0.150411
0.0920686	0.495	0.149542
0.110482	0.495	0.148479
0.128896	0.495	0.147222
0.14731	0.495	0.14577
0.165724	0.495	0.144122
0.184137	0.495	0.142278
0.202551	0.495	0.140238
0.220965	0.495	0.138002
0.239378	0.495	0.135568
0.257792	0.495	0.132938
0.276206	0.495	0.13011
0.29462	0.495	0.127085
0.313033	0.495	0.123863
0.331447	0.495	0.120445
0.349861	0.495	0.116832
0.368274	0.495	0.113024
0.386688	0.495	0.109024
0.405102	0.495	0.104832
0.423516	0.495	0.10045
0.441929	0.495	0.0958814
0.460343	0.495	0.0911277
0.478757	0.495	0.0861918
0.497171	0.495	0.0810767
0.515584	0.495	0.0757855
0.533998	0.495	0.0703217
0.552412	0.495	0.0646891
0.570825	0.495	0.0588914
0.589239	0.495	0.0529327
0.607653	0.495	0.0468172
0.626067	0.495	0.0405493
0.64448	0.495	0.0341336
0.662894	0.495	0.0275746
0.681308	0.495	0.0208769
0.699722	0.495	0.0140454
0.718135	0.495	0.00708484
0.736549	0.495	0
0	0.5175	0.156179
0.0189098	0.5175	0.156078
0.0378196	0.5175	0.155776
0.0567294	0.5175	0.155272
0.0756392	0.5175	0.154567
0.094549	0.5175	0.15366
0.113459	0.5175	0.15255
0.132369	0.5175	0.151238
0.151278	0.5175	0.149723
0.170188	0.5175	0.148005
0.189098	0.5175	0.146084
0.208008	0.5175	0.143959
0.226918	0.5175	0.14163
0.245827	0.5175	0.139098
0.264737	0.5175	0.136363
0.283647	0.5175	0.133424
0.302557	0.5175	0.130282
0.321467	0.5175	0.126939
0.340376	0.5175	0.123395
0.359286	0.5175	0.119651
0.378196	0.5175	0.11571
0.397106	0.5175	0.111572
0.416016	0.5175	0.107239
0.434925	0.5175	0.102715
0.453835	0.5175	0.0980014
0.472745	0.5175	0.0931016
0.491655	0.5175	0.0880188
0.510565	0.5175	0.0827564
0.529474	0.5175	0.0773182
0.548384	0.5175	0.0717083
0.567294	0.5175	0.0659308
0.586204	0.5175	0.0599902
0.605114	0.5175	0.0538912
0.624023	0.5175	0.0476385
0.642933	0.5175	0.0412372
0.661843	0.5175	0.0346923
0.680753	0.5175	0.0280091
0.699663	0.5175	0.0211929
0.718572	0.5175	0.014249
0.737482	0.5175	0.0071829
0.756392	0.5175	0
0	0.54	0.160182
0.0194059	0.54	0.160077
0.0388118	0.54	0.159762
0.0582176	0.54	0.159237
0.0776235	0.54	0.158502
0.0970294	0.54	0.157556
0.116435	0.54	0.156401
0.135841	0.54	0.155034
0.155247	0.54	0.153457
0.174653	0.54	0.151669
0.194059	0.54	0.149671
0.213465	0.54	0.147461
0.232871	0.54	0.145042
0.252276	0.54	0.142412
0.271682	0.54	0.139572
0.291088	0.54	0.136524
0.310494	0.54	0.133268
0.3299	0.54	0.129805
0.349306	0.54	0.126137
0.368712	0.54	0.122265
0.388118	0.54	0.118191
0.407523	0.54	0.113918
0.426929	0.54	0.109449
0.446335	0.54	0.104785
0.465741	0.54	0.0999312
0.485147	0.54	0.0948901
0.504553	0.54	0.0896656
0.523959	0.54	0.0842619
0.543365	0.54	0.0786834
0.562771	0.54	0.0729347
0.582176	0.54	0.0670207
0.601582	0.54	0.0609465
0.620988	0.54	0.0547174
0.640394	0.54	0.048339
0.6598	0.54	0.0418168
0.679206	0.54	0.0351568
0.698612	0.54	0.0283649
0.718018	0.54	0.0214471
0.737423	0.54	0.0144096
0.756829	0.54	0.0072585
0.776235	0.54	0
0	0.5625	0.163961
0.019902	0.5625	0.163852
0.0398039	0.5625	0.163525
0.0597059	0.5625	0.162978
0.0796078	0.5625	0.162213
0.0995098	0.5625	0.16123
0.119412	0.5625	0.160028
0.139314	0.5625	0.158607
0.159216	0.5625	0.156968
0.179118	0.5625	0.15511
0.19902	0.5625	0.153034
0.218922	0.5625	0.150741
0.238824	0.5625	0.148231
0.258725	0.5625	0.145504
0.278627	0.5625	0.142561
0.298529	0.5625	0.139404
0.318431	0.5625	0.136035
0.338333	0.5625	0.132453
0.358235	0.5625	0.128662
0.378137	0.5625	0.124664
0.398039	0.5625	0.120461
0.417941	0.5625	0.116056
0.437843	0.5625	0.111452
0.457745	0.5625	0.106652
0.477647	0.5625	0.101662
0.497549	0.5625	0.0964835
0.517451	0.5625	0.0911224
0.537353	0.5625	0.0855832
0.557255	0.5625	0.0798709
0.577157	0.5625	0.0739909
0.597059	0.5625	0.0679488
0.616961	0.5625	0.0617504
0.636863	0.5625	0.0554018
0.656765	0.5625	0.0489094
0.676667	0.5625	0.0422797
0.696569	0.5625	0.0355194
0.716471	0.5625	0.0286352
0.736372	0.5625	0.0216342
0.756274	0.5625	0.0145233
0.776176	0.5625	0.00730952
0.796078	0.5625	0
0	0.585	0.167514
0.020398	0.585	0.167401
0.0407961	0.585	0.16706
0.0611941	0.585	0.166493
0.0815922	0.585	0.165698
0.10199	0.585	0.164676
0.122388	0.585	0.163427
0.142786	0.585	0.161952
0.163184	0.585	0.160251
0.183582	0.585	0.158324
0.20398	0.585	0.156171
0.224378	0.585	0.153794
0.244776	0.585	0.151193
0.265174	0.585	0.148369
0.285573	0.585	0.145324
0.305971	0.585	0.142059
0.326369	0.585	0.138576
0.346767	0.585	0.134877
0.367165	0.585	0.130964
0.387563	0.585	0.126841
0.407961	0.585	0.12251
0.428359	0.585	0.117975
0.448757	0.585	0.113239
0.469155	0.585	0.108307
0.489553	0.585	0.103183
0.509951	0.585	0.0978716
0.530349	0.585	0.0923787
0.550747	0.585	0.0867095
0.571145	0.585	0.0808698
0.591543	0.585	0.0748658
0.611941	0.585	0.0687039
0.632339	0.585	0.0623909
0.652737	0.585	0.0559338
0.673135	0.585	0.0493398
0.693533	0.585	0.0426165
0.713931	0.585	0.0357715
0.734329	0.585	0.0288127
0.754727	0.585	0.021748
0.775125	0.585	0.0145856
0.795523	0.585	0.00733355
0.815922	0.585	0
0	0.6075	0.170838
0.0208941	0.6075	0.17072
0.0417882	0.6075	0.170366
0.0626823	0.6075	0.169777
0.0835765	0.6075	0.168952
0.104471	0.6075	0.167892
0.125365	0.6075	0.166597
0.146259	0.6075	0.165067
0.167153	0.6075	0.163303
0.188047	0.6075	0.161306
0.208941	0.6075	0.159076
0.229835	0.6075	0.156614
0.250729	0.6075	0.153922
0.271624	0.6075	0.151002
0.292518	0.6075	0.147854
0.313412	0.6075	0.144481
0.334306	0.6075	0.140885
0.3552	0.6075	0.137068
0.376094	0.6075	0.133035
0.396988	0.6075	0.128787
0.417882	0.6075	0.12433
0.438776	0.6075	0.119666
0.459671	0.6075	0.1148
0.480565	0.6075	0.109738
0.501459	0.6075	0.104484
0.522353	0.6075	0.0990433
0.543247	0.6075	0.093423
0.564141	0.6075	0.087629
0.585035	0.6075	0.0816681
0.605929	0.6075	0.0755473
0.626823	0.6075	0.0692741
0.647718	0.6075	0.0628562
0.668612	0.6075	0.0563017
0.689506	0.6075	0.049619
0.7104	0.6075	0.0428166
0.731294	0.6075	0.0359036
0.752188	0.6075	0.0288888
0.773082	0.6075	0.0217817
0.793976	0.6075	0.0145916
0.814871	0.6075	0.00732786
0.835765	0.6075	0
0	0.63	0.173928
0.0213902	0.63	0.173806
0.0427804	0.63	0.173439
0.0641706	0.63	0.172828
0.0855608	0.63	0.171973
0.106951	0.63	0.170874
0.128341	0.63	0.169532
0.149731	0.63	0.167947
0.171122	0.63	0.16612
0.192512	0.63	0.164052
0.213902	0.63	0.161744
0.235292	0.63	0.159198
0.256682	0.63	0.156414
0.278073	0.63	0.153396
0.299463	0.63	0.150145
0.320853	0.63	0.146663
0.342243	0.63	0.142954
0.363633	0.63	0.13902
0.385023	0.63	0.134866
0.406414	0.63	0.130495
0.427804	0.63	0.125911
0.449194	0.63	0.12112
0.470584	0.63	0.116126
0.491974	0.63	0.110935
0.513365	0.63	0.105553
0.534755	0.63	0.0999868
0.556145	0.63	0.0942431
0.577535	0.63	0.0883293
0.598925	0.63	0.0822531
0.620316	0.63	0.0760226
0.641706	0.63	0.0696463
0.663096	0.63	0.0631333
0.684486	0.63	0.0564929
0.705876	0.63	0.0497346
0.727267	0.63	0.0428685
0.748657	0.63	0.0359048
0.770047	0.63	0.0288542
0.791437	0.63	0.0217275
0.812827	0.63	0.0145355
0.834218	0.63	0.00728929
0.855608	0.63	0
0	0.6525	0.176783
0.0218863	0.6525	0.176657
0.0437725	0.6525	0.176277
0.0656588	0.6525	0.175644
0.0875451	0.6525	0.174758
0.109431	0.6525	0.173619
0.131318	0.6525	0.172229
0.153204	0.6525	0.170588
0.17509	0.6525	0.168697
0.196976	0.6525	0.166558
0.218863	0.6525	0.164171
0.240749	0.6525	0.161539
0.262635	0.6525	0.158663
0.284522	0.6525	0.155546
0.306408	0.6525	0.15219
0.328294	0.6525	0.148599
0.35018	0.6525	0.144776
0.372067	0.6525	0.140725
0.393953	0.6525	0.136449
0.415839	0.6525	0.131954
0.437725	0.6525	0.127244
0.459612	0.6525	0.122326
0.481498	0.6525	0.117204
0.503384	0.6525	0.111886
0.525271	0.6525	0.106379
0.547157	0.6525	0.10069
0.569043	0.6525	0.094826
0.590929	0.6525	0.0887968
0.612816	0.6525	0.0826108
0.634702	0.6525	0.0762774
0.656588	0.6525	0.0698063
0.678474	0.6525	0.063208
0.700361	0.6525	0.0564931
0.722247	0.6525	0.0496729
0.744133	0.6525	0.042759
0.76602	0.6525	0.0357632
0.787906	0.6525	0.0286982
0.809792	0.6525	0.0215763
0.831678	0.6525	0.0144106
0.853565	0.6525	0.00721417
0.875451	0.6525	0
0	0.675	0.1794
0.0223824	0.675	0.179269
0.0447647	0.675	0.178876
0.0671471	0.675	0.17822
0.0895294	0.675	0.177303
0.111912	0.675	0.176124
0.134294	0.675	0.174685
0.156676	0.675	0.172987
0.179059	0.675	0.171031
0.201441	0.675	0.168819
0.223824	0.675	0.166352
0.246206	0.675	0.163632
0.268588	0.675	0.160663
0.290971	0.675	0.157446
0.313353	0.675	0.153984
0.335735	0.675	0.150282
0.358118	0.675	0.146344
0.3805	0.675	0.142173
0.402882	0.675	0.137775
0.425265	0.675	0.133155
0.447647	0.675	0.128319
0.470029	0.675	0.123273
0.492412	0.675	0.118024
0.514794	0.675	0.11258
0.537176	0.675	0.106949
0.559559	0.675	0.101138
0.581941	0.675	0.0951577
0.604323	0.675	0.089017
0.626706	0.675	0.0827263
0.649088	0.675	0.0762964
0.671471	0.675	0.0697385
0.693853	0.675	0.0630645
0.716235	0.675	0.0562869
0.738618	0.675	0.0494187
0.761	0.675	0.0424734
0.783382	0.675	0.0354651
0.805765	0.675	0.0284083
0.828147	0.675	0.021318
0.850529	0.675	0.0142094
0.872912	0.675	0.00709821
0.895294	0.675	0
0	0.6975	0.181776
0.0228784	0.6975	0.181641
0.0457569	0.6975	0.181233
0.0686353	0.6975	0.180555
0.0915137	0.6975	0.179605
0.114392	0.6975	0.178386
0.137271	0.6975	0.176897
0.160149	0.6975	0.175141
0.183027	0.6975	0.173118
0.205906	0.6975	0.170831
0.228784	0.6975	0.168282
0.251663	0.6975	0.165474
0.274541	0.6975	0.162408
0.29742	0.6975	0.159089
0.320298	0.6975	0.15552
0.343176	0.6975	0.151705
0.366055	0.6975	0.147649
0.388933	0.6975	0.143358
0.411812	0.6975	0.138835
0.43469	0.6975	0.134089
0.457569	0.6975	0.129125
0.480447	0.6975	0.123951
0.503325	0.6975	0.118574
0.526204	0.6975	0.113004
0.549082	0.6975	0.107249
0.571961	0.6975	0.101318
0.594839	0.6975	0.0952231
0.617718	0.6975	0.0889743
0.640596	0.6975	0.0825834
0.663474	0.6975	0.0760628
0.686353	0.6975	0.0694256
0.709231	0.6975	0.0626854
0.73211	0.6975	0.0558567
0.754988	0.6975	0.0489547
0.777867	0.6975	0.0419952
0.800745	0.6975	0.0349947
0.823623	0.6975	0.0279705
0.846502	0.6975	0.0209404
0.86938	0.6975	0.0139227
0.892259	0.6975	0.00693625
0.915137	0.6975	0
0	0.72	0.183909
0.0233745	0.72	0.183769
0.046749	0.72	0.183347
0.0701235	0.72	0.182645
0.093498	0.72	0.181662
0.116873	0.72	0.180401
0.140247	0.72	0.178861
0.163622	0.72	0.177045
0.186996	0.72	0.174954
0.210371	0.72	0.172591
0.233745	0.72	0.169958
0.25712	0.72	0.167057
0.280494	0.72	0.163894
0.303869	0.72	0.16047
0.327243	0.72	0.15679
0.350618	0.72	0.15286
0.373992	0.72	0.148684
0.397367	0.72	0.144269
0.420741	0.72	0.13962
0.444116	0.72	0.134745
0.46749	0.72	0.129651
0.490865	0.72	0.124347
0.514239	0.72	0.118841
0.537614	0.72	0.113143
0.560988	0.72	0.107264
0.584363	0.72	0.101215
0.607737	0.72	0.0950063
0.631112	0.72	0.0886517
0.654486	0.72	0.0821644
0.677861	0.72	0.0755585
0.701235	0.72	0.0688489
0.72461	0.72	0.0620515
0.747984	0.72	0.0551832
0.771359	0.72	0.0482617
0.794733	0.72	0.0413054
0.818108	0.72	0.0343342
0.841482	0.72	0.0273683
0.864857	0.72	0.0204294
0.888231	0.72	0.0135397
0.911606	0.72	0.00672207
0.93498	0.72	0
0	0.7425	0.185797
0.0238706	0.7425	0.185651
0.0477412	0.7425	0.185215
0.0716118	0.7425	0.184488
0.0954823	0.7425	0.183472
0.119353	0.7425	0.182167
0.143224	0.7425	0.180574
0.167094	0.7425	0.178697
0.190965	0.7425	0.176535
0.214835	0.7425	0.174093
0.238706	0.7425	0.171374
0.262576	0.7425	0.168379
0.286447	0.7425	0.165114
0.310318	0.7425	0.161582
0.334188	0.7425	0.157789
0.358059	0.7425	0.15374
0.381929	0.7425	0.149441
0.4058	0.7425	0.144899
0.429671	0.7425	0.14012
0.453541	0.7425	0.135113
0.477412	0.7425	0.129886
0.501282	0.7425	0.124449
0.525153	0.7425	0.118812
0.549023	0.7425	0.112985
0.572894	0.7425	0.106981
0.596765	0.7425	0.100811
0.620635	0.7425	0.09449
0.644506	0.7425	0.0880312
0.668376	0.7425	0.0814502
0.692247	0.7425	0.0747633
0.716118	0.7425	0.0679875
0.739988	0.7425	0.0611415
0.763859	0.7425	0.0542446
0.787729	0.7425	0.0473175
0.8116	0.7425	0.0403824
0.835471	0.7425	0.0334624
0.859341	0.7425	0.0265823
0.883212	0.7425	0.019768
0.907082	0.7425	0.0130471
0.930953	0.7425	0.00644792
0.954823	0.7425	0
0	0.765	0.187436
0.0243667	0.765	0.187286
0.0487333	0.765	0.186835
0.0731	0.765	0.186083
0.0974667	0.765	0.185031
0.121833	0.765	0.183681
0.1462	0.765	0.182034
0.170567	0.765	0.180093
0.194933	0.765	0.177859
0.2193	0.765	0.175335
0.243667	0.765	0.172525
0.268033	0.765	0.169433
0.2924	0.765	0.166064
0.316767	0.765	0.162421
0.341133	0.765	0.15851
0.3655	0.765	0.154338
0.389867	0.765	0.149911
0.414233	0.765	0.145238
0.4386	0.765	0.140325
0.462967	0.765	0.135182
0.487333	0.765	0.129818
0.5117	0.765	0.124244
0.536067	0.765	0.118472
0.560433	0.765	0.112514
0.5848	0.765	0.106382
0.609167	0.765	0.100091
0.633533	0.765	0.0936558
0.6579	0.765	0.0870932
0.682267	0.765	0.0804202
0.706633	0.765	0.0736554
0.731	0.765	0.0668187
0.755367	0.765	0.0599314
0.779733	0.765	0.0530161
0.8041	0.765	0.0460973
0.828467	0.765	0.0392009
0.852833	0.765	0.0323548
0.8772	0.765	0.025589
0.901567	0.765	0.0189355
0.925933	0.765	0.0124284
0.9503	0.765	0.00610396
0.974667	0.765	0
0	0.7875	0.188827
0.0248627	0.7875	0.188672
0.0497255	0.7875	0.188204
0.0745882	0.7875	0.187426
0.099451	0.7875	0.186338
0.124314	0.7875	0.184941
0.149176	0.7875	0.183238
0.174039	0.7875	0.18123
0.198902	0.7875	0.17892
0.223765	0.7875	0.176312
0.248627	0.7875	0.173409
0.27349	0.7875	0.170216
0.298353	0.7875	0.166737
0.323216	0.7875	0.162978
0.348078	0.7875	0.158946
0.372941	0.7875	0.154646
0.397804	0.7875	0.150087
0.422667	0.7875	0.145277
0.447529	0.7875	0.140225
0.472392	0.7875	0.134941
0.497255	0.7875	0.129435
0.522118	0.7875	0.12372
0.54698	0.7875	0.117808
0.571843	0.7875	0.111714
0.596706	0.7875	0.105451
0.621569	0.7875	0.099035
0.646431	0.7875	0.0924842
0.671294	0.7875	0.0858165
0.696157	0.7875	0.0790517
0.72102	0.7875	0.0722109
0.745882	0.7875	0.0653169
0.770745	0.7875	0.0583945
0.795608	0.7875	0.05147
0.820471	0.7875	0.044572
0.845333	0.7875	0.0377315
0.870196	0.7875	0.0309821
0.895059	0.7875	0.0243604
0.919921	0.7875	0.017906
0.944784	0.7875	0.0116627
0.969647	0.7875	0.00567729
0.99451	0.7875	0
0	0.81	0.189967
0.0253588	0.81	0.189806
0.0507176	0.81	0.189322
0.0760765	0.81	0.188517
0.101435	0.81	0.187391
0.126794	0.81	0.185945
0.152153	0.81	0.184183
0.177512	0.81	0.182106
0.202871	0.81	0.179717
0.228229	0.81	0.177021
0.253588	0.81	0.174021
0.278947	0.81	0.170722
0.304306	0.81	0.16713
0.329665	0.81	0.16325
0.355023	0.81	0.15909
0.380382	0.81	0.154657
0.405741	0.81	0.14996
0.4311	0.81	0.145007
0.456459	0.81	0.13981
0.481818	0.81	0.134378
0.507176	0.81	0.128725
0.532535	0.81	0.122862
0.557894	0.81	0.116805
0.583253	0.81	0.110569
0.608612	0.81	0.104169
0.633971	0.81	0.0976246
0.659329	0.81	0.0909542
0.684688	0.81	0.0841786
0.710047	0.81	0.0773203
0.735406	0.81	0.0704034
0.760765	0.81	0.0634542
0.786123	0.81	0.0565009
0.811482	0.81	0.0495745
0.836841	0.81	0.0427084
0.8622	0.81	0.0359398
0.887559	0.81	0.029309
0.912918	0.81	0.0228612
0.938276	0.81	0.0166468
0.963635	0.81	0.0107222
0.988994	0.81	0.00515047
1.01435	0.81	0
0	0.8325	0.190855
0.0258549	0.8325	0.190688
0.0517098	0.8325	0.190187
0.0775647	0.8325	0.189353
0.10342	0.8325	0.188188
0.129274	0.8325	0.186691
0.155129	0.8325	0.184867
0.180984	0.8325	0.182718
0.206839	0.8325	0.180247
0.232694	0.8325	0.177458
0.258549	0.8325	0.174357
0.284404	0.8325	0.170947
0.310259	0.8325	0.167236
0.336114	0.8325	0.16323
0.361969	0.8325	0.158936
0.387823	0.8325	0.154364
0.413678	0.8325	0.149522
0.439533	0.8325	0.14442
0.465388	0.8325	0.13907
0.491243	0.8325	0.133484
0.517098	0.8325	0.127675
0.542953	0.8325	0.121657
0.568808	0.8325	0.115447
0.594663	0.8325	0.109062
0.620518	0.8325	0.102519
0.646372	0.8325	0.0958391
0.672227	0.8325	0.0890432
0.698082	0.8325	0.0821549
0.723937	0.8325	0.0751995
0.749792	0.8325	0.0682043
0.775647	0.8325	0.0611992
0.801502	0.8325	0.0542169
0.827357	0.8325	0.0472933
0.853212	0.8325	0.0404677
0.879067	0.8325	0.0337842
0.904921	0.8325	0.0272921
0.930776	0.8325	0.0210473
0.956631	0.8325	0.0151146
0.982486	0.8325	0.00956943
1.00834	0.8325	0.00449909
1.0342	0.8325	0
0	0.855	0.19149
0.026351	0.855	0.191317
0.052702	0.855	0.190798
0.0790529	0.855	0.189935
0.105404	0.855	0.188727
0.131755	0.855	0.187178
0.158106	0.855	0.185289
0.184457	0.855	0.183064
0.210808	0.855	0.180507
0.237159	0.855	0.177622
0.26351	0.855	0.174413
0.289861	0.855	0.170888
0.316212	0.855	0.167052
0.342563	0.855	0.162912
0.368914	0.855	0.158478
0.395265	0.855	0.153759
0.421616	0.855	0.148764
0.447967	0.855	0.143505
0.474318	0.855	0.137994
0.500669	0.855	0.132244
0.52702	0.855	0.126271
0.553371	0.855	0.12009
0.579722	0.855	0.113718
0.606072	0.855	0.107175
0.632423	0.855	0.10048
0.658774	0.855	0.0936567
0.685125	0.855	0.0867276
0.711476	0.855	0.0797194
0.737827	0.855	0.0726605
0.764178	0.855	0.0655818
0.790529	0.855	0.0585174
0.81688	0.855	0.0515046
0.843231	0.855	0.0445848
0.869582	0.855	0.0378043
0.895933	0.855	0.0312152
0.922284	0.855	0.0248774
0.948635	0.855	0.0188612
0.974986	0.855	0.0132513
1.00134	0.855	0.00815162
1.02769	0.855	0.00368813
1.05404	0.855	0
0	0.8775	0.191871
0.0268471	0.8775	0.191692
0.0536941	0.8775	0.191155
0.0805412	0.8775	0.190259
0.107388	0.8775	0.189008
0.134235	0.8775	0.187403
0.161082	0.8775	0.185447
0.187929	0.8775	0.183142
0.214776	0.8775	0.180494
0.241624	0.8775	0.177507
0.268471	0.8775	0.174187
0.295318	0.8775	0.170539
0.322165	0.8775	0.166571
0.349012	0.8775	0.162292
0.375859	0.8775	0.15771
0.402706	0.8775	0.152835
0.429553	0.8775	0.147679
0.4564	0.8775	0.142253
0.483247	0.8775	0.136572
0.510094	0.8775	0.130649
0.536941	0.8775	0.124501
0.563788	0.8775	0.118146
0.590635	0.8775	0.111602
0.617482	0.8775	0.10489
0.644329	0.8775	0.0980329
0.671176	0.8775	0.0910546
0.698023	0.8775	0.083982
0.724871	0.8775	0.0768439
0.751718	0.8775	0.0696722
0.778565	0.8775	0.0625016
0.805412	0.8775	0.0553704
0.832259	0.8775	0.0483212
0.859106	0.8775	0.0414013
0.885953	0.8775	0.0346645
0.9128	0.8775	0.0281719
0.939647	0.8775	0.0219962
0.966494	0.8775	0.0162261
0.993341	0.8775	0.0109751
1.02019	0.8775	0.00639224
1.04704	0.8775	0.00266667
1.07388	0.8775	0
0	0.9	0.191998
0.0273431	0.9	0.191813
0.0546863	0.9	0.191255
0.0820294	0.9	0.190327
0.109373	0.9	0.18903
0.136716	0.9	0.187367
0.164059	0.9	0.185339
0.191402	0.9	0.182951
0.218745	0.9	0.180207
0.246088	0.9	0.177113
0.273431	0.9	0.173674
0.300774	0.9	0.169898
0.328118	0.9	0.165791
0.355461	0.9	0.161364
0.382804	0.9	0.156625
0.410147	0.9	0.151585
0.43749	0.9	0.146258
0.464833	0.9	0.140655
0.492176	0.9	0.134793
0.51952	0.9	0.128685
0.546863	0.9	0.122351
0.574206	0.9	0.11581
0.601549	0.9	0.109081
0.628892	0.9	0.102188
0.656235	0.9	0.0951548
0.683578	0.9	0.0880091
0.710922	0.9	0.0807797
0.738265	0.9	0.0734987
0.765608	0.9	0.0662013
0.792951	0.9	0.0589261
0.820294	0.9	0.051716
0.847637	0.9	0.0446187
0.87498	0.9	0.0376879
0.902323	0.9	0.0309846
0.929667	0.9	0.0245796
0.95701	0.9	0.0185594
0.984353	0.9	0.0130365
1.0117	0.9	0.00816786
1.03904	0.9	0.00417778
1.06638	0.9	0.00136228
1.09373	0.9	0
