0	0	0
0.00125	0	0
0.0025	0	0
0.00375	0	0
0.005	0	0
0.00625	0	0
0.0075	0	0
0.00875	0	0
0.01	0	0
0.01125	0	0
0.0125	0	0
0.01375	0	0
0.015	0	0
0.01625	0	0
0.0175	0	0
0.01875	0	0
0.02	0	0
0.02125	0	0
0.0225	0	0
0.02375	0	0
0.025	0	0
0.02625	0	0
0.0275	0	0
0.02875	0	0
0.03	0	0
0.03125	0	0
0.0325	0	0
0.03375	0	0
0.035	0	0
0.03625	0	0
0.0375	0	0
0.03875	0	0
0.04	0	0
0.04125	0	0
0.0425	0	0
0.04375	0	0
0.045	0	0
0.04625	0	0
0.0475	0	0
0.04875	0	0
0.05	0	0
0	0.0075	0.001688
0.00213664	0.0075	0.00168769
0.00427328	0.0075	0.00168674
0.00640992	0.0075	0.00168512
0.00854657	0.0075	0.00168278
0.0106832	0.0075	0.00167966
0.0128198	0.0075	0.00167566
0.0149565	0.0075	0.00167066
0.0170931	0.0075	0.00166452
0.0192298	0.0075	0.00165708
0.0213664	0.0075	0.00164818
0.0235031	0.0075	0.00163762
0.0256397	0.0075	0.00162523
0.0277763	0.0075	0.00161081
0.029913	0.0075	0.00159417
0.0320496	0.0075	0.00157513
0.0341863	0.0075	0.00155351
0.0363229	0.0075	0.00152916
0.0384595	0.0075	0.00150191
0.0405962	0.0075	0.00147162
0.0427328	0.0075	0.00143817
0.0448695	0.0075	0.00140143
0.0470061	0.0075	0.00136131
0.0491428	0.0075	0.00131771
0.0512794	0.0075	0.00127054
0.053416	0.0075	0.00121975
0.0555527	0.0075	0.00116527
0.0576893	0.0075	0.00110705
0.059826	0.0075	0.00104504
0.0619626	0.0075	0.00097922
0.0640992	0.0075	0.000909558
0.0662359	0.0075	0.000836037
0.0683725	0.0075	0.000758641
0.0705092	0.0075	0.000677364
0.0726458	0.0075	0.000592203
0.0747824	0.0075	0.000503159
0.0769191	0.0075	0.000410238
0.0790557	0.0075	0.000313449
0.0811924	0.0075	0.000212802
0.083329	0.0075	0.000108314
0.0854657	0.0075	0
0	0.015	0.00332759
0.00302328	0.015	0.00332646
0.00604657	0.015	0.00332304
0.00906985	0.015	0.00331724
0.0120931	0.015	0.00330889
0.0151164	0.015	0.00329778
0.0181397	0.015	0.00328365
0.021163	0.015	0.00326618
0.0241863	0.015	0.00324505
0.0272095	0.015	0.00321991
0.0302328	0.015	0.0031904
0.0332561	0.015	0.00315622
0.0362794	0.015	0.00311704
0.0393027	0.015	0.00307262
0.042326	0.015	0.00302273
0.0453492	0.015	0.00296719
0.0483725	0.015	0.00290589
0.0513958	0.015	0.00283874
0.0544191	0.015	0.00276571
0.0574424	0.015	0.00268681
0.0604657	0.015	0.00260211
0.0634889	0.015	0.00251169
0.0665122	0.015	0.00241569
0.0695355	0.015	0.00231426
0.0725588	0.015	0.00220759
0.0755821	0.015	0.00209588
0.0786053	0.015	0.00197937
0.0816286	0.015	0.00185831
0.0846519	0.015	0.00173296
0.0876752	0.015	0.00160359
0.0906985	0.015	0.00147048
0.0937218	0.015	0.00133393
0.096745	0.015	0.00119424
0.0997683	0.015	0.0010517
0.102792	0.015	0.000906624
0.105815	0.015	0.000759313
0.108838	0.015	0.000610077
0.111861	0.015	0.000459223
0.114885	0.015	0.000307056
0.117908	0.015	0.000153881
0.120931	0.015	0
0	0.0225	0.00492492
0.00390992	0.0225	0.00492254
0.00781985	0.0225	0.00491536
0.0117298	0.0225	0.00490321
0.0156397	0.0225	0.0048858
0.0195496	0.0225	0.00486278
0.0234595	0.0225	0.00483373
0.0273695	0.0225	0.00479818
0.0312794	0.0225	0.00475569
0.0351893	0.0225	0.00470582
0.0390992	0.0225	0.0046482
0.0430092	0.0225	0.00458252
0.0469191	0.0225	0.00450857
0.050829	0.0225	0.00442622
0.0547389	0.0225	0.00433544
0.0586489	0.0225	0.00423628
0.0625588	0.0225	0.00412887
0.0664687	0.0225	0.00401344
0.0703786	0.0225	0.00389024
0.0742886	0.0225	0.00375962
0.0781985	0.0225	0.00362193
0.0821084	0.0225	0.00347759
0.0860183	0.0225	0.003327
0.0899283	0.0225	0.00317062
0.0938382	0.0225	0.00300888
0.0977481	0.0225	0.00284222
0.101658	0.0225	0.00267109
0.105568	0.0225	0.0024959
0.109478	0.0225	0.00231705
0.113388	0.0225	0.00213495
0.117298	0.0225	0.00194994
0.121208	0.0225	0.00176237
0.125118	0.0225	0.00157254
0.129027	0.0225	0.00138074
0.132937	0.0225	0.00118722
0.136847	0.0225	0.000992189
0.140757	0.0225	0.000795847
0.144667	0.0225	0.000598348
0.148577	0.0225	0.000399816
0.152487	0.0225	0.000200346
0.156397	0.0225	0
0	0.03	0.00648352
0.00479657	0.03	0.00647957
0.00959313	0.03	0.00646765
0.0143897	0.03	0.00644753
0.0191863	0.03	0.00641884
0.0239828	0.03	0.00638112
0.0287794	0.03	0.00633385
0.033576	0.03	0.00627654
0.0383725	0.03	0.00620872
0.0431691	0.03	0.00613003
0.0479657	0.03	0.00604024
0.0527622	0.03	0.00593923
0.0575588	0.03	0.00582703
0.0623553	0.03	0.00570382
0.0671519	0.03	0.00556988
0.0719485	0.03	0.00542561
0.076745	0.03	0.00527149
0.0815416	0.03	0.00510808
0.0863382	0.03	0.00493597
0.0911347	0.03	0.00475578
0.0959313	0.03	0.00456815
0.100728	0.03	0.00437372
0.105524	0.03	0.00417311
0.110321	0.03	0.00396691
0.115118	0.03	0.00375568
0.119914	0.03	0.00353996
0.124711	0.03	0.00332023
0.129507	0.03	0.00309694
0.134304	0.03	0.00287048
0.1391	0.03	0.00264121
0.143897	0.03	0.00240946
0.148694	0.03	0.00217549
0.15349	0.03	0.00193955
0.158287	0.03	0.00170184
0.163083	0.03	0.00146254
0.16788	0.03	0.00122178
0.172676	0.03	0.000979702
0.177473	0.03	0.0007364
0.182269	0.03	0.000491964
0.187066	0.03	0.000246474
0.191863	0.03	0
0	0.0375	0.00800522
0.00568321	0.0375	0.00799946
0.0113664	0.0375	0.0079821
0.0170496	0.0375	0.00795286
0.0227328	0.0375	0.00791134
0.028416	0.0375	0.00785703
0.0340992	0.0375	0.00778943
0.0397824	0.0375	0.0077081
0.0454657	0.0375	0.00761271
0.0511489	0.0375	0.00750311
0.0568321	0.0375	0.0073793
0.0625153	0.0375	0.00724151
0.0681985	0.0375	0.0070901
0.0738817	0.0375	0.00692563
0.0795649	0.0375	0.00674875
0.0852481	0.0375	0.00656021
0.0909313	0.0375	0.00636084
0.0966145	0.0375	0.00615148
0.102298	0.0375	0.00593299
0.107981	0.0375	0.00570621
0.113664	0.0375	0.00547194
0.119347	0.0375	0.00523095
0.125031	0.0375	0.00498394
0.130714	0.0375	0.00473158
0.136397	0.0375	0.00447445
0.14208	0.0375	0.00421308
0.147763	0.0375	0.00394793
0.153447	0.0375	0.00367943
0.15913	0.0375	0.00340794
0.164813	0.0375	0.00313377
0.170496	0.0375	0.0028572
0.176179	0.0375	0.00257845
0.181863	0.0375	0.00229775
0.187546	0.0375	0.00201528
0.193229	0.0375	0.00173119
0.198912	0.0375	0.00144562
0.204595	0.0375	0.00115871
0.210279	0.0375	0.000870588
0.215962	0.0375	0.000581355
0.221645	0.0375	0.000291125
0.227328	0.0375	0
0	0.045	0.00949077
0.00656985	0.045	0.00948303
0.0131397	0.045	0.00945973
0.0197095	0.045	0.00942058
0.0262794	0.045	0.00936518
0.0328492	0.045	0.00929307
0.0394191	0.045	0.00920384
0.0459889	0.045	0.00909722
0.0525588	0.045	0.00897312
0.0591286	0.045	0.00883168
0.0656985	0.045	0.00867327
0.0722683	0.045	0.00849848
0.0788382	0.045	0.00830809
0.085408	0.045	0.00810302
0.0919779	0.045	0.00788429
0.0985477	0.045	0.00765297
0.105118	0.045	0.00741017
0.111687	0.045	0.00715695
0.118257	0.045	0.00689436
0.124827	0.045	0.00662336
0.131397	0.045	0.00634487
0.137967	0.045	0.0060597
0.144537	0.045	0.00576859
0.151107	0.045	0.00547221
0.157676	0.045	0.00517114
0.164246	0.045	0.00486589
0.170816	0.045	0.00455693
0.177386	0.045	0.00424464
0.183956	0.045	0.00392937
0.190526	0.045	0.00361142
0.197095	0.045	0.00329108
0.203665	0.045	0.00296857
0.210235	0.045	0.00264412
0.216805	0.045	0.00231793
0.223375	0.045	0.00199018
0.229945	0.045	0.00166104
0.236515	0.045	0.00133069
0.243084	0.045	0.000999264
0.249654	0.045	0.000666916
0.256224	0.045	0.000333784
0.262794	0.045	0
0	0.0525	0.0109403
0.00745649	0.0525	0.0109305
0.014913	0.0525	0.0109009
0.0223695	0.0525	0.0108513
0.029826	0.0525	0.0107813
0.0372824	0.0525	0.0106906
0.0447389	0.0525	0.010579
0.0521954	0.0525	0.0104464
0.0596519	0.0525	0.0102931
0.0671084	0.0525	0.0101196
0.0745649	0.0525	0.00992661
0.0820214	0.0525	0.00971518
0.0894779	0.0525	0.00948648
0.0969344	0.0525	0.00924177
0.104391	0.0525	0.00898242
0.111847	0.0525	0.00870975
0.119304	0.0525	0.00842508
0.12676	0.0525	0.00812966
0.134217	0.0525	0.00782463
0.141673	0.0525	0.00751107
0.14913	0.0525	0.00718993
0.156586	0.0525	0.00686206
0.164043	0.0525	0.00652821
0.171499	0.0525	0.00618907
0.178956	0.0525	0.0058452
0.186412	0.0525	0.00549714
0.193869	0.0525	0.00514534
0.201325	0.0525	0.00479021
0.208782	0.0525	0.0044321
0.216238	0.0525	0.00407135
0.223695	0.0525	0.00370824
0.231151	0.0525	0.00334307
0.238608	0.0525	0.00297607
0.246064	0.0525	0.00260748
0.253521	0.0525	0.00223753
0.260977	0.0525	0.00186641
0.268434	0.0525	0.00149434
0.27589	0.0525	0.00112149
0.283347	0.0525	0.000748039
0.290803	0.0525	0.000374156
0.29826	0.0525	0
0	0.06	0.0123535
0.00834313	0.06	0.0123415
0.0166863	0.06	0.0123054
0.0250294	0.06	0.012245
0.0333725	0.06	0.01216
0.0417157	0.06	0.0120503
0.0500588	0.06	0.0119158
0.0584019	0.06	0.011757
0.066745	0.06	0.0115743
0.0750882	0.06	0.0113688
0.0834313	0.06	0.0111416
0.0917744	0.06	0.0108941
0.100118	0.06	0.0106278
0.108461	0.06	0.0103444
0.116804	0.06	0.0100455
0.125147	0.06	0.0097326
0.13349	0.06	0.00940725
0.141833	0.06	0.0090708
0.150176	0.06	0.0087245
0.158519	0.06	0.00836946
0.166863	0.06	0.00800669
0.175206	0.06	0.00763707
0.183549	0.06	0.00726138
0.191892	0.06	0.00688032
0.200235	0.06	0.00649449
0.208578	0.06	0.00610444
0.216921	0.06	0.00571066
0.225265	0.06	0.00531358
0.233608	0.06	0.00491361
0.241951	0.06	0.00451112
0.250294	0.06	0.00410644
0.258637	0.06	0.00369989
0.26698	0.06	0.00329177
0.275323	0.06	0.00288234
0.283666	0.06	0.00247187
0.29201	0.06	0.00206061
0.300353	0.06	0.00164879
0.308696	0.06	0.00123661
0.317039	0.06	0.000824293
0.325382	0.06	0.000412028
0.333725	0.06	0
0	0.0675	0.01373
0.00922977	0.0675	0.0137158
0.0184595	0.0675	0.013673
0.0276893	0.0675	0.0136014
0.0369191	0.0675	0.0135011
0.0461489	0.0675	0.0133721
0.0553786	0.0675	0.0132146
0.0646084	0.0675	0.0130294
0.0738382	0.0675	0.0128175
0.0830679	0.0675	0.0125802
0.0922977	0.0675	0.0123191
0.101527	0.0675	0.012036
0.110757	0.0675	0.0117329
0.119987	0.0675	0.0114115
0.129217	0.0675	0.0110739
0.138447	0.0675	0.0107217
0.147676	0.0675	0.0103565
0.156906	0.0675	0.00997981
0.166136	0.0675	0.00959301
0.175366	0.0675	0.00919724
0.184595	0.0675	0.00879355
0.193825	0.0675	0.00838288
0.203055	0.0675	0.00796604
0.212285	0.0675	0.00754377
0.221515	0.0675	0.00711672
0.230744	0.0675	0.0066855
0.239974	0.0675	0.00625062
0.249204	0.0675	0.00581259
0.258434	0.0675	0.00537186
0.267663	0.0675	0.00492884
0.276893	0.0675	0.00448392
0.286123	0.0675	0.00403747
0.295353	0.0675	0.00358982
0.304582	0.0675	0.00314129
0.313812	0.0675	0.00269219
0.323042	0.0675	0.00224278
0.332272	0.0675	0.00179334
0.341502	0.0675	0.00134411
0.350731	0.0675	0.000895334
0.359961	0.0675	0.000447227
0.369191	0.0675	0
0	0.075	0.0150691
0.0101164	0.075	0.0150526
0.0202328	0.075	0.015003
0.0303492	0.075	0.0149202
0.0404657	0.075	0.0148044
0.0505821	0.075	0.0146559
0.0606985	0.075	0.0144753
0.0708149	0.075	0.0142637
0.0809313	0.075	0.0140226
0.0910477	0.075	0.0137538
0.101164	0.075	0.0134592
0.111281	0.075	0.013141
0.121397	0.075	0.0128015
0.131513	0.075	0.0124429
0.14163	0.075	0.0120671
0.151746	0.075	0.0116761
0.161863	0.075	0.0112717
0.171979	0.075	0.0108554
0.182095	0.075	0.0104286
0.192212	0.075	0.00999269
0.202328	0.075	0.00954865
0.212445	0.075	0.00909751
0.222561	0.075	0.00864015
0.232678	0.075	0.00817737
0.242794	0.075	0.00770988
0.25291	0.075	0.00723835
0.263027	0.075	0.00676336
0.273143	0.075	0.00628547
0.28326	0.075	0.00580518
0.293376	0.075	0.00532298
0.303492	0.075	0.0048393
0.313609	0.075	0.00435455
0.323725	0.075	0.00386912
0.333842	0.075	0.00338336
0.343958	0.075	0.00289762
0.354074	0.075	0.00241221
0.364191	0.075	0.00192744
0.374307	0.075	0.00144357
0.384424	0.075	0.000960882
0.39454	0.075	0.000479613
0.404657	0.075	0
0	0.0825	0.0163703
0.0110031	0.0825	0.0163515
0.0220061	0.0825	0.016295
0.0330092	0.0825	0.0162008
0.0440122	0.0825	0.0160694
0.0550153	0.0825	0.0159012
0.0660183	0.0825	0.0156975
0.0770214	0.0825	0.0154596
0.0880244	0.0825	0.0151894
0.0990275	0.0825	0.0148892
0.110031	0.0825	0.0145614
0.121034	0.0825	0.0142085
0.132037	0.0825	0.0138331
0.14304	0.0825	0.0134375
0.154043	0.0825	0.013024
0.165046	0.0825	0.0125947
0.176049	0.0825	0.0121515
0.187052	0.0825	0.011696
0.198055	0.0825	0.0112297
0.209058	0.0825	0.010754
0.220061	0.0825	0.0102701
0.231064	0.0825	0.0097791
0.242067	0.0825	0.00928186
0.25307	0.0825	0.0087793
0.264073	0.0825	0.0082722
0.275076	0.0825	0.0077613
0.286079	0.0825	0.00724726
0.297082	0.0825	0.0067307
0.308086	0.0825	0.00621219
0.319089	0.0825	0.00569225
0.330092	0.0825	0.0051714
0.341095	0.0825	0.00465007
0.352098	0.0825	0.00412871
0.363101	0.0825	0.00360772
0.374104	0.0825	0.00308748
0.385107	0.0825	0.00256834
0.39611	0.0825	0.00205063
0.407113	0.0825	0.00153465
0.418116	0.0825	0.00102071
0.429119	0.0825	0.000509075
0.440122	0.0825	0
0	0.09	0.0176329
0.0118897	0.09	0.0176117
0.0237794	0.09	0.0175482
0.0356691	0.09	0.0174426
0.0475588	0.09	0.0172954
0.0594485	0.09	0.0171075
0.0713382	0.09	0.0168806
0.0832279	0.09	0.0166163
0.0951176	0.09	0.0163172
0.107007	0.09	0.0159859
0.118897	0.09	0.0156251
0.130787	0.09	0.0152377
0.142676	0.09	0.0148266
0.154566	0.09	0.0143944
0.166456	0.09	0.0139434
0.178345	0.09	0.0134761
0.190235	0.09	0.0129943
0.202125	0.09	0.0125
0.214015	0.09	0.0119946
0.225904	0.09	0.0114796
0.237794	0.09	0.0109564
0.249684	0.09	0.010426
0.261573	0.09	0.00988955
0.273463	0.09	0.00934798
0.285353	0.09	0.00880217
0.297242	0.09	0.00825293
0.309132	0.09	0.00770099
0.321022	0.09	0.00714703
0.332911	0.09	0.0065917
0.344801	0.09	0.00603559
0.356691	0.09	0.00547924
0.368581	0.09	0.00492316
0.38047	0.09	0.00436784
0.39236	0.09	0.00381371
0.40425	0.09	0.0032612
0.416139	0.09	0.00271068
0.428029	0.09	0.00216253
0.439919	0.09	0.00161708
0.451808	0.09	0.00107465
0.463698	0.09	0.000535528
0.475588	0.09	0
0	0.0975	0.0188561
0.0127763	0.0975	0.0188327
0.0255527	0.0975	0.0187621
0.038329	0.0975	0.0186449
0.0511053	0.0975	0.0184818
0.0638817	0.0975	0.0182742
0.076658	0.0975	0.018024
0.0894344	0.0975	0.0177335
0.102211	0.0975	0.0174054
0.114987	0.0975	0.017043
0.127763	0.0975	0.0166493
0.14054	0.0975	0.0162276
0.153316	0.0975	0.015781
0.166092	0.0975	0.0153123
0.178869	0.0975	0.0148241
0.191645	0.0975	0.014319
0.204421	0.0975	0.0137989
0.217198	0.0975	0.0132659
0.229974	0.0975	0.0127217
0.24275	0.0975	0.0121679
0.255527	0.0975	0.0116058
0.268303	0.0975	0.0110367
0.281079	0.0975	0.0104618
0.293856	0.0975	0.00988202
0.306632	0.0975	0.00929846
0.319408	0.0975	0.00871196
0.332185	0.0975	0.00812335
0.344961	0.0975	0.00753336
0.357737	0.0975	0.00694272
0.370514	0.0975	0.00635206
0.38329	0.0975	0.005762
0.396066	0.0975	0.00517308
0.408843	0.0975	0.00458585
0.421619	0.0975	0.00400077
0.434395	0.0975	0.0034183
0.447172	0.0975	0.00283887
0.459948	0.0975	0.00226286
0.472724	0.0975	0.00169064
0.485501	0.0975	0.00112255
0.498277	0.0975	0.000558908
0.511053	0.0975	0
0	0.105	0.0200395
0.013663	0.105	0.0200137
0.027326	0.105	0.019936
0.0409889	0.105	0.0198071
0.0546519	0.105	0.0196281
0.0683149	0.105	0.0194007
0.0819779	0.105	0.0191271
0.0956408	0.105	0.0188102
0.109304	0.105	0.0184532
0.122967	0.105	0.0180597
0.13663	0.105	0.0176332
0.150293	0.105	0.0171772
0.163956	0.105	0.0166951
0.177619	0.105	0.01619
0.191282	0.105	0.0156648
0.204945	0.105	0.0151219
0.218608	0.105	0.0145638
0.232271	0.105	0.0139924
0.245934	0.105	0.0134098
0.259597	0.105	0.0128175
0.27326	0.105	0.0122171
0.286923	0.105	0.0116099
0.300586	0.105	0.0109972
0.314249	0.105	0.0103802
0.327911	0.105	0.00975991
0.341574	0.105	0.00913732
0.355237	0.105	0.00851333
0.3689	0.105	0.00788876
0.382563	0.105	0.00726438
0.396226	0.105	0.0066409
0.409889	0.105	0.00601898
0.423552	0.105	0.00539923
0.437215	0.105	0.00478221
0.450878	0.105	0.00416845
0.464541	0.105	0.00355844
0.478204	0.105	0.00295261
0.491867	0.105	0.0023514
0.50553	0.105	0.00175519
0.519193	0.105	0.00116434
0.532856	0.105	0.000579171
0.546519	0.105	0
0	0.1125	0.0211824
0.0145496	0.1125	0.0211542
0.0290992	0.1125	0.0210694
0.0436489	0.1125	0.0209287
0.0581985	0.1125	0.0207336
0.0727481	0.1125	0.0204862
0.0872977	0.1125	0.0201891
0.101847	0.1125	0.0198458
0.116397	0.1125	0.0194599
0.130947	0.1125	0.0190352
0.145496	0.1125	0.0185758
0.160046	0.1125	0.0180855
0.174595	0.1125	0.017568
0.189145	0.1125	0.0170265
0.203695	0.1125	0.0164641
0.218244	0.1125	0.0158837
0.232794	0.1125	0.0152876
0.247344	0.1125	0.0146782
0.261893	0.1125	0.0140574
0.276443	0.1125	0.0134271
0.290992	0.1125	0.0127889
0.305542	0.1125	0.0121443
0.320092	0.1125	0.0114948
0.334641	0.1125	0.0108414
0.349191	0.1125	0.0101855
0.36374	0.1125	0.00952806
0.37829	0.1125	0.00887007
0.39284	0.1125	0.00821243
0.407389	0.1125	0.00755597
0.421939	0.1125	0.00690147
0.436489	0.1125	0.00624964
0.451038	0.1125	0.00560112
0.465588	0.1125	0.00495653
0.480137	0.1125	0.00431643
0.494687	0.1125	0.00368132
0.509237	0.1125	0.0030517
0.523786	0.1125	0.002428
0.538336	0.1125	0.00181062
0.552886	0.1125	0.00119993
0.567435	0.1125	0.00059629
0.581985	0.1125	0
0	0.12	0.0222843
0.0154363	0.12	0.0222536
0.0308725	0.12	0.0221615
0.0463088	0.12	0.022009
0.061745	0.12	0.0217977
0.0771813	0.12	0.0215302
0.0926176	0.12	0.0212095
0.108054	0.12	0.0208396
0.12349	0.12	0.0204245
0.138926	0.12	0.0199686
0.154363	0.12	0.0194762
0.169799	0.12	0.0189515
0.185235	0.12	0.0183984
0.200671	0.12	0.0178205
0.216108	0.12	0.0172211
0.231544	0.12	0.0166031
0.24698	0.12	0.0159693
0.262416	0.12	0.015322
0.277853	0.12	0.0146635
0.293289	0.12	0.0139956
0.308725	0.12	0.0133203
0.324161	0.12	0.012639
0.339598	0.12	0.0119534
0.355034	0.12	0.0112648
0.37047	0.12	0.0105744
0.385907	0.12	0.00988337
0.401343	0.12	0.00919282
0.416779	0.12	0.0085037
0.432215	0.12	0.0078169
0.447652	0.12	0.00713325
0.463088	0.12	0.0064535
0.478524	0.12	0.00577837
0.49396	0.12	0.00510848
0.509397	0.12	0.00444443
0.524833	0.12	0.00378677
0.540269	0.12	0.00313598
0.555705	0.12	0.00249254
0.571142	0.12	0.00185685
0.586578	0.12	0.00122931
0.602014	0.12	0.00061025
0.61745	0.12	0
0	0.1275	0.0233445
0.0163229	0.1275	0.0233115
0.0326458	0.1275	0.023212
0.0489687	0.1275	0.0230475
0.0652916	0.1275	0.0228198
0.0816145	0.1275	0.022532
0.0979374	0.1275	0.0221876
0.11426	0.1275	0.0217908
0.130583	0.1275	0.0213464
0.146906	0.1275	0.0208591
0.163229	0.1275	0.0203335
0.179552	0.1275	0.0197742
0.195875	0.1275	0.0191854
0.212198	0.1275	0.0185711
0.228521	0.1275	0.0179346
0.244844	0.1275	0.0172792
0.261166	0.1275	0.0166077
0.277489	0.1275	0.0159229
0.293812	0.1275	0.0152269
0.310135	0.1275	0.014522
0.326458	0.1275	0.0138101
0.342781	0.1275	0.013093
0.359104	0.1275	0.0123723
0.375427	0.1275	0.0116494
0.39175	0.1275	0.0109257
0.408073	0.1275	0.0102025
0.424395	0.1275	0.00948096
0.440718	0.1275	0.00876201
0.457041	0.1275	0.00804667
0.473364	0.1275	0.00733581
0.489687	0.1275	0.00663023
0.50601	0.1275	0.00593068
0.522333	0.1275	0.00523782
0.538656	0.1275	0.00455229
0.554979	0.1275	0.00387463
0.571302	0.1275	0.00320537
0.587624	0.1275	0.00254497
0.603947	0.1275	0.00189387
0.62027	0.1275	0.00125244
0.636593	0.1275	0.000621047
0.652916	0.1275	0
0	0.135	0.0243627
0.0172095	0.135	0.0243272
0.0344191	0.135	0.0242204
0.0516286	0.135	0.0240436
0.0688382	0.135	0.0237994
0.0860477	0.135	0.023491
0.103257	0.135	0.0231226
0.120467	0.135	0.0226988
0.137676	0.135	0.0222248
0.154886	0.135	0.0217057
0.172095	0.135	0.0211468
0.189305	0.135	0.0205527
0.206515	0.135	0.0199281
0.223724	0.135	0.0192771
0.240934	0.135	0.0186035
0.258143	0.135	0.0179107
0.275353	0.135	0.0172018
0.292562	0.135	0.0164796
0.309772	0.135	0.0157467
0.326981	0.135	0.0150053
0.344191	0.135	0.0142576
0.3614	0.135	0.0135054
0.37861	0.135	0.0127506
0.39582	0.135	0.0119946
0.413029	0.135	0.011239
0.430239	0.135	0.010485
0.447448	0.135	0.00973397
0.464658	0.135	0.00898693
0.481867	0.135	0.00824491
0.499077	0.135	0.00750884
0.516286	0.135	0.00677956
0.533496	0.135	0.00605785
0.550705	0.135	0.00534441
0.567915	0.135	0.00463988
0.585124	0.135	0.00394484
0.602334	0.135	0.00325981
0.619544	0.135	0.00258527
0.636753	0.135	0.00192165
0.653963	0.135	0.00126934
0.671172	0.135	0.000628687
0.688382	0.135	0
0	0.1425	0.0253384
0.0180962	0.1425	0.0253004
0.0361924	0.1425	0.025186
0.0542886	0.1425	0.0249969
0.0723847	0.1425	0.0247359
0.0904809	0.1425	0.0244068
0.108577	0.1425	0.024014
0.126673	0.1425	0.0235629
0.144769	0.1425	0.0230589
0.162866	0.1425	0.0225079
0.180962	0.1425	0.0219152
0.199058	0.1425	0.0212861
0.217154	0.1425	0.0206254
0.23525	0.1425	0.0199377
0.253347	0.1425	0.0192269
0.271443	0.1425	0.0184968
0.289539	0.1425	0.0177506
0.307635	0.1425	0.0169914
0.325731	0.1425	0.016222
0.343828	0.1425	0.0154447
0.361924	0.1425	0.0146619
0.38002	0.1425	0.0138755
0.398116	0.1425	0.0130876
0.416212	0.1425	0.0122997
0.434308	0.1425	0.0115135
0.452405	0.1425	0.0107303
0.470501	0.1425	0.00995143
0.488597	0.1425	0.00917808
0.506693	0.1425	0.00841132
0.524789	0.1425	0.0076521
0.542886	0.1425	0.00690131
0.560982	0.1425	0.00615975
0.579078	0.1425	0.00542815
0.597174	0.1425	0.00470716
0.61527	0.1425	0.00399736
0.633366	0.1425	0.0032993
0.651463	0.1425	0.00261344
0.669559	0.1425	0.00194022
0.687655	0.1425	0.00128002
0.705751	0.1425	0.000633181
0.723847	0.1425	0
0	0.15	0.0262711
0.0189828	0.15	0.0262306
0.0379657	0.15	0.0261085
0.0569485	0.15	0.0259069
0.0759313	0.15	0.0256289
0.0949141	0.15	0.0252786
0.113897	0.15	0.0248612
0.13288	0.15	0.0243823
0.151863	0.15	0.0238481
0.170845	0.15	0.0232647
0.189828	0.15	0.0226379
0.208811	0.15	0.0219735
0.227794	0.15	0.0212766
0.246777	0.15	0.0205519
0.26576	0.15	0.019804
0.284742	0.15	0.0190366
0.303725	0.15	0.0182533
0.322708	0.15	0.0174575
0.341691	0.15	0.0166519
0.360674	0.15	0.0158394
0.379657	0.15	0.0150223
0.398639	0.15	0.0142027
0.417622	0.15	0.0133828
0.436605	0.15	0.0125643
0.455588	0.15	0.0117489
0.474571	0.15	0.010938
0.493553	0.15	0.010133
0.512536	0.15	0.00933522
0.531519	0.15	0.00854568
0.550502	0.15	0.00776543
0.569485	0.15	0.00699536
0.588468	0.15	0.0062363
0.60745	0.15	0.00548899
0.626433	0.15	0.0047541
0.645416	0.15	0.00403221
0.664399	0.15	0.00332386
0.683382	0.15	0.00262952
0.702365	0.15	0.00194961
0.721347	0.15	0.00128451
0.74033	0.15	0.000634545
0.759313	0.15	0
0	0.1575	0.0271605
0.0198695	0.1575	0.0271173
0.0397389	0.1575	0.0269875
0.0596084	0.1575	0.0267732
0.0794779	0.1575	0.0264778
0.0993473	0.1575	0.026106
0.119217	0.1575	0.0256635
0.139086	0.1575	0.0251565
0.158956	0.1575	0.0245916
0.178825	0.1575	0.0239754
0.198695	0.1575	0.0233142
0.218564	0.1575	0.0226141
0.238434	0.1575	0.0218807
0.258303	0.1575	0.021119
0.278173	0.1575	0.0203338
0.298042	0.1575	0.0195292
0.317911	0.1575	0.0187091
0.337781	0.1575	0.0178769
0.35765	0.1575	0.0170359
0.37752	0.1575	0.0161887
0.397389	0.1575	0.0153381
0.417259	0.1575	0.0144864
0.437128	0.1575	0.0136357
0.456998	0.1575	0.0127879
0.476867	0.1575	0.0119447
0.496737	0.1575	0.0111078
0.516606	0.1575	0.0102785
0.536476	0.1575	0.00945813
0.556345	0.1575	0.00864786
0.576215	0.1575	0.00784873
0.596084	0.1575	0.00706165
0.615953	0.1575	0.00628747
0.635823	0.1575	0.00552694
0.655692	0.1575	0.00478073
0.675562	0.1575	0.00404941
0.695431	0.1575	0.00333353
0.715301	0.1575	0.00263355
0.73517	0.1575	0.00194986
0.75504	0.1575	0.00128284
0.774909	0.1575	0.000632798
0.794779	0.1575	0
0	0.165	0.0280062
0.0207561	0.165	0.0279604
0.0415122	0.165	0.0278226
0.0622683	0.165	0.0275952
0.0830244	0.165	0.0272822
0.103781	0.165	0.0268885
0.124537	0.165	0.0264205
0.145293	0.165	0.0258849
0.166049	0.165	0.0252888
0.186805	0.165	0.0246393
0.207561	0.165	0.0239433
0.228317	0.165	0.0232072
0.249073	0.165	0.022437
0.269829	0.165	0.0216381
0.290586	0.165	0.0208156
0.311342	0.165	0.0199739
0.332098	0.165	0.0191172
0.352854	0.165	0.0182491
0.37361	0.165	0.0173731
0.394366	0.165	0.0164921
0.415122	0.165	0.015609
0.435878	0.165	0.0147262
0.456634	0.165	0.0138458
0.477391	0.165	0.0129701
0.498147	0.165	0.0121008
0.518903	0.165	0.0112394
0.539659	0.165	0.0103876
0.560415	0.165	0.0095467
0.581171	0.165	0.00871778
0.601927	0.165	0.00790195
0.622683	0.165	0.00710018
0.643439	0.165	0.00631329
0.664195	0.165	0.00554204
0.684952	0.165	0.0047871
0.705708	0.165	0.00404904
0.726464	0.165	0.00332839
0.74722	0.165	0.00262558
0.767976	0.165	0.00194103
0.788732	0.165	0.00127505
0.809488	0.165	0.000627961
0.830244	0.165	0
0	0.1725	0.0288078
0.0216428	0.1725	0.0287593
0.0432855	0.1725	0.0286134
0.0649283	0.1725	0.0283727
0.086571	0.1725	0.0280416
0.108214	0.1725	0.0276256
0.129857	0.1725	0.0271316
0.151499	0.1725	0.0265668
0.173142	0.1725	0.025939
0.194785	0.1725	0.0252558
0.216428	0.1725	0.0245245
0.23807	0.1725	0.023752
0.259713	0.1725	0.0229447
0.281356	0.1725	0.0221084
0.302999	0.1725	0.0212486
0.324641	0.1725	0.02037
0.346284	0.1725	0.0194769
0.367927	0.1725	0.0185734
0.38957	0.1725	0.0176631
0.411212	0.1725	0.0167491
0.432855	0.1725	0.0158344
0.454498	0.1725	0.0149215
0.476141	0.1725	0.0140129
0.497783	0.1725	0.0131107
0.519426	0.1725	0.0122168
0.541069	0.1725	0.0113328
0.562712	0.1725	0.0104604
0.584354	0.1725	0.00960085
0.605997	0.1725	0.00875539
0.62764	0.1725	0.00792512
0.649283	0.1725	0.00711097
0.670925	0.1725	0.0063138
0.692568	0.1725	0.00553436
0.714211	0.1725	0.00477329
0.735854	0.1725	0.00403117
0.757496	0.1725	0.0033085
0.779139	0.1725	0.0026057
0.800782	0.1725	0.00192316
0.822425	0.1725	0.00126119
0.844067	0.1725	0.000620056
0.86571	0.1725	0
0	0.18	0.0295651
0.0225294	0.18	0.0295138
0.0450588	0.18	0.0293595
0.0675882	0.18	0.0291053
0.0901176	0.18	0.0287556
0.112647	0.18	0.0283169
0.135176	0.18	0.0277962
0.157706	0.18	0.0272017
0.180235	0.18	0.0265416
0.202765	0.18	0.0258241
0.225294	0.18	0.025057
0.247823	0.18	0.0242477
0.270353	0.18	0.0234031
0.292882	0.18	0.0225293
0.315411	0.18	0.0216322
0.337941	0.18	0.0207167
0.36047	0.18	0.0197877
0.383	0.18	0.0188493
0.405529	0.18	0.0179053
0.428058	0.18	0.0169591
0.450588	0.18	0.0160138
0.473117	0.18	0.0150722
0.495647	0.18	0.0141367
0.518176	0.18	0.0132095
0.540705	0.18	0.0122926
0.563235	0.18	0.0113878
0.585764	0.18	0.0104967
0.608294	0.18	0.00962056
0.630823	0.18	0.00876072
0.653352	0.18	0.00791825
0.675882	0.18	0.00709409
0.698411	0.18	0.00628909
0.720941	0.18	0.00550397
0.74347	0.18	0.00473939
0.765999	0.18	0.00399589
0.788529	0.18	0.00327395
0.811058	0.18	0.00257398
0.833587	0.18	0.00189632
0.856117	0.18	0.00124128
0.878646	0.18	0.000609105
0.901176	0.18	0
0	0.1875	0.0302778
0.023416	0.1875	0.0302236
0.0468321	0.1875	0.0300608
0.0702481	0.1875	0.0297925
0.0936641	0.1875	0.0294239
0.11708	0.1875	0.0289618
0.140496	0.1875	0.028414
0.163912	0.1875	0.0277891
0.187328	0.1875	0.0270961
0.210744	0.1875	0.0263437
0.23416	0.1875	0.0255403
0.257576	0.1875	0.0246938
0.280992	0.1875	0.0238115
0.304408	0.1875	0.0229002
0.327824	0.1875	0.0219657
0.35124	0.1875	0.0210137
0.374657	0.1875	0.020049
0.398073	0.1875	0.0190762
0.421489	0.1875	0.0180993
0.444905	0.1875	0.0171218
0.468321	0.1875	0.0161471
0.491737	0.1875	0.0151779
0.515153	0.1875	0.0142168
0.538569	0.1875	0.0132662
0.561985	0.1875	0.0123281
0.585401	0.1875	0.0114043
0.608817	0.1875	0.0104964
0.632233	0.1875	0.00960585
0.655649	0.1875	0.00873382
0.679065	0.1875	0.00788142
0.702481	0.1875	0.00704962
0.725897	0.1875	0.00623924
0.749313	0.1875	0.005451
0.772729	0.1875	0.0046855
0.796145	0.1875	0.0039433
0.819561	0.1875	0.00322483
0.842977	0.1875	0.00253048
0.866393	0.1875	0.00186057
0.889809	0.1875	0.00121538
0.913225	0.1875	0.000595128
0.936641	0.1875	0
0	0.195	0.0309455
0.0243027	0.195	0.0308884
0.0486053	0.195	0.0307168
0.072908	0.195	0.0304342
0.0972107	0.195	0.0300461
0.121513	0.195	0.02956
0.145816	0.195	0.0289843
0.170119	0.195	0.0283284
0.194421	0.195	0.0276018
0.218724	0.195	0.0268139
0.243027	0.195	0.0259737
0.267329	0.195	0.0250896
0.291632	0.195	0.0241694
0.315935	0.195	0.0232202
0.340237	0.195	0.0222486
0.36454	0.195	0.0212602
0.388843	0.195	0.0202603
0.413145	0.195	0.0192538
0.437448	0.195	0.0182447
0.461751	0.195	0.0172369
0.486053	0.195	0.0162338
0.510356	0.195	0.0152384
0.534659	0.195	0.0142533
0.558962	0.195	0.0132809
0.583264	0.195	0.0123233
0.607567	0.195	0.0113824
0.63187	0.195	0.0104597
0.656172	0.195	0.00955678
0.680475	0.195	0.00867475
0.704778	0.195	0.00781474
0.72908	0.195	0.00697768
0.753383	0.195	0.00616438
0.777686	0.195	0.00537554
0.801988	0.195	0.00461174
0.826291	0.195	0.00387349
0.850594	0.195	0.00316122
0.874896	0.195	0.00247528
0.899199	0.195	0.00181596
0.923502	0.195	0.00118352
0.947804	0.195	0.000578144
0.972107	0.195	0
0	0.2025	0.0315682
0.0251893	0.2025	0.031508
0.0503786	0.2025	0.0313273
0.0755679	0.2025	0.0310299
0.100757	0.2025	0.0306218
0.125947	0.2025	0.030111
0.151136	0.2025	0.0295067
0.176325	0.2025	0.028819
0.201515	0.2025	0.0280581
0.226704	0.2025	0.0272341
0.251893	0.2025	0.0263565
0.277082	0.2025	0.0254344
0.302272	0.2025	0.0244761
0.327461	0.2025	0.023489
0.35265	0.2025	0.0224802
0.37784	0.2025	0.0214557
0.403029	0.2025	0.0204212
0.428218	0.2025	0.0193815
0.453408	0.2025	0.0183412
0.478597	0.2025	0.0173041
0.503786	0.2025	0.0162739
0.528976	0.2025	0.0152536
0.554165	0.2025	0.014246
0.579354	0.2025	0.0132534
0.604544	0.2025	0.0122782
0.629733	0.2025	0.011322
0.654922	0.2025	0.0103866
0.680112	0.2025	0.00947342
0.705301	0.2025	0.00858363
0.73049	0.2025	0.0077183
0.755679	0.2025	0.00687838
0.780869	0.2025	0.00606462
0.806058	0.2025	0.00527771
0.831247	0.2025	0.00451821
0.856437	0.2025	0.00378658
0.881626	0.2025	0.00308322
0.906815	0.2025	0.00240845
0.932005	0.2025	0.00176255
0.957194	0.2025	0.00114574
0.982383	0.2025	0.000558172
1.00757	0.2025	0
0	0.21	0.0321455
0.026076	0.21	0.0320822
0.0521519	0.21	0.0318921
0.0782279	0.21	0.0315794
0.104304	0.21	0.0311506
0.13038	0.21	0.0306145
0.156456	0.21	0.0299809
0.182532	0.21	0.0292606
0.208608	0.21	0.0284646
0.234684	0.21	0.0276038
0.26076	0.21	0.0266883
0.286836	0.21	0.0257277
0.312911	0.21	0.024731
0.338987	0.21	0.023706
0.365063	0.21	0.0226602
0.391139	0.21	0.0215999
0.417215	0.21	0.0205312
0.443291	0.21	0.0194591
0.469367	0.21	0.0183884
0.495443	0.21	0.0173232
0.521519	0.21	0.0162671
0.547595	0.21	0.0152233
0.573671	0.21	0.0141947
0.599747	0.21	0.0131838
0.625823	0.21	0.0121927
0.651899	0.21	0.0112233
0.677975	0.21	0.0102772
0.704051	0.21	0.00935589
0.730127	0.21	0.00846056
0.756203	0.21	0.00759225
0.782279	0.21	0.00675185
0.808355	0.21	0.0059401
0.834431	0.21	0.00515765
0.860507	0.21	0.00440502
0.886583	0.21	0.00368265
0.912658	0.21	0.0029909
0.938734	0.21	0.00233007
0.96481	0.21	0.00170039
0.990886	0.21	0.00110206
1.01696	0.21	0.000535226
1.04304	0.21	0
0	0.2175	0.0326772
0.0269626	0.2175	0.0326107
0.0539252	0.2175	0.0324109
0.0808878	0.2175	0.0320824
0.10785	0.2175	0.0316323
0.134813	0.2175	0.03107
0.161776	0.2175	0.0304062
0.188738	0.2175	0.0296525
0.215701	0.2175	0.0288207
0.242663	0.2175	0.0279223
0.269626	0.2175	0.0269684
0.296589	0.2175	0.025969
0.323551	0.2175	0.0249336
0.350514	0.2175	0.0238707
0.377476	0.2175	0.022788
0.404439	0.2175	0.0216924
0.431402	0.2175	0.02059
0.458364	0.2175	0.0194863
0.485327	0.2175	0.0183862
0.512289	0.2175	0.017294
0.539252	0.2175	0.0162133
0.566215	0.2175	0.0151476
0.593177	0.2175	0.0140996
0.62014	0.2175	0.013072
0.647102	0.2175	0.0120669
0.674065	0.2175	0.0110862
0.701028	0.2175	0.0101315
0.72799	0.2175	0.0092043
0.754953	0.2175	0.00830569
0.781915	0.2175	0.00743671
0.808878	0.2175	0.00659822
0.835841	0.2175	0.00579094
0.862803	0.2175	0.00501546
0.889766	0.2175	0.00427228
0.916728	0.2175	0.0035618
0.943691	0.2175	0.00288435
0.970654	0.2175	0.00224019
0.997616	0.2175	0.00162952
1.02458	0.2175	0.00105253
1.05154	0.2175	0.00050932
1.0785	0.2175	0
0	0.225	0.0331633
0.0278492	0.225	0.0330934
0.0556985	0.225	0.0328836
0.0835477	0.225	0.0325386
0.111397	0.225	0.0320665
0.139246	0.225	0.0314771
0.167095	0.225	0.0307823
0.194945	0.225	0.0299943
0.222794	0.225	0.0291259
0.250643	0.225	0.0281893
0.278492	0.225	0.0271962
0.306342	0.225	0.0261576
0.334191	0.225	0.0250834
0.36204	0.225	0.0239825
0.389889	0.225	0.0228632
0.417739	0.225	0.0217327
0.445588	0.225	0.0205973
0.473437	0.225	0.0194629
0.501286	0.225	0.0183344
0.529136	0.225	0.0172163
0.556985	0.225	0.0161125
0.584834	0.225	0.0150263
0.612683	0.225	0.0139607
0.640533	0.225	0.0129182
0.668382	0.225	0.011901
0.696231	0.225	0.010911
0.72408	0.225	0.00994978
0.751929	0.225	0.00901879
0.779779	0.225	0.00811914
0.807628	0.225	0.00725182
0.835477	0.225	0.00641763
0.863326	0.225	0.00561726
0.891176	0.225	0.00485127
0.919025	0.225	0.0041201
0.946874	0.225	0.00342412
0.974723	0.225	0.00276363
1.00257	0.225	0.00213886
1.03042	0.225	0.00154999
1.05827	0.225	0.000997154
1.08612	0.225	0.000480466
1.11397	0.225	0
0	0.2325	0.0336035
0.0287359	0.2325	0.0335301
0.0574718	0.2325	0.0333098
0.0862076	0.2325	0.0329479
0.114944	0.2325	0.0324529
0.143679	0.2325	0.0318356
0.172415	0.2325	0.0311087
0.201151	0.2325	0.0302855
0.229887	0.2325	0.0293796
0.258623	0.2325	0.028404
0.287359	0.2325	0.0273714
0.316095	0.2325	0.0262932
0.344831	0.2325	0.0251799
0.373566	0.2325	0.0240412
0.402302	0.2325	0.0228855
0.431038	0.2325	0.0217205
0.459774	0.2325	0.0205529
0.48851	0.2325	0.0193886
0.517246	0.2325	0.0182329
0.545982	0.2325	0.0170902
0.574718	0.2325	0.0159646
0.603453	0.2325	0.0148595
0.632189	0.2325	0.0137779
0.660925	0.2325	0.0127223
0.689661	0.2325	0.0116949
0.718397	0.2325	0.0106976
0.747133	0.2325	0.00973206
0.775869	0.2325	0.00879949
0.804605	0.2325	0.00790106
0.833341	0.2325	0.00703771
0.862076	0.2325	0.00621021
0.890812	0.2325	0.0054192
0.919548	0.2325	0.00466517
0.948284	0.2325	0.00394856
0.97702	0.2325	0.00326969
1.00576	0.2325	0.00262881
1.03449	0.2325	0.00202614
1.06323	0.2325	0.00146181
1.09196	0.2325	0.000935965
1.1207	0.2325	0.000448675
1.14944	0.2325	0
0	0.24	0.0339977
0.0296225	0.24	0.0339207
0.059245	0.24	0.0336895
0.0888676	0.24	0.0333099
0.11849	0.24	0.0327911
0.148113	0.24	0.0321451
0.177735	0.24	0.0313851
0.207358	0.24	0.0305257
0.23698	0.24	0.0295814
0.266603	0.24	0.0285662
0.296225	0.24	0.0274933
0.325848	0.24	0.0263751
0.35547	0.24	0.0252228
0.385093	0.24	0.0240462
0.414715	0.24	0.0228545
0.444338	0.24	0.0216556
0.47396	0.24	0.0204565
0.503583	0.24	0.0192633
0.533205	0.24	0.0180814
0.562828	0.24	0.0169155
0.59245	0.24	0.0157696
0.622073	0.24	0.0146472
0.651695	0.24	0.0135513
0.681318	0.24	0.0124845
0.710941	0.24	0.0114489
0.740563	0.24	0.0104464
0.770186	0.24	0.0094785
0.799808	0.24	0.00854655
0.829431	0.24	0.0076516
0.859053	0.24	0.00679454
0.888676	0.24	0.0059761
0.918298	0.24	0.00519686
0.947921	0.24	0.00445729
0.977543	0.24	0.00375776
1.00717	0.24	0.00309857
1.03679	0.24	0.00247995
1.06641	0.24	0.00190206
1.09603	0.24	0.00136504
1.12566	0.24	0.00086898
1.15528	0.24	0.000413958
1.1849	0.24	0
0	0.2475	0.0343457
0.0305092	0.2475	0.034265
0.0610183	0.2475	0.0340224
0.0915275	0.2475	0.0336244
0.122037	0.2475	0.033081
0.152546	0.2475	0.0324051
0.183055	0.2475	0.031611
0.213564	0.2475	0.0307144
0.244073	0.2475	0.0297308
0.274582	0.2475	0.0286752
0.305092	0.2475	0.0275616
0.335601	0.2475	0.0264031
0.36611	0.2475	0.0252115
0.396619	0.2475	0.0239973
0.427128	0.2475	0.02277
0.457637	0.2475	0.0215378
0.488147	0.2475	0.020308
0.518656	0.2475	0.0190869
0.549165	0.2475	0.01788
0.579674	0.2475	0.0166922
0.610183	0.2475	0.0155275
0.640692	0.2475	0.0143895
0.671202	0.2475	0.0132811
0.701711	0.2475	0.0122049
0.73222	0.2475	0.011163
0.762729	0.2475	0.0101573
0.793238	0.2475	0.00918927
0.823747	0.2475	0.00826012
0.854257	0.2475	0.00737089
0.884766	0.2475	0.00652243
0.915275	0.2475	0.0057154
0.945784	0.2475	0.00495035
0.976293	0.2475	0.0042277
1.0068	0.2475	0.00354778
1.03731	0.2475	0.00291084
1.06782	0.2475	0.00231709
1.09833	0.2475	0.00176666
1.12884	0.2475	0.00125968
1.15935	0.2475	0.00079622
1.18986	0.2475	0.00037633
1.22037	0.2475	0
0	0.255	0.0346475
0.0313958	0.255	0.0345628
0.0627916	0.255	0.0343084
0.0941874	0.255	0.0338913
0.125583	0.255	0.0333223
0.156979	0.255	0.0326153
0.188375	0.255	0.0317861
0.219771	0.255	0.0308512
0.251166	0.255	0.0298274
0.282562	0.255	0.0287305
0.313958	0.255	0.0275757
0.345354	0.255	0.0263767
0.37675	0.255	0.0251458
0.408145	0.255	0.0238942
0.439541	0.255	0.0226316
0.470937	0.255	0.0213668
0.502333	0.255	0.0201071
0.533729	0.255	0.0188592
0.565124	0.255	0.0176287
0.59652	0.255	0.0164204
0.627916	0.255	0.0152385
0.659312	0.255	0.0140864
0.690708	0.255	0.0129673
0.722104	0.255	0.0118836
0.753499	0.255	0.0108375
0.784895	0.255	0.00983061
0.816291	0.255	0.0088645
0.847687	0.255	0.00794033
0.879083	0.255	0.00705908
0.910478	0.255	0.0062215
0.941874	0.255	0.00542824
0.97327	0.255	0.00467978
1.00467	0.255	0.00397649
1.03606	0.255	0.00331867
1.06746	0.255	0.00270654
1.09885	0.255	0.00214027
1.13025	0.255	0.00161998
1.16164	0.255	0.00114577
1.19304	0.255	0.00071771
1.22444	0.255	0.000335813
1.25583	0.255	0
0	0.2625	0.0349031
0.0322824	0.2625	0.0348142
0.0645649	0.2625	0.0345474
0.0968473	0.2625	0.0341102
0.12913	0.2625	0.0335145
0.161412	0.2625	0.0327754
0.193695	0.2625	0.0319098
0.225977	0.2625	0.0309356
0.25826	0.2625	0.0298706
0.290542	0.2625	0.0287319
0.322824	0.2625	0.0275353
0.355107	0.2625	0.0262954
0.387389	0.2625	0.0250252
0.419672	0.2625	0.0237364
0.451954	0.2625	0.0224392
0.484237	0.2625	0.0211424
0.516519	0.2625	0.0198539
0.548802	0.2625	0.0185803
0.581084	0.2625	0.0173274
0.613366	0.2625	0.0161
0.645649	0.2625	0.0149024
0.677931	0.2625	0.0137381
0.710214	0.2625	0.0126101
0.742496	0.2625	0.0115208
0.774779	0.2625	0.0104723
0.807061	0.2625	0.00946639
0.839344	0.2625	0.00850435
0.871626	0.2625	0.00758734
0.903908	0.2625	0.00671628
0.936191	0.2625	0.00589189
0.968473	0.2625	0.00511472
1.00076	0.2625	0.00438523
1.03304	0.2625	0.00370374
1.06532	0.2625	0.00307051
1.0976	0.2625	0.00248573
1.12989	0.2625	0.00194954
1.16217	0.2625	0.00146205
1.19445	0.2625	0.00102335
1.22673	0.2625	0.000633495
1.25902	0.2625	0.000292449
1.2913	0.2625	0
0	0.27	0.0351122
0.0331691	0.27	0.035019
0.0663382	0.27	0.0347392
0.0995073	0.27	0.034281
0.132676	0.27	0.0336576
0.165845	0.27	0.0328851
0.199015	0.27	0.0319819
0.232184	0.27	0.0309672
0.265353	0.27	0.0298601
0.298522	0.27	0.0286787
0.331691	0.27	0.0274399
0.36486	0.27	0.0261589
0.398029	0.27	0.0248496
0.431198	0.27	0.0235239
0.464367	0.27	0.0221925
0.497536	0.27	0.0208646
0.530705	0.27	0.0195482
0.563874	0.27	0.0182501
0.597044	0.27	0.0169761
0.630213	0.27	0.0157311
0.663382	0.27	0.0145195
0.696551	0.27	0.0133447
0.72972	0.27	0.0122096
0.762889	0.27	0.0111166
0.796058	0.27	0.0100678
0.829227	0.27	0.00906482
0.862396	0.27	0.00810896
0.895565	0.27	0.00720128
0.928734	0.27	0.00634264
0.961904	0.27	0.00553369
0.995073	0.27	0.00477494
1.02824	0.27	0.00406679
1.06141	0.27	0.00340952
1.09458	0.27	0.00280334
1.12775	0.27	0.00224844
1.16092	0.27	0.00174493
1.19409	0.27	0.00129292
1.22726	0.27	0.000892481
1.26043	0.27	0.00054365
1.29359	0.27	0.000246312
1.32676	0.27	0
0	0.2775	0.0352748
0.0340557	0.2775	0.0351771
0.0681115	0.2775	0.0348836
0.102167	0.2775	0.0344036
0.136223	0.2775	0.0337511
0.170279	0.2775	0.0329439
0.204334	0.2775	0.0320019
0.23839	0.2775	0.0309456
0.272446	0.2775	0.0297954
0.306502	0.2775	0.0285706
0.340557	0.2775	0.0272891
0.374613	0.2775	0.025967
0.408669	0.2775	0.0246185
0.442724	0.2775	0.0232563
0.47678	0.2775	0.0218914
0.510836	0.2775	0.0205332
0.544892	0.2775	0.0191899
0.578947	0.2775	0.0178685
0.613003	0.2775	0.0165748
0.647059	0.2775	0.0153139
0.681115	0.2775	0.0140899
0.71517	0.2775	0.0129062
0.749226	0.2775	0.0117659
0.783282	0.2775	0.0106711
0.817337	0.2775	0.00962401
0.851393	0.2775	0.00862603
0.885449	0.2775	0.00767846
0.919505	0.2775	0.00678227
0.95356	0.2775	0.00593826
0.987616	0.2775	0.00514701
1.02167	0.2775	0.00440898
1.05573	0.2775	0.00372452
1.08978	0.2775	0.00309387
1.12384	0.2775	0.00251722
1.15789	0.2775	0.00199472
1.19195	0.2775	0.0015265
1.22601	0.2775	0.00111265
1.26006	0.2775	0.000753258
1.29412	0.2775	0.00044831
1.32817	0.2775	0.00019754
1.36223	0.2775	0
0	0.285	0.035391
0.0349424	0.285	0.0352885
0.0698847	0.285	0.0349806
0.104827	0.285	0.0344776
0.139769	0.285	0.0337948
0.174712	0.285	0.0329516
0.209654	0.285	0.0319694
0.244597	0.285	0.0308703
0.279539	0.285	0.0296761
0.314481	0.285	0.0284073
0.349424	0.285	0.0270827
0.384366	0.285	0.0257192
0.419308	0.285	0.0243318
0.454251	0.285	0.0229335
0.489193	0.285	0.0215357
0.524136	0.285	0.0201482
0.559078	0.285	0.0187791
0.59402	0.285	0.0174357
0.628963	0.285	0.0161237
0.663905	0.285	0.0148483
0.698847	0.285	0.0136135
0.73379	0.285	0.0124229
0.768732	0.285	0.0112791
0.803675	0.285	0.0101846
0.838617	0.285	0.0091411
0.873559	0.285	0.00815018
0.908502	0.285	0.00721299
0.943444	0.285	0.00633044
0.978386	0.285	0.00550325
1.01333	0.285	0.00473194
1.04827	0.285	0.00401692
1.08321	0.285	0.00335849
1.11816	0.285	0.00275686
1.1531	0.285	0.00221219
1.18804	0.285	0.00172464
1.22298	0.285	0.00129433
1.25793	0.285	0.000921375
1.29287	0.285	0.000605867
1.32781	0.285	0.000347723
1.36275	0.285	0.000146376
1.39769	0.285	0
0	0.2925	0.0354607
0.035829	0.2925	0.0353531
0.071658	0.2925	0.0350301
0.107487	0.2925	0.034503
0.143316	0.2925	0.0337886
0.179145	0.2925	0.0329079
0.214974	0.2925	0.031884
0.250803	0.2925	0.0307409
0.286632	0.2925	0.0295017
0.322461	0.2925	0.0281882
0.35829	0.2925	0.0268201
0.394119	0.2925	0.0254153
0.429948	0.2925	0.0239891
0.465777	0.2925	0.0225553
0.501606	0.2925	0.0211254
0.537435	0.2925	0.0197094
0.573264	0.2925	0.0183157
0.609093	0.2925	0.0169516
0.644922	0.2925	0.0156228
0.680751	0.2925	0.0143345
0.71658	0.2925	0.0130907
0.752409	0.2925	0.0118948
0.788238	0.2925	0.0107495
0.824067	0.2925	0.00965705
0.859896	0.2925	0.00861922
0.895725	0.2925	0.00763739
0.931554	0.2925	0.00671267
0.967383	0.2925	0.0058459
1.00321	0.2925	0.0050377
1.03904	0.2925	0.00428856
1.07487	0.2925	0.00359883
1.1107	0.2925	0.00296875
1.14653	0.2925	0.00239853
1.18236	0.2925	0.00188832
1.21819	0.2925	0.00143827
1.25402	0.2925	0.00104855
1.28984	0.2925	0.000719307
1.32567	0.2925	0.000450637
1.3615	0.2925	0.000242323
1.39733	0.2925	9.32506e-05
1.43316	0.2925	0
0	0.3	0.0354838
0.0367157	0.3	0.0353709
0.0734313	0.3	0.035032
0.110147	0.3	0.0344795
0.146863	0.3	0.033732
0.183578	0.3	0.0328123
0.220294	0.3	0.0317455
0.25701	0.3	0.0305571
0.293725	0.3	0.029272
0.330441	0.3	0.0279131
0.367157	0.3	0.0265012
0.403872	0.3	0.025055
0.440588	0.3	0.0235904
0.477303	0.3	0.0221215
0.514019	0.3	0.0206603
0.550735	0.3	0.0192169
0.58745	0.3	0.0177998
0.624166	0.3	0.0164163
0.660882	0.3	0.0150722
0.697597	0.3	0.0137726
0.734313	0.3	0.0125215
0.771029	0.3	0.0113221
0.807744	0.3	0.0101771
0.84446	0.3	0.00908872
0.881176	0.3	0.0080585
0.917891	0.3	0.0070878
0.954607	0.3	0.00617763
0.991323	0.3	0.00532874
1.02804	0.3	0.00454171
1.06475	0.3	0.00381695
1.10147	0.3	0.00315476
1.13819	0.3	0.00255537
1.1749	0.3	0.00201896
1.21162	0.3	0.0015457
1.24833	0.3	0.00113577
1.28505	0.3	0.000789402
1.32176	0.3	0.000506829
1.35848	0.3	0.00028814
1.39519	0.3	0.000132865
1.43191	0.3	3.8903e-05
1.46863	0.3	0
