0	0	0
0.00875	0	0
0.0175	0	0
0.02625	0	0
0.035	0	0
0.04375	0	0
0.0525	0	0
0.06125	0	0
0.07	0	0
0.07875	0	0
0.0875	0	0
0.09625	0	0
0.105	0	0
0.11375	0	0
0.1225	0	0
0.13125	0	0
0.14	0	0
0.14875	0	0
0.1575	0	0
0.16625	0	0
0.175	0	0
0.18375	0	0
0.1925	0	0
0.20125	0	0
0.21	0	0
0.21875	0	0
0.2275	0	0
0.23625	0	0
0.245	0	0
0.25375	0	0
0.2625	0	0
0.27125	0	0
0.28	0	0
0.28875	0	0
0.2975	0	0
0.30625	0	0
0.315	0	0
0.32375	0	0
0.3325	0	0
0.34125	0	0
0.35	0	0
0	0.0175	0.0084808
0.00932026	0.0175	0.00847942
0.0186405	0.0175	0.00847526
0.0279608	0.0175	0.00846832
0.037281	0.0175	0.00845855
0.0466013	0.0175	0.00844594
0.0559216	0.0175	0.00843043
0.0652418	0.0175	0.00841196
0.0745621	0.0175	0.00839047
0.0838823	0.0175	0.00836586
0.0932026	0.0175	0.00833804
0.102523	0.0175	0.00830689
0.111843	0.0175	0.00827227
0.121163	0.0175	0.00823403
0.130484	0.0175	0.008192
0.139804	0.0175	0.00814595
0.149124	0.0175	0.00809567
0.158444	0.0175	0.00804087
0.167765	0.0175	0.00798122
0.177085	0.0175	0.00791637
0.186405	0.0175	0.00784588
0.195725	0.0175	0.00776923
0.205046	0.0175	0.0076858
0.214366	0.0175	0.00759486
0.223686	0.0175	0.00749549
0.233006	0.0175	0.00738657
0.242327	0.0175	0.00726668
0.251647	0.0175	0.00713399
0.260967	0.0175	0.00698612
0.270288	0.0175	0.0068199
0.279608	0.0175	0.00663109
0.288928	0.0175	0.00641389
0.298248	0.0175	0.00616033
0.307569	0.0175	0.00585938
0.316889	0.0175	0.00549569
0.326209	0.0175	0.00504791
0.335529	0.0175	0.00448628
0.34485	0.0175	0.0037695
0.35417	0.0175	0.00284033
0.36349	0.0175	0.0016199
0.37281	0.0175	0
0	0.035	0.0166651
0.00989052	0.035	0.016662
0.019781	0.035	0.0166527
0.0296716	0.035	0.0166372
0.0395621	0.035	0.0166153
0.0494526	0.035	0.016587
0.0593431	0.035	0.0165522
0.0692336	0.035	0.0165108
0.0791241	0.035	0.0164624
0.0890147	0.035	0.0164071
0.0989052	0.035	0.0163444
0.108796	0.035	0.016274
0.118686	0.035	0.0161958
0.128577	0.035	0.0161091
0.138467	0.035	0.0160137
0.148358	0.035	0.0159088
0.158248	0.035	0.015794
0.168139	0.035	0.0156685
0.178029	0.035	0.0155313
0.18792	0.035	0.0153816
0.19781	0.035	0.015218
0.207701	0.035	0.0150392
0.217591	0.035	0.0148435
0.227482	0.035	0.0146286
0.237372	0.035	0.0143919
0.247263	0.035	0.0141304
0.257153	0.035	0.0138397
0.267044	0.035	0.0135149
0.276935	0.035	0.0131495
0.286825	0.035	0.0127352
0.296716	0.035	0.0122616
0.306606	0.035	0.0117156
0.316497	0.035	0.011081
0.326387	0.035	0.010338
0.336278	0.035	0.00946289
0.346168	0.035	0.00842866
0.356059	0.035	0.00720595
0.365949	0.035	0.00576596
0.37584	0.035	0.00408559
0.38573	0.035	0.00215653
0.395621	0.035	0
0	0.0525	0.0245627
0.0104608	0.0525	0.0245575
0.0209216	0.0525	0.0245421
0.0313823	0.0525	0.0245162
0.0418431	0.0525	0.0244799
0.0523039	0.0525	0.0244328
0.0627647	0.0525	0.0243749
0.0732254	0.0525	0.0243059
0.0836862	0.0525	0.0242253
0.094147	0.0525	0.0241329
0.104608	0.0525	0.0240281
0.115069	0.0525	0.0239105
0.125529	0.0525	0.0237793
0.13599	0.0525	0.0236339
0.146451	0.0525	0.0234733
0.156912	0.0525	0.0232965
0.167372	0.0525	0.0231024
0.177833	0.0525	0.0228896
0.188294	0.0525	0.0226564
0.198755	0.0525	0.0224009
0.209216	0.0525	0.0221208
0.219676	0.0525	0.0218134
0.230137	0.0525	0.0214752
0.240598	0.0525	0.0211024
0.251059	0.0525	0.0206901
0.261519	0.0525	0.0202324
0.27198	0.0525	0.0197222
0.282441	0.0525	0.0191508
0.292902	0.0525	0.0185081
0.303363	0.0525	0.0177818
0.313823	0.0525	0.0169577
0.324284	0.0525	0.0160197
0.334745	0.0525	0.0149501
0.345206	0.0525	0.0137302
0.355666	0.0525	0.0123417
0.366127	0.0525	0.0107683
0.376588	0.0525	0.00899828
0.387049	0.0525	0.00702688
0.39751	0.0525	0.0048589
0.40797	0.0525	0.00250933
0.418431	0.0525	0
0	0.07	0.0321829
0.011031	0.07	0.0321753
0.0220621	0.07	0.0321527
0.0330931	0.07	0.0321149
0.0441241	0.07	0.0320617
0.0551552	0.07	0.0319929
0.0661862	0.07	0.0319081
0.0772173	0.07	0.031807
0.0882483	0.07	0.0316889
0.0992793	0.07	0.0315533
0.11031	0.07	0.0313994
0.121341	0.07	0.0312263
0.132372	0.07	0.0310332
0.143403	0.07	0.0308187
0.154435	0.07	0.0305814
0.165466	0.07	0.0303199
0.176497	0.07	0.0300321
0.187528	0.07	0.0297159
0.198559	0.07	0.0293687
0.20959	0.07	0.0289874
0.220621	0.07	0.0285684
0.231652	0.07	0.0281075
0.242683	0.07	0.0275996
0.253714	0.07	0.0270389
0.264745	0.07	0.0264182
0.275776	0.07	0.0257296
0.286807	0.07	0.0249635
0.297838	0.07	0.0241093
0.308869	0.07	0.0231547
0.3199	0.07	0.0220867
0.330931	0.07	0.0208913
0.341962	0.07	0.0195545
0.352993	0.07	0.0180627
0.364024	0.07	0.0164045
0.375055	0.07	0.0145712
0.386086	0.07	0.0125585
0.397117	0.07	0.0103673
0.408148	0.07	0.00800388
0.419179	0.07	0.00547923
0.43021	0.07	0.00280682
0.441241	0.07	0
0	0.0875	0.0395347
0.0116013	0.0875	0.0395245
0.0232026	0.0875	0.0394938
0.0348039	0.0875	0.0394425
0.0464052	0.0875	0.0393702
0.0580065	0.0875	0.0392767
0.0696078	0.0875	0.0391615
0.0812091	0.0875	0.0390239
0.0928104	0.0875	0.0388632
0.104412	0.0875	0.0386784
0.116013	0.0875	0.0384687
0.127614	0.0875	0.0382327
0.139216	0.0875	0.0379689
0.150817	0.0875	0.0376756
0.162418	0.0875	0.037351
0.174019	0.0875	0.0369926
0.185621	0.0875	0.0365979
0.197222	0.0875	0.0361636
0.208823	0.0875	0.0356862
0.220425	0.0875	0.0351614
0.232026	0.0875	0.0345845
0.243627	0.0875	0.0339496
0.255228	0.0875	0.0332503
0.26683	0.0875	0.0324792
0.278431	0.0875	0.0316277
0.290032	0.0875	0.0306865
0.301634	0.0875	0.0296452
0.313235	0.0875	0.0284928
0.324836	0.0875	0.0272177
0.336438	0.0875	0.0258084
0.348039	0.0875	0.024254
0.35964	0.0875	0.0225451
0.371241	0.0875	0.0206741
0.382843	0.0875	0.0186365
0.394444	0.0875	0.0164312
0.406045	0.0875	0.0140607
0.417647	0.0875	0.0115308
0.429248	0.0875	0.00885002
0.440849	0.0875	0.00602814
0.452451	0.0875	0.0030751
0.464052	0.0875	0
0	0.105	0.046627
0.0121716	0.105	0.0466138
0.0243431	0.105	0.0465741
0.0365147	0.105	0.0465077
0.0486862	0.105	0.0464143
0.0608578	0.105	0.0462934
0.0730293	0.105	0.0461443
0.0852009	0.105	0.0459662
0.0973724	0.105	0.0457582
0.109544	0.105	0.0455189
0.121716	0.105	0.0452471
0.133887	0.105	0.044941
0.146059	0.105	0.0445988
0.15823	0.105	0.0442181
0.170402	0.105	0.0437964
0.182573	0.105	0.0433307
0.194745	0.105	0.0428174
0.206916	0.105	0.0422526
0.219088	0.105	0.0416316
0.23126	0.105	0.0409494
0.243431	0.105	0.0401998
0.255603	0.105	0.0393761
0.267774	0.105	0.0384708
0.279946	0.105	0.0374757
0.292117	0.105	0.0363818
0.304289	0.105	0.0351794
0.31646	0.105	0.0338586
0.328632	0.105	0.0324097
0.340804	0.105	0.0308232
0.352975	0.105	0.0290905
0.365147	0.105	0.0272048
0.377318	0.105	0.025161
0.38949	0.105	0.0229566
0.401661	0.105	0.020592
0.413833	0.105	0.0180698
0.426004	0.105	0.0153954
0.438176	0.105	0.0125756
0.450347	0.105	0.00961822
0.462519	0.105	0.0065314
0.474691	0.105	0.00332292
0.486862	0.105	0
0	0.1225	0.0534676
0.0127418	0.1225	0.0534511
0.0254836	0.1225	0.0534017
0.0382254	0.1225	0.0533189
0.0509673	0.1225	0.0532024
0.0637091	0.1225	0.0530516
0.0764509	0.1225	0.0528656
0.0891927	0.1225	0.0526434
0.101935	0.1225	0.0523838
0.114676	0.1225	0.0520851
0.127418	0.1225	0.0517457
0.14016	0.1225	0.0513634
0.152902	0.1225	0.0509359
0.165644	0.1225	0.0504602
0.178385	0.1225	0.0499333
0.191127	0.1225	0.0493513
0.203869	0.1225	0.0487102
0.216611	0.1225	0.048005
0.229353	0.1225	0.0472305
0.242094	0.1225	0.0463806
0.254836	0.1225	0.0454486
0.267578	0.1225	0.0444272
0.28032	0.1225	0.0433084
0.293062	0.1225	0.0420838
0.305804	0.1225	0.0407448
0.318545	0.1225	0.0392826
0.331287	0.1225	0.0376886
0.344029	0.1225	0.035955
0.356771	0.1225	0.0340751
0.369513	0.1225	0.0320435
0.382254	0.1225	0.0298566
0.394996	0.1225	0.0275132
0.407738	0.1225	0.0250139
0.42048	0.1225	0.0223616
0.433222	0.1225	0.0195609
0.445963	0.1225	0.0166175
0.458705	0.1225	0.0135382
0.471447	0.1225	0.01033
0.484189	0.1225	0.00699989
0.496931	0.1225	0.00355444
0.509673	0.1225	0
0	0.14	0.0600642
0.0133121	0.14	0.0600442
0.0266241	0.14	0.0599842
0.0399362	0.14	0.0598839
0.0532483	0.14	0.0597426
0.0665604	0.14	0.0595597
0.0798724	0.14	0.0593341
0.0931845	0.14	0.0590645
0.106497	0.14	0.0587495
0.119809	0.14	0.0583872
0.133121	0.14	0.0579754
0.146433	0.14	0.0575117
0.159745	0.14	0.056993
0.173057	0.14	0.0564162
0.186369	0.14	0.0557775
0.199681	0.14	0.0550724
0.212993	0.14	0.0542964
0.226305	0.14	0.0534439
0.239617	0.14	0.052509
0.252929	0.14	0.0514852
0.266241	0.14	0.0503655
0.279554	0.14	0.0491425
0.292866	0.14	0.0478083
0.306178	0.14	0.0463551
0.31949	0.14	0.0447749
0.332802	0.14	0.0430605
0.346114	0.14	0.0412052
0.359426	0.14	0.0392032
0.372738	0.14	0.0370505
0.38605	0.14	0.0347442
0.399362	0.14	0.0322837
0.412674	0.14	0.0296699
0.425986	0.14	0.0269053
0.439298	0.14	0.0239941
0.45261	0.14	0.0209415
0.465923	0.14	0.0177534
0.479235	0.14	0.0144361
0.492547	0.14	0.0109959
0.505859	0.14	0.00743916
0.519171	0.14	0.00377191
0.532483	0.14	0
0	0.1575	0.0664236
0.0138823	0.1575	0.0663999
0.0277647	0.1575	0.0663288
0.041647	0.1575	0.0662097
0.0555293	0.1575	0.0660422
0.0694117	0.1575	0.0658252
0.083294	0.1575	0.0655576
0.0971763	0.1575	0.065238
0.111059	0.1575	0.0648644
0.124941	0.1575	0.0644348
0.138823	0.1575	0.0639467
0.152706	0.1575	0.0633972
0.166588	0.1575	0.0627829
0.18047	0.1575	0.0621
0.194353	0.1575	0.0613445
0.208235	0.1575	0.0605114
0.222117	0.1575	0.0595955
0.236	0.1575	0.0585912
0.249882	0.1575	0.0574921
0.263764	0.1575	0.0562916
0.277647	0.1575	0.0549827
0.291529	0.1575	0.0535583
0.305411	0.1575	0.052011
0.319294	0.1575	0.0503339
0.333176	0.1575	0.0485204
0.347058	0.1575	0.0465648
0.360941	0.1575	0.0444621
0.374823	0.1575	0.0422089
0.388705	0.1575	0.039803
0.402588	0.1575	0.0372439
0.41647	0.1575	0.0345326
0.430352	0.1575	0.0316716
0.444235	0.1575	0.0286645
0.458117	0.1575	0.0255161
0.471999	0.1575	0.0222316
0.485882	0.1575	0.0188171
0.499764	0.1575	0.0152783
0.513646	0.1575	0.0116214
0.527529	0.1575	0.00785222
0.541411	0.1575	0.00397656
0.555293	0.1575	0
0	0.175	0.0725521
0.0144526	0.175	0.0725246
0.0289052	0.175	0.0724417
0.0433578	0.175	0.072303
0.0578104	0.175	0.0721079
0.0722629	0.175	0.0718552
0.0867155	0.175	0.0715437
0.101168	0.175	0.0711716
0.115621	0.175	0.0707369
0.130073	0.175	0.0702371
0.144526	0.175	0.0696694
0.158978	0.175	0.0690307
0.173431	0.175	0.0683171
0.187884	0.175	0.0675247
0.202336	0.175	0.0666489
0.216789	0.175	0.0656844
0.231241	0.175	0.064626
0.245694	0.175	0.0634675
0.260147	0.175	0.0622028
0.274599	0.175	0.0608254
0.289052	0.175	0.0593285
0.303504	0.175	0.0577055
0.317957	0.175	0.0559502
0.33241	0.175	0.0540565
0.346862	0.175	0.0520193
0.361315	0.175	0.0498344
0.375767	0.175	0.0474986
0.39022	0.175	0.0450103
0.404673	0.175	0.0423689
0.419125	0.175	0.0395755
0.433578	0.175	0.0366323
0.44803	0.175	0.0335427
0.462483	0.175	0.0303111
0.476935	0.175	0.0269424
0.491388	0.175	0.0234421
0.505841	0.175	0.019816
0.520293	0.175	0.0160698
0.534746	0.175	0.0122095
0.549198	0.175	0.00824066
0.563651	0.175	0.00416901
0.578104	0.175	0
0	0.1925	0.0784554
0.0150228	0.1925	0.0784238
0.0300457	0.1925	0.0783287
0.0450685	0.1925	0.0781696
0.0600914	0.1925	0.0779458
0.0751142	0.1925	0.0776561
0.0901371	0.1925	0.077299
0.10516	0.1925	0.0768725
0.120183	0.1925	0.0763744
0.135206	0.1925	0.0758021
0.150228	0.1925	0.0751525
0.165251	0.1925	0.074422
0.180274	0.1925	0.0736067
0.195297	0.1925	0.0727023
0.21032	0.1925	0.0717039
0.225343	0.1925	0.0706063
0.240366	0.1925	0.069404
0.255388	0.1925	0.068091
0.270411	0.1925	0.0666612
0.285434	0.1925	0.0651084
0.300457	0.1925	0.0634266
0.31548	0.1925	0.0616099
0.330503	0.1925	0.059653
0.345526	0.1925	0.0575511
0.360548	0.1925	0.0553004
0.375571	0.1925	0.0528981
0.390594	0.1925	0.0503426
0.405617	0.1925	0.0476337
0.42064	0.1925	0.0447721
0.435663	0.1925	0.04176
0.450685	0.1925	0.0386006
0.465708	0.1925	0.0352978
0.480731	0.1925	0.0318565
0.495754	0.1925	0.0282817
0.510777	0.1925	0.0245791
0.5258	0.1925	0.0207544
0.540823	0.1925	0.0168133
0.555845	0.1925	0.0127617
0.570868	0.1925	0.00860522
0.585891	0.1925	0.0043495
0.600914	0.1925	0
0	0.21	0.0841384
0.0155931	0.21	0.0841025
0.0311862	0.21	0.0839949
0.0467793	0.21	0.0838148
0.0623724	0.21	0.0835615
0.0779655	0.21	0.0832336
0.0935586	0.21	0.0828295
0.109152	0.21	0.0823471
0.124745	0.21	0.0817841
0.140338	0.21	0.0811374
0.155931	0.21	0.080404
0.171524	0.21	0.07958
0.187117	0.21	0.0786613
0.20271	0.21	0.0776434
0.218304	0.21	0.0765214
0.233897	0.21	0.0752901
0.24949	0.21	0.0739438
0.265083	0.21	0.0724771
0.280676	0.21	0.070884
0.296269	0.21	0.069159
0.311862	0.21	0.0672966
0.327455	0.21	0.0652919
0.343048	0.21	0.0631405
0.358641	0.21	0.060839
0.374235	0.21	0.0583848
0.389828	0.21	0.0557763
0.405421	0.21	0.0530133
0.421014	0.21	0.0500966
0.436607	0.21	0.0470281
0.4522	0.21	0.0438108
0.467793	0.21	0.0404484
0.483386	0.21	0.0369455
0.498979	0.21	0.0333071
0.514573	0.21	0.0295386
0.530166	0.21	0.0256457
0.545759	0.21	0.0216341
0.561352	0.21	0.0175098
0.576945	0.21	0.0132785
0.592538	0.21	0.00894601
0.608131	0.21	0.00451799
0.623724	0.21	0
0	0.2275	0.0896055
0.0161634	0.2275	0.0895653
0.0323267	0.2275	0.0894447
0.0484901	0.2275	0.0892431
0.0646535	0.2275	0.0889595
0.0808168	0.2275	0.0885926
0.0969802	0.2275	0.0881405
0.113144	0.2275	0.0876011
0.129307	0.2275	0.0869718
0.14547	0.2275	0.0862496
0.161634	0.2275	0.085431
0.177797	0.2275	0.0845124
0.19396	0.2275	0.0834893
0.210124	0.2275	0.0823573
0.226287	0.2275	0.0811115
0.242451	0.2275	0.0797466
0.258614	0.2275	0.0782575
0.274777	0.2275	0.0766388
0.290941	0.2275	0.0748852
0.307104	0.2275	0.0729917
0.323267	0.2275	0.0709537
0.339431	0.2275	0.0687671
0.355594	0.2275	0.0664286
0.371757	0.2275	0.063936
0.387921	0.2275	0.0612876
0.404084	0.2275	0.0584833
0.420248	0.2275	0.0555236
0.436411	0.2275	0.0524105
0.452574	0.2275	0.0491467
0.468738	0.2275	0.0457358
0.484901	0.2275	0.042182
0.501064	0.2275	0.0384905
0.517228	0.2275	0.0346663
0.533391	0.2275	0.0307153
0.549554	0.2275	0.0266432
0.565718	0.2275	0.0224559
0.581881	0.2275	0.0181595
0.598045	0.2275	0.0137598
0.614208	0.2275	0.00926276
0.630371	0.2275	0.00467426
0.646535	0.2275	0
0	0.245	0.0948605
0.0167336	0.245	0.0948159
0.0334673	0.245	0.0946822
0.0502009	0.245	0.0944586
0.0669345	0.245	0.0941442
0.0836681	0.245	0.0937374
0.100402	0.245	0.0932366
0.117135	0.245	0.0926392
0.133869	0.245	0.0919428
0.150603	0.245	0.0911442
0.167336	0.245	0.0902398
0.18407	0.245	0.0892258
0.200804	0.245	0.088098
0.217537	0.245	0.0868519
0.234271	0.245	0.0854826
0.251004	0.245	0.0839853
0.267738	0.245	0.082355
0.284472	0.245	0.0805867
0.301205	0.245	0.0786758
0.317939	0.245	0.0766181
0.334673	0.245	0.0744096
0.351406	0.245	0.0720473
0.36814	0.245	0.0695289
0.384873	0.245	0.066853
0.401607	0.245	0.0640193
0.418341	0.245	0.0610284
0.435074	0.245	0.057882
0.451808	0.245	0.0545826
0.468542	0.245	0.0511338
0.485275	0.245	0.0475396
0.502009	0.245	0.0438049
0.518742	0.245	0.0399351
0.535476	0.245	0.0359356
0.55221	0.245	0.0318125
0.568943	0.245	0.0275716
0.585677	0.245	0.0232193
0.602411	0.245	0.0187617
0.619144	0.245	0.0142048
0.635878	0.245	0.00955489
0.652611	0.245	0.00481796
0.669345	0.245	0
0	0.2625	0.0999067
0.0173039	0.2625	0.0998577
0.0346078	0.2625	0.0997106
0.0519117	0.2625	0.0994647
0.0692155	0.2625	0.099119
0.0865194	0.2625	0.098672
0.103823	0.2625	0.0981217
0.121127	0.2625	0.0974659
0.138431	0.2625	0.0967017
0.155735	0.2625	0.0958261
0.173039	0.2625	0.0948355
0.190343	0.2625	0.093726
0.207647	0.2625	0.0924936
0.224951	0.2625	0.0911337
0.242254	0.2625	0.0896419
0.259558	0.2625	0.0880135
0.276862	0.2625	0.086244
0.294166	0.2625	0.084329
0.31147	0.2625	0.0822645
0.328774	0.2625	0.0800468
0.346078	0.2625	0.0776731
0.363382	0.2625	0.0751411
0.380685	0.2625	0.0724495
0.397989	0.2625	0.0695979
0.415293	0.2625	0.0665869
0.432597	0.2625	0.063418
0.449901	0.2625	0.0600935
0.467205	0.2625	0.056617
0.484509	0.2625	0.0529924
0.501813	0.2625	0.0492244
0.519117	0.2625	0.0453183
0.53642	0.2625	0.0412798
0.553724	0.2625	0.0371148
0.571028	0.2625	0.0328295
0.588332	0.2625	0.0284302
0.605636	0.2625	0.0239233
0.62294	0.2625	0.0193153
0.640244	0.2625	0.0146126
0.657548	0.2625	0.00982155
0.674852	0.2625	0.0049486
0.692155	0.2625	0
0	0.28	0.104747
0.0178741	0.28	0.104693
0.0357483	0.28	0.104533
0.0536224	0.28	0.104264
0.0714966	0.28	0.103887
0.0893707	0.28	0.103399
0.107245	0.28	0.102799
0.125119	0.28	0.102084
0.142993	0.28	0.101252
0.160867	0.28	0.100299
0.178741	0.28	0.0992224
0.196616	0.28	0.0980175
0.21449	0.28	0.0966808
0.232364	0.28	0.095208
0.250238	0.28	0.0935949
0.268112	0.28	0.0918372
0.285986	0.28	0.0899308
0.30386	0.28	0.0878721
0.321735	0.28	0.0856575
0.339609	0.28	0.0832843
0.357483	0.28	0.0807504
0.375357	0.28	0.0780545
0.393231	0.28	0.075196
0.411105	0.28	0.0721756
0.428979	0.28	0.0689946
0.446854	0.28	0.0656553
0.464728	0.28	0.062161
0.482602	0.28	0.0585156
0.500476	0.28	0.0547237
0.51835	0.28	0.0507906
0.536224	0.28	0.046722
0.554098	0.28	0.042524
0.571973	0.28	0.0382028
0.589847	0.28	0.0337649
0.607721	0.28	0.0292172
0.625595	0.28	0.0245662
0.643469	0.28	0.0198188
0.661343	0.28	0.0149817
0.679217	0.28	0.0100617
0.697092	0.28	0.0050656
0.714966	0.28	0
0	0.2975	0.109384
0.0184444	0.2975	0.109326
0.0368888	0.2975	0.109151
0.0553332	0.2975	0.10886
0.0737776	0.2975	0.108451
0.092222	0.2975	0.107922
0.110666	0.2975	0.107272
0.129111	0.2975	0.106498
0.147555	0.2975	0.105597
0.166	0.2975	0.104567
0.184444	0.2975	0.103404
0.202888	0.2975	0.102104
0.221333	0.2975	0.100664
0.239777	0.2975	0.099079
0.258222	0.2975	0.097346
0.276666	0.2975	0.0954609
0.29511	0.2975	0.0934201
0.313555	0.2975	0.0912206
0.331999	0.2975	0.0888596
0.350444	0.2975	0.0863351
0.368888	0.2975	0.0836458
0.387332	0.2975	0.0807912
0.405777	0.2975	0.0777718
0.424221	0.2975	0.0745888
0.442666	0.2975	0.0712446
0.46111	0.2975	0.067742
0.479554	0.2975	0.0640852
0.497999	0.2975	0.0602785
0.516443	0.2975	0.0563273
0.534888	0.2975	0.0522373
0.553332	0.2975	0.0480146
0.571776	0.2975	0.0436658
0.590221	0.2975	0.0391975
0.608665	0.2975	0.0346167
0.62711	0.2975	0.0299305
0.645554	0.2975	0.0251459
0.663999	0.2975	0.0202702
0.682443	0.2975	0.0153106
0.700887	0.2975	0.0102742
0.719332	0.2975	0.00516832
0.737776	0.2975	0
0	0.315	0.113818
0.0190147	0.315	0.113756
0.0380293	0.315	0.113568
0.057044	0.315	0.113254
0.0760586	0.315	0.112813
0.0950733	0.315	0.112243
0.114088	0.315	0.111542
0.133103	0.315	0.110709
0.152117	0.315	0.10974
0.171132	0.315	0.108632
0.190147	0.315	0.107383
0.209161	0.315	0.105989
0.228176	0.315	0.104445
0.247191	0.315	0.10275
0.266205	0.315	0.100898
0.28522	0.315	0.0988878
0.304235	0.315	0.0967151
0.323249	0.315	0.0943777
0.342264	0.315	0.0918737
0.361279	0.315	0.0892019
0.380293	0.315	0.0863617
0.399308	0.315	0.0833535
0.418323	0.315	0.0801785
0.437337	0.315	0.0768388
0.456352	0.315	0.0733375
0.475367	0.315	0.0696782
0.494381	0.315	0.0658656
0.513396	0.315	0.0619049
0.532411	0.315	0.0578018
0.551425	0.315	0.0535626
0.57044	0.315	0.0491939
0.589455	0.315	0.0447028
0.608469	0.315	0.0400964
0.627484	0.315	0.0353821
0.646499	0.315	0.0305674
0.665513	0.315	0.0256599
0.684528	0.315	0.0206674
0.703542	0.315	0.0155974
0.722557	0.315	0.0104577
0.741572	0.315	0.00525601
0.760586	0.315	0
0	0.3325	0.118053
0.0195849	0.3325	0.117986
0.0391698	0.3325	0.117784
0.0587548	0.3325	0.117447
0.0783397	0.3325	0.116974
0.0979246	0.3325	0.116363
0.11751	0.3325	0.115612
0.137094	0.3325	0.114719
0.156679	0.3325	0.113682
0.176264	0.3325	0.112497
0.195849	0.3325	0.111162
0.215434	0.3325	0.109674
0.235019	0.3325	0.108028
0.254604	0.3325	0.106223
0.274189	0.3325	0.104255
0.293774	0.3325	0.10212
0.313359	0.3325	0.099818
0.332944	0.3325	0.0973455
0.352529	0.3325	0.0947018
0.372113	0.3325	0.0918863
0.391698	0.3325	0.0888994
0.411283	0.3325	0.0857421
0.430868	0.3325	0.0824165
0.450453	0.3325	0.0789254
0.470038	0.3325	0.0752727
0.489623	0.3325	0.0714627
0.509208	0.3325	0.0675008
0.528793	0.3325	0.0633926
0.548378	0.3325	0.0591447
0.567963	0.3325	0.0547637
0.587548	0.3325	0.0502569
0.607133	0.3325	0.0456318
0.626717	0.3325	0.0408962
0.646302	0.3325	0.0360578
0.665887	0.3325	0.0311249
0.685472	0.3325	0.0261054
0.705057	0.3325	0.0210077
0.724642	0.3325	0.01584
0.744227	0.3325	0.0106106
0.763812	0.3325	0.00532786
0.783397	0.3325	0
0	0.35	0.122089
0.0201552	0.35	0.122017
0.0403104	0.35	0.121802
0.0604655	0.35	0.121442
0.0806207	0.35	0.120936
0.100776	0.35	0.120283
0.120931	0.35	0.119482
0.141086	0.35	0.11853
0.161241	0.35	0.117424
0.181397	0.35	0.116163
0.201552	0.35	0.114742
0.221707	0.35	0.11316
0.241862	0.35	0.111414
0.262017	0.35	0.1095
0.282173	0.35	0.107416
0.302328	0.35	0.10516
0.322483	0.35	0.10273
0.342638	0.35	0.100125
0.362793	0.35	0.0973445
0.382948	0.35	0.0943888
0.403104	0.35	0.0912588
0.423259	0.35	0.0879566
0.443414	0.35	0.0844849
0.463569	0.35	0.0808474
0.483724	0.35	0.0770485
0.503879	0.35	0.0730935
0.524035	0.35	0.0689881
0.54419	0.35	0.0647389
0.564345	0.35	0.0603528
0.5845	0.35	0.0558372
0.604655	0.35	0.0512001
0.624811	0.35	0.0464493
0.644966	0.35	0.0415933
0.665121	0.35	0.0366405
0.685276	0.35	0.0315996
0.705431	0.35	0.0264793
0.725586	0.35	0.0212886
0.745742	0.35	0.0160363
0.765897	0.35	0.0107314
0.786052	0.35	0.00538298
0.806207	0.35	0
0	0.3675	0.125927
0.0207254	0.3675	0.125851
0.0414509	0.3675	0.125621
0.0621763	0.3675	0.125238
0.0829018	0.3675	0.1247
0.103627	0.3675	0.124006
0.124353	0.3675	0.123154
0.145078	0.3675	0.122142
0.165804	0.3675	0.120968
0.186529	0.3675	0.11963
0.207254	0.3675	0.118125
0.22798	0.3675	0.11645
0.248705	0.3675	0.114602
0.269431	0.3675	0.112581
0.290156	0.3675	0.110383
0.310882	0.3675	0.108007
0.331607	0.3675	0.105451
0.352332	0.3675	0.102716
0.373058	0.3675	0.0998018
0.393783	0.3675	0.0967088
0.414509	0.3675	0.0934393
0.435234	0.3675	0.0899959
0.45596	0.3675	0.0863823
0.476685	0.3675	0.0826028
0.497411	0.3675	0.0786626
0.518136	0.3675	0.0745676
0.538861	0.3675	0.0703244
0.559587	0.3675	0.0659401
0.580312	0.3675	0.0614224
0.601038	0.3675	0.0567793
0.621763	0.3675	0.0520192
0.642489	0.3675	0.047151
0.663214	0.3675	0.0421835
0.683939	0.3675	0.0371259
0.704665	0.3675	0.0319876
0.72539	0.3675	0.0267781
0.746116	0.3675	0.0215069
0.766841	0.3675	0.0161837
0.787567	0.3675	0.0108183
0.808292	0.3675	0.00542041
0.829018	0.3675	0
0	0.385	0.129568
0.0212957	0.385	0.129487
0.0425914	0.385	0.129244
0.0638871	0.385	0.128837
0.0851828	0.385	0.128267
0.106478	0.385	0.127531
0.127774	0.385	0.126628
0.14907	0.385	0.125557
0.170366	0.385	0.124315
0.191661	0.385	0.1229
0.212957	0.385	0.12131
0.234253	0.385	0.119542
0.255548	0.385	0.117595
0.276844	0.385	0.115467
0.29814	0.385	0.113156
0.319435	0.385	0.110661
0.340731	0.385	0.107982
0.362027	0.385	0.105119
0.383323	0.385	0.102073
0.404618	0.385	0.0988452
0.425914	0.385	0.0954391
0.44721	0.385	0.091858
0.468505	0.385	0.0881062
0.489801	0.385	0.0841887
0.511097	0.385	0.0801116
0.532392	0.385	0.0758816
0.553688	0.385	0.0715058
0.574984	0.385	0.0669922
0.59628	0.385	0.0623491
0.617575	0.385	0.0575852
0.638871	0.385	0.0527098
0.660167	0.385	0.0477323
0.681462	0.385	0.0426623
0.702758	0.385	0.0375098
0.724054	0.385	0.032285
0.745349	0.385	0.026998
0.766645	0.385	0.0216594
0.787941	0.385	0.0162796
0.809237	0.385	0.0108692
0.830532	0.385	0.0054391
0.851828	0.385	0
0	0.4025	0.133013
0.021866	0.4025	0.132927
0.0437319	0.4025	0.132669
0.0655979	0.4025	0.13224
0.0874638	0.4025	0.131636
0.10933	0.4025	0.130859
0.131196	0.4025	0.129905
0.153062	0.4025	0.128774
0.174928	0.4025	0.127464
0.196794	0.4025	0.125973
0.21866	0.4025	0.124298
0.240526	0.4025	0.122438
0.262391	0.4025	0.120392
0.284257	0.4025	0.118158
0.306123	0.4025	0.115735
0.327989	0.4025	0.113122
0.349855	0.4025	0.110321
0.371721	0.4025	0.107331
0.393587	0.4025	0.104156
0.415453	0.4025	0.100796
0.437319	0.4025	0.0972561
0.459185	0.4025	0.0935403
0.481051	0.4025	0.0896535
0.502917	0.4025	0.0856019
0.524783	0.4025	0.081392
0.546649	0.4025	0.0770314
0.568515	0.4025	0.072528
0.590381	0.4025	0.0678905
0.612247	0.4025	0.0631281
0.634113	0.4025	0.0582502
0.655979	0.4025	0.0532668
0.677845	0.4025	0.0481882
0.699711	0.4025	0.0430248
0.721577	0.4025	0.0377875
0.743443	0.4025	0.0324872
0.765308	0.4025	0.0271351
0.787174	0.4025	0.0217425
0.80904	0.4025	0.016321
0.830906	0.4025	0.0108822
0.852772	0.4025	0.00543793
0.874638	0.4025	0
0	0.42	0.136261
0.0224362	0.42	0.136171
0.0448724	0.42	0.135899
0.0673086	0.42	0.135446
0.0897449	0.42	0.13481
0.112181	0.42	0.13399
0.134617	0.42	0.132986
0.157054	0.42	0.131795
0.17949	0.42	0.130416
0.201926	0.42	0.128848
0.224362	0.42	0.127089
0.246798	0.42	0.125138
0.269235	0.42	0.122992
0.291671	0.42	0.120652
0.314107	0.42	0.118118
0.336543	0.42	0.115389
0.358979	0.42	0.112467
0.381416	0.42	0.109352
0.403852	0.42	0.106049
0.426288	0.42	0.102559
0.448724	0.42	0.0988875
0.471161	0.42	0.0950395
0.493597	0.42	0.0910208
0.516033	0.42	0.0868383
0.538469	0.42	0.0824994
0.560905	0.42	0.0780124
0.583342	0.42	0.0733861
0.605778	0.42	0.0686301
0.628214	0.42	0.0637542
0.65065	0.42	0.0587688
0.673086	0.42	0.0536848
0.695523	0.42	0.0485133
0.717959	0.42	0.0432657
0.740395	0.42	0.0379537
0.762831	0.42	0.0325894
0.785268	0.42	0.0271849
0.807704	0.42	0.0217525
0.83014	0.42	0.016305
0.852576	0.42	0.0108551
0.875012	0.42	0.00541568
0.897449	0.42	0
0	0.4375	0.139314
0.0230065	0.4375	0.139218
0.0460129	0.4375	0.138932
0.0690194	0.4375	0.138455
0.0920259	0.4375	0.137786
0.115032	0.4375	0.136925
0.138039	0.4375	0.135869
0.161045	0.4375	0.134619
0.184052	0.4375	0.133171
0.207058	0.4375	0.131527
0.230065	0.4375	0.129683
0.253071	0.4375	0.127639
0.276078	0.4375	0.125395
0.299084	0.4375	0.12295
0.322091	0.4375	0.120305
0.345097	0.4375	0.11746
0.368104	0.4375	0.114417
0.39111	0.4375	0.111179
0.414117	0.4375	0.107749
0.437123	0.4375	0.104131
0.460129	0.4375	0.10033
0.483136	0.4375	0.0963521
0.506142	0.4375	0.0922041
0.529149	0.4375	0.0878936
0.552155	0.4375	0.083429
0.575162	0.4375	0.0788195
0.598168	0.4375	0.0740748
0.621175	0.4375	0.0692052
0.644181	0.4375	0.0642215
0.667188	0.4375	0.0591352
0.690194	0.4375	0.0539579
0.713201	0.4375	0.0487017
0.736207	0.4375	0.0433792
0.759214	0.4375	0.0380031
0.78222	0.4375	0.0325865
0.805227	0.4375	0.0271427
0.828233	0.4375	0.0216853
0.85124	0.4375	0.0162281
0.874246	0.4375	0.0107853
0.897253	0.4375	0.00537104
0.920259	0.4375	0
0	0.455	0.14217
0.0235767	0.455	0.14207
0.0471535	0.455	0.14177
0.0707302	0.455	0.141269
0.0943069	0.455	0.140567
0.117884	0.455	0.139663
0.14146	0.455	0.138556
0.165037	0.455	0.137245
0.188614	0.455	0.135729
0.212191	0.455	0.134007
0.235767	0.455	0.132078
0.259344	0.455	0.129943
0.282921	0.455	0.1276
0.306498	0.455	0.12505
0.330074	0.455	0.122294
0.353651	0.455	0.119333
0.377228	0.455	0.116171
0.400804	0.455	0.11281
0.424381	0.455	0.109254
0.447958	0.455	0.105509
0.471535	0.455	0.10158
0.495111	0.455	0.0974739
0.518688	0.455	0.0931988
0.542265	0.455	0.088763
0.565842	0.455	0.0841759
0.589418	0.455	0.0794474
0.612995	0.455	0.0745883
0.636572	0.455	0.0696099
0.660149	0.455	0.0645241
0.683725	0.455	0.0593431
0.707302	0.455	0.0540797
0.730879	0.455	0.0487473
0.754455	0.455	0.0433593
0.778032	0.455	0.0379298
0.801609	0.455	0.032473
0.825186	0.455	0.0270036
0.848762	0.455	0.0215364
0.872339	0.455	0.0160868
0.895916	0.455	0.0106702
0.919493	0.455	0.00530258
0.943069	0.455	0
0	0.4725	0.144831
0.024147	0.4725	0.144726
0.048294	0.4725	0.144411
0.072441	0.4725	0.143886
0.096588	0.4725	0.143151
0.120735	0.4725	0.142204
0.144882	0.4725	0.141045
0.169029	0.4725	0.139673
0.193176	0.4725	0.138088
0.217323	0.4725	0.136289
0.24147	0.4725	0.134275
0.265617	0.4725	0.132047
0.289764	0.4725	0.129605
0.313911	0.4725	0.126949
0.338058	0.4725	0.124083
0.362205	0.4725	0.121007
0.386352	0.4725	0.117725
0.410499	0.4725	0.114242
0.434646	0.4725	0.110561
0.458793	0.4725	0.106689
0.48294	0.4725	0.102633
0.507087	0.4725	0.0984007
0.531234	0.4725	0.0940002
0.555381	0.4725	0.0894414
0.579528	0.4725	0.0847343
0.603675	0.4725	0.0798902
0.627822	0.4725	0.0749206
0.651969	0.4725	0.069838
0.676116	0.4725	0.0646552
0.700263	0.4725	0.0593858
0.72441	0.4725	0.0540437
0.748557	0.4725	0.0486432
0.772704	0.4725	0.0431994
0.796851	0.4725	0.0377274
0.820998	0.4725	0.032243
0.845145	0.4725	0.0267621
0.869292	0.4725	0.0213012
0.893439	0.4725	0.0158771
0.917586	0.4725	0.0105071
0.941733	0.4725	0.00520875
0.96588	0.4725	0
0	0.49	0.147295
0.0247173	0.49	0.147186
0.0494345	0.49	0.146856
0.0741518	0.49	0.146307
0.098869	0.49	0.145538
0.123586	0.49	0.144548
0.148304	0.49	0.143337
0.173021	0.49	0.141904
0.197738	0.49	0.140249
0.222455	0.49	0.138371
0.247173	0.49	0.136272
0.27189	0.49	0.133951
0.296607	0.49	0.131409
0.321324	0.49	0.128648
0.346042	0.49	0.12567
0.370759	0.49	0.122478
0.395476	0.49	0.119077
0.420193	0.49	0.115471
0.444911	0.49	0.111666
0.469628	0.49	0.107668
0.494345	0.49	0.103486
0.519062	0.49	0.0991276
0.54378	0.49	0.0946032
0.568497	0.49	0.089923
0.593214	0.49	0.0850984
0.617931	0.49	0.0801415
0.642649	0.49	0.075065
0.667366	0.49	0.0698825
0.692083	0.49	0.064608
0.7168	0.49	0.0592563
0.741518	0.49	0.0538425
0.766235	0.49	0.0483826
0.790952	0.49	0.0428926
0.815669	0.49	0.0373894
0.840387	0.49	0.0318901
0.865104	0.49	0.0264125
0.889821	0.49	0.0209745
0.914538	0.49	0.015595
0.939256	0.49	0.0102929
0.963973	0.49	0.00508788
0.98869	0.49	0
0	0.5075	0.149564
0.0252875	0.5075	0.149449
0.050575	0.5075	0.149105
0.0758625	0.5075	0.148532
0.10115	0.5075	0.147728
0.126438	0.5075	0.146694
0.151725	0.5075	0.14543
0.177013	0.5075	0.143935
0.2023	0.5075	0.142209
0.227588	0.5075	0.140253
0.252875	0.5075	0.138067
0.278163	0.5075	0.135652
0.30345	0.5075	0.13301
0.328738	0.5075	0.130142
0.354025	0.5075	0.127053
0.379313	0.5075	0.123745
0.4046	0.5075	0.120223
0.429888	0.5075	0.116494
0.455175	0.5075	0.112564
0.480463	0.5075	0.108441
0.50575	0.5075	0.104132
0.531038	0.5075	0.0996494
0.556325	0.5075	0.0950021
0.581613	0.5075	0.0902022
0.6069	0.5075	0.085262
0.632188	0.5075	0.0801948
0.657475	0.5075	0.0750146
0.682763	0.5075	0.0697363
0.70805	0.5075	0.064375
0.733338	0.5075	0.058947
0.758625	0.5075	0.0534688
0.783913	0.5075	0.0479577
0.8092	0.5075	0.0424315
0.834488	0.5075	0.0369085
0.859775	0.5075	0.0314077
0.885063	0.5075	0.0259485
0.91035	0.5075	0.020551
0.935638	0.5075	0.0152358
0.960925	0.5075	0.0100242
0.986213	0.5075	0.00493811
1.0115	0.5075	0
0	0.525	0.151636
0.0258578	0.525	0.151517
0.0517155	0.525	0.151158
0.0775733	0.525	0.150559
0.103431	0.525	0.149721
0.129289	0.525	0.148643
0.155147	0.525	0.147325
0.181004	0.525	0.145767
0.206862	0.525	0.14397
0.23272	0.525	0.141934
0.258578	0.525	0.13966
0.284435	0.525	0.13715
0.310293	0.525	0.134406
0.336151	0.525	0.131431
0.362009	0.525	0.128229
0.387867	0.525	0.124804
0.413724	0.525	0.121161
0.439582	0.525	0.117308
0.46544	0.525	0.113253
0.491298	0.525	0.109003
0.517155	0.525	0.104569
0.543013	0.525	0.0999609
0.568871	0.525	0.0951913
0.594729	0.525	0.0902725
0.620586	0.525	0.0852183
0.646444	0.525	0.0800431
0.672302	0.525	0.0747622
0.69816	0.525	0.0693917
0.724018	0.525	0.0639485
0.749875	0.525	0.0584499
0.775733	0.525	0.0529144
0.801591	0.525	0.0473606
0.827449	0.525	0.0418081
0.853306	0.525	0.036277
0.879164	0.525	0.0307883
0.905022	0.525	0.0253634
0.93088	0.525	0.0200245
0.956737	0.525	0.0147946
0.982595	0.525	0.0096974
1.00845	0.525	0.00475741
1.03431	0.525	0
0	0.5425	0.153512
0.026428	0.5425	0.153387
0.0528561	0.5425	0.153013
0.0792841	0.5425	0.152389
0.105712	0.5425	0.151516
0.13214	0.5425	0.150393
0.158568	0.5425	0.14902
0.184996	0.5425	0.147399
0.211424	0.5425	0.145529
0.237852	0.5425	0.143412
0.26428	0.5425	0.14105
0.290708	0.5425	0.138444
0.317136	0.5425	0.135597
0.343564	0.5425	0.132513
0.369992	0.5425	0.129196
0.39642	0.5425	0.125652
0.422848	0.5425	0.121887
0.449276	0.5425	0.117909
0.475705	0.5425	0.113727
0.502133	0.5425	0.10935
0.528561	0.5425	0.104789
0.554989	0.5425	0.100056
0.581417	0.5425	0.0951644
0.607845	0.5425	0.0901275
0.634273	0.5425	0.0849604
0.660701	0.5425	0.0796789
0.687129	0.5425	0.0742999
0.713557	0.5425	0.0688408
0.739985	0.5425	0.0633201
0.766413	0.5425	0.0577567
0.792841	0.5425	0.0521707
0.819269	0.5425	0.0465827
0.845697	0.5425	0.041014
0.872125	0.5425	0.0354869
0.898553	0.5425	0.0300243
0.924981	0.5425	0.02465
0.951409	0.5425	0.0193887
0.977837	0.5425	0.014266
1.00427	0.5425	0.00930843
1.03069	0.5425	0.00454354
1.05712	0.5425	0
0	0.56	0.155191
0.0269983	0.56	0.155061
0.0539966	0.56	0.154672
0.0809949	0.56	0.154022
0.107993	0.56	0.153113
0.134991	0.56	0.151944
0.16199	0.56	0.150516
0.188988	0.56	0.14883
0.215986	0.56	0.146886
0.242985	0.56	0.144687
0.269983	0.56	0.142234
0.296981	0.56	0.13953
0.323979	0.56	0.136578
0.350978	0.56	0.133383
0.377976	0.56	0.129951
0.404974	0.56	0.126286
0.431973	0.56	0.122397
0.458971	0.56	0.118293
0.485969	0.56	0.113983
0.512967	0.56	0.109477
0.539966	0.56	0.104788
0.566964	0.56	0.0999297
0.593962	0.56	0.0949152
0.620961	0.56	0.0897601
0.647959	0.56	0.0844809
0.674957	0.56	0.0790946
0.701955	0.56	0.0736197
0.728954	0.56	0.0680752
0.755952	0.56	0.0624811
0.78295	0.56	0.0568584
0.809949	0.56	0.0512288
0.836947	0.56	0.0456149
0.863945	0.56	0.0400402
0.890943	0.56	0.0345292
0.917942	0.56	0.0291072
0.94494	0.56	0.0238005
0.971938	0.56	0.0186366
0.998937	0.56	0.0136441
1.02593	0.56	0.00885286
1.05293	0.56	0.00429399
1.07993	0.56	0
0	0.5775	0.156673
0.0275685	0.5775	0.156538
0.0551371	0.5775	0.156133
0.0827056	0.5775	0.155457
0.110274	0.5775	0.154511
0.137843	0.5775	0.153296
0.165411	0.5775	0.151811
0.19298	0.5775	0.150059
0.220548	0.5775	0.14804
0.248117	0.5775	0.145757
0.275685	0.5775	0.143212
0.303254	0.5775	0.140408
0.330823	0.5775	0.13735
0.358391	0.5775	0.134042
0.38596	0.5775	0.130491
0.413528	0.5775	0.126703
0.441097	0.5775	0.122688
0.468665	0.5775	0.118455
0.496234	0.5775	0.114015
0.523802	0.5775	0.109379
0.551371	0.5775	0.104561
0.578939	0.5775	0.0995749
0.606508	0.5775	0.0944368
0.634077	0.5775	0.0891633
0.661645	0.5775	0.0837721
0.689214	0.5775	0.078282
0.716782	0.5775	0.0727129
0.744351	0.5775	0.0670858
0.771919	0.5775	0.0614223
0.799488	0.5775	0.0557455
0.827056	0.5775	0.0500789
0.854625	0.5775	0.0444475
0.882193	0.5775	0.0388771
0.909762	0.5775	0.0333945
0.937331	0.5775	0.0280278
0.964899	0.5775	0.0228062
0.992468	0.5775	0.0177604
1.02004	0.5775	0.0129223
1.0476	0.5775	0.00832572
1.07517	0.5775	0.00400595
1.10274	0.5775	0
0	0.595	0.157959
0.0281388	0.595	0.157818
0.0562776	0.595	0.157396
0.0844164	0.595	0.156694
0.112555	0.595	0.155711
0.140694	0.595	0.154447
0.168833	0.595	0.152905
0.196972	0.595	0.151085
0.22511	0.595	0.14899
0.253249	0.595	0.146621
0.281388	0.595	0.143981
0.309527	0.595	0.141075
0.337666	0.595	0.137908
0.365804	0.595	0.134485
0.393943	0.595	0.130813
0.422082	0.595	0.1269
0.450221	0.595	0.122756
0.47836	0.595	0.118392
0.506499	0.595	0.113819
0.534637	0.595	0.10905
0.562776	0.595	0.1041
0.590915	0.595	0.0989853
0.619054	0.595	0.0937223
0.647193	0.595	0.0883294
0.675331	0.595	0.082826
0.70347	0.595	0.0772325
0.731609	0.595	0.0715707
0.759748	0.595	0.0658633
0.787887	0.595	0.0601341
0.816025	0.595	0.054408
0.844164	0.595	0.048711
0.872303	0.595	0.0430704
0.900442	0.595	0.0375144
0.928581	0.595	0.0320727
0.956719	0.595	0.0267764
0.984858	0.595	0.0216579
1.013	0.595	0.0167515
1.04114	0.595	0.0120933
1.06927	0.595	0.00772146
1.09741	0.595	0.00367629
1.12555	0.595	0
0	0.6125	0.159046
0.0287091	0.6125	0.1589
0.0574181	0.6125	0.158462
0.0861272	0.6125	0.157732
0.114836	0.6125	0.156711
0.143545	0.6125	0.155399
0.172254	0.6125	0.153798
0.200963	0.6125	0.151909
0.229673	0.6125	0.149734
0.258382	0.6125	0.147277
0.287091	0.6125	0.144541
0.3158	0.6125	0.141531
0.344509	0.6125	0.138252
0.373218	0.6125	0.13471
0.401927	0.6125	0.130914
0.430636	0.6125	0.126873
0.459345	0.6125	0.122597
0.488054	0.6125	0.118098
0.516763	0.6125	0.113389
0.545472	0.6125	0.108484
0.574181	0.6125	0.1034
0.60289	0.6125	0.0981542
0.631599	0.6125	0.0927643
0.660308	0.6125	0.0872505
0.689018	0.6125	0.0816341
0.717727	0.6125	0.0759373
0.746436	0.6125	0.0701836
0.775145	0.6125	0.0643979
0.803854	0.6125	0.0586061
0.832563	0.6125	0.0528354
0.861272	0.6125	0.0471142
0.889981	0.6125	0.0414723
0.91869	0.6125	0.0359409
0.947399	0.6125	0.0305527
0.976108	0.6125	0.0253421
1.00482	0.6125	0.0203452
1.03353	0.6125	0.0156006
1.06224	0.6125	0.0111489
1.09094	0.6125	0.00703381
1.11965	0.6125	0.00330148
1.14836	0.6125	0
0	0.63	0.159937
0.0292793	0.63	0.159785
0.0585586	0.63	0.15933
0.087838	0.63	0.158572
0.117117	0.63	0.157511
0.146397	0.63	0.156149
0.175676	0.63	0.154488
0.204955	0.63	0.152528
0.234235	0.63	0.150272
0.263514	0.63	0.147725
0.292793	0.63	0.14489
0.322073	0.63	0.141772
0.351352	0.63	0.138378
0.380631	0.63	0.134715
0.409911	0.63	0.130792
0.43919	0.63	0.126618
0.468469	0.63	0.122206
0.497749	0.63	0.117569
0.527028	0.63	0.11272
0.556307	0.63	0.107677
0.585586	0.63	0.102455
0.614866	0.63	0.0970745
0.644145	0.63	0.0915551
0.673424	0.63	0.0859185
0.702704	0.63	0.0801877
0.731983	0.63	0.0743869
0.761262	0.63	0.0685417
0.790542	0.63	0.0626792
0.819821	0.63	0.0568275
0.8491	0.63	0.0510164
0.87838	0.63	0.0452769
0.907659	0.63	0.0396416
0.936938	0.63	0.0341449
0.966218	0.63	0.0288227
0.995497	0.63	0.0237131
1.02478	0.63	0.0188568
1.05406	0.63	0.0142969
1.08333	0.63	0.0100799
1.11261	0.63	0.00625577
1.14189	0.63	0.00287773
1.17117	0.63	0
0	0.6475	0.160629
0.0298496	0.6475	0.160472
0.0596992	0.6475	0.16
0.0895487	0.6475	0.159213
0.119398	0.6475	0.158112
0.149248	0.6475	0.156699
0.179097	0.6475	0.154974
0.208947	0.6475	0.152942
0.238797	0.6475	0.150603
0.268646	0.6475	0.147963
0.298496	0.6475	0.145026
0.328345	0.6475	0.141798
0.358195	0.6475	0.138285
0.388045	0.6475	0.134497
0.417894	0.6475	0.130442
0.447744	0.6475	0.126132
0.477593	0.6475	0.12158
0.507443	0.6475	0.1168
0.537292	0.6475	0.111808
0.567142	0.6475	0.106621
0.596992	0.6475	0.101257
0.626841	0.6475	0.0957389
0.656691	0.6475	0.0900868
0.68654	0.6475	0.0843247
0.71639	0.6475	0.0784775
0.74624	0.6475	0.0725716
0.776089	0.6475	0.0666348
0.805939	0.6475	0.0606964
0.835788	0.6475	0.0547871
0.865638	0.6475	0.0489393
0.895487	0.6475	0.043187
0.925337	0.6475	0.0375657
0.955187	0.6475	0.0321133
0.985036	0.6475	0.0268694
1.01489	0.6475	0.0218765
1.04474	0.6475	0.0171799
1.07458	0.6475	0.0128286
1.10443	0.6475	0.00887583
1.13428	0.6475	0.0053796
1.16413	0.6475	0.00240114
1.19398	0.6475	0
0	0.665	0.161124
0.0304198	0.665	0.160961
0.0608397	0.665	0.160471
0.0912595	0.665	0.159654
0.121679	0.665	0.158512
0.152099	0.665	0.157046
0.182519	0.665	0.155258
0.212939	0.665	0.15315
0.243359	0.665	0.150726
0.273779	0.665	0.14799
0.304198	0.665	0.144948
0.334618	0.665	0.141605
0.365038	0.665	0.13797
0.395458	0.665	0.134052
0.425878	0.665	0.129862
0.456298	0.665	0.125411
0.486717	0.665	0.120714
0.517137	0.665	0.115787
0.547557	0.665	0.110646
0.577977	0.665	0.10531
0.608397	0.665	0.0998008
0.638817	0.665	0.0941398
0.669237	0.665	0.0883512
0.699656	0.665	0.0824602
0.730076	0.665	0.076494
0.760496	0.665	0.0704812
0.790916	0.665	0.0644519
0.821336	0.665	0.0584379
0.851756	0.665	0.0524727
0.882175	0.665	0.0465915
0.912595	0.665	0.0408313
0.943015	0.665	0.0352311
0.973435	0.665	0.0298323
1.00385	0.665	0.0246788
1.03427	0.665	0.0198178
1.06469	0.665	0.0153002
1.09511	0.665	0.011182
1.12553	0.665	0.00752509
1.15595	0.665	0.00439711
1.18637	0.665	0.00186837
1.21679	0.665	0
0	0.6825	0.161421
0.0309901	0.6825	0.161252
0.0619802	0.6825	0.160743
0.0929703	0.6825	0.159896
0.12396	0.6825	0.158712
0.154951	0.6825	0.157191
0.185941	0.6825	0.155337
0.216931	0.6825	0.153152
0.247921	0.6825	0.15064
0.278911	0.6825	0.147805
0.309901	0.6825	0.144654
0.340891	0.6825	0.141193
0.371881	0.6825	0.137432
0.402871	0.6825	0.13338
0.433861	0.6825	0.129048
0.464852	0.6825	0.124451
0.495842	0.6825	0.119604
0.526832	0.6825	0.114523
0.557822	0.6825	0.109228
0.588812	0.6825	0.103739
0.619802	0.6825	0.0980777
0.650792	0.6825	0.0922695
0.681782	0.6825	0.0863396
0.712772	0.6825	0.0803158
0.743762	0.6825	0.0742273
0.774753	0.6825	0.068105
0.805743	0.6825	0.0619818
0.836733	0.6825	0.0558919
0.867723	0.6825	0.0498718
0.898713	0.6825	0.0439597
0.929703	0.6825	0.0381959
0.960693	0.6825	0.0326231
0.991683	0.6825	0.0272867
1.02267	0.6825	0.022235
1.05366	0.6825	0.0175208
1.08465	0.6825	0.0132016
1.11564	0.6825	0.009342
1.14663	0.6825	0.0060149
1.17762	0.6825	0.00330049
1.20861	0.6825	0.0012781
1.2396	0.6825	0
0	0.7	0.16152
0.0315604	0.7	0.161344
0.0631207	0.7	0.160817
0.0946811	0.7	0.159939
0.126241	0.7	0.158711
0.157802	0.7	0.157135
0.189362	0.7	0.155212
0.220923	0.7	0.152948
0.252483	0.7	0.150344
0.284043	0.7	0.147407
0.315604	0.7	0.144143
0.347164	0.7	0.14056
0.378724	0.7	0.136667
0.410285	0.7	0.132475
0.441845	0.7	0.127997
0.473405	0.7	0.123248
0.504966	0.7	0.118245
0.536526	0.7	0.113004
0.568086	0.7	0.107549
0.599647	0.7	0.101899
0.631207	0.7	0.096081
0.662768	0.7	0.0901197
0.694328	0.7	0.0840434
0.725888	0.7	0.0778819
0.757449	0.7	0.071667
0.789009	0.7	0.0654321
0.820569	0.7	0.0592126
0.85213	0.7	0.0530458
0.88369	0.7	0.0469711
0.91525	0.7	0.0410299
0.946811	0.7	0.0352661
0.978371	0.7	0.0297262
1.00993	0.7	0.0244598
1.04149	0.7	0.0195206
1.07305	0.7	0.0149671
1.10461	0.7	0.0108654
1.13617	0.7	0.00729115
1.16773	0.7	0.00433205
1.19929	0.7	0.00208446
1.23085	0.7	0.000634336
1.26241	0.7	0
