0	0	0
0.01	0	0
0.02	0	0
0.03	0	0
0.04	0	0
0.05	0	0
0.06	0	0
0.07	0	0
0.08	0	0
0.09	0	0
0.1	0	0
0.11	0	0
0.12	0	0
0.13	0	0
0.14	0	0
0.15	0	0
0.16	0	0
0.17	0	0
0.18	0	0
0.19	0	0
0.2	0	0
0.21	0	0
0.22	0	0
0.23	0	0
0.24	0	0
0.25	0	0
0.26	0	0
0.27	0	0
0.28	0	0
0.29	0	0
0.3	0	0
0.31	0	0
0.32	0	0
0.33	0	0
0.34	0	0
0.35	0	0
0.36	0	0
0.37	0	0
0.38	0	0
0.39	0	0
0.4	0	0
0	0.0225	0.0110263
0.0103953	0.0225	0.0110236
0.0207906	0.0225	0.0110155
0.0311859	0.0225	0.0110019
0.0415811	0.0225	0.0109828
0.0519764	0.0225	0.0109582
0.0623717	0.0225	0.0109279
0.072767	0.0225	0.0108919
0.0831623	0.0225	0.0108501
0.0935576	0.0225	0.0108023
0.103953	0.0225	0.0107484
0.114348	0.0225	0.0106881
0.124743	0.0225	0.0106214
0.135139	0.0225	0.0105478
0.145534	0.0225	0.0104672
0.155929	0.0225	0.0103792
0.166325	0.0225	0.0102835
0.17672	0.0225	0.0101797
0.187115	0.0225	0.0100673
0.19751	0.0225	0.00994569
0.207906	0.0225	0.00981434
0.218301	0.0225	0.00967251
0.228696	0.0225	0.00951937
0.239092	0.0225	0.00935394
0.249487	0.0225	0.00917507
0.259882	0.0225	0.0089814
0.270277	0.0225	0.00877129
0.280673	0.0225	0.00854272
0.291068	0.0225	0.00829324
0.301463	0.0225	0.00801972
0.311859	0.0225	0.00771822
0.322254	0.0225	0.00738357
0.332649	0.0225	0.00700894
0.343044	0.0225	0.00658505
0.35344	0.0225	0.00609908
0.363835	0.0225	0.00553289
0.37423	0.0225	0.00486041
0.384626	0.0225	0.00404345
0.395021	0.0225	0.00302531
0.405416	0.0225	0.00172067
0.415811	0.0225	0
0	0.045	0.0215718
0.0107906	0.045	0.021566
0.0215811	0.045	0.0215486
0.0323717	0.045	0.0215195
0.0431623	0.045	0.0214787
0.0539528	0.045	0.0214259
0.0647434	0.045	0.0213611
0.075534	0.045	0.021284
0.0863246	0.045	0.0211944
0.0971151	0.045	0.0210918
0.107906	0.045	0.0209761
0.118696	0.045	0.0208467
0.129487	0.045	0.0207032
0.140277	0.045	0.0205451
0.151068	0.045	0.0203716
0.161859	0.045	0.020182
0.172649	0.045	0.0199756
0.18344	0.045	0.0197514
0.19423	0.045	0.0195082
0.205021	0.045	0.0192449
0.215811	0.045	0.01896
0.226602	0.045	0.0186518
0.237393	0.045	0.0183184
0.248183	0.045	0.0179575
0.258974	0.045	0.0175664
0.269764	0.045	0.0171419
0.280555	0.045	0.0166801
0.291345	0.045	0.0161766
0.302136	0.045	0.0156255
0.312927	0.045	0.01502
0.323717	0.045	0.0143513
0.334508	0.045	0.0136089
0.345298	0.045	0.012779
0.356089	0.045	0.0118448
0.366879	0.045	0.0107849
0.37767	0.045	0.00957298
0.38846	0.045	0.00817693
0.399251	0.045	0.0065593
0.410042	0.045	0.00467948
0.420832	0.045	0.00249988
0.431623	0.045	0
0	0.0675	0.0316615
0.0111859	0.0675	0.0316523
0.0223717	0.0675	0.0316245
0.0335576	0.0675	0.0315782
0.0447434	0.0675	0.0315131
0.0559293	0.0675	0.031429
0.0671151	0.0675	0.0313257
0.078301	0.0675	0.0312027
0.0894868	0.0675	0.0310597
0.100673	0.0675	0.0308961
0.111859	0.0675	0.0307113
0.123044	0.0675	0.0305046
0.13423	0.0675	0.0302753
0.145416	0.0675	0.0300224
0.156602	0.0675	0.0297448
0.167788	0.0675	0.0294413
0.178974	0.0675	0.0291105
0.19016	0.0675	0.0287509
0.201345	0.0675	0.0283607
0.212531	0.0675	0.0279377
0.223717	0.0675	0.0274796
0.234903	0.0675	0.0269837
0.246089	0.0675	0.0264466
0.257275	0.0675	0.0258648
0.26846	0.0675	0.0252339
0.279646	0.0675	0.0245487
0.290832	0.0675	0.0238033
0.302018	0.0675	0.0229905
0.313204	0.0675	0.0221019
0.32439	0.0675	0.0211275
0.335576	0.0675	0.0200556
0.346761	0.0675	0.018872
0.357947	0.0675	0.0175606
0.369133	0.0675	0.0161026
0.380319	0.0675	0.0144768
0.391505	0.0675	0.0126603
0.402691	0.0675	0.0106295
0.413877	0.0675	0.0083622
0.425062	0.0675	0.00584028
0.436248	0.0675	0.0030532
0.447434	0.0675	0
0	0.09	0.0413198
0.0115811	0.09	0.0413068
0.0231623	0.09	0.0412678
0.0347434	0.09	0.0412026
0.0463246	0.09	0.041111
0.0579057	0.09	0.0409927
0.0694868	0.09	0.0408473
0.081068	0.09	0.0406742
0.0926491	0.09	0.0404729
0.10423	0.09	0.0402425
0.115811	0.09	0.0399823
0.127393	0.09	0.0396912
0.138974	0.09	0.039368
0.150555	0.09	0.0390115
0.162136	0.09	0.03862
0.173717	0.09	0.0381919
0.185298	0.09	0.0377253
0.196879	0.09	0.0372177
0.20846	0.09	0.0366668
0.220042	0.09	0.0360695
0.231623	0.09	0.0354225
0.243204	0.09	0.034722
0.254785	0.09	0.0339635
0.266366	0.09	0.0331422
0.277947	0.09	0.0322521
0.289528	0.09	0.0312866
0.30111	0.09	0.030238
0.312691	0.09	0.0290975
0.324272	0.09	0.0278551
0.335853	0.09	0.0264993
0.347434	0.09	0.0250173
0.359015	0.09	0.0233948
0.370596	0.09	0.0216165
0.382178	0.09	0.0196657
0.393759	0.09	0.017526
0.40534	0.09	0.0151812
0.416921	0.09	0.0126168
0.428502	0.09	0.00982158
0.440083	0.09	0.00678816
0.451664	0.09	0.00351384
0.463246	0.09	0
0	0.1125	0.0505701
0.0119764	0.1125	0.050553
0.0239528	0.1125	0.0505019
0.0359293	0.1125	0.0504165
0.0479057	0.1125	0.0502965
0.0598821	0.1125	0.0501415
0.0718585	0.1125	0.0499509
0.083835	0.1125	0.0497241
0.0958114	0.1125	0.0494603
0.107788	0.1125	0.0491583
0.119764	0.1125	0.0488172
0.131741	0.1125	0.0484356
0.143717	0.1125	0.0480119
0.155694	0.1125	0.0475445
0.16767	0.1125	0.0470312
0.179646	0.1125	0.04647
0.191623	0.1125	0.0458582
0.203599	0.1125	0.0451928
0.215576	0.1125	0.0444708
0.227552	0.1125	0.0436883
0.239528	0.1125	0.0428411
0.251505	0.1125	0.0419245
0.263481	0.1125	0.0409332
0.275458	0.1125	0.039861
0.287434	0.1125	0.0387012
0.299411	0.1125	0.037446
0.311387	0.1125	0.036087
0.323363	0.1125	0.0346145
0.33534	0.1125	0.0330181
0.347316	0.1125	0.0312864
0.359293	0.1125	0.0294073
0.371269	0.1125	0.027368
0.383246	0.1125	0.0251554
0.395222	0.1125	0.0227568
0.407198	0.1125	0.0201603
0.419175	0.1125	0.0173553
0.431151	0.1125	0.0143335
0.443128	0.1125	0.0110889
0.455104	0.1125	0.00761847
0.467081	0.1125	0.00392168
0.479057	0.1125	0
0	0.135	0.0594343
0.0123717	0.135	0.059413
0.0247434	0.135	0.0593491
0.0371151	0.135	0.0592423
0.0494868	0.135	0.0590923
0.0618585	0.135	0.0588985
0.0742302	0.135	0.0586603
0.086602	0.135	0.0583768
0.0989737	0.135	0.058047
0.111345	0.135	0.0576696
0.123717	0.135	0.0572432
0.136089	0.135	0.0567663
0.14846	0.135	0.0562369
0.160832	0.135	0.0556528
0.173204	0.135	0.0550118
0.185576	0.135	0.0543109
0.197947	0.135	0.0535472
0.210319	0.135	0.0527172
0.222691	0.135	0.051817
0.235062	0.135	0.0508422
0.247434	0.135	0.049788
0.259806	0.135	0.048649
0.272178	0.135	0.047419
0.284549	0.135	0.0460914
0.296921	0.135	0.0446589
0.309293	0.135	0.0431133
0.321664	0.135	0.0414458
0.334036	0.135	0.0396471
0.346408	0.135	0.0377071
0.35878	0.135	0.0356152
0.371151	0.135	0.033361
0.383523	0.135	0.0309335
0.395895	0.135	0.0283227
0.408266	0.135	0.025519
0.420638	0.135	0.022514
0.43301	0.135	0.019301
0.445381	0.135	0.0158748
0.457753	0.135	0.0122322
0.470125	0.135	0.0083719
0.482497	0.135	0.00429403
0.494868	0.135	0
0	0.1575	0.0679333
0.012767	0.1575	0.0679075
0.025534	0.1575	0.0678303
0.038301	0.1575	0.0677012
0.051068	0.1575	0.0675199
0.063835	0.1575	0.0672857
0.076602	0.1575	0.0669979
0.089369	0.1575	0.0666553
0.102136	0.1575	0.0662568
0.114903	0.1575	0.065801
0.12767	0.1575	0.0652861
0.140437	0.1575	0.0647102
0.153204	0.1575	0.0640712
0.165971	0.1575	0.0633666
0.178738	0.1575	0.0625934
0.191505	0.1575	0.0617487
0.204272	0.1575	0.0608289
0.217039	0.1575	0.05983
0.229806	0.1575	0.0587476
0.242573	0.1575	0.0575771
0.25534	0.1575	0.0563129
0.268107	0.1575	0.0549493
0.280874	0.1575	0.0534798
0.293641	0.1575	0.0518976
0.306408	0.1575	0.050195
0.319175	0.1575	0.0483641
0.331942	0.1575	0.0463964
0.344709	0.1575	0.0442829
0.357476	0.1575	0.0420147
0.370243	0.1575	0.0395825
0.38301	0.1575	0.0369773
0.395777	0.1575	0.0341905
0.408544	0.1575	0.0312142
0.421311	0.1575	0.0280413
0.434078	0.1575	0.024666
0.446845	0.1575	0.0210836
0.459612	0.1575	0.0172911
0.472379	0.1575	0.0132865
0.485146	0.1575	0.00906936
0.497913	0.1575	0.00464007
0.51068	0.1575	0
0	0.18	0.0760859
0.0131623	0.18	0.0760556
0.0263246	0.18	0.0759645
0.0394868	0.18	0.0758125
0.0526491	0.18	0.075599
0.0658114	0.18	0.0753232
0.0789737	0.18	0.0749842
0.0921359	0.18	0.0745809
0.105298	0.18	0.0741118
0.11846	0.18	0.0735754
0.131623	0.18	0.0729697
0.144785	0.18	0.0722925
0.157947	0.18	0.0715414
0.17111	0.18	0.0707135
0.184272	0.18	0.0698059
0.197434	0.18	0.0688149
0.210596	0.18	0.0677367
0.223759	0.18	0.0665671
0.236921	0.18	0.0653013
0.250083	0.18	0.0639343
0.263246	0.18	0.0624604
0.276408	0.18	0.0608736
0.28957	0.18	0.0591674
0.302732	0.18	0.0573349
0.315895	0.18	0.0553687
0.329057	0.18	0.0532613
0.342219	0.18	0.0510046
0.355381	0.18	0.0485906
0.368544	0.18	0.0460114
0.381706	0.18	0.0432591
0.394868	0.18	0.0403262
0.408031	0.18	0.037206
0.421193	0.18	0.0338921
0.434355	0.18	0.0303794
0.447517	0.18	0.0266636
0.46068	0.18	0.0227417
0.473842	0.18	0.0186114
0.487004	0.18	0.0142719
0.500167	0.18	0.00972298
0.513329	0.18	0.00496523
0.526491	0.18	0
0	0.2025	0.0839095
0.0135576	0.2025	0.0838745
0.0271151	0.2025	0.0837694
0.0406727	0.2025	0.0835939
0.0542302	0.2025	0.0833475
0.0677878	0.2025	0.0830292
0.0813454	0.2025	0.0826382
0.0949029	0.2025	0.0821729
0.10846	0.2025	0.0816321
0.122018	0.2025	0.0810137
0.135576	0.2025	0.0803158
0.149133	0.2025	0.0795359
0.162691	0.2025	0.0786714
0.176248	0.2025	0.0777192
0.189806	0.2025	0.0766759
0.203363	0.2025	0.0755379
0.216921	0.2025	0.074301
0.230479	0.2025	0.0729608
0.244036	0.2025	0.0715124
0.257594	0.2025	0.0699505
0.271151	0.2025	0.0682695
0.284709	0.2025	0.0664633
0.298266	0.2025	0.0645256
0.311824	0.2025	0.0624496
0.325381	0.2025	0.0602284
0.338939	0.2025	0.057855
0.352497	0.2025	0.055322
0.366054	0.2025	0.0526225
0.379612	0.2025	0.0497494
0.393169	0.2025	0.0466961
0.406727	0.2025	0.0434566
0.420284	0.2025	0.0400252
0.433842	0.2025	0.0363973
0.4474	0.2025	0.0325688
0.460957	0.2025	0.0285367
0.474515	0.2025	0.0242987
0.488072	0.2025	0.0198536
0.50163	0.2025	0.0152007
0.515187	0.2025	0.0103402
0.528745	0.2025	0.00527288
0.542302	0.2025	0
0	0.225	0.0914197
0.0139528	0.225	0.0913799
0.0279057	0.225	0.0912607
0.0418585	0.225	0.0910614
0.0558114	0.225	0.0907817
0.0697642	0.225	0.0904205
0.0837171	0.225	0.0899768
0.0976699	0.225	0.0894491
0.111623	0.225	0.0888357
0.125576	0.225	0.0881349
0.139528	0.225	0.0873442
0.153481	0.225	0.0864611
0.167434	0.225	0.0854828
0.181387	0.225	0.0844061
0.19534	0.225	0.0832274
0.209293	0.225	0.0819429
0.223246	0.225	0.0805484
0.237198	0.225	0.0790393
0.251151	0.225	0.0774106
0.265104	0.225	0.0756571
0.279057	0.225	0.0737732
0.29301	0.225	0.071753
0.306963	0.225	0.0695904
0.320915	0.225	0.067279
0.334868	0.225	0.0648125
0.348821	0.225	0.0621843
0.362774	0.225	0.059388
0.376727	0.225	0.0564174
0.39068	0.225	0.0532665
0.404633	0.225	0.0499298
0.418585	0.225	0.0464022
0.432538	0.225	0.0426792
0.446491	0.225	0.0387572
0.460444	0.225	0.0346331
0.474397	0.225	0.0303045
0.48835	0.225	0.0257701
0.502302	0.225	0.0210289
0.516255	0.225	0.0160806
0.530208	0.225	0.0109258
0.544161	0.225	0.00556515
0.558114	0.225	0
0	0.2475	0.0986303
0.0143481	0.2475	0.0985858
0.0286963	0.2475	0.0984523
0.0430444	0.2475	0.0982292
0.0573925	0.2475	0.097916
0.0717407	0.2475	0.0975116
0.0860888	0.2475	0.0970151
0.100437	0.2475	0.0964247
0.114785	0.2475	0.0957388
0.129133	0.2475	0.0949554
0.143481	0.2475	0.0940719
0.157829	0.2475	0.093086
0.172178	0.2475	0.0919944
0.186526	0.2475	0.0907939
0.200874	0.2475	0.089481
0.215222	0.2475	0.0880517
0.22957	0.2475	0.0865016
0.243918	0.2475	0.0848263
0.258266	0.2475	0.0830209
0.272615	0.2475	0.0810801
0.286963	0.2475	0.0789986
0.301311	0.2475	0.0767708
0.315659	0.2475	0.0743908
0.330007	0.2475	0.0718528
0.344355	0.2475	0.0691509
0.358703	0.2475	0.0662793
0.373051	0.2475	0.0632322
0.3874	0.2475	0.0600043
0.401748	0.2475	0.0565904
0.416096	0.2475	0.052986
0.430444	0.2475	0.0491867
0.444792	0.2475	0.0451891
0.45914	0.2475	0.0409902
0.473488	0.2475	0.0365876
0.487836	0.2475	0.0319798
0.502185	0.2475	0.0271657
0.516533	0.2475	0.0221447
0.530881	0.2475	0.0169169
0.545229	0.2475	0.0114828
0.559577	0.2475	0.00584343
0.573925	0.2475	0
0	0.27	0.105554
0.0147434	0.27	0.105504
0.0294868	0.27	0.105357
0.0442302	0.27	0.10511
0.0589737	0.27	0.104763
0.0737171	0.27	0.104316
0.0884605	0.27	0.103766
0.103204	0.27	0.103113
0.117947	0.27	0.102355
0.132691	0.27	0.10149
0.147434	0.27	0.100514
0.162178	0.27	0.0994261
0.176921	0.27	0.0982224
0.191664	0.27	0.0968997
0.206408	0.27	0.0954544
0.221151	0.27	0.0938826
0.235895	0.27	0.09218
0.250638	0.27	0.090342
0.265381	0.27	0.0883641
0.280125	0.27	0.0862411
0.294868	0.27	0.0839679
0.309612	0.27	0.0815393
0.324355	0.27	0.0789498
0.339099	0.27	0.076194
0.353842	0.27	0.0732667
0.368585	0.27	0.0701625
0.383329	0.27	0.0668766
0.398072	0.27	0.0634041
0.412816	0.27	0.0597408
0.427559	0.27	0.0558828
0.442302	0.27	0.0518266
0.457046	0.27	0.0475693
0.471789	0.27	0.0431087
0.486533	0.27	0.038443
0.501276	0.27	0.0335709
0.51602	0.27	0.0284919
0.530763	0.27	0.0232057
0.545506	0.27	0.0177125
0.56025	0.27	0.0120132
0.574993	0.27	0.00610855
0.589737	0.27	0
0	0.2925	0.1122
0.0151387	0.2925	0.112146
0.0302774	0.2925	0.111984
0.0454161	0.2925	0.111714
0.0605548	0.2925	0.111334
0.0756935	0.2925	0.110844
0.0908322	0.2925	0.110242
0.105971	0.2925	0.109527
0.12111	0.2925	0.108697
0.136248	0.2925	0.10775
0.151387	0.2925	0.106684
0.166526	0.2925	0.105495
0.181664	0.2925	0.104181
0.196803	0.2925	0.102738
0.211942	0.2925	0.101163
0.227081	0.2925	0.099451
0.242219	0.2925	0.0975992
0.257358	0.2925	0.0956027
0.272497	0.2925	0.0934569
0.287635	0.2925	0.0911572
0.302774	0.2925	0.0886986
0.317913	0.2925	0.0860762
0.333051	0.2925	0.083285
0.34819	0.2925	0.0803202
0.363329	0.2925	0.077177
0.378468	0.2925	0.0738508
0.393606	0.2925	0.0703371
0.408745	0.2925	0.066632
0.423884	0.2925	0.0627317
0.439022	0.2925	0.058633
0.454161	0.2925	0.0543331
0.4693	0.2925	0.0498297
0.484438	0.2925	0.0451211
0.499577	0.2925	0.0402058
0.514716	0.2925	0.0350832
0.529855	0.2925	0.0297529
0.544993	0.2925	0.0242148
0.560132	0.2925	0.0184696
0.575271	0.2925	0.0125179
0.590409	0.2925	0.00636096
0.605548	0.2925	0
0	0.315	0.118579
0.015534	0.315	0.118521
0.031068	0.315	0.118345
0.046602	0.315	0.11805
0.0621359	0.315	0.117638
0.0776699	0.315	0.117105
0.0932039	0.315	0.116452
0.108738	0.315	0.115675
0.124272	0.315	0.114775
0.139806	0.315	0.113748
0.15534	0.315	0.112592
0.170874	0.315	0.111304
0.186408	0.315	0.109881
0.201942	0.315	0.10832
0.217476	0.315	0.106617
0.23301	0.315	0.10477
0.248544	0.315	0.102772
0.264078	0.315	0.100622
0.279612	0.315	0.098313
0.295146	0.315	0.095842
0.31068	0.315	0.0932043
0.326214	0.315	0.0903951
0.341748	0.315	0.0874101
0.357282	0.315	0.0842448
0.372816	0.315	0.0808949
0.38835	0.315	0.0773563
0.403884	0.315	0.0736253
0.419418	0.315	0.0696985
0.434952	0.315	0.0655727
0.450486	0.315	0.0612452
0.46602	0.315	0.0567138
0.481554	0.315	0.0519767
0.497088	0.315	0.0470325
0.512622	0.315	0.0418804
0.528156	0.315	0.0365199
0.54369	0.315	0.0309509
0.559223	0.315	0.0251737
0.574757	0.315	0.019189
0.590291	0.315	0.0129976
0.605825	0.315	0.00660083
0.621359	0.315	0
0	0.3375	0.124699
0.0159293	0.3375	0.124635
0.0318585	0.3375	0.124445
0.0477878	0.3375	0.124128
0.0637171	0.3375	0.123683
0.0796464	0.3375	0.123108
0.0955756	0.3375	0.122404
0.111505	0.3375	0.121567
0.127434	0.3375	0.120597
0.143363	0.3375	0.119491
0.159293	0.3375	0.118247
0.175222	0.3375	0.116861
0.191151	0.3375	0.115332
0.207081	0.3375	0.113656
0.22301	0.3375	0.111829
0.238939	0.3375	0.109848
0.254868	0.3375	0.10771
0.270798	0.3375	0.105409
0.286727	0.3375	0.102943
0.302656	0.3375	0.100306
0.318585	0.3375	0.0974955
0.334515	0.3375	0.0945064
0.350444	0.3375	0.091335
0.366373	0.3375	0.0879772
0.382302	0.3375	0.0844293
0.398232	0.3375	0.0806877
0.414161	0.3375	0.0767492
0.43009	0.3375	0.0726109
0.44602	0.3375	0.0682702
0.461949	0.3375	0.0637249
0.477878	0.3375	0.0589733
0.493807	0.3375	0.0540141
0.509737	0.3375	0.0488461
0.525666	0.3375	0.043469
0.541595	0.3375	0.0378826
0.557524	0.3375	0.0320871
0.573454	0.3375	0.0260829
0.589383	0.3375	0.0198709
0.605312	0.3375	0.0134522
0.621242	0.3375	0.0068281
0.637171	0.3375	0
0	0.36	0.130565
0.0163246	0.36	0.130497
0.0326491	0.36	0.130293
0.0489737	0.36	0.129953
0.0652982	0.36	0.129475
0.0816228	0.36	0.12886
0.0979473	0.36	0.128105
0.114272	0.36	0.127209
0.130596	0.36	0.12617
0.146921	0.36	0.124987
0.163246	0.36	0.123656
0.17957	0.36	0.122175
0.195895	0.36	0.120542
0.212219	0.36	0.118753
0.228544	0.36	0.116805
0.244868	0.36	0.114695
0.261193	0.36	0.112419
0.277517	0.36	0.109973
0.293842	0.36	0.107354
0.310167	0.36	0.104557
0.326491	0.36	0.10158
0.342816	0.36	0.0984175
0.35914	0.36	0.0950668
0.375465	0.36	0.0915243
0.391789	0.36	0.0877866
0.408114	0.36	0.0838507
0.424438	0.36	0.0797139
0.440763	0.36	0.0753738
0.457088	0.36	0.0708282
0.473412	0.36	0.0660755
0.489737	0.36	0.0611143
0.506061	0.36	0.0559437
0.522386	0.36	0.0505632
0.53871	0.36	0.0449724
0.555035	0.36	0.0391716
0.571359	0.36	0.0331613
0.587684	0.36	0.0269421
0.604009	0.36	0.020515
0.620333	0.36	0.0138814
0.636658	0.36	0.00704251
0.652982	0.36	0
0	0.3825	0.136183
0.0167198	0.3825	0.13611
0.0334397	0.3825	0.135893
0.0501595	0.3825	0.13553
0.0668794	0.3825	0.135021
0.0835992	0.3825	0.134365
0.100319	0.3825	0.133561
0.117039	0.3825	0.132606
0.133759	0.3825	0.1315
0.150479	0.3825	0.130241
0.167198	0.3825	0.128826
0.183918	0.3825	0.127252
0.200638	0.3825	0.125517
0.217358	0.3825	0.123618
0.234078	0.3825	0.121552
0.250798	0.3825	0.119316
0.267517	0.3825	0.116906
0.284237	0.3825	0.11432
0.300957	0.3825	0.111552
0.317677	0.3825	0.108601
0.334397	0.3825	0.105462
0.351117	0.3825	0.102133
0.367836	0.3825	0.0986102
0.384556	0.3825	0.0948903
0.401276	0.3825	0.0909706
0.417996	0.3825	0.0868487
0.434716	0.3825	0.0825222
0.451436	0.3825	0.0779893
0.468156	0.3825	0.0732483
0.484875	0.3825	0.0682979
0.501595	0.3825	0.0631373
0.518315	0.3825	0.0577659
0.535035	0.3825	0.0521834
0.551755	0.3825	0.0463901
0.568475	0.3825	0.0403862
0.585194	0.3825	0.0341727
0.601914	0.3825	0.0277503
0.618634	0.3825	0.0211204
0.635354	0.3825	0.0142843
0.652074	0.3825	0.00724364
0.668794	0.3825	0
0	0.405	0.141557
0.0171151	0.405	0.14148
0.0342302	0.405	0.141249
0.0513454	0.405	0.140864
0.0684605	0.405	0.140324
0.0855756	0.405	0.139628
0.102691	0.405	0.138775
0.119806	0.405	0.137764
0.136921	0.405	0.136592
0.154036	0.405	0.135258
0.171151	0.405	0.13376
0.188266	0.405	0.132095
0.205381	0.405	0.130261
0.222497	0.405	0.128255
0.239612	0.405	0.126074
0.256727	0.405	0.123715
0.273842	0.405	0.121176
0.290957	0.405	0.118452
0.308072	0.405	0.115542
0.325187	0.405	0.112441
0.342302	0.405	0.109147
0.359418	0.405	0.105657
0.376533	0.405	0.101968
0.393648	0.405	0.0980775
0.410763	0.405	0.0939832
0.427878	0.405	0.0896831
0.444993	0.405	0.0851752
0.462108	0.405	0.0804581
0.479223	0.405	0.0755307
0.496339	0.405	0.070392
0.513454	0.405	0.0650417
0.530569	0.405	0.0594795
0.547684	0.405	0.0537056
0.564799	0.405	0.0477204
0.581914	0.405	0.0415248
0.599029	0.405	0.0351196
0.616144	0.405	0.0285061
0.63326	0.405	0.0216858
0.650375	0.405	0.0146601
0.66749	0.405	0.00743093
0.684605	0.405	0
0	0.4275	0.146691
0.0175104	0.4275	0.146609
0.0350208	0.4275	0.146366
0.0525312	0.4275	0.145959
0.0700416	0.4275	0.145388
0.087552	0.4275	0.144653
0.105062	0.4275	0.143753
0.122573	0.4275	0.142685
0.140083	0.4275	0.141449
0.157594	0.4275	0.140042
0.175104	0.4275	0.138462
0.192615	0.4275	0.136708
0.210125	0.4275	0.134777
0.227635	0.4275	0.132667
0.245146	0.4275	0.130374
0.262656	0.4275	0.127896
0.280167	0.4275	0.12523
0.297677	0.4275	0.122374
0.315187	0.4275	0.119325
0.332698	0.4275	0.116079
0.350208	0.4275	0.112635
0.367719	0.4275	0.10899
0.385229	0.4275	0.105141
0.402739	0.4275	0.101087
0.42025	0.4275	0.0968247
0.43776	0.4275	0.0923537
0.455271	0.4275	0.0876722
0.472781	0.4275	0.0827792
0.490291	0.4275	0.0776739
0.507802	0.4275	0.072356
0.525312	0.4275	0.0668254
0.542823	0.4275	0.0610823
0.560333	0.4275	0.0551273
0.577844	0.4275	0.0489611
0.595354	0.4275	0.0425848
0.612864	0.4275	0.0359997
0.630375	0.4275	0.0292073
0.647885	0.4275	0.0222092
0.665396	0.4275	0.0150074
0.682906	0.4275	0.00760364
0.700416	0.4275	0
0	0.45	0.151587
0.0179057	0.45	0.151501
0.0358114	0.45	0.151244
0.0537171	0.45	0.150816
0.0716228	0.45	0.150216
0.0895285	0.45	0.149442
0.107434	0.45	0.148495
0.12534	0.45	0.147372
0.143246	0.45	0.146072
0.161151	0.45	0.144594
0.179057	0.45	0.142935
0.196963	0.45	0.141094
0.214868	0.45	0.139068
0.232774	0.45	0.136855
0.25068	0.45	0.134453
0.268585	0.45	0.131859
0.286491	0.45	0.129071
0.304397	0.45	0.126086
0.322302	0.45	0.122902
0.340208	0.45	0.119516
0.358114	0.45	0.115927
0.37602	0.45	0.112132
0.393925	0.45	0.108129
0.411831	0.45	0.103917
0.429737	0.45	0.0994939
0.447642	0.45	0.094859
0.465548	0.45	0.0900113
0.483454	0.45	0.0849503
0.501359	0.45	0.0796755
0.519265	0.45	0.0741871
0.537171	0.45	0.0684855
0.555077	0.45	0.0625712
0.572982	0.45	0.0564452
0.590888	0.45	0.0501087
0.608794	0.45	0.0435631
0.626699	0.45	0.0368099
0.644605	0.45	0.0298512
0.662511	0.45	0.0226887
0.680416	0.45	0.0153245
0.698322	0.45	0.00776091
0.716228	0.45	0
0	0.4725	0.156247
0.018301	0.4725	0.156157
0.036602	0.4725	0.155888
0.0549029	0.4725	0.155438
0.0732039	0.4725	0.154808
0.0915049	0.4725	0.153997
0.109806	0.4725	0.153003
0.128107	0.4725	0.151826
0.146408	0.4725	0.150464
0.164709	0.4725	0.148916
0.18301	0.4725	0.147179
0.201311	0.4725	0.145253
0.219612	0.4725	0.143134
0.237913	0.4725	0.140821
0.256214	0.4725	0.138313
0.274515	0.4725	0.135605
0.292816	0.4725	0.132698
0.311117	0.4725	0.129587
0.329418	0.4725	0.126273
0.347719	0.4725	0.122751
0.36602	0.4725	0.119021
0.384321	0.4725	0.115081
0.402622	0.4725	0.11093
0.420923	0.4725	0.106566
0.439223	0.4725	0.101988
0.457524	0.4725	0.0971963
0.475825	0.4725	0.0921895
0.494126	0.4725	0.0869679
0.512427	0.4725	0.0815317
0.530728	0.4725	0.0758814
0.549029	0.4725	0.0700177
0.56733	0.4725	0.0639419
0.585631	0.4725	0.0576552
0.603932	0.4725	0.0511592
0.622233	0.4725	0.0444557
0.640534	0.4725	0.0375468
0.658835	0.4725	0.0304346
0.677136	0.4725	0.0231214
0.695437	0.4725	0.0156097
0.713738	0.4725	0.00790169
0.732039	0.4725	0
0	0.495	0.160672
0.0186963	0.495	0.160578
0.0373925	0.495	0.160296
0.0560888	0.495	0.159826
0.0747851	0.495	0.159167
0.0934813	0.495	0.158319
0.112178	0.495	0.15728
0.130874	0.495	0.156049
0.14957	0.495	0.154626
0.168266	0.495	0.153009
0.186963	0.495	0.151196
0.205659	0.495	0.149185
0.224355	0.495	0.146976
0.243051	0.495	0.144565
0.261748	0.495	0.141952
0.280444	0.495	0.139135
0.29914	0.495	0.13611
0.317836	0.495	0.132878
0.336533	0.495	0.129436
0.355229	0.495	0.125783
0.373925	0.495	0.121917
0.392622	0.495	0.117837
0.411318	0.495	0.113542
0.430014	0.495	0.109031
0.44871	0.495	0.104304
0.467407	0.495	0.0993616
0.486103	0.495	0.0942025
0.504799	0.495	0.0888277
0.523495	0.495	0.0832378
0.542192	0.495	0.0774338
0.560888	0.495	0.0714172
0.579584	0.495	0.0651893
0.59828	0.495	0.0587521
0.616977	0.495	0.0521076
0.635673	0.495	0.0452581
0.654369	0.495	0.038206
0.673065	0.495	0.0309539
0.691762	0.495	0.0235045
0.710458	0.495	0.0158605
0.729154	0.495	0.00802479
0.747851	0.495	0
0	0.5175	0.164863
0.0190915	0.5175	0.164765
0.0381831	0.5175	0.164471
0.0572746	0.5175	0.163981
0.0763662	0.5175	0.163293
0.0954577	0.5175	0.162408
0.114549	0.5175	0.161324
0.133641	0.5175	0.160041
0.152732	0.5175	0.158558
0.171824	0.5175	0.156872
0.190915	0.5175	0.154984
0.210007	0.5175	0.152891
0.229099	0.5175	0.150593
0.24819	0.5175	0.148086
0.267282	0.5175	0.145371
0.286373	0.5175	0.142445
0.305465	0.5175	0.139307
0.324556	0.5175	0.135956
0.343648	0.5175	0.13239
0.362739	0.5175	0.128608
0.381831	0.5175	0.12461
0.400923	0.5175	0.120394
0.420014	0.5175	0.11596
0.439106	0.5175	0.111308
0.458197	0.5175	0.106438
0.477289	0.5175	0.10135
0.49638	0.5175	0.0960452
0.515472	0.5175	0.0905241
0.534563	0.5175	0.084788
0.553655	0.5175	0.0788386
0.572746	0.5175	0.0726777
0.591838	0.5175	0.0663074
0.61093	0.5175	0.05973
0.630021	0.5175	0.0529481
0.649113	0.5175	0.0459646
0.668204	0.5175	0.0387824
0.687296	0.5175	0.0314046
0.706387	0.5175	0.0238342
0.725479	0.5175	0.0160746
0.74457	0.5175	0.00812879
0.763662	0.5175	0
0	0.54	0.168821
0.0194868	0.54	0.168719
0.0389737	0.54	0.168413
0.0584605	0.54	0.167902
0.0779473	0.54	0.167186
0.0974342	0.54	0.166264
0.116921	0.54	0.165136
0.136408	0.54	0.163801
0.155895	0.54	0.162259
0.175381	0.54	0.160506
0.194868	0.54	0.158544
0.214355	0.54	0.15637
0.233842	0.54	0.153984
0.253329	0.54	0.151383
0.272816	0.54	0.148568
0.292302	0.54	0.145536
0.311789	0.54	0.142286
0.331276	0.54	0.138818
0.350763	0.54	0.135131
0.37025	0.54	0.131224
0.389737	0.54	0.127097
0.409223	0.54	0.122749
0.42871	0.54	0.118181
0.448197	0.54	0.113392
0.467684	0.54	0.108383
0.487171	0.54	0.103156
0.506658	0.54	0.0977114
0.526144	0.54	0.0920507
0.545631	0.54	0.0861758
0.565118	0.54	0.0800889
0.584605	0.54	0.0737925
0.604092	0.54	0.0672892
0.623579	0.54	0.0605821
0.643065	0.54	0.0536743
0.662552	0.54	0.0465692
0.682039	0.54	0.0392705
0.701526	0.54	0.0317817
0.721013	0.54	0.0241065
0.7405	0.54	0.0162488
0.759986	0.54	0.00821208
0.779473	0.54	0
0	0.5625	0.172545
0.0198821	0.5625	0.172439
0.0397642	0.5625	0.17212
0.0596464	0.5625	0.171589
0.0795285	0.5625	0.170845
0.0994106	0.5625	0.169888
0.119293	0.5625	0.168716
0.139175	0.5625	0.16733
0.159057	0.5625	0.165728
0.178939	0.5625	0.16391
0.198821	0.5625	0.161874
0.218703	0.5625	0.15962
0.238585	0.5625	0.157147
0.258468	0.5625	0.154454
0.27835	0.5625	0.151539
0.298232	0.5625	0.148403
0.318114	0.5625	0.145044
0.337996	0.5625	0.141462
0.357878	0.5625	0.137656
0.37776	0.5625	0.133627
0.397642	0.5625	0.129374
0.417524	0.5625	0.124897
0.437407	0.5625	0.120198
0.457289	0.5625	0.115276
0.477171	0.5625	0.110134
0.497053	0.5625	0.104773
0.516935	0.5625	0.0991942
0.536817	0.5625	0.0934002
0.556699	0.5625	0.0873935
0.576581	0.5625	0.0811769
0.596464	0.5625	0.0747535
0.616346	0.5625	0.0681268
0.636228	0.5625	0.0613004
0.65611	0.5625	0.0542783
0.675992	0.5625	0.0470646
0.695874	0.5625	0.0396635
0.715756	0.5625	0.0320794
0.735638	0.5625	0.0243166
0.75552	0.5625	0.0163797
0.775403	0.5625	0.00827278
0.795285	0.5625	0
0	0.585	0.176035
0.0202774	0.585	0.175925
0.0405548	0.585	0.175594
0.0608322	0.585	0.175043
0.0811096	0.585	0.174271
0.101387	0.585	0.173278
0.121664	0.585	0.172063
0.141942	0.585	0.170626
0.162219	0.585	0.168965
0.182497	0.585	0.167081
0.202774	0.585	0.164973
0.223051	0.585	0.16264
0.243329	0.585	0.160081
0.263606	0.585	0.157296
0.283884	0.585	0.154284
0.304161	0.585	0.151044
0.324438	0.585	0.147577
0.344716	0.585	0.143883
0.364993	0.585	0.13996
0.385271	0.585	0.135811
0.405548	0.585	0.131435
0.425825	0.585	0.126832
0.446103	0.585	0.122006
0.46638	0.585	0.116955
0.486658	0.585	0.111684
0.506935	0.585	0.106193
0.527212	0.585	0.100486
0.54749	0.585	0.0945644
0.567767	0.585	0.0884326
0.588045	0.585	0.0820938
0.608322	0.585	0.0755519
0.628599	0.585	0.0688113
0.648877	0.585	0.0618763
0.669154	0.585	0.0547517
0.689432	0.585	0.0474426
0.709709	0.585	0.039954
0.729986	0.585	0.0322911
0.750264	0.585	0.0244591
0.770541	0.585	0.0164633
0.790819	0.585	0.00830869
0.811096	0.585	0
0	0.6075	0.17929
0.0206727	0.6075	0.179176
0.0413454	0.6075	0.178833
0.0620181	0.6075	0.178262
0.0826907	0.6075	0.177462
0.103363	0.6075	0.176434
0.124036	0.6075	0.175175
0.144709	0.6075	0.173687
0.165381	0.6075	0.171969
0.186054	0.6075	0.170019
0.206727	0.6075	0.167839
0.2274	0.6075	0.165427
0.248072	0.6075	0.162783
0.268745	0.6075	0.159906
0.289418	0.6075	0.156797
0.31009	0.6075	0.153456
0.330763	0.6075	0.149882
0.351436	0.6075	0.146077
0.372108	0.6075	0.142039
0.392781	0.6075	0.137771
0.413454	0.6075	0.133274
0.434126	0.6075	0.128549
0.454799	0.6075	0.123597
0.475472	0.6075	0.118421
0.496144	0.6075	0.113024
0.516817	0.6075	0.107408
0.53749	0.6075	0.101577
0.558163	0.6075	0.0955339
0.578835	0.6075	0.0892834
0.599508	0.6075	0.0828297
0.620181	0.6075	0.0761776
0.640853	0.6075	0.0693324
0.661526	0.6075	0.0622995
0.682199	0.6075	0.0550847
0.702871	0.6075	0.0476939
0.723544	0.6075	0.0401333
0.744217	0.6075	0.0324091
0.764889	0.6075	0.0245276
0.785562	0.6075	0.016495
0.806235	0.6075	0.00831724
0.826907	0.6075	0
0	0.63	0.182309
0.021068	0.63	0.182191
0.0421359	0.63	0.181837
0.0632039	0.63	0.181246
0.0842719	0.63	0.180418
0.10534	0.63	0.179354
0.126408	0.63	0.178052
0.147476	0.63	0.176513
0.168544	0.63	0.174736
0.189612	0.63	0.172722
0.21068	0.63	0.170469
0.231748	0.63	0.167979
0.252816	0.63	0.16525
0.273884	0.63	0.162282
0.294952	0.63	0.159077
0.31602	0.63	0.155634
0.337088	0.63	0.151954
0.358156	0.63	0.148038
0.379223	0.63	0.143887
0.400291	0.63	0.139502
0.421359	0.63	0.134885
0.442427	0.63	0.130039
0.463495	0.63	0.124965
0.484563	0.63	0.119666
0.505631	0.63	0.114146
0.526699	0.63	0.108409
0.547767	0.63	0.102458
0.568835	0.63	0.0962987
0.589903	0.63	0.0899353
0.610971	0.63	0.0833736
0.632039	0.63	0.0766194
0.653107	0.63	0.0696789
0.674175	0.63	0.0625588
0.695243	0.63	0.055266
0.716311	0.63	0.0478078
0.737379	0.63	0.0401914
0.758447	0.63	0.0324245
0.779515	0.63	0.0245146
0.800583	0.63	0.0164692
0.821651	0.63	0.00829541
0.842719	0.63	0
0	0.6525	0.185093
0.0214633	0.6525	0.18497
0.0429265	0.6525	0.184604
0.0643898	0.6525	0.183993
0.085853	0.6525	0.183137
0.107316	0.6525	0.182037
0.12878	0.6525	0.180692
0.150243	0.6525	0.179102
0.171706	0.6525	0.177267
0.193169	0.6525	0.175187
0.214633	0.6525	0.172862
0.236096	0.6525	0.170293
0.257559	0.6525	0.167479
0.279022	0.6525	0.164421
0.300486	0.6525	0.161119
0.321949	0.6525	0.157575
0.343412	0.6525	0.153789
0.364875	0.6525	0.149763
0.386339	0.6525	0.145498
0.407802	0.6525	0.140997
0.429265	0.6525	0.136262
0.450728	0.6525	0.131295
0.472192	0.6525	0.1261
0.493655	0.6525	0.120681
0.515118	0.6525	0.115041
0.536581	0.6525	0.109185
0.558045	0.6525	0.103119
0.579508	0.6525	0.0968473
0.600971	0.6525	0.0903765
0.622434	0.6525	0.0837133
0.643898	0.6525	0.0768646
0.665361	0.6525	0.0698379
0.686824	0.6525	0.0626413
0.708287	0.6525	0.0552831
0.729751	0.6525	0.047772
0.751214	0.6525	0.0401169
0.772677	0.6525	0.032327
0.79414	0.6525	0.0244115
0.815604	0.6525	0.0163794
0.837067	0.6525	0.00823956
0.85853	0.6525	0
0	0.675	0.187638
0.0218585	0.675	0.187512
0.0437171	0.675	0.187133
0.0655756	0.675	0.186502
0.0874342	0.675	0.185618
0.109293	0.675	0.184482
0.131151	0.675	0.183093
0.15301	0.675	0.181452
0.174868	0.675	0.179558
0.196727	0.675	0.177412
0.218585	0.675	0.175015
0.240444	0.675	0.172366
0.262302	0.675	0.169467
0.284161	0.675	0.166317
0.30602	0.675	0.162919
0.327878	0.675	0.159273
0.349737	0.675	0.155381
0.371595	0.675	0.151245
0.393454	0.675	0.146867
0.415312	0.675	0.14225
0.437171	0.675	0.137396
0.459029	0.675	0.13231
0.480888	0.675	0.126995
0.502746	0.675	0.121456
0.524605	0.675	0.115698
0.546464	0.675	0.109727
0.568322	0.675	0.103547
0.590181	0.675	0.0971674
0.612039	0.675	0.0905941
0.633898	0.675	0.0838352
0.655756	0.675	0.0768992
0.677615	0.675	0.0697951
0.699473	0.675	0.0625324
0.721332	0.675	0.0551214
0.74319	0.675	0.0475724
0.765049	0.675	0.0398964
0.786907	0.675	0.0321045
0.808766	0.675	0.024208
0.830625	0.675	0.016218
0.852483	0.675	0.00814531
0.874342	0.675	0
0	0.6975	0.189945
0.0222538	0.6975	0.189815
0.0445077	0.6975	0.189424
0.0667615	0.6975	0.188773
0.0890153	0.6975	0.18786
0.111269	0.6975	0.186687
0.133523	0.6975	0.185254
0.155777	0.6975	0.183561
0.178031	0.6975	0.181608
0.200284	0.6975	0.179396
0.222538	0.6975	0.176925
0.244792	0.6975	0.174196
0.267046	0.6975	0.17121
0.2893	0.6975	0.167969
0.311554	0.6975	0.164473
0.333807	0.6975	0.160724
0.356061	0.6975	0.156725
0.378315	0.6975	0.152478
0.400569	0.6975	0.147986
0.422823	0.6975	0.143252
0.445077	0.6975	0.13828
0.46733	0.6975	0.133075
0.489584	0.6975	0.12764
0.511838	0.6975	0.121982
0.534092	0.6975	0.116107
0.556346	0.6975	0.11002
0.578599	0.6975	0.103731
0.600853	0.6975	0.0972456
0.623107	0.6975	0.0905737
0.645361	0.6975	0.0837243
0.667615	0.6975	0.0767075
0.689869	0.6975	0.0695342
0.712122	0.6975	0.0622157
0.734376	0.6975	0.0547643
0.75663	0.6975	0.0471928
0.778884	0.6975	0.0395143
0.801138	0.6975	0.0317426
0.823392	0.6975	0.0238916
0.845645	0.6975	0.0159753
0.867899	0.6975	0.00800725
0.890153	0.6975	0
0	0.72	0.192013
0.0226491	0.72	0.191879
0.0452982	0.72	0.191475
0.0679473	0.72	0.190803
0.0905964	0.72	0.189862
0.113246	0.72	0.188652
0.135895	0.72	0.187174
0.158544	0.72	0.185428
0.181193	0.72	0.183415
0.203842	0.72	0.181135
0.226491	0.72	0.17859
0.24914	0.72	0.17578
0.271789	0.72	0.172706
0.294438	0.72	0.169371
0.317088	0.72	0.165776
0.339737	0.72	0.161924
0.362386	0.72	0.157816
0.385035	0.72	0.153457
0.407684	0.72	0.14885
0.430333	0.72	0.143998
0.452982	0.72	0.138906
0.475631	0.72	0.13358
0.49828	0.72	0.128025
0.52093	0.72	0.122247
0.543579	0.72	0.116255
0.566228	0.72	0.110054
0.588877	0.72	0.103656
0.611526	0.72	0.0970671
0.634175	0.72	0.0902995
0.656824	0.72	0.0833638
0.679473	0.72	0.076272
0.702122	0.72	0.069037
0.724772	0.72	0.0616723
0.747421	0.72	0.0541929
0.77007	0.72	0.046614
0.792719	0.72	0.0389521
0.815368	0.72	0.0312241
0.838017	0.72	0.0234474
0.860666	0.72	0.0156399
0.883315	0.72	0.00781862
0.905964	0.72	0
0	0.7425	0.19384
0.0230444	0.7425	0.193702
0.0460888	0.7425	0.193286
0.0691332	0.7425	0.192592
0.0921776	0.7425	0.191621
0.115222	0.7425	0.190374
0.138266	0.7425	0.18885
0.161311	0.7425	0.187051
0.184355	0.7425	0.184976
0.2074	0.7425	0.182628
0.230444	0.7425	0.180006
0.253488	0.7425	0.177113
0.276533	0.7425	0.173951
0.299577	0.7425	0.170521
0.322622	0.7425	0.166825
0.345666	0.7425	0.162866
0.36871	0.7425	0.158649
0.391755	0.7425	0.154175
0.414799	0.7425	0.14945
0.437844	0.7425	0.144478
0.460888	0.7425	0.139265
0.483932	0.7425	0.133816
0.506977	0.7425	0.128139
0.530021	0.7425	0.122241
0.553065	0.7425	0.116129
0.57611	0.7425	0.109815
0.599154	0.7425	0.103307
0.622199	0.7425	0.0966158
0.645243	0.7425	0.0897544
0.668287	0.7425	0.0827355
0.691332	0.7425	0.0755733
0.714376	0.7425	0.0682829
0.737421	0.7425	0.0608809
0.760465	0.7425	0.0533849
0.783509	0.7425	0.0458138
0.806554	0.7425	0.0381878
0.829598	0.7425	0.0305281
0.852643	0.7425	0.0228569
0.875687	0.7425	0.0151968
0.898731	0.7425	0.00757068
0.921776	0.7425	0
0	0.765	0.195426
0.0234397	0.765	0.195283
0.0468794	0.765	0.194854
0.070319	0.765	0.194139
0.0937587	0.765	0.193138
0.117198	0.765	0.191852
0.140638	0.765	0.190282
0.164078	0.765	0.188427
0.187517	0.765	0.18629
0.210957	0.765	0.183871
0.234397	0.765	0.181172
0.257836	0.765	0.178195
0.281276	0.765	0.174941
0.304716	0.765	0.171413
0.328156	0.765	0.167614
0.351595	0.765	0.163547
0.375035	0.765	0.159216
0.398475	0.765	0.154625
0.421914	0.765	0.14978
0.445354	0.765	0.144685
0.468794	0.765	0.139347
0.492233	0.765	0.133773
0.515673	0.765	0.127971
0.539113	0.765	0.121949
0.562552	0.765	0.115718
0.585992	0.765	0.109287
0.609432	0.765	0.102668
0.632871	0.765	0.0958742
0.656311	0.765	0.0889195
0.679751	0.765	0.0818189
0.70319	0.765	0.0745893
0.72663	0.765	0.0672486
0.75007	0.765	0.0598167
0.773509	0.765	0.0523147
0.796949	0.765	0.0447659
0.820389	0.765	0.0371951
0.843828	0.765	0.0296292
0.867268	0.765	0.0220966
0.890708	0.765	0.0146273
0.914148	0.765	0.00725188
0.937587	0.765	0
0	0.7875	0.196769
0.023835	0.7875	0.196622
0.0476699	0.7875	0.196179
0.0715049	0.7875	0.195442
0.0953399	0.7875	0.194411
0.119175	0.7875	0.193086
0.14301	0.7875	0.191467
0.166845	0.7875	0.189557
0.19068	0.7875	0.187355
0.214515	0.7875	0.184864
0.23835	0.7875	0.182085
0.262185	0.7875	0.179021
0.28602	0.7875	0.175673
0.309855	0.7875	0.172045
0.33369	0.7875	0.16814
0.357524	0.7875	0.163961
0.381359	0.7875	0.159513
0.405194	0.7875	0.154802
0.429029	0.7875	0.149832
0.452864	0.7875	0.144611
0.476699	0.7875	0.139144
0.500534	0.7875	0.133441
0.524369	0.7875	0.12751
0.548204	0.7875	0.121361
0.572039	0.7875	0.115005
0.595874	0.7875	0.108455
0.619709	0.7875	0.101723
0.643544	0.7875	0.0948236
0.667379	0.7875	0.087774
0.691214	0.7875	0.0805915
0.715049	0.7875	0.0732957
0.738884	0.7875	0.0659078
0.762719	0.7875	0.0584515
0.786554	0.7875	0.0509524
0.810389	0.7875	0.0434387
0.834224	0.7875	0.0359417
0.858059	0.7875	0.0284952
0.881894	0.7875	0.0211365
0.905729	0.7875	0.013906
0.929564	0.7875	0.00684628
0.953399	0.7875	0
0	0.81	0.197869
0.0242302	0.81	0.197717
0.0484605	0.81	0.197261
0.0726907	0.81	0.196502
0.096921	0.81	0.195438
0.121151	0.81	0.194073
0.145381	0.81	0.192405
0.169612	0.81	0.190436
0.193842	0.81	0.188169
0.218072	0.81	0.185603
0.242302	0.81	0.182742
0.266533	0.81	0.179588
0.290763	0.81	0.176144
0.314993	0.81	0.172412
0.339223	0.81	0.168397
0.363454	0.81	0.164103
0.387684	0.81	0.159535
0.411914	0.81	0.154698
0.436144	0.81	0.1496
0.460375	0.81	0.144247
0.484605	0.81	0.138647
0.508835	0.81	0.132809
0.533065	0.81	0.126744
0.557296	0.81	0.120463
0.581526	0.81	0.113978
0.605756	0.81	0.107302
0.629986	0.81	0.100452
0.654217	0.81	0.0934434
0.678447	0.81	0.0862954
0.702677	0.81	0.0790285
0.726907	0.81	0.0716652
0.751138	0.81	0.0642307
0.775368	0.81	0.0567529
0.799598	0.81	0.0492627
0.823828	0.81	0.0417947
0.848059	0.81	0.0343877
0.872289	0.81	0.0270853
0.896519	0.81	0.0199369
0.920749	0.81	0.0129981
0.94498	0.81	0.00633099
0.96921	0.81	0
0	0.8325	0.198726
0.0246255	0.8325	0.198569
0.0492511	0.8325	0.198099
0.0738766	0.8325	0.197316
0.0985021	0.8325	0.19622
0.123128	0.8325	0.194812
0.147753	0.8325	0.193094
0.172379	0.8325	0.191066
0.197004	0.8325	0.18873
0.22163	0.8325	0.186088
0.246255	0.8325	0.183142
0.270881	0.8325	0.179895
0.295506	0.8325	0.17635
0.320132	0.8325	0.172511
0.344757	0.8325	0.168382
0.369383	0.8325	0.163968
0.394009	0.8325	0.159274
0.418634	0.8325	0.154307
0.44326	0.8325	0.149075
0.467885	0.8325	0.143584
0.492511	0.8325	0.137845
0.517136	0.8325	0.131866
0.541762	0.8325	0.125661
0.566387	0.8325	0.11924
0.591013	0.8325	0.112618
0.615638	0.8325	0.105811
0.640264	0.8325	0.0988362
0.664889	0.8325	0.0917118
0.689515	0.8325	0.0844594
0.71414	0.8325	0.0771026
0.738766	0.8325	0.0696675
0.763392	0.8325	0.0621834
0.788017	0.8325	0.0546833
0.812643	0.8325	0.0472042
0.837268	0.8325	0.0397881
0.861894	0.8325	0.0324835
0.886519	0.8325	0.0253464
0.911145	0.8325	0.0184433
0.93577	0.8325	0.0118536
0.960396	0.8325	0.00567135
0.985021	0.8325	0
0	0.855	0.199338
0.0250208	0.855	0.199176
0.0500416	0.855	0.198692
0.0750625	0.855	0.197885
0.100083	0.855	0.196755
0.125104	0.855	0.195304
0.150125	0.855	0.193533
0.175146	0.855	0.191443
0.200167	0.855	0.189036
0.225187	0.855	0.186315
0.250208	0.855	0.183281
0.275229	0.855	0.179937
0.30025	0.855	0.176288
0.325271	0.855	0.172338
0.350291	0.855	0.16809
0.375312	0.855	0.163551
0.400333	0.855	0.158726
0.425354	0.855	0.153623
0.450375	0.855	0.14825
0.475396	0.855	0.142615
0.500416	0.855	0.136728
0.525437	0.855	0.130601
0.550458	0.855	0.124247
0.575479	0.855	0.117678
0.6005	0.855	0.110912
0.62552	0.855	0.103964
0.650541	0.855	0.0968551
0.675562	0.855	0.0896055
0.700583	0.855	0.0822396
0.725604	0.855	0.0747841
0.750625	0.855	0.0672689
0.775645	0.855	0.059728
0.800666	0.855	0.0521997
0.825687	0.855	0.044728
0.850708	0.855	0.0373635
0.875729	0.855	0.030166
0.900749	0.855	0.0232078
0.92577	0.855	0.0165791
0.950791	0.855	0.0103969
0.975812	0.855	0.00481202
1.00083	0.855	0
0	0.8775	0.199705
0.0254161	0.8775	0.199539
0.0508322	0.8775	0.199039
0.0762483	0.8775	0.198207
0.101664	0.8775	0.197043
0.127081	0.8775	0.195547
0.152497	0.8775	0.193722
0.177913	0.8775	0.191568
0.203329	0.8775	0.189088
0.228745	0.8775	0.186283
0.254161	0.8775	0.183158
0.279577	0.8775	0.179714
0.304993	0.8775	0.175957
0.330409	0.8775	0.171889
0.355825	0.8775	0.167517
0.381242	0.8775	0.162847
0.406658	0.8775	0.157885
0.432074	0.8775	0.152639
0.45749	0.8775	0.147117
0.482906	0.8775	0.14133
0.508322	0.8775	0.135288
0.533738	0.8775	0.129003
0.559154	0.8775	0.12249
0.58457	0.8775	0.115764
0.609986	0.8775	0.108841
0.635403	0.8775	0.101742
0.660819	0.8775	0.0944866
0.686235	0.8775	0.0870997
0.711651	0.8775	0.0796076
0.737067	0.8775	0.0720406
0.762483	0.8775	0.0644325
0.787899	0.8775	0.0568219
0.813315	0.8775	0.049253
0.838731	0.8775	0.0417767
0.864148	0.8775	0.0344532
0.889564	0.8775	0.0273545
0.91498	0.8775	0.0205723
0.940396	0.8775	0.0142307
0.965812	0.8775	0.00850812
0.991228	0.8775	0.00365989
1.01664	0.8775	0
0	0.9	0.199828
0.0258114	0.9	0.199656
0.0516228	0.9	0.199141
0.0774342	0.9	0.198283
0.103246	0.9	0.197082
0.129057	0.9	0.195541
0.154868	0.9	0.193659
0.18068	0.9	0.191439
0.206491	0.9	0.188882
0.232302	0.9	0.185992
0.258114	0.9	0.182771
0.283925	0.9	0.179223
0.309737	0.9	0.175352
0.335548	0.9	0.171163
0.361359	0.9	0.166661
0.387171	0.9	0.161853
0.412982	0.9	0.156746
0.438794	0.9	0.151349
0.464605	0.9	0.14567
0.490416	0.9	0.139721
0.516228	0.9	0.133513
0.542039	0.9	0.12706
0.567851	0.9	0.120377
0.593662	0.9	0.113481
0.619473	0.9	0.106389
0.645285	0.9	0.0991239
0.671096	0.9	0.0917082
0.696907	0.9	0.0841683
0.722719	0.9	0.0765336
0.74853	0.9	0.0688376
0.774342	0.9	0.061118
0.800153	0.9	0.053418
0.825964	0.9	0.0457873
0.851776	0.9	0.0382837
0.877587	0.9	0.0309749
0.903399	0.9	0.0239445
0.92921	0.9	0.0173041
0.955021	0.9	0.0112236
0.980833	0.9	0.00598622
1.00664	0.9	0.00205091
1.03246	0.9	0
