0	0	0
0.00125	0	0
0.0025	0	0
0.00375	0	0
0.005	0	0
0.00625	0	0
0.0075	0	0
0.00875	0	0
0.01	0	0
0.01125	0	0
0.0125	0	0
0.01375	0	0
0.015	0	0
0.01625	0	0
0.0175	0	0
0.01875	0	0
0.02	0	0
0.02125	0	0
0.0225	0	0
0.02375	0	0
0.025	0	0
0.02625	0	0
0.0275	0	0
0.02875	0	0
0.03	0	0
0.03125	0	0
0.0325	0	0
0.03375	0	0
0.035	0	0
0.03625	0	0
0.0375	0	0
0.03875	0	0
0.04	0	0
0.04125	0	0
0.0425	0	0
0.04375	0	0
0.045	0	0
0.04625	0	0
0.0475	0	0
0.04875	0	0
0.05	0	0
0	0.01	0.00259915
0.00212108	0.01	0.00259851
0.00424217	0.01	0.0025966
0.00636325	0.01	0.00259336
0.00848434	0.01	0.00258875
0.0106054	0.01	0.00258267
0.0127265	0.01	0.00257502
0.0148476	0.01	0.00256566
0.0169687	0.01	0.00255443
0.0190898	0.01	0.00254115
0.0212108	0.01	0.00252561
0.0233319	0.01	0.0025076
0.025453	0.01	0.00248688
0.0275741	0.01	0.00246322
0.0296952	0.01	0.00243636
0.0318163	0.01	0.00240605
0.0339374	0.01	0.00237206
0.0360584	0.01	0.00233414
0.0381795	0.01	0.00229206
0.0403006	0.01	0.00224559
0.0424217	0.01	0.00219452
0.0445428	0.01	0.00213866
0.0466639	0.01	0.00207782
0.048785	0.01	0.00201182
0.050906	0.01	0.00194052
0.0530271	0.01	0.00186377
0.0551482	0.01	0.00178144
0.0572693	0.01	0.00169342
0.0593904	0.01	0.0015996
0.0615115	0.01	0.0014999
0.0636325	0.01	0.00139424
0.0657536	0.01	0.00128256
0.0678747	0.01	0.00116479
0.0699958	0.01	0.0010409
0.0721169	0.01	0.00091085
0.074238	0.01	0.000774604
0.0763591	0.01	0.000632146
0.0784801	0.01	0.000483462
0.0806012	0.01	0.000328543
0.0827223	0.01	0.000167388
0.0848434	0.01	0
0	0.02	0.00512669
0.00299217	0.02	0.00512464
0.00598434	0.02	0.00511845
0.00897651	0.02	0.00510803
0.0119687	0.02	0.00509322
0.0149608	0.02	0.00507379
0.017953	0.02	0.00504948
0.0209452	0.02	0.00501995
0.0239374	0.02	0.00498486
0.0269295	0.02	0.00494384
0.0299217	0.02	0.00489648
0.0329139	0.02	0.00484241
0.035906	0.02	0.00478124
0.0388982	0.02	0.00471264
0.0418904	0.02	0.00463629
0.0448825	0.02	0.00455191
0.0478747	0.02	0.00445929
0.0508669	0.02	0.00435825
0.0538591	0.02	0.00424867
0.0568512	0.02	0.00413049
0.0598434	0.02	0.0040037
0.0628356	0.02	0.00386833
0.0658277	0.02	0.00372448
0.0688199	0.02	0.0035723
0.0718121	0.02	0.00341195
0.0748042	0.02	0.00324366
0.0777964	0.02	0.0030677
0.0807886	0.02	0.00288434
0.0837808	0.02	0.00269392
0.0867729	0.02	0.00249677
0.0897651	0.02	0.00229327
0.0927573	0.02	0.0020838
0.0957494	0.02	0.00186876
0.0987416	0.02	0.00164858
0.101734	0.02	0.00142367
0.104726	0.02	0.00119448
0.107718	0.02	0.000961453
0.11071	0.02	0.000725036
0.113702	0.02	0.000485684
0.116695	0.02	0.000243853
0.119687	0.02	0
0	0.03	0.00760018
0.00386325	0.03	0.00759615
0.00772651	0.03	0.007584
0.0115898	0.03	0.00756357
0.015453	0.03	0.00753463
0.0193163	0.03	0.00749684
0.0231795	0.03	0.0074498
0.0270428	0.03	0.0073931
0.030906	0.03	0.00732626
0.0347693	0.03	0.00724886
0.0386325	0.03	0.00716046
0.0424958	0.03	0.00706072
0.0463591	0.03	0.00694932
0.0502223	0.03	0.00682605
0.0540856	0.03	0.00669078
0.0579488	0.03	0.00654348
0.0618121	0.03	0.0063842
0.0656753	0.03	0.00621308
0.0695386	0.03	0.00603036
0.0734018	0.03	0.00583633
0.0772651	0.03	0.00563138
0.0811284	0.03	0.00541593
0.0849916	0.03	0.00519044
0.0888549	0.03	0.00495543
0.0927181	0.03	0.00471143
0.0965814	0.03	0.004459
0.100445	0.03	0.00419868
0.104308	0.03	0.00393104
0.108171	0.03	0.00365661
0.112034	0.03	0.00337594
0.115898	0.03	0.00308953
0.119761	0.03	0.00279788
0.123624	0.03	0.00250143
0.127487	0.03	0.00220062
0.131351	0.03	0.00189582
0.135214	0.03	0.00158739
0.139077	0.03	0.00127563
0.14294	0.03	0.000960811
0.146804	0.03	0.000643156
0.150667	0.03	0.000322841
0.15453	0.03	0
0	0.04	0.0100278
0.00473434	0.04	0.0100215
0.00946868	0.04	0.0100022
0.014203	0.04	0.00996998
0.0189374	0.04	0.00992441
0.0236717	0.04	0.00986515
0.028406	0.04	0.00979178
0.0331404	0.04	0.00970386
0.0378747	0.04	0.00960097
0.0426091	0.04	0.00948275
0.0473434	0.04	0.00934893
0.0520777	0.04	0.00919933
0.0568121	0.04	0.00903391
0.0615464	0.04	0.00885275
0.0662808	0.04	0.00865607
0.0710151	0.04	0.00844418
0.0757494	0.04	0.00821755
0.0804838	0.04	0.0079767
0.0852181	0.04	0.00772224
0.0899525	0.04	0.00745486
0.0946868	0.04	0.00717526
0.0994211	0.04	0.00688419
0.104155	0.04	0.00658239
0.10889	0.04	0.00627062
0.113624	0.04	0.0059496
0.118358	0.04	0.00562004
0.123093	0.04	0.00528259
0.127827	0.04	0.0049379
0.132562	0.04	0.00458653
0.137296	0.04	0.00422904
0.14203	0.04	0.0038659
0.146765	0.04	0.00349755
0.151499	0.04	0.0031244
0.156233	0.04	0.00274677
0.160968	0.04	0.00236499
0.165702	0.04	0.00197932
0.170436	0.04	0.00159
0.175171	0.04	0.00119723
0.179905	0.04	0.000801198
0.184639	0.04	0.000402071
0.189374	0.04	0
0	0.05	0.0124126
0.00560542	0.05	0.0124036
0.0112108	0.05	0.0123766
0.0168163	0.05	0.0123314
0.0224217	0.05	0.0122678
0.0280271	0.05	0.0121852
0.0336325	0.05	0.0120835
0.039238	0.05	0.0119622
0.0448434	0.05	0.0118212
0.0504488	0.05	0.0116601
0.0560542	0.05	0.0114792
0.0616597	0.05	0.0112784
0.0672651	0.05	0.0110581
0.0728705	0.05	0.0108188
0.0784759	0.05	0.010561
0.0840814	0.05	0.0102855
0.0896868	0.05	0.00999317
0.0952922	0.05	0.00968483
0.100898	0.05	0.00936144
0.106503	0.05	0.00902397
0.112108	0.05	0.00867339
0.117714	0.05	0.00831063
0.123319	0.05	0.00793661
0.128925	0.05	0.00755219
0.13453	0.05	0.00715819
0.140136	0.05	0.00675536
0.145741	0.05	0.00634439
0.151346	0.05	0.00592591
0.156952	0.05	0.00550049
0.162557	0.05	0.00506866
0.168163	0.05	0.00463086
0.173768	0.05	0.00418753
0.179374	0.05	0.00373903
0.184979	0.05	0.0032857
0.190584	0.05	0.00282785
0.19619	0.05	0.00236575
0.201795	0.05	0.00189965
0.207401	0.05	0.00142981
0.213006	0.05	0.000956451
0.218612	0.05	0.000479777
0.224217	0.05	0
0	0.06	0.0147546
0.00647651	0.06	0.0147429
0.012953	0.06	0.0147078
0.0194295	0.06	0.0146489
0.025906	0.06	0.0145663
0.0323825	0.06	0.0144595
0.0388591	0.06	0.0143283
0.0453356	0.06	0.0141727
0.0518121	0.06	0.0139925
0.0582886	0.06	0.0137881
0.0647651	0.06	0.0135595
0.0712416	0.06	0.0133075
0.0777181	0.06	0.0130327
0.0841946	0.06	0.012736
0.0906711	0.06	0.0124184
0.0971476	0.06	0.0120809
0.103624	0.06	0.0117247
0.110101	0.06	0.0113511
0.116577	0.06	0.0109612
0.123054	0.06	0.0105562
0.12953	0.06	0.0101372
0.136007	0.06	0.00970537
0.142483	0.06	0.00926159
0.14896	0.06	0.00880686
0.155436	0.06	0.00834203
0.161913	0.06	0.00786788
0.168389	0.06	0.00738512
0.174866	0.06	0.00689439
0.181342	0.06	0.00639629
0.187819	0.06	0.00589134
0.194295	0.06	0.00538003
0.200772	0.06	0.00486279
0.207248	0.06	0.00434004
0.213725	0.06	0.00381215
0.220201	0.06	0.00327947
0.226678	0.06	0.00274232
0.233154	0.06	0.00220103
0.239631	0.06	0.00165587
0.246107	0.06	0.00110714
0.252584	0.06	0.000555099
0.25906	0.06	0
0	0.07	0.0170526
0.00734759	0.07	0.0170381
0.0146952	0.07	0.0169945
0.0220428	0.07	0.0169217
0.0293904	0.07	0.0168195
0.036738	0.07	0.0166879
0.0440856	0.07	0.0165269
0.0514332	0.07	0.0163365
0.0587808	0.07	0.016117
0.0661284	0.07	0.015869
0.0734759	0.07	0.0155931
0.0808235	0.07	0.0152904
0.0881711	0.07	0.0149618
0.0955187	0.07	0.0146088
0.102866	0.07	0.0142325
0.110214	0.07	0.0138345
0.117562	0.07	0.0134161
0.124909	0.07	0.0129789
0.132257	0.07	0.0125242
0.139604	0.07	0.0120534
0.146952	0.07	0.0115677
0.154299	0.07	0.0110683
0.161647	0.07	0.0105563
0.168995	0.07	0.0100326
0.176342	0.07	0.00949821
0.18369	0.07	0.00895392
0.191037	0.07	0.00840049
0.198385	0.07	0.00783861
0.205733	0.07	0.00726891
0.21308	0.07	0.00669197
0.220428	0.07	0.00610834
0.227775	0.07	0.00551851
0.235123	0.07	0.00492295
0.242471	0.07	0.00432209
0.249818	0.07	0.00371635
0.257166	0.07	0.00310612
0.264513	0.07	0.00249178
0.271861	0.07	0.00187366
0.279209	0.07	0.00125212
0.286556	0.07	0.000627462
0.293904	0.07	0
0	0.08	0.0193045
0.00821868	0.08	0.0192872
0.0164374	0.08	0.019235
0.024656	0.08	0.019148
0.0328747	0.08	0.0190261
0.0410934	0.08	0.0188695
0.0493121	0.08	0.0186783
0.0575308	0.08	0.018453
0.0657494	0.08	0.0181943
0.0739681	0.08	0.0179029
0.0821868	0.08	0.0175802
0.0904055	0.08	0.0172273
0.0986242	0.08	0.0168458
0.106843	0.08	0.0164372
0.115062	0.08	0.0160034
0.12328	0.08	0.015546
0.131499	0.08	0.0150667
0.139718	0.08	0.0145671
0.147936	0.08	0.0140488
0.156155	0.08	0.0135133
0.164374	0.08	0.012962
0.172592	0.08	0.0123961
0.180811	0.08	0.0118168
0.18903	0.08	0.0112252
0.197248	0.08	0.0106222
0.205467	0.08	0.0100088
0.213686	0.08	0.00938572
0.221904	0.08	0.00875379
0.230123	0.08	0.0081137
0.238342	0.08	0.00746611
0.24656	0.08	0.00681164
0.254779	0.08	0.00615084
0.262998	0.08	0.00548428
0.271216	0.08	0.00481245
0.279435	0.08	0.00413584
0.287654	0.08	0.00345491
0.295872	0.08	0.0027701
0.304091	0.08	0.00208181
0.31231	0.08	0.00139046
0.320529	0.08	0.000696397
0.328747	0.08	0
0	0.09	0.0215081
0.00908976	0.09	0.0214879
0.0181795	0.09	0.021427
0.0272693	0.09	0.0213257
0.0363591	0.09	0.0211839
0.0454488	0.09	0.0210022
0.0545386	0.09	0.0207809
0.0636284	0.09	0.0205208
0.0727181	0.09	0.0202229
0.0818079	0.09	0.0198886
0.0908976	0.09	0.0195193
0.0999874	0.09	0.0191168
0.109077	0.09	0.018683
0.118167	0.09	0.0182198
0.127257	0.09	0.0177292
0.136346	0.09	0.0172133
0.145436	0.09	0.0166738
0.154526	0.09	0.0161127
0.163616	0.09	0.0155317
0.172706	0.09	0.0149324
0.181795	0.09	0.0143162
0.190885	0.09	0.0136847
0.199975	0.09	0.013039
0.209065	0.09	0.0123802
0.218154	0.09	0.0117096
0.227244	0.09	0.0110281
0.236334	0.09	0.0103365
0.245424	0.09	0.00963578
0.254513	0.09	0.00892671
0.263603	0.09	0.00821004
0.272693	0.09	0.00748645
0.281783	0.09	0.00675662
0.290872	0.09	0.00602116
0.299962	0.09	0.00528067
0.309052	0.09	0.0045357
0.318142	0.09	0.00378679
0.327232	0.09	0.00303445
0.336321	0.09	0.00227915
0.345411	0.09	0.00152135
0.354501	0.09	0.000761493
0.363591	0.09	0
0	0.1	0.023661
0.00996085	0.1	0.0236378
0.0199217	0.1	0.0235683
0.0298825	0.1	0.0234525
0.0398434	0.1	0.0232909
0.0498042	0.1	0.0230839
0.0597651	0.1	0.0228325
0.0697259	0.1	0.0225377
0.0796868	0.1	0.0222009
0.0896476	0.1	0.0218239
0.0996085	0.1	0.0214085
0.109569	0.1	0.0209568
0.11953	0.1	0.0204712
0.129491	0.1	0.0199539
0.139452	0.1	0.0194072
0.149413	0.1	0.0188333
0.159374	0.1	0.0182343
0.169334	0.1	0.0176123
0.179295	0.1	0.0169692
0.189256	0.1	0.0163067
0.199217	0.1	0.0156264
0.209178	0.1	0.0149299
0.219139	0.1	0.0142186
0.2291	0.1	0.0134937
0.23906	0.1	0.0127564
0.249021	0.1	0.0120079
0.258982	0.1	0.0112491
0.268943	0.1	0.010481
0.278904	0.1	0.00970451
0.288865	0.1	0.00892052
0.298825	0.1	0.00812978
0.308786	0.1	0.00733307
0.318747	0.1	0.00653108
0.328708	0.1	0.0057245
0.338669	0.1	0.00491397
0.34863	0.1	0.00410009
0.358591	0.1	0.00328345
0.368551	0.1	0.00246461
0.378512	0.1	0.00164409
0.388473	0.1	0.000822388
0.398434	0.1	0
0	0.11	0.0257607
0.0108319	0.11	0.0257347
0.0216639	0.11	0.0256564
0.0324958	0.11	0.0255262
0.0433277	0.11	0.0253446
0.0541597	0.11	0.0251125
0.0649916	0.11	0.024831
0.0758235	0.11	0.0245016
0.0866555	0.11	0.024126
0.0974874	0.11	0.0237065
0.108319	0.11	0.0232452
0.119151	0.11	0.0227448
0.129983	0.11	0.0222078
0.140815	0.11	0.0216368
0.151647	0.11	0.0210343
0.162479	0.11	0.0204029
0.173311	0.11	0.0197449
0.184143	0.11	0.0190625
0.194975	0.11	0.0183577
0.205807	0.11	0.0176326
0.216639	0.11	0.0168889
0.227471	0.11	0.0161282
0.238303	0.11	0.015352
0.249135	0.11	0.0145619
0.259966	0.11	0.013759
0.270798	0.11	0.0129447
0.28163	0.11	0.01212
0.292462	0.11	0.0112861
0.303294	0.11	0.010444
0.314126	0.11	0.00959468
0.324958	0.11	0.00873896
0.33579	0.11	0.00787773
0.346622	0.11	0.0070118
0.357454	0.11	0.00614194
0.368286	0.11	0.00526888
0.379118	0.11	0.00439331
0.38995	0.11	0.0035159
0.400782	0.11	0.00263727
0.411614	0.11	0.00175803
0.422445	0.11	0.000878759
0.433277	0.11	0
0	0.12	0.0278052
0.011703	0.12	0.0277762
0.023406	0.12	0.0276892
0.0351091	0.12	0.0275445
0.0468121	0.12	0.027343
0.0585151	0.12	0.0270857
0.0702181	0.12	0.0267741
0.0819211	0.12	0.0264101
0.0936242	0.12	0.0259959
0.105327	0.12	0.025534
0.11703	0.12	0.0250271
0.128733	0.12	0.0244781
0.140436	0.12	0.0238899
0.152139	0.12	0.0232654
0.163842	0.12	0.0226075
0.175545	0.12	0.0219189
0.187248	0.12	0.0212022
0.198951	0.12	0.0204598
0.210654	0.12	0.0196939
0.222357	0.12	0.0189067
0.23406	0.12	0.0181001
0.245763	0.12	0.0172759
0.257466	0.12	0.0164358
0.269169	0.12	0.0155814
0.280872	0.12	0.0147141
0.292575	0.12	0.0138353
0.304279	0.12	0.0129464
0.315982	0.12	0.0120484
0.327685	0.12	0.0111426
0.339388	0.12	0.0102299
0.351091	0.12	0.00931157
0.362794	0.12	0.00838838
0.374497	0.12	0.00746129
0.3862	0.12	0.00653118
0.397903	0.12	0.00559885
0.409606	0.12	0.00466511
0.421309	0.12	0.00373069
0.433012	0.12	0.0027963
0.444715	0.12	0.00186263
0.456418	0.12	0.000930323
0.468121	0.12	0
0	0.13	0.0297922
0.0125741	0.13	0.0297603
0.0251482	0.13	0.0296645
0.0377223	0.13	0.0295054
0.0502964	0.13	0.0292838
0.0628705	0.13	0.0290013
0.0754446	0.13	0.0286596
0.0880187	0.13	0.0282611
0.100593	0.13	0.0278082
0.113167	0.13	0.027304
0.125741	0.13	0.0267515
0.138315	0.13	0.026154
0.150889	0.13	0.0255148
0.163463	0.13	0.0248371
0.176037	0.13	0.0241239
0.188612	0.13	0.0233784
0.201186	0.13	0.0226032
0.21376	0.13	0.0218011
0.226334	0.13	0.0209745
0.238908	0.13	0.0201257
0.251482	0.13	0.0192569
0.264056	0.13	0.0183699
0.27663	0.13	0.0174668
0.289204	0.13	0.0165492
0.301779	0.13	0.0156188
0.314353	0.13	0.014677
0.326927	0.13	0.0137253
0.339501	0.13	0.0127651
0.352075	0.13	0.0117975
0.364649	0.13	0.0108239
0.377223	0.13	0.00984541
0.389797	0.13	0.00886299
0.402371	0.13	0.00787773
0.414945	0.13	0.00689058
0.42752	0.13	0.00590248
0.440094	0.13	0.00491429
0.452668	0.13	0.00392685
0.465242	0.13	0.00294097
0.477816	0.13	0.00195738
0.49039	0.13	0.000976832
0.502964	0.13	0
0	0.14	0.0317199
0.0134452	0.14	0.0316851
0.0268904	0.14	0.0315805
0.0403356	0.14	0.0314068
0.0537808	0.14	0.0311651
0.0672259	0.14	0.0308573
0.0806711	0.14	0.0304855
0.0941163	0.14	0.0300523
0.107562	0.14	0.0295608
0.121007	0.14	0.0290142
0.134452	0.14	0.0284162
0.147897	0.14	0.0277702
0.161342	0.14	0.02708
0.174787	0.14	0.026349
0.188233	0.14	0.0255807
0.201678	0.14	0.0247784
0.215123	0.14	0.023945
0.228568	0.14	0.0230835
0.242013	0.14	0.0221966
0.255459	0.14	0.0212867
0.268904	0.14	0.0203562
0.282349	0.14	0.0194074
0.295794	0.14	0.0184422
0.309239	0.14	0.0174625
0.322685	0.14	0.0164702
0.33613	0.14	0.0154669
0.349575	0.14	0.0144543
0.36302	0.14	0.0134337
0.376465	0.14	0.0124067
0.389911	0.14	0.0113745
0.403356	0.14	0.0103385
0.416801	0.14	0.00929975
0.430246	0.14	0.00825946
0.443691	0.14	0.00721869
0.457136	0.14	0.00617848
0.470582	0.14	0.00513979
0.484027	0.14	0.00410354
0.497472	0.14	0.00307062
0.510917	0.14	0.00204187
0.524362	0.14	0.00101807
0.537808	0.14	0
0	0.15	0.0335865
0.0143163	0.15	0.0335487
0.0286325	0.15	0.0334352
0.0429488	0.15	0.0332468
0.0572651	0.15	0.032985
0.0715814	0.15	0.0326518
0.0858976	0.15	0.0322498
0.100214	0.15	0.0317818
0.11453	0.15	0.0312515
0.128846	0.15	0.0306625
0.143163	0.15	0.0300188
0.157479	0.15	0.0293243
0.171795	0.15	0.028583
0.186112	0.15	0.0277987
0.200428	0.15	0.0269753
0.214744	0.15	0.0261162
0.22906	0.15	0.0252248
0.243377	0.15	0.0243042
0.257693	0.15	0.0233573
0.272009	0.15	0.0223869
0.286325	0.15	0.0213955
0.300642	0.15	0.0203855
0.314958	0.15	0.0193592
0.329274	0.15	0.0183187
0.343591	0.15	0.0172659
0.357907	0.15	0.0162028
0.372223	0.15	0.015131
0.386539	0.15	0.0140522
0.400856	0.15	0.0129679
0.415172	0.15	0.0118798
0.429488	0.15	0.010789
0.443805	0.15	0.009697
0.458121	0.15	0.00860501
0.472437	0.15	0.00751422
0.486753	0.15	0.00642575
0.50107	0.15	0.00534067
0.515386	0.15	0.00426
0.529702	0.15	0.00318471
0.544018	0.15	0.00211571
0.558335	0.15	0.00105386
0.572651	0.15	0
0	0.16	0.0353902
0.0151874	0.16	0.0353494
0.0303747	0.16	0.035227
0.0455621	0.16	0.0350239
0.0607494	0.16	0.0347418
0.0759368	0.16	0.0343831
0.0911242	0.16	0.0339505
0.106312	0.16	0.0334477
0.121499	0.16	0.0328784
0.136686	0.16	0.0322467
0.151874	0.16	0.0315571
0.167061	0.16	0.0308139
0.182248	0.16	0.0300214
0.197436	0.16	0.0291838
0.212623	0.16	0.0283052
0.22781	0.16	0.0273894
0.242998	0.16	0.0264401
0.258185	0.16	0.0254606
0.273372	0.16	0.0244541
0.28856	0.16	0.0234237
0.303747	0.16	0.022372
0.318935	0.16	0.0213018
0.334122	0.16	0.0202155
0.349309	0.16	0.0191153
0.364497	0.16	0.0180036
0.379684	0.16	0.0168822
0.394871	0.16	0.0157532
0.410059	0.16	0.0146183
0.425246	0.16	0.0134793
0.440433	0.16	0.0123378
0.455621	0.16	0.0111953
0.470808	0.16	0.0100533
0.485996	0.16	0.00891306
0.501183	0.16	0.00777599
0.51637	0.16	0.00664329
0.531558	0.16	0.00551613
0.546745	0.16	0.0043956
0.561932	0.16	0.00328276
0.57712	0.16	0.0021786
0.592307	0.16	0.00108405
0.607494	0.16	0
0	0.17	0.0371296
0.0160584	0.17	0.0370858
0.0321169	0.17	0.0369544
0.0481753	0.17	0.0367364
0.0642338	0.17	0.0364339
0.0802922	0.17	0.0360493
0.0963507	0.17	0.0355861
0.112409	0.17	0.0350481
0.128468	0.17	0.0344395
0.144526	0.17	0.0337649
0.160584	0.17	0.0330292
0.176643	0.17	0.032237
0.192701	0.17	0.0313931
0.20876	0.17	0.030502
0.224818	0.17	0.0295681
0.240877	0.17	0.0285956
0.256935	0.17	0.0275885
0.272994	0.17	0.0265503
0.289052	0.17	0.0254846
0.30511	0.17	0.0243946
0.321169	0.17	0.0232834
0.337227	0.17	0.0221538
0.353286	0.17	0.0210086
0.369344	0.17	0.0198502
0.385403	0.17	0.018681
0.401461	0.17	0.0175032
0.41752	0.17	0.016319
0.433578	0.17	0.0151304
0.449636	0.17	0.0139392
0.465695	0.17	0.0127471
0.481753	0.17	0.011556
0.497812	0.17	0.0103673
0.51387	0.17	0.00918246
0.529929	0.17	0.00800303
0.545987	0.17	0.00683027
0.562046	0.17	0.00566546
0.578104	0.17	0.00450979
0.594162	0.17	0.00336438
0.610221	0.17	0.00223028
0.626279	0.17	0.00110851
0.642338	0.17	0
0	0.18	0.0388032
0.0169295	0.18	0.0387564
0.0338591	0.18	0.0386159
0.0507886	0.18	0.0383829
0.0677181	0.18	0.0380596
0.0846476	0.18	0.0376491
0.101577	0.18	0.0371549
0.118507	0.18	0.0365813
0.135436	0.18	0.0359331
0.152366	0.18	0.0352153
0.169295	0.18	0.0344331
0.186225	0.18	0.0335915
0.203154	0.18	0.0326959
0.220084	0.18	0.0317511
0.237013	0.18	0.0307618
0.253943	0.18	0.0297325
0.270872	0.18	0.0286676
0.287802	0.18	0.0275709
0.304732	0.18	0.0264464
0.321661	0.18	0.0252974
0.338591	0.18	0.0241274
0.35552	0.18	0.0229394
0.37245	0.18	0.0217364
0.389379	0.18	0.0205211
0.406309	0.18	0.0192961
0.423238	0.18	0.0180638
0.440168	0.18	0.0168266
0.457097	0.18	0.0155866
0.474027	0.18	0.0143459
0.490956	0.18	0.0131063
0.507886	0.18	0.0118697
0.524815	0.18	0.0106378
0.541745	0.18	0.0094122
0.558674	0.18	0.00819444
0.575604	0.18	0.00698595
0.592534	0.18	0.00578809
0.609463	0.18	0.00460211
0.626393	0.18	0.00342923
0.643322	0.18	0.00227055
0.660252	0.18	0.00112715
0.677181	0.18	0
0	0.19	0.0404098
0.0178006	0.19	0.04036
0.0356012	0.19	0.0402102
0.0534018	0.19	0.039962
0.0712025	0.19	0.0396178
0.0890031	0.19	0.0391808
0.106804	0.19	0.0386553
0.124604	0.19	0.0380458
0.142405	0.19	0.0373576
0.160206	0.19	0.036596
0.178006	0.19	0.0357669
0.195807	0.19	0.0348756
0.213607	0.19	0.0339279
0.231408	0.19	0.032929
0.249209	0.19	0.0318841
0.267009	0.19	0.030798
0.28481	0.19	0.0296753
0.30261	0.19	0.0285204
0.320411	0.19	0.0273373
0.338212	0.19	0.02613
0.356012	0.19	0.0249019
0.373813	0.19	0.0236565
0.391614	0.19	0.0223969
0.409414	0.19	0.0211262
0.427215	0.19	0.0198471
0.445015	0.19	0.0185623
0.462816	0.19	0.0172743
0.480617	0.19	0.0159855
0.498417	0.19	0.014698
0.516218	0.19	0.013414
0.534018	0.19	0.0121353
0.551819	0.19	0.0108639
0.56962	0.19	0.00960139
0.58742	0.19	0.0083495
0.605221	0.19	0.00710973
0.623022	0.19	0.00588352
0.640822	0.19	0.0046722
0.658623	0.19	0.00347706
0.676423	0.19	0.00229925
0.694224	0.19	0.00113989
0.712025	0.19	0
0	0.2	0.0419482
0.0186717	0.2	0.0418953
0.0373434	0.2	0.0417361
0.0560151	0.2	0.0414724
0.0746868	0.2	0.041107
0.0933585	0.2	0.0406433
0.11203	0.2	0.0400859
0.130702	0.2	0.03944
0.149374	0.2	0.0387112
0.168045	0.2	0.0379055
0.186717	0.2	0.0370289
0.205389	0.2	0.0360874
0.22406	0.2	0.0350872
0.242732	0.2	0.0340339
0.261404	0.2	0.0329331
0.280075	0.2	0.03179
0.298747	0.2	0.0306096
0.317419	0.2	0.0293966
0.336091	0.2	0.0281554
0.354762	0.2	0.0268902
0.373434	0.2	0.0256049
0.392106	0.2	0.024303
0.410777	0.2	0.0229882
0.429449	0.2	0.0216636
0.448121	0.2	0.0203323
0.466792	0.2	0.0189971
0.485464	0.2	0.0176607
0.504136	0.2	0.0163257
0.522808	0.2	0.0149944
0.541479	0.2	0.0136691
0.560151	0.2	0.0123518
0.578823	0.2	0.0110446
0.597494	0.2	0.00974931
0.616166	0.2	0.00846759
0.634838	0.2	0.00720111
0.653509	0.2	0.00595137
0.672181	0.2	0.00471978
0.690853	0.2	0.00350767
0.709525	0.2	0.00231626
0.728196	0.2	0.00114668
0.746868	0.2	0
0	0.21	0.0434173
0.0195428	0.21	0.0433612
0.0390856	0.21	0.0431925
0.0586284	0.21	0.0429131
0.0781711	0.21	0.042526
0.0977139	0.21	0.0420352
0.117257	0.21	0.0414455
0.136799	0.21	0.0407626
0.156342	0.21	0.0399927
0.175885	0.21	0.0391421
0.195428	0.21	0.0382174
0.214971	0.21	0.0372252
0.234513	0.21	0.036172
0.254056	0.21	0.0350638
0.273599	0.21	0.0339068
0.293142	0.21	0.0327066
0.312685	0.21	0.0314685
0.332227	0.21	0.0301976
0.35177	0.21	0.0288987
0.371313	0.21	0.0275762
0.390856	0.21	0.0262345
0.410398	0.21	0.0248774
0.429941	0.21	0.0235086
0.449484	0.21	0.0221318
0.469027	0.21	0.0207501
0.48857	0.21	0.0193666
0.508112	0.21	0.0179844
0.527655	0.21	0.0166059
0.547198	0.21	0.0152339
0.566741	0.21	0.0138707
0.586284	0.21	0.0125184
0.605826	0.21	0.0111794
0.625369	0.21	0.00985534
0.644912	0.21	0.00854822
0.664455	0.21	0.00725969
0.683997	0.21	0.00599134
0.70354	0.21	0.00474463
0.723083	0.21	0.00352093
0.742626	0.21	0.00232149
0.762169	0.21	0.00114749
0.781711	0.21	0
0	0.22	0.0448162
0.0204139	0.22	0.0447568
0.0408277	0.22	0.0445784
0.0612416	0.22	0.044283
0.0816555	0.22	0.0438738
0.102069	0.22	0.0433553
0.122483	0.22	0.0427327
0.142897	0.22	0.0420122
0.163311	0.22	0.0412004
0.183725	0.22	0.0403043
0.204139	0.22	0.0393309
0.224553	0.22	0.0382873
0.244966	0.22	0.0371804
0.26538	0.22	0.036017
0.285794	0.22	0.0348035
0.306208	0.22	0.0335459
0.326622	0.22	0.0322501
0.347036	0.22	0.0309215
0.36745	0.22	0.0295652
0.387864	0.22	0.0281862
0.408277	0.22	0.0267889
0.428691	0.22	0.0253777
0.449105	0.22	0.0239565
0.469519	0.22	0.0225291
0.489933	0.22	0.0210991
0.510347	0.22	0.0196697
0.530761	0.22	0.0182441
0.551174	0.22	0.0168251
0.571588	0.22	0.0154155
0.592002	0.22	0.0140178
0.612416	0.22	0.0126344
0.63283	0.22	0.0112674
0.653244	0.22	0.00991899
0.673658	0.22	0.00859098
0.694072	0.22	0.00728518
0.714485	0.22	0.00600321
0.734899	0.22	0.0047466
0.755313	0.22	0.00351674
0.775727	0.22	0.00231492
0.796141	0.22	0.00114231
0.816555	0.22	0
0	0.23	0.0461439
0.021285	0.23	0.0460812
0.0425699	0.23	0.0458929
0.0638549	0.23	0.0455811
0.0851398	0.23	0.0451494
0.106425	0.23	0.0446025
0.12771	0.23	0.0439464
0.148995	0.23	0.0431875
0.17028	0.23	0.0423331
0.191565	0.23	0.0413906
0.21285	0.23	0.0403677
0.234135	0.23	0.039272
0.255419	0.23	0.038111
0.276704	0.23	0.0368918
0.297989	0.23	0.0356213
0.319274	0.23	0.0343062
0.340559	0.23	0.0329527
0.361844	0.23	0.0315665
0.383129	0.23	0.0301534
0.404414	0.23	0.0287185
0.425699	0.23	0.0272667
0.446984	0.23	0.0258025
0.468269	0.23	0.0243304
0.489554	0.23	0.0228543
0.510839	0.23	0.0213781
0.532124	0.23	0.0199052
0.553409	0.23	0.0184389
0.574694	0.23	0.0169824
0.595979	0.23	0.0155385
0.617264	0.23	0.0141099
0.638549	0.23	0.0126991
0.659834	0.23	0.0113084
0.681119	0.23	0.00993988
0.702404	0.23	0.00859559
0.723688	0.23	0.00727735
0.744973	0.23	0.00598684
0.766258	0.23	0.00472561
0.787543	0.23	0.00349506
0.808828	0.23	0.00229651
0.830113	0.23	0.00113114
0.851398	0.23	0
0	0.24	0.0473996
0.022156	0.24	0.0473335
0.0443121	0.24	0.047135
0.0664681	0.24	0.0468064
0.0886242	0.24	0.0463516
0.11078	0.24	0.0457759
0.132936	0.24	0.0450854
0.155092	0.24	0.0442874
0.177248	0.24	0.0433895
0.199404	0.24	0.0423998
0.22156	0.24	0.0413266
0.243716	0.24	0.040178
0.265872	0.24	0.038962
0.288029	0.24	0.0376864
0.310185	0.24	0.0363587
0.332341	0.24	0.0349858
0.354497	0.24	0.0335745
0.376653	0.24	0.0321311
0.398809	0.24	0.0306615
0.420965	0.24	0.0291715
0.443121	0.24	0.0276661
0.465277	0.24	0.0261504
0.487433	0.24	0.024629
0.509589	0.24	0.0231061
0.531745	0.24	0.0215858
0.553901	0.24	0.0200719
0.576057	0.24	0.0185679
0.598213	0.24	0.017077
0.620369	0.24	0.0156022
0.642525	0.24	0.0141464
0.664681	0.24	0.0127121
0.686837	0.24	0.0113018
0.708993	0.24	0.00991771
0.731149	0.24	0.00856185
0.753305	0.24	0.00723609
0.775461	0.24	0.00594216
0.797617	0.24	0.00468162
0.819773	0.24	0.0034559
0.84193	0.24	0.0022663
0.864086	0.24	0.00111398
0.886242	0.24	0
0	0.25	0.0485825
0.0230271	0.25	0.048513
0.0460542	0.25	0.048304
0.0690814	0.25	0.0479582
0.0921085	0.25	0.0474798
0.115136	0.25	0.0468743
0.138163	0.25	0.0461487
0.16119	0.25	0.0453105
0.184217	0.25	0.0443682
0.207244	0.25	0.0433304
0.230271	0.25	0.0422059
0.253298	0.25	0.0410035
0.276325	0.25	0.0397319
0.299353	0.25	0.0383994
0.32238	0.25	0.0370139
0.345407	0.25	0.035583
0.368434	0.25	0.0341139
0.391461	0.25	0.0326135
0.414488	0.25	0.0310881
0.437515	0.25	0.0295437
0.460542	0.25	0.0279859
0.48357	0.25	0.02642
0.506597	0.25	0.024851
0.529624	0.25	0.0232833
0.552651	0.25	0.0217214
0.575678	0.25	0.0201691
0.598705	0.25	0.0186302
0.621732	0.25	0.0171081
0.644759	0.25	0.0156059
0.667787	0.25	0.0141267
0.690814	0.25	0.012673
0.713841	0.25	0.0112475
0.736868	0.25	0.00985231
0.759895	0.25	0.00848962
0.782922	0.25	0.00716132
0.805949	0.25	0.00586914
0.828976	0.25	0.00461465
0.852004	0.25	0.00339927
0.875031	0.25	0.0022243
0.898058	0.25	0.00109087
0.921085	0.25	0
0	0.26	0.049692
0.0238982	0.26	0.0496189
0.0477964	0.26	0.0493991
0.0716946	0.26	0.0490356
0.0955928	0.26	0.0485329
0.119491	0.26	0.047897
0.143389	0.26	0.0471352
0.167287	0.26	0.046256
0.191186	0.26	0.0452681
0.215084	0.26	0.0441811
0.238982	0.26	0.0430043
0.26288	0.26	0.0417473
0.286779	0.26	0.0404192
0.310677	0.26	0.0390291
0.334575	0.26	0.0375854
0.358473	0.26	0.0360963
0.382371	0.26	0.0345695
0.40627	0.26	0.0330123
0.430168	0.26	0.0314316
0.454066	0.26	0.0298337
0.477964	0.26	0.0282247
0.501862	0.26	0.0266101
0.525761	0.26	0.0249953
0.549659	0.26	0.023385
0.573557	0.26	0.0217838
0.597455	0.26	0.0201959
0.621353	0.26	0.0186252
0.645252	0.26	0.0170752
0.66915	0.26	0.0155493
0.693048	0.26	0.0140505
0.716946	0.26	0.0125816
0.740845	0.26	0.0111452
0.764743	0.26	0.00974356
0.788641	0.26	0.00837888
0.812539	0.26	0.00705305
0.836437	0.26	0.00576781
0.860336	0.26	0.00452474
0.884234	0.26	0.00332524
0.908132	0.26	0.00217057
0.93203	0.26	0.00106183
0.955928	0.26	0
0	0.27	0.0507275
0.0247693	0.27	0.0506506
0.0495386	0.27	0.0504198
0.0743079	0.27	0.050038
0.0990772	0.27	0.0495102
0.123846	0.27	0.0488429
0.148616	0.27	0.048044
0.173385	0.27	0.0471225
0.198154	0.27	0.0460881
0.222924	0.27	0.0449507
0.247693	0.27	0.0437206
0.272462	0.27	0.0424079
0.297232	0.27	0.0410225
0.322001	0.27	0.0395741
0.34677	0.27	0.0380717
0.371539	0.27	0.0365242
0.396309	0.27	0.0349397
0.421078	0.27	0.0333261
0.445847	0.27	0.0316907
0.470617	0.27	0.0300403
0.495386	0.27	0.0283813
0.520155	0.27	0.0267197
0.544924	0.27	0.0250609
0.569694	0.27	0.0234102
0.594463	0.27	0.0217723
0.619232	0.27	0.0201517
0.644002	0.27	0.0185523
0.668771	0.27	0.0169779
0.69354	0.27	0.0154319
0.71831	0.27	0.0139176
0.743079	0.27	0.0124377
0.767848	0.27	0.0109948
0.792617	0.27	0.00959143
0.817387	0.27	0.00822962
0.842156	0.27	0.00691132
0.866925	0.27	0.00563826
0.891695	0.27	0.004412
0.916464	0.27	0.0032339
0.941233	0.27	0.00210518
0.966002	0.27	0.0010269
0.990772	0.27	0
0	0.28	0.0516883
0.0256404	0.28	0.0516076
0.0512808	0.28	0.0513653
0.0769211	0.28	0.0509646
0.102562	0.28	0.0504109
0.128202	0.28	0.0497113
0.153842	0.28	0.0488741
0.179483	0.28	0.0479092
0.205123	0.28	0.0468269
0.230763	0.28	0.045638
0.256404	0.28	0.0443533
0.282044	0.28	0.0429839
0.307685	0.28	0.0415404
0.333325	0.28	0.0400329
0.358965	0.28	0.0384715
0.384606	0.28	0.0368653
0.410246	0.28	0.0352232
0.435886	0.28	0.0335536
0.461527	0.28	0.0318642
0.487167	0.28	0.0301623
0.512808	0.28	0.0284546
0.538448	0.28	0.0267476
0.564088	0.28	0.025047
0.589729	0.28	0.0233582
0.615369	0.28	0.0216863
0.641009	0.28	0.0200359
0.66665	0.28	0.0184111
0.69229	0.28	0.0168158
0.717931	0.28	0.0152536
0.743571	0.28	0.0137278
0.769211	0.28	0.0122412
0.794852	0.28	0.0107964
0.820492	0.28	0.00939596
0.846133	0.28	0.00804193
0.871773	0.28	0.00673624
0.897413	0.28	0.0054806
0.923054	0.28	0.00427652
0.948694	0.28	0.00312534
0.974334	0.28	0.00202821
0.999975	0.28	0.000986138
1.02562	0.28	0
0	0.29	0.052574
0.0265115	0.29	0.0524894
0.0530229	0.29	0.0522351
0.0795344	0.29	0.0518149
0.106046	0.29	0.0512344
0.132557	0.29	0.0505013
0.159069	0.29	0.0496247
0.18558	0.29	0.0486151
0.212092	0.29	0.0474835
0.238603	0.29	0.0462417
0.265115	0.29	0.0449013
0.291626	0.29	0.0434741
0.318138	0.29	0.0419714
0.344649	0.29	0.0404043
0.371161	0.29	0.0387832
0.397672	0.29	0.0371182
0.424183	0.29	0.0354186
0.450695	0.29	0.0336934
0.477206	0.29	0.0319508
0.503718	0.29	0.0301985
0.530229	0.29	0.0284437
0.556741	0.29	0.0266931
0.583252	0.29	0.0249528
0.609764	0.29	0.0232284
0.636275	0.29	0.0215252
0.662787	0.29	0.019848
0.689298	0.29	0.0182012
0.71581	0.29	0.0165887
0.742321	0.29	0.0150142
0.768832	0.29	0.013481
0.795344	0.29	0.011992
0.821855	0.29	0.01055
0.848367	0.29	0.00915723
0.874878	0.29	0.00781592
0.90139	0.29	0.00652794
0.927901	0.29	0.00529496
0.954413	0.29	0.00411845
0.980924	0.29	0.00299967
1.00744	0.29	0.00193974
1.03395	0.29	0.000939578
1.06046	0.29	0
0	0.3	0.0533841
0.0273825	0.3	0.0532953
0.0547651	0.3	0.0530288
0.0821476	0.3	0.0525882
0.10953	0.3	0.05198
0.136913	0.3	0.0512122
0.164295	0.3	0.0502948
0.191678	0.3	0.049239
0.21906	0.3	0.0480568
0.246443	0.3	0.0467607
0.273825	0.3	0.0453633
0.301208	0.3	0.0438771
0.328591	0.3	0.0423143
0.355973	0.3	0.0406867
0.383356	0.3	0.0390056
0.410738	0.3	0.0372816
0.438121	0.3	0.0355248
0.465503	0.3	0.0337445
0.492886	0.3	0.0319495
0.520268	0.3	0.030148
0.547651	0.3	0.0283476
0.575034	0.3	0.0265553
0.602416	0.3	0.0247775
0.629799	0.3	0.0230201
0.657181	0.3	0.0212886
0.684564	0.3	0.0195879
0.711946	0.3	0.0179225
0.739329	0.3	0.0162965
0.766711	0.3	0.0147137
0.794094	0.3	0.0131773
0.821476	0.3	0.0116904
0.848859	0.3	0.0102556
0.876242	0.3	0.00887538
0.903624	0.3	0.00755175
0.931007	0.3	0.0062866
0.958389	0.3	0.00508152
0.985772	0.3	0.00393793
1.01315	0.3	0.00285703
1.04054	0.3	0.00183986
1.06792	0.3	0.000887272
1.0953	0.3	0
0	0.31	0.0541182
0.0282536	0.31	0.0540252
0.0565073	0.31	0.0537457
0.0847609	0.31	0.0532841
0.113015	0.31	0.052647
0.141268	0.31	0.0518433
0.169522	0.31	0.0508837
0.197775	0.31	0.0497802
0.226029	0.31	0.0485458
0.254283	0.31	0.0471939
0.282536	0.31	0.045738
0.31079	0.31	0.0441916
0.339044	0.31	0.0425678
0.367297	0.31	0.0408791
0.395551	0.31	0.0391375
0.423805	0.31	0.0373544
0.452058	0.31	0.0355405
0.480312	0.31	0.0337057
0.508565	0.31	0.0318593
0.536819	0.31	0.03001
0.565073	0.31	0.0281656
0.593326	0.31	0.0263336
0.62158	0.31	0.0245207
0.649834	0.31	0.0227329
0.678087	0.31	0.020976
0.706341	0.31	0.019255
0.734595	0.31	0.0175747
0.762848	0.31	0.015939
0.791102	0.31	0.0143519
0.819355	0.31	0.0128167
0.847609	0.31	0.0113363
0.875863	0.31	0.00991351
0.904116	0.31	0.0085506
0.93237	0.31	0.00724963
0.960624	0.31	0.0060124
0.988877	0.31	0.00484045
1.01713	0.31	0.00373513
1.04538	0.31	0.00269755
1.07364	0.31	0.00172867
1.10189	0.31	0.000829271
1.13015	0.31	0
0	0.32	0.0547759
0.0291247	0.32	0.0546784
0.0582494	0.32	0.0543856
0.0873742	0.32	0.053902
0.116499	0.32	0.0532348
0.145624	0.32	0.0523938
0.174748	0.32	0.0513904
0.203873	0.32	0.0502376
0.232998	0.32	0.0489494
0.262122	0.32	0.0475401
0.291247	0.32	0.0460244
0.320372	0.32	0.0444165
0.349497	0.32	0.0427306
0.378621	0.32	0.04098
0.407746	0.32	0.0391776
0.436871	0.32	0.0373353
0.465996	0.32	0.0354646
0.49512	0.32	0.033576
0.524245	0.32	0.0316793
0.55337	0.32	0.0297835
0.582494	0.32	0.027897
0.611619	0.32	0.0260274
0.640744	0.32	0.0241818
0.669869	0.32	0.0223664
0.698993	0.32	0.0205873
0.728118	0.32	0.0188494
0.757243	0.32	0.0171577
0.786367	0.32	0.0155163
0.815492	0.32	0.013929
0.844617	0.32	0.0123993
0.873742	0.32	0.01093
0.902866	0.32	0.00952383
0.931991	0.32	0.00818309
0.961116	0.32	0.00690976
0.99024	0.32	0.00570556
1.01937	0.32	0.00457196
1.04849	0.32	0.00351021
1.07761	0.32	0.00252135
1.10674	0.32	0.00160626
1.13586	0.32	0.000765629
1.16499	0.32	0
0	0.33	0.055357
0.0299958	0.33	0.0552548
0.0599916	0.33	0.054948
0.0899874	0.33	0.0544414
0.119983	0.33	0.053743
0.149979	0.33	0.0528631
0.179975	0.33	0.0518142
0.209971	0.33	0.0506103
0.239966	0.33	0.0492665
0.269962	0.33	0.0477983
0.299958	0.33	0.0462211
0.329954	0.33	0.0445506
0.35995	0.33	0.0428015
0.389945	0.33	0.0409884
0.419941	0.33	0.0391247
0.449937	0.33	0.0372233
0.479933	0.33	0.0352962
0.509929	0.33	0.0333545
0.539924	0.33	0.0314085
0.56992	0.33	0.0294678
0.599916	0.33	0.027541
0.629912	0.33	0.0256361
0.659908	0.33	0.0237604
0.689904	0.33	0.0219204
0.719899	0.33	0.0201222
0.749895	0.33	0.0183709
0.779891	0.33	0.0166716
0.809887	0.33	0.0150284
0.839883	0.33	0.0134452
0.869878	0.33	0.0119253
0.899874	0.33	0.0104716
0.92987	0.33	0.00908681
0.959866	0.33	0.0077731
0.989862	0.33	0.00653238
1.01986	0.33	0.00536629
1.04985	0.33	0.00427623
1.07985	0.33	0.00326334
1.10984	0.33	0.00232858
1.13984	0.33	0.00147273
1.16984	0.33	0.000696405
1.19983	0.33	0
0	0.34	0.0558611
0.0308669	0.34	0.055754
0.0617338	0.34	0.0554325
0.0926007	0.34	0.0549019
0.123468	0.34	0.0541708
0.154334	0.34	0.0532504
0.185201	0.34	0.0521543
0.216068	0.34	0.0508975
0.246935	0.34	0.0494963
0.277802	0.34	0.0479672
0.308669	0.34	0.0463272
0.339536	0.34	0.0445926
0.370403	0.34	0.0427794
0.40127	0.34	0.040903
0.432136	0.34	0.0389777
0.463003	0.34	0.0370173
0.49387	0.34	0.0350342
0.524737	0.34	0.0330403
0.555604	0.34	0.0310464
0.586471	0.34	0.0290623
0.617338	0.34	0.0270973
0.648205	0.34	0.0251594
0.679072	0.34	0.0232563
0.709938	0.34	0.0213946
0.740805	0.34	0.0195806
0.771672	0.34	0.0178196
0.802539	0.34	0.0161164
0.833406	0.34	0.0144755
0.864273	0.34	0.0129005
0.89514	0.34	0.0113949
0.926007	0.34	0.00996142
0.956874	0.34	0.00860271
0.98774	0.34	0.00732087
1.01861	0.34	0.00611774
1.04947	0.34	0.00499484
1.08034	0.34	0.00395347
1.11121	0.34	0.0029947
1.14207	0.34	0.00211938
1.17294	0.34	0.00132821
1.20381	0.34	0.000621673
1.23468	0.34	0
0	0.35	0.056288
0.031738	0.35	0.0561758
0.0634759	0.35	0.0558389
0.0952139	0.35	0.0552832
0.126952	0.35	0.0545179
0.15869	0.35	0.0535552
0.190428	0.35	0.0524099
0.222166	0.35	0.0510982
0.253904	0.35	0.0496376
0.285642	0.35	0.048046
0.31738	0.35	0.0463414
0.349118	0.35	0.0445414
0.380856	0.35	0.0426631
0.412594	0.35	0.0407228
0.444332	0.35	0.0387357
0.47607	0.35	0.0367163
0.507808	0.35	0.0346778
0.539546	0.35	0.0326327
0.571284	0.35	0.0305921
0.603022	0.35	0.0285665
0.634759	0.35	0.0265652
0.666497	0.35	0.0245969
0.698235	0.35	0.0226692
0.729973	0.35	0.020789
0.761711	0.35	0.0189625
0.793449	0.35	0.0171953
0.825187	0.35	0.0154923
0.856925	0.35	0.0138577
0.888663	0.35	0.0122952
0.920401	0.35	0.0108083
0.952139	0.35	0.00939969
0.983877	0.35	0.0080718
1.01562	0.35	0.00682669
1.04735	0.35	0.00566609
1.07909	0.35	0.00459143
1.11083	0.35	0.0036039
1.14257	0.35	0.00270446
1.17431	0.35	0.00189391
1.20604	0.35	0.00117282
1.23778	0.35	0.000541537
1.26952	0.35	0
0	0.36	0.0566375
0.0326091	0.36	0.0565199
0.0652181	0.36	0.0561669
0.0978272	0.36	0.0555847
0.130436	0.36	0.0547836
0.163045	0.36	0.0537768
0.195654	0.36	0.0525803
0.228263	0.36	0.0512116
0.260872	0.36	0.0496895
0.293482	0.36	0.0480335
0.326091	0.36	0.0462627
0.3587	0.36	0.044396
0.391309	0.36	0.0424516
0.423918	0.36	0.0404467
0.456527	0.36	0.0383976
0.489136	0.36	0.0363195
0.521745	0.36	0.0342262
0.554354	0.36	0.0321309
0.586963	0.36	0.0300452
0.619572	0.36	0.0279798
0.652181	0.36	0.0259446
0.68479	0.36	0.0239484
0.717399	0.36	0.0219989
0.750008	0.36	0.0201034
0.782617	0.36	0.018268
0.815226	0.36	0.0164984
0.847836	0.36	0.0147993
0.880445	0.36	0.0131752
0.913054	0.36	0.0116296
0.945663	0.36	0.0101659
0.978272	0.36	0.00878672
1.01088	0.36	0.00749438
1.04349	0.36	0.00629083
1.0761	0.36	0.00517769
1.10871	0.36	0.00415629
1.14132	0.36	0.00322771
1.17393	0.36	0.00239284
1.20654	0.36	0.00165236
1.23914	0.36	0.00100676
1.27175	0.36	0.000456162
1.30436	0.36	0
0	0.37	0.0569095
0.0334801	0.37	0.0567862
0.0669603	0.37	0.0564162
0.10044	0.37	0.0558063
0.133921	0.37	0.0549676
0.167401	0.37	0.0539146
0.200881	0.37	0.0526646
0.234361	0.37	0.0512367
0.267841	0.37	0.0496511
0.301321	0.37	0.0479286
0.334801	0.37	0.0460899
0.368282	0.37	0.0441552
0.401762	0.37	0.0421436
0.435242	0.37	0.0400737
0.468722	0.37	0.0379625
0.502202	0.37	0.0358259
0.535682	0.37	0.0336787
0.569162	0.37	0.0315343
0.602643	0.37	0.029405
0.636123	0.37	0.0273019
0.669603	0.37	0.0252351
0.703083	0.37	0.0232136
0.736563	0.37	0.0212455
0.770043	0.37	0.0193378
0.803523	0.37	0.0174971
0.837004	0.37	0.0157288
0.870484	0.37	0.0140378
0.903964	0.37	0.0124283
0.937444	0.37	0.010904
0.970924	0.37	0.00946796
1.0044	0.37	0.00812281
1.03788	0.37	0.00687074
1.07136	0.37	0.00571357
1.10484	0.37	0.00465281
1.13832	0.37	0.00368967
1.17181	0.37	0.00282516
1.20529	0.37	0.00206007
1.23877	0.37	0.00139501
1.27225	0.37	0.000830338
1.30573	0.37	0.000365827
1.33921	0.37	0
0	0.38	0.0571038
0.0343512	0.38	0.0569745
0.0687025	0.38	0.0565865
0.103054	0.38	0.0559474
0.137405	0.38	0.0550693
0.171756	0.38	0.053968
0.206107	0.38	0.0526622
0.240459	0.38	0.0511727
0.27481	0.38	0.0495213
0.309161	0.38	0.0477304
0.343512	0.38	0.0458221
0.377864	0.38	0.0438179
0.412215	0.38	0.0417384
0.446566	0.38	0.0396028
0.480917	0.38	0.0374294
0.515268	0.38	0.0352348
0.54962	0.38	0.0330344
0.583971	0.38	0.0308423
0.618322	0.38	0.0286711
0.652673	0.38	0.0265324
0.687025	0.38	0.0244364
0.721376	0.38	0.0223925
0.755727	0.38	0.0204087
0.790078	0.38	0.0184924
0.82443	0.38	0.01665
0.858781	0.38	0.0148868
0.893132	0.38	0.0132079
0.927483	0.38	0.0116173
0.961834	0.38	0.0101186
0.996186	0.38	0.00871477
1.03054	0.38	0.00740826
1.06489	0.38	0.00620117
1.09924	0.38	0.0050952
1.13359	0.38	0.00409171
1.16794	0.38	0.00319184
1.20229	0.38	0.00239651
1.23664	0.38	0.00170648
1.271	0.38	0.00112228
1.30535	0.38	0.000644062
1.3397	0.38	0.000271015
1.37405	0.38	0
0	0.39	0.0572203
0.0352223	0.39	0.0570848
0.0704446	0.39	0.0566778
0.105667	0.39	0.0560079
0.140889	0.39	0.0550883
0.176112	0.39	0.0539363
0.211334	0.39	0.0525723
0.246556	0.39	0.0510187
0.281779	0.39	0.0492993
0.317001	0.39	0.0474379
0.352223	0.39	0.0454582
0.387445	0.39	0.0433833
0.422668	0.39	0.0412348
0.45789	0.39	0.0390332
0.493112	0.39	0.0367976
0.528335	0.39	0.0345455
0.563557	0.39	0.0322929
0.598779	0.39	0.0300544
0.634002	0.39	0.0278431
0.669224	0.39	0.025671
0.704446	0.39	0.0235484
0.739669	0.39	0.021485
0.774891	0.39	0.0194888
0.810113	0.39	0.0175673
0.845336	0.39	0.0157268
0.880558	0.39	0.0139728
0.91578	0.39	0.01231
0.951002	0.39	0.0107426
0.986225	0.39	0.00927383
1.02145	0.39	0.00790666
1.05667	0.39	0.00664341
1.09189	0.39	0.005486
1.12711	0.39	0.004436
1.16234	0.39	0.00349468
1.19756	0.39	0.00266311
1.23278	0.39	0.00194215
1.268	0.39	0.00133257
1.30323	0.39	0.000834842
1.33845	0.39	0.000448805
1.37367	0.39	0.000172578
1.40889	0.39	0
0	0.4	0.0572591
0.0360934	0.4	0.0571169
0.0721868	0.4	0.0566898
0.10828	0.4	0.0559874
0.144374	0.4	0.0550241
0.180467	0.4	0.0538189
0.21656	0.4	0.0523941
0.252654	0.4	0.0507739
0.288747	0.4	0.0489839
0.324841	0.4	0.0470499
0.360934	0.4	0.0449972
0.397027	0.4	0.0428501
0.433121	0.4	0.0406319
0.469214	0.4	0.0383639
0.505308	0.4	0.0360663
0.541401	0.4	0.0337572
0.577494	0.4	0.0314535
0.613588	0.4	0.0291702
0.649681	0.4	0.0269208
0.685775	0.4	0.0247175
0.721868	0.4	0.0225711
0.757961	0.4	0.020491
0.794055	0.4	0.0184858
0.830148	0.4	0.0165626
0.866242	0.4	0.0147278
0.902335	0.4	0.0129868
0.938428	0.4	0.0113444
0.974522	0.4	0.00980432
1.01062	0.4	0.00836996
1.04671	0.4	0.00704397
1.0828	0.4	0.00582857
1.1189	0.4	0.00472552
1.15499	0.4	0.00373629
1.19108	0.4	0.00286206
1.22718	0.4	0.00210387
1.26327	0.4	0.00146263
1.29936	0.4	0.000939153
1.33546	0.4	0.000533864
1.37155	0.4	0.000246079
1.40764	0.4	7.19983e-05
1.44374	0.4	0
