0	0	0
0.01125	0	0
0.0225	0	0
0.03375	0	0
0.045	0	0
0.05625	0	0
0.0675	0	0
0.07875	0	0
0.09	0	0
0.10125	0	0
0.1125	0	0
0.12375	0	0
0.135	0	0
0.14625	0	0
0.1575	0	0
0.16875	0	0
0.18	0	0
0.19125	0	0
0.2025	0	0
0.21375	0	0
0.225	0	0
0.23625	0	0
0.2475	0	0
0.25875	0	0
0.27	0	0
0.28125	0	0
0.2925	0	0
0.30375	0	0
0.315	0	0
0.32625	0	0
0.3375	0	0
0.34875	0	0
0.36	0	0
0.37125	0	0
0.3825	0	0
0.39375	0	0
0.405	0	0
0.41625	0	0
0.4275	0	0
0.43875	0	0
0.45	0	0
0	0.0125	0.00541443
0.0118271	0.0125	0.00541382
0.0236541	0.0125	0.00541199
0.0354812	0.0125	0.00540892
0.0473083	0.0125	0.0054046
0.0591353	0.0125	0.00539902
0.0709624	0.0125	0.00539216
0.0827895	0.0125	0.00538399
0.0946165	0.0125	0.00537448
0.106444	0.0125	0.00536359
0.118271	0.0125	0.00535128
0.130098	0.0125	0.0053375
0.141925	0.0125	0.00532219
0.153752	0.0125	0.00530527
0.165579	0.0125	0.00528668
0.177406	0.0125	0.00526631
0.189233	0.0125	0.00524407
0.20106	0.0125	0.00521982
0.212887	0.0125	0.00519344
0.224714	0.0125	0.00516476
0.236541	0.0125	0.0051336
0.248368	0.0125	0.00509971
0.260196	0.0125	0.00506286
0.272023	0.0125	0.00502271
0.28385	0.0125	0.0049789
0.295677	0.0125	0.00493095
0.307504	0.0125	0.00487828
0.319331	0.0125	0.00482011
0.331158	0.0125	0.00475542
0.342985	0.0125	0.00468277
0.354812	0.0125	0.00460006
0.366639	0.0125	0.00450415
0.378466	0.0125	0.00439024
0.390293	0.0125	0.00425081
0.40212	0.0125	0.00407401
0.413947	0.0125	0.00384114
0.425774	0.0125	0.00352273
0.437602	0.0125	0.0030726
0.449429	0.0125	0.00241895
0.461256	0.0125	0.00145109
0.473083	0.0125	0
0	0.025	0.010674
0.0124041	0.025	0.0106727
0.0248083	0.025	0.0106686
0.0372124	0.025	0.0106619
0.0496165	0.025	0.0106524
0.0620207	0.025	0.0106401
0.0744248	0.025	0.010625
0.086829	0.025	0.010607
0.0992331	0.025	0.0105861
0.111637	0.025	0.0105621
0.124041	0.025	0.0105349
0.136446	0.025	0.0105044
0.14885	0.025	0.0104705
0.161254	0.025	0.0104329
0.173658	0.025	0.0103916
0.186062	0.025	0.0103462
0.198466	0.025	0.0102965
0.21087	0.025	0.0102422
0.223274	0.025	0.0101829
0.235679	0.025	0.0101182
0.248083	0.025	0.0100476
0.260487	0.025	0.00997039
0.272891	0.025	0.00988597
0.285295	0.025	0.00979338
0.297699	0.025	0.00969149
0.310103	0.025	0.00957883
0.322508	0.025	0.00945351
0.334912	0.025	0.00931295
0.347316	0.025	0.0091536
0.35972	0.025	0.00897047
0.372124	0.025	0.00875651
0.384528	0.025	0.00850165
0.396932	0.025	0.00819162
0.409337	0.025	0.00780652
0.421741	0.025	0.00731925
0.434145	0.025	0.00669421
0.446549	0.025	0.00588722
0.458953	0.025	0.00484808
0.471357	0.025	0.00352886
0.483761	0.025	0.00190253
0.496165	0.025	0
0	0.0375	0.0157801
0.0129812	0.0375	0.0157779
0.0259624	0.0375	0.0157713
0.0389436	0.0375	0.0157602
0.0519248	0.0375	0.0157447
0.064906	0.0375	0.0157245
0.0778872	0.0375	0.0156998
0.0908684	0.0375	0.0156702
0.10385	0.0375	0.0156358
0.116831	0.0375	0.0155963
0.129812	0.0375	0.0155515
0.142793	0.0375	0.0155012
0.155774	0.0375	0.0154452
0.168756	0.0375	0.0153831
0.181737	0.0375	0.0153145
0.194718	0.0375	0.0152391
0.207699	0.0375	0.0151563
0.22068	0.0375	0.0150655
0.233662	0.0375	0.014966
0.246643	0.0375	0.0148571
0.259624	0.0375	0.0147376
0.272605	0.0375	0.0146064
0.285587	0.0375	0.0144619
0.298568	0.0375	0.0143023
0.311549	0.0375	0.0141251
0.32453	0.0375	0.013927
0.337511	0.0375	0.013704
0.350493	0.0375	0.0134504
0.363474	0.0375	0.0131586
0.376455	0.0375	0.0128185
0.389436	0.0375	0.0124164
0.402417	0.0375	0.0119348
0.415399	0.0375	0.0113513
0.42838	0.0375	0.0106386
0.441361	0.0375	0.00976575
0.454342	0.0375	0.00870031
0.467323	0.0375	0.00741325
0.480305	0.0375	0.00588621
0.493286	0.0375	0.00412016
0.506267	0.0375	0.00214201
0.519248	0.0375	0
0	0.05	0.020734
0.0135583	0.05	0.0207308
0.0271165	0.05	0.0207213
0.0406748	0.05	0.0207052
0.0542331	0.05	0.0206827
0.0677914	0.05	0.0206535
0.0813496	0.05	0.0206176
0.0949079	0.05	0.0205747
0.108466	0.05	0.0205247
0.122024	0.05	0.0204672
0.135583	0.05	0.020402
0.149141	0.05	0.0203287
0.162699	0.05	0.0202469
0.176258	0.05	0.020156
0.189816	0.05	0.0200555
0.203374	0.05	0.0199446
0.216932	0.05	0.0198226
0.230491	0.05	0.0196885
0.244049	0.05	0.019541
0.257607	0.05	0.0193788
0.271165	0.05	0.0192001
0.284724	0.05	0.0190028
0.298282	0.05	0.0187842
0.31184	0.05	0.0185409
0.325399	0.05	0.0182687
0.338957	0.05	0.0179618
0.352515	0.05	0.0176131
0.366073	0.05	0.0172132
0.379632	0.05	0.01675
0.39319	0.05	0.0162084
0.406748	0.05	0.0155701
0.420306	0.05	0.0148133
0.433865	0.05	0.0139141
0.447423	0.05	0.0128479
0.460981	0.05	0.0115923
0.47454	0.05	0.0101311
0.488098	0.05	0.00845869
0.501656	0.05	0.00658321
0.515214	0.05	0.00452702
0.528773	0.05	0.00232196
0.542331	0.05	0
0	0.0625	0.0255372
0.0141353	0.0625	0.0255329
0.0282707	0.0625	0.0255199
0.042406	0.0625	0.0254983
0.0565414	0.0625	0.0254678
0.0706767	0.0625	0.0254284
0.084812	0.0625	0.0253797
0.0989474	0.0625	0.0253217
0.113083	0.0625	0.0252539
0.127218	0.0625	0.0251759
0.141353	0.0625	0.0250873
0.155489	0.0625	0.0249877
0.169624	0.0625	0.0248762
0.183759	0.0625	0.0247522
0.197895	0.0625	0.0246148
0.21203	0.0625	0.0244629
0.226165	0.0625	0.0242952
0.240301	0.0625	0.0241104
0.254436	0.0625	0.0239065
0.268571	0.0625	0.0236814
0.282707	0.0625	0.0234323
0.296842	0.0625	0.023156
0.310978	0.0625	0.0228482
0.325113	0.0625	0.0225037
0.339248	0.0625	0.0221159
0.353384	0.0625	0.0216764
0.367519	0.0625	0.0211748
0.381654	0.0625	0.0205983
0.39579	0.0625	0.0199317
0.409925	0.0625	0.019157
0.42406	0.0625	0.0182547
0.438196	0.0625	0.0172045
0.452331	0.0625	0.0159873
0.466466	0.0625	0.0145877
0.480602	0.0625	0.0129967
0.494737	0.0625	0.0112143
0.508872	0.0625	0.00925008
0.523008	0.0625	0.00712289
0.537143	0.0625	0.00485668
0.551278	0.0625	0.00247569
0.565414	0.0625	0
0	0.075	0.0301908
0.0147124	0.075	0.0301853
0.0294248	0.075	0.0301686
0.0441372	0.075	0.0301406
0.0588496	0.075	0.0301013
0.073562	0.075	0.0300503
0.0882745	0.075	0.0299874
0.102987	0.075	0.0299123
0.117699	0.075	0.0298245
0.132412	0.075	0.0297234
0.147124	0.075	0.0296085
0.161837	0.075	0.029479
0.176549	0.075	0.029334
0.191261	0.075	0.0291724
0.205974	0.075	0.0289929
0.220686	0.075	0.0287942
0.235399	0.075	0.0285743
0.250111	0.075	0.0283312
0.264823	0.075	0.0280622
0.279536	0.075	0.0277642
0.294248	0.075	0.0274333
0.308961	0.075	0.0270648
0.323673	0.075	0.0266527
0.338385	0.075	0.0261897
0.353098	0.075	0.0256669
0.36781	0.075	0.0250735
0.382523	0.075	0.0243965
0.397235	0.075	0.0236212
0.411947	0.075	0.0227311
0.42666	0.075	0.0217086
0.441372	0.075	0.0205369
0.456085	0.075	0.0192009
0.470797	0.075	0.0176897
0.48551	0.075	0.0159982
0.500222	0.075	0.0141289
0.514934	0.075	0.0120914
0.529647	0.075	0.00990153
0.544359	0.075	0.0075789
0.559072	0.075	0.00514334
0.573784	0.075	0.00261235
0.588496	0.075	0
0	0.0875	0.0346964
0.0152895	0.0875	0.0346894
0.030579	0.0875	0.0346685
0.0458684	0.0875	0.0346336
0.0611579	0.0875	0.0345844
0.0764474	0.0875	0.0345206
0.0917369	0.0875	0.0344419
0.107026	0.0875	0.0343479
0.122316	0.0875	0.0342378
0.137605	0.0875	0.0341111
0.152895	0.0875	0.0339668
0.168184	0.0875	0.033804
0.183474	0.0875	0.0336214
0.198763	0.0875	0.0334176
0.214053	0.0875	0.033191
0.229342	0.0875	0.0329395
0.244632	0.0875	0.0326607
0.259921	0.0875	0.0323516
0.275211	0.0875	0.0320089
0.2905	0.0875	0.0316281
0.30579	0.0875	0.0312041
0.321079	0.0875	0.0307307
0.336369	0.0875	0.0302001
0.351658	0.0875	0.0296032
0.366947	0.0875	0.0289291
0.382237	0.0875	0.0281654
0.397526	0.0875	0.0272978
0.412816	0.0875	0.0263114
0.428105	0.0875	0.0251907
0.443395	0.0875	0.0239213
0.458684	0.0875	0.0224911
0.473974	0.0875	0.0208921
0.489263	0.0875	0.0191213
0.504553	0.0875	0.017182
0.519842	0.0875	0.0150833
0.535132	0.0875	0.012839
0.550421	0.0875	0.0104657
0.565711	0.0875	0.00798059
0.581	0.0875	0.00539933
0.59629	0.0875	0.00273541
0.611579	0.0875	0
0	0.1	0.039055
0.0158665	0.1	0.0390465
0.0317331	0.1	0.0390211
0.0475996	0.1	0.0389784
0.0634662	0.1	0.0389184
0.0793327	0.1	0.0388406
0.0951993	0.1	0.0387446
0.111066	0.1	0.0386296
0.126932	0.1	0.0384951
0.142799	0.1	0.03834
0.158665	0.1	0.0381634
0.174532	0.1	0.0379637
0.190399	0.1	0.0377397
0.206265	0.1	0.0374892
0.222132	0.1	0.0372103
0.237998	0.1	0.0369002
0.253865	0.1	0.0365558
0.269731	0.1	0.0361734
0.285598	0.1	0.0357484
0.301464	0.1	0.0352754
0.317331	0.1	0.0347479
0.333197	0.1	0.0341581
0.349064	0.1	0.0334969
0.364931	0.1	0.0327537
0.380797	0.1	0.0319164
0.396664	0.1	0.0309719
0.41253	0.1	0.0299063
0.428397	0.1	0.0287059
0.444263	0.1	0.0273583
0.46013	0.1	0.0258534
0.475996	0.1	0.0241848
0.491863	0.1	0.0223508
0.507729	0.1	0.0203549
0.523596	0.1	0.0182053
0.539463	0.1	0.0159143
0.555329	0.1	0.0134965
0.571196	0.1	0.0109671
0.587062	0.1	0.00834062
0.602929	0.1	0.00563007
0.618795	0.1	0.00284662
0.634662	0.1	0
0	0.1125	0.0432679
0.0164436	0.1125	0.0432578
0.0328872	0.1125	0.0432274
0.0493308	0.1125	0.0431764
0.0657745	0.1125	0.0431046
0.0822181	0.1125	0.0430115
0.0986617	0.1125	0.0428965
0.115105	0.1125	0.0427589
0.131549	0.1125	0.0425977
0.147993	0.1125	0.0424117
0.164436	0.1125	0.0421997
0.18088	0.1125	0.0419598
0.197323	0.1125	0.0416903
0.213767	0.1125	0.0413888
0.230211	0.1125	0.0410525
0.246654	0.1125	0.0406782
0.263098	0.1125	0.0402619
0.279541	0.1125	0.0397989
0.295985	0.1125	0.0392839
0.312429	0.1125	0.0387101
0.328872	0.1125	0.0380699
0.345316	0.1125	0.0373543
0.36176	0.1125	0.036553
0.378203	0.1125	0.0356547
0.394647	0.1125	0.034647
0.41109	0.1125	0.0335172
0.427534	0.1125	0.0322529
0.443978	0.1125	0.0308432
0.460421	0.1125	0.0292793
0.476865	0.1125	0.0275559
0.493308	0.1125	0.0256718
0.509752	0.1125	0.0236303
0.526196	0.1125	0.0214389
0.542639	0.1125	0.0191085
0.559083	0.1125	0.0166522
0.575527	0.1125	0.014084
0.59197	0.1125	0.0114174
0.608414	0.1125	0.00866516
0.624857	0.1125	0.00583835
0.641301	0.1125	0.00294699
0.657745	0.1125	0
0	0.125	0.0473364
0.0170207	0.125	0.0473245
0.0340414	0.125	0.0472887
0.051062	0.125	0.0472287
0.0680827	0.125	0.0471442
0.0851034	0.125	0.0470346
0.102124	0.125	0.0468992
0.119145	0.125	0.046737
0.136165	0.125	0.0465469
0.153186	0.125	0.0463275
0.170207	0.125	0.0460771
0.187228	0.125	0.0457938
0.204248	0.125	0.0454751
0.221269	0.125	0.0451182
0.23829	0.125	0.0447197
0.25531	0.125	0.0442758
0.272331	0.125	0.0437816
0.289352	0.125	0.0432317
0.306372	0.125	0.0426196
0.323393	0.125	0.0419376
0.340414	0.125	0.0411772
0.357434	0.125	0.0403284
0.374455	0.125	0.0393805
0.391476	0.125	0.038322
0.408496	0.125	0.0371411
0.425517	0.125	0.0358266
0.442538	0.125	0.0343683
0.459558	0.125	0.0327586
0.476579	0.125	0.0309926
0.4936	0.125	0.0290694
0.51062	0.125	0.0269919
0.527641	0.125	0.0247669
0.544662	0.125	0.022404
0.561683	0.125	0.0199154
0.578703	0.125	0.0173138
0.595724	0.125	0.0146123
0.612745	0.125	0.0118231
0.629765	0.125	0.00895754
0.646786	0.125	0.00602578
0.663807	0.125	0.00303711
0.680827	0.125	0
0	0.1375	0.0512615
0.0175978	0.1375	0.0512477
0.0351955	0.1375	0.0512061
0.0527933	0.1375	0.0511365
0.070391	0.1375	0.0510384
0.0879888	0.1375	0.0509111
0.105587	0.1375	0.0507537
0.123184	0.1375	0.0505652
0.140782	0.1375	0.0503442
0.15838	0.1375	0.0500889
0.175978	0.1375	0.0497974
0.193575	0.1375	0.0494673
0.211173	0.1375	0.0490958
0.228771	0.1375	0.0486794
0.246369	0.1375	0.0482143
0.263966	0.1375	0.0476958
0.281564	0.1375	0.0471184
0.299162	0.1375	0.0464758
0.31676	0.1375	0.0457606
0.334357	0.1375	0.0449645
0.351955	0.1375	0.0440781
0.369553	0.1375	0.0430912
0.387151	0.1375	0.041993
0.404748	0.1375	0.0407725
0.422346	0.1375	0.0394194
0.439944	0.1375	0.0379243
0.457542	0.1375	0.03628
0.475139	0.1375	0.034482
0.492737	0.1375	0.0325294
0.510335	0.1375	0.0304245
0.527933	0.1375	0.0281733
0.54553	0.1375	0.0257847
0.563128	0.1375	0.0232696
0.580726	0.1375	0.0206401
0.598324	0.1375	0.0179087
0.615921	0.1375	0.0150874
0.633519	0.1375	0.0121876
0.651117	0.1375	0.00921965
0.668715	0.1375	0.00619326
0.686312	0.1375	0.0031173
0.70391	0.1375	0
0	0.15	0.0550444
0.0181748	0.15	0.0550286
0.0363496	0.15	0.0549809
0.0545245	0.15	0.054901
0.0726993	0.15	0.0547883
0.0908741	0.15	0.0546422
0.109049	0.15	0.0544615
0.127224	0.15	0.0542449
0.145399	0.15	0.0539908
0.163573	0.15	0.0536973
0.181748	0.15	0.0533621
0.199923	0.15	0.0529822
0.218098	0.15	0.0525544
0.236273	0.15	0.0520749
0.254447	0.15	0.051539
0.272622	0.15	0.0509414
0.290797	0.15	0.0502761
0.308972	0.15	0.0495358
0.327147	0.15	0.0487127
0.345322	0.15	0.0477979
0.363496	0.15	0.0467816
0.381671	0.15	0.0456537
0.399846	0.15	0.044404
0.418021	0.15	0.0430227
0.436196	0.15	0.0415009
0.45437	0.15	0.0398319
0.472545	0.15	0.0380113
0.49072	0.15	0.0360378
0.508895	0.15	0.0339133
0.52707	0.15	0.0316431
0.545245	0.15	0.0292351
0.563419	0.15	0.0266994
0.581594	0.15	0.0240475
0.599769	0.15	0.0212912
0.617944	0.15	0.0184425
0.636119	0.15	0.0155128
0.654294	0.15	0.0125128
0.672468	0.15	0.00945254
0.690643	0.15	0.00634126
0.708818	0.15	0.00318769
0.726993	0.15	0
0	0.1625	0.0586862
0.0187519	0.1625	0.0586682
0.0375038	0.1625	0.058614
0.0562557	0.1625	0.0585232
0.0750076	0.1625	0.0583952
0.0937594	0.1625	0.058229
0.112511	0.1625	0.0580236
0.131263	0.1625	0.0577773
0.150015	0.1625	0.0574883
0.168767	0.1625	0.0571544
0.187519	0.1625	0.0567727
0.206271	0.1625	0.0563402
0.225023	0.1625	0.0558531
0.243775	0.1625	0.0553069
0.262526	0.1625	0.0546965
0.281278	0.1625	0.054016
0.30003	0.1625	0.0532586
0.318782	0.1625	0.0524168
0.337534	0.1625	0.0514821
0.356286	0.1625	0.0504453
0.375038	0.1625	0.049297
0.39379	0.1625	0.0480273
0.412542	0.1625	0.0466269
0.431293	0.1625	0.0450877
0.450045	0.1625	0.0434028
0.468797	0.1625	0.0415679
0.487549	0.1625	0.0395814
0.506301	0.1625	0.0374446
0.525053	0.1625	0.0351621
0.543805	0.1625	0.0327409
0.562557	0.1625	0.0301904
0.581309	0.1625	0.0275213
0.60006	0.1625	0.0247451
0.618812	0.1625	0.0218737
0.637564	0.1625	0.0189185
0.656316	0.1625	0.0158905
0.675068	0.1625	0.0127999
0.69382	0.1625	0.00965671
0.712572	0.1625	0.00646994
0.731324	0.1625	0.0032483
0.750076	0.1625	0
0	0.175	0.0621878
0.019329	0.175	0.0621675
0.0386579	0.175	0.0621064
0.0579869	0.175	0.0620042
0.0773158	0.175	0.06186
0.0966448	0.175	0.0616728
0.115974	0.175	0.0614413
0.135303	0.175	0.0611638
0.154632	0.175	0.060838
0.173961	0.175	0.0604615
0.19329	0.175	0.0600312
0.212619	0.175	0.0595434
0.231947	0.175	0.058994
0.251276	0.175	0.058378
0.270605	0.175	0.0576898
0.289934	0.175	0.056923
0.309263	0.175	0.0560704
0.328592	0.175	0.0551239
0.347921	0.175	0.0540749
0.36725	0.175	0.0529144
0.386579	0.175	0.0516332
0.405908	0.175	0.0502223
0.425237	0.175	0.0486737
0.444566	0.175	0.046981
0.463895	0.175	0.0451395
0.483224	0.175	0.0431472
0.502553	0.175	0.0410051
0.521882	0.175	0.0387166
0.541211	0.175	0.0362883
0.56054	0.175	0.0337285
0.579869	0.175	0.0310476
0.599198	0.175	0.0282566
0.618527	0.175	0.0253671
0.637856	0.175	0.0223907
0.657185	0.175	0.0193385
0.676513	0.175	0.0162213
0.695842	0.175	0.0130494
0.715171	0.175	0.00983227
0.7345	0.175	0.00657925
0.753829	0.175	0.00329905
0.773158	0.175	0
0	0.1875	0.0655503
0.019906	0.1875	0.0655276
0.039812	0.1875	0.0654593
0.0597181	0.1875	0.065345
0.0796241	0.1875	0.0651838
0.0995301	0.1875	0.0649746
0.119436	0.1875	0.0647159
0.139342	0.1875	0.0644055
0.159248	0.1875	0.0640413
0.179154	0.1875	0.0636203
0.19906	0.1875	0.063139
0.218966	0.1875	0.0625936
0.238872	0.1875	0.0619793
0.258778	0.1875	0.0612908
0.278684	0.1875	0.060522
0.29859	0.1875	0.0596661
0.318496	0.1875	0.0587156
0.338402	0.1875	0.0576622
0.358308	0.1875	0.0564974
0.378214	0.1875	0.0552124
0.39812	0.1875	0.0537987
0.418027	0.1875	0.0522484
0.437933	0.1875	0.0505552
0.457839	0.1875	0.0487142
0.477745	0.1875	0.046723
0.497651	0.1875	0.0445819
0.517557	0.1875	0.0422938
0.537463	0.1875	0.0398642
0.557369	0.1875	0.0373008
0.577275	0.1875	0.0346133
0.597181	0.1875	0.0318124
0.617087	0.1875	0.0289095
0.636993	0.1875	0.0259161
0.656899	0.1875	0.0228437
0.676805	0.1875	0.0197034
0.696711	0.1875	0.0165058
0.716617	0.1875	0.0132611
0.736523	0.1875	0.00997908
0.756429	0.1875	0.00666901
0.776335	0.1875	0.00333979
0.796241	0.1875	0
0	0.2	0.0687744
0.0204831	0.2	0.0687492
0.0409662	0.2	0.0686735
0.0614493	0.2	0.0685466
0.0819324	0.2	0.0683678
0.102415	0.2	0.0681355
0.122899	0.2	0.0678483
0.143382	0.2	0.0675038
0.163865	0.2	0.0670995
0.184348	0.2	0.0666321
0.204831	0.2	0.0660979
0.225314	0.2	0.0654926
0.245797	0.2	0.0648112
0.26628	0.2	0.0640478
0.286763	0.2	0.063196
0.307246	0.2	0.0622488
0.327729	0.2	0.0611984
0.348213	0.2	0.0600367
0.368696	0.2	0.0587553
0.389179	0.2	0.0573459
0.409662	0.2	0.0558011
0.430145	0.2	0.0541142
0.450628	0.2	0.0522804
0.471111	0.2	0.0502968
0.491594	0.2	0.048163
0.512077	0.2	0.0458812
0.53256	0.2	0.0434561
0.553044	0.2	0.0408947
0.573527	0.2	0.0382059
0.59401	0.2	0.0354001
0.614493	0.2	0.0324884
0.634976	0.2	0.0294824
0.655459	0.2	0.0263936
0.675942	0.2	0.0232336
0.696425	0.2	0.0200134
0.716908	0.2	0.0167438
0.737391	0.2	0.0134349
0.757874	0.2	0.0100968
0.778358	0.2	0.00673887
0.798841	0.2	0.00337033
0.819324	0.2	0
0	0.2125	0.0718612
0.0210602	0.2125	0.0718334
0.0421203	0.2125	0.0717499
0.0631805	0.2125	0.0716099
0.0842406	0.2125	0.0714127
0.105301	0.2125	0.0711565
0.126361	0.2125	0.0708397
0.147421	0.2125	0.0704598
0.168481	0.2125	0.0700139
0.189541	0.2125	0.0694985
0.210602	0.2125	0.0689096
0.231662	0.2125	0.0682425
0.252722	0.2125	0.0674918
0.273782	0.2125	0.0666515
0.294842	0.2125	0.0657148
0.315902	0.2125	0.0646746
0.336963	0.2125	0.063523
0.358023	0.2125	0.0622521
0.379083	0.2125	0.060854
0.400143	0.2125	0.0593212
0.421203	0.2125	0.0576472
0.442263	0.2125	0.055827
0.463324	0.2125	0.0538571
0.484384	0.2125	0.0517367
0.505444	0.2125	0.049467
0.526504	0.2125	0.0470521
0.547564	0.2125	0.0444982
0.568624	0.2125	0.0418135
0.589685	0.2125	0.0390078
0.610745	0.2125	0.036092
0.631805	0.2125	0.0330776
0.652865	0.2125	0.0299765
0.673925	0.2125	0.0268002
0.694985	0.2125	0.0235605
0.716045	0.2125	0.0202684
0.737106	0.2125	0.0169348
0.758166	0.2125	0.0135703
0.779226	0.2125	0.0101849
0.800286	0.2125	0.00678844
0.821346	0.2125	0.00339041
0.842406	0.2125	0
0	0.225	0.0748114
0.0216372	0.225	0.0747809
0.0432745	0.225	0.0746893
0.0649117	0.225	0.0745358
0.0865489	0.225	0.0743195
0.108186	0.225	0.0740386
0.129823	0.225	0.0736912
0.151461	0.225	0.0732746
0.173098	0.225	0.0727857
0.194735	0.225	0.0722208
0.216372	0.225	0.0715755
0.23801	0.225	0.0708449
0.259647	0.225	0.0700232
0.281284	0.225	0.0691043
0.302921	0.225	0.0680812
0.324558	0.225	0.0669466
0.346196	0.225	0.065693
0.367833	0.225	0.0643126
0.38947	0.225	0.0627984
0.411107	0.225	0.0611436
0.432745	0.225	0.0593429
0.454382	0.225	0.0573928
0.476019	0.225	0.0552916
0.497656	0.225	0.0530399
0.519294	0.225	0.0506408
0.540931	0.225	0.0480999
0.562568	0.225	0.0454245
0.584205	0.225	0.042624
0.605842	0.225	0.039709
0.62748	0.225	0.0366907
0.649117	0.225	0.0335811
0.670754	0.225	0.0303922
0.692391	0.225	0.0271359
0.714029	0.225	0.0238239
0.735666	0.225	0.0204677
0.757303	0.225	0.0170783
0.77894	0.225	0.0136665
0.800577	0.225	0.0102428
0.822215	0.225	0.00681723
0.843852	0.225	0.00339978
0.865489	0.225	0
0	0.2375	0.0776257
0.0222143	0.2375	0.0775924
0.0444286	0.2375	0.0774925
0.0666429	0.2375	0.0773251
0.0888572	0.2375	0.077089
0.111071	0.2375	0.0767827
0.133286	0.2375	0.0764037
0.1555	0.2375	0.0759493
0.177714	0.2375	0.0754162
0.199929	0.2375	0.0748004
0.222143	0.2375	0.0740973
0.244357	0.2375	0.0733016
0.266572	0.2375	0.0724074
0.288786	0.2375	0.0714084
0.311	0.2375	0.0702977
0.333214	0.2375	0.0690679
0.355429	0.2375	0.0677118
0.377643	0.2375	0.0662223
0.399857	0.2375	0.0645927
0.422072	0.2375	0.0628177
0.444286	0.2375	0.0608931
0.4665	0.2375	0.0588169
0.488715	0.2375	0.0565888
0.510929	0.2375	0.0542112
0.533143	0.2375	0.0516887
0.555357	0.2375	0.0490281
0.577572	0.2375	0.046238
0.599786	0.2375	0.0433286
0.622	0.2375	0.040311
0.644215	0.2375	0.0371972
0.666429	0.2375	0.0339992
0.688643	0.2375	0.0307295
0.710858	0.2375	0.0274002
0.733072	0.2375	0.0240233
0.755286	0.2375	0.0206105
0.7775	0.2375	0.0171733
0.799715	0.2375	0.0137227
0.821929	0.2375	0.0102697
0.844143	0.2375	0.00682471
0.866358	0.2375	0.00339812
0.888572	0.2375	0
0	0.25	0.0803049
0.0227914	0.25	0.0802688
0.0455827	0.25	0.0801603
0.0683741	0.25	0.0799785
0.0911655	0.25	0.0797222
0.113957	0.25	0.0793895
0.136748	0.25	0.0789781
0.15954	0.25	0.078485
0.182331	0.25	0.0779065
0.205122	0.25	0.0772385
0.227914	0.25	0.0764762
0.250705	0.25	0.0756142
0.273496	0.25	0.0746463
0.296288	0.25	0.0735661
0.319079	0.25	0.0723668
0.34187	0.25	0.0710413
0.364662	0.25	0.0695826
0.387453	0.25	0.0679843
0.410245	0.25	0.0662408
0.433036	0.25	0.0643476
0.455827	0.25	0.0623019
0.478619	0.25	0.0601031
0.50141	0.25	0.0577526
0.524201	0.25	0.0552542
0.546993	0.25	0.0526138
0.569784	0.25	0.0498394
0.592576	0.25	0.0469407
0.615367	0.25	0.0439285
0.638158	0.25	0.0408146
0.66095	0.25	0.0376114
0.683741	0.25	0.0343316
0.706532	0.25	0.0309877
0.729324	0.25	0.0275922
0.752115	0.25	0.0241575
0.774906	0.25	0.0206958
0.797698	0.25	0.0172188
0.820489	0.25	0.013738
0.843281	0.25	0.0102648
0.866072	0.25	0.00681028
0.888863	0.25	0.00338514
0.911655	0.25	0
0	0.2625	0.0828497
0.0233684	0.2625	0.0828107
0.0467369	0.2625	0.0826933
0.0701053	0.2625	0.0824967
0.0934737	0.2625	0.0822197
0.116842	0.2625	0.0818601
0.140211	0.2625	0.0814154
0.163579	0.2625	0.0808825
0.186947	0.2625	0.0802577
0.210316	0.2625	0.0795364
0.233684	0.2625	0.0787138
0.257053	0.2625	0.0777842
0.280421	0.2625	0.0767415
0.30379	0.2625	0.0755793
0.327158	0.2625	0.0742907
0.350527	0.2625	0.0728692
0.373895	0.2625	0.0713081
0.397263	0.2625	0.0696019
0.420632	0.2625	0.0677457
0.444	0.2625	0.0657364
0.467369	0.2625	0.0635726
0.490737	0.2625	0.0612548
0.514106	0.2625	0.058786
0.537474	0.2625	0.0561714
0.560842	0.2625	0.0534182
0.584211	0.2625	0.0505353
0.607579	0.2625	0.0475334
0.630948	0.2625	0.0444241
0.654316	0.2625	0.0412197
0.677685	0.2625	0.0379332
0.701053	0.2625	0.0345775
0.724421	0.2625	0.0311657
0.74779	0.2625	0.0277108
0.771158	0.2625	0.0242255
0.794527	0.2625	0.0207223
0.817895	0.2625	0.0172136
0.841264	0.2625	0.0137114
0.864632	0.2625	0.0102274
0.888	0.2625	0.00677335
0.911369	0.2625	0.00336049
0.934737	0.2625	0
0	0.275	0.0852607
0.0239455	0.275	0.0852186
0.047891	0.275	0.0850922
0.0718365	0.275	0.0848805
0.095782	0.275	0.0845822
0.119728	0.275	0.084195
0.143673	0.275	0.0837164
0.167619	0.275	0.0831429
0.191564	0.275	0.0824707
0.21551	0.275	0.0816952
0.239455	0.275	0.0808112
0.263401	0.275	0.0798131
0.287346	0.275	0.0786947
0.311292	0.275	0.0774497
0.335237	0.275	0.0760715
0.359183	0.275	0.0745537
0.383128	0.275	0.0728907
0.407074	0.275	0.0710774
0.431019	0.275	0.0691102
0.454965	0.275	0.0669869
0.47891	0.275	0.0647076
0.502856	0.275	0.0622742
0.526801	0.275	0.0596911
0.550747	0.275	0.0569646
0.574692	0.275	0.054103
0.598638	0.275	0.0511166
0.622583	0.275	0.0480166
0.646529	0.275	0.0448153
0.670474	0.275	0.0415259
0.69442	0.275	0.0381615
0.718365	0.275	0.0347359
0.742311	0.275	0.0312625
0.766256	0.275	0.0277547
0.790202	0.275	0.0242258
0.814147	0.275	0.0206888
0.838093	0.275	0.0171565
0.862038	0.275	0.0136417
0.885984	0.275	0.0101565
0.909929	0.275	0.00671326
0.933875	0.275	0.00332383
0.95782	0.275	0
0	0.2875	0.0875384
0.0245226	0.2875	0.0874933
0.0490451	0.2875	0.0873576
0.0735677	0.2875	0.0871305
0.0980903	0.2875	0.0868104
0.122613	0.2875	0.0863951
0.147135	0.2875	0.0858818
0.171658	0.2875	0.0852669
0.196181	0.2875	0.0845465
0.220703	0.2875	0.0837158
0.245226	0.2875	0.0827696
0.269748	0.2875	0.0817021
0.294271	0.2875	0.0805073
0.318793	0.2875	0.0791789
0.343316	0.2875	0.0777107
0.367839	0.2875	0.0760969
0.392361	0.2875	0.0743324
0.416884	0.2875	0.072413
0.441406	0.2875	0.0703362
0.465929	0.2875	0.0681012
0.490451	0.2875	0.065709
0.514974	0.2875	0.0631632
0.539497	0.2875	0.0604692
0.564019	0.2875	0.0576346
0.588542	0.2875	0.054669
0.613064	0.2875	0.0515834
0.637587	0.2875	0.0483899
0.662109	0.2875	0.0451016
0.686632	0.2875	0.0417321
0.711155	0.2875	0.0382953
0.735677	0.2875	0.0348054
0.7602	0.2875	0.0312764
0.784722	0.2875	0.0277223
0.809245	0.2875	0.0241568
0.833767	0.2875	0.0205937
0.85829	0.2875	0.0170463
0.882813	0.2875	0.0135278
0.907335	0.2875	0.0100512
0.931858	0.2875	0.00662937
0.95638	0.2875	0.00327483
0.980903	0.2875	0
0	0.3	0.0896834
0.0250996	0.3	0.0896351
0.0501993	0.3	0.0894901
0.0752989	0.3	0.0892472
0.100399	0.3	0.0889049
0.125498	0.3	0.088461
0.150598	0.3	0.0879123
0.175697	0.3	0.0872554
0.200797	0.3	0.086486
0.225897	0.3	0.0855993
0.250996	0.3	0.08459
0.276096	0.3	0.0834524
0.301196	0.3	0.0821806
0.326295	0.3	0.0807684
0.351395	0.3	0.0792101
0.376495	0.3	0.0775004
0.401594	0.3	0.0756349
0.426694	0.3	0.0736105
0.451794	0.3	0.0714256
0.476893	0.3	0.0690807
0.501993	0.3	0.0665781
0.527092	0.3	0.0639226
0.552192	0.3	0.061121
0.577292	0.3	0.058182
0.602391	0.3	0.0551162
0.627491	0.3	0.0519354
0.652591	0.3	0.0486527
0.67769	0.3	0.0452818
0.70279	0.3	0.0418371
0.72789	0.3	0.038333
0.752989	0.3	0.0347844
0.778089	0.3	0.0312058
0.803188	0.3	0.0276119
0.828288	0.3	0.024017
0.853388	0.3	0.0204355
0.878487	0.3	0.0168813
0.903587	0.3	0.0133685
0.928687	0.3	0.00991054
0.953786	0.3	0.006521
0.978886	0.3	0.00321312
1.00399	0.3	0
0	0.3125	0.0916962
0.0256767	0.3125	0.0916447
0.0513534	0.3125	0.09149
0.0770301	0.3125	0.0912312
0.102707	0.3125	0.0908664
0.128384	0.3125	0.0903932
0.15406	0.3125	0.0898087
0.179737	0.3125	0.089109
0.205414	0.3125	0.0882899
0.23109	0.3125	0.0873466
0.256767	0.3125	0.0862735
0.282444	0.3125	0.0850652
0.30812	0.3125	0.0837157
0.333797	0.3125	0.0822193
0.359474	0.3125	0.0805708
0.385151	0.3125	0.0787654
0.410827	0.3125	0.0767995
0.436504	0.3125	0.074671
0.462181	0.3125	0.0723795
0.487857	0.3125	0.0699265
0.513534	0.3125	0.0673158
0.539211	0.3125	0.0645533
0.564888	0.3125	0.0616469
0.590564	0.3125	0.0586067
0.616241	0.3125	0.055444
0.641918	0.3125	0.0521718
0.667594	0.3125	0.0488038
0.693271	0.3125	0.0453547
0.718948	0.3125	0.0418393
0.744625	0.3125	0.038273
0.770301	0.3125	0.0346711
0.795978	0.3125	0.0310489
0.821655	0.3125	0.0274217
0.847331	0.3125	0.0238046
0.873008	0.3125	0.0202126
0.898685	0.3125	0.0166604
0.924361	0.3125	0.0131626
0.950038	0.3125	0.00973354
0.975715	0.3125	0.00638748
1.00139	0.3125	0.00313836
1.02707	0.3125	0
0	0.325	0.0935772
0.0262538	0.325	0.0935225
0.0525076	0.325	0.0933581
0.0787613	0.325	0.0930829
0.105015	0.325	0.0926952
0.131269	0.325	0.0921924
0.157523	0.325	0.0915715
0.183776	0.325	0.0908285
0.21003	0.325	0.0899591
0.236284	0.325	0.0889583
0.262538	0.325	0.0878209
0.288792	0.325	0.0865412
0.315045	0.325	0.0851137
0.341299	0.325	0.0835329
0.367553	0.325	0.081794
0.393807	0.325	0.0798931
0.42006	0.325	0.0778273
0.446314	0.325	0.0755957
0.472568	0.325	0.0731987
0.498822	0.325	0.0706393
0.525076	0.325	0.0679224
0.551329	0.325	0.0650552
0.577583	0.325	0.0620467
0.603837	0.325	0.0589081
0.630091	0.325	0.0556517
0.656344	0.325	0.0522915
0.682598	0.325	0.048842
0.708852	0.325	0.0453186
0.735106	0.325	0.0417371
0.761359	0.325	0.0381134
0.787613	0.325	0.0344635
0.813867	0.325	0.0308037
0.840121	0.325	0.0271499
0.866375	0.325	0.0235178
0.892628	0.325	0.0199233
0.918882	0.325	0.0163819
0.945136	0.325	0.0129088
0.97139	0.325	0.00951924
0.997643	0.325	0.00622812
1.0239	0.325	0.00305019
1.05015	0.325	0
0	0.3375	0.0953268
0.0268308	0.3375	0.0952688
0.0536617	0.3375	0.0950945
0.0804925	0.3375	0.0948028
0.107323	0.3375	0.0943919
0.134154	0.3375	0.0938591
0.160985	0.3375	0.0932013
0.187816	0.3375	0.0924144
0.214647	0.3375	0.0914941
0.241478	0.3375	0.0904354
0.268308	0.3375	0.089233
0.295139	0.3375	0.0878814
0.32197	0.3375	0.0863754
0.348801	0.3375	0.0847098
0.375632	0.3375	0.0828806
0.402463	0.3375	0.0808843
0.429294	0.3375	0.0787192
0.456124	0.3375	0.0763851
0.482955	0.3375	0.0738839
0.509786	0.3375	0.0712195
0.536617	0.3375	0.0683981
0.563448	0.3375	0.0654281
0.590279	0.3375	0.0623198
0.617109	0.3375	0.0590854
0.64394	0.3375	0.0557382
0.670771	0.3375	0.0522931
0.697602	0.3375	0.0487656
0.724433	0.3375	0.0451718
0.751264	0.3375	0.0415284
0.778094	0.3375	0.037852
0.804925	0.3375	0.0341597
0.831756	0.3375	0.0304682
0.858587	0.3375	0.0267944
0.885418	0.3375	0.0231548
0.912249	0.3375	0.0195661
0.93908	0.3375	0.0160444
0.96591	0.3375	0.0126059
0.992741	0.3375	0.00926665
1.01957	0.3375	0.00604226
1.0464	0.3375	0.00294827
1.07323	0.3375	0
0	0.35	0.0969455
0.0274079	0.35	0.0968841
0.0548158	0.35	0.0966998
0.0822237	0.35	0.0963914
0.109632	0.35	0.095957
0.13704	0.35	0.0953938
0.164447	0.35	0.0946986
0.191855	0.35	0.0938674
0.219263	0.35	0.0928957
0.246671	0.35	0.0917784
0.274079	0.35	0.0905104
0.301487	0.35	0.0890865
0.328895	0.35	0.0875015
0.356303	0.35	0.085751
0.383711	0.35	0.0838312
0.411119	0.35	0.0817398
0.438527	0.35	0.0794756
0.465935	0.35	0.0770397
0.493342	0.35	0.0744351
0.52075	0.35	0.0716669
0.548158	0.35	0.0687425
0.575566	0.35	0.0656715
0.602974	0.35	0.0624654
0.630382	0.35	0.0591374
0.65779	0.35	0.055702
0.685198	0.35	0.0521749
0.712606	0.35	0.0485726
0.740014	0.35	0.0449122
0.767422	0.35	0.041211
0.794829	0.35	0.0374869
0.822237	0.35	0.0337574
0.849645	0.35	0.0300403
0.877053	0.35	0.0263532
0.904461	0.35	0.0227137
0.931869	0.35	0.019139
0.959277	0.35	0.0156464
0.986685	0.35	0.0122527
1.01409	0.35	0.00897481
1.0415	0.35	0.00582922
1.06891	0.35	0.00283226
1.09632	0.35	0
0	0.3625	0.0984335
0.027985	0.3625	0.0983687
0.05597	0.3625	0.0981743
0.0839549	0.3625	0.097849
0.11194	0.3625	0.0973907
0.139925	0.3625	0.0967969
0.16791	0.3625	0.096064
0.195895	0.3625	0.0951879
0.22388	0.3625	0.0941642
0.251865	0.3625	0.0929879
0.27985	0.3625	0.0916538
0.307835	0.3625	0.090157
0.33582	0.3625	0.0884928
0.363805	0.3625	0.0866569
0.39179	0.3625	0.0846465
0.419775	0.3625	0.0824598
0.44776	0.3625	0.0800969
0.475745	0.3625	0.0775596
0.50373	0.3625	0.0748523
0.531715	0.3625	0.0719812
0.5597	0.3625	0.068955
0.587685	0.3625	0.0657845
0.61567	0.3625	0.0624823
0.643655	0.3625	0.0590627
0.67164	0.3625	0.0555414
0.699625	0.3625	0.051935
0.727609	0.3625	0.048261
0.755594	0.3625	0.0445376
0.783579	0.3625	0.0407829
0.811564	0.3625	0.0370156
0.839549	0.3625	0.0332544
0.867534	0.3625	0.0295178
0.895519	0.3625	0.0258243
0.923504	0.3625	0.0221925
0.951489	0.3625	0.0186405
0.979474	0.3625	0.0151863
1.00746	0.3625	0.0118479
1.03544	0.3625	0.00864274
1.06343	0.3625	0.00558835
1.09141	0.3625	0.00270182
1.1194	0.3625	0
0	0.375	0.0997911
0.028562	0.375	0.099723
0.0571241	0.375	0.0995183
0.0856861	0.375	0.0991759
0.114248	0.375	0.0986936
0.14281	0.375	0.0980688
0.171372	0.375	0.0972977
0.199934	0.375	0.0963764
0.228496	0.375	0.0953003
0.257058	0.375	0.0940644
0.28562	0.375	0.0926638
0.314183	0.375	0.0910936
0.342745	0.375	0.0893496
0.371307	0.375	0.0874281
0.399869	0.375	0.0853267
0.428431	0.375	0.0830447
0.456993	0.375	0.080583
0.485555	0.375	0.0779447
0.514117	0.375	0.0751351
0.542679	0.375	0.0721618
0.571241	0.375	0.0690347
0.599803	0.375	0.0657658
0.628365	0.375	0.062369
0.656927	0.375	0.0588596
0.685489	0.375	0.0552545
0.714051	0.375	0.0515713
0.742613	0.375	0.0478287
0.771175	0.375	0.0440457
0.799737	0.375	0.0402415
0.828299	0.375	0.0364359
0.856861	0.375	0.0326483
0.885424	0.375	0.0288983
0.913986	0.375	0.0252056
0.942548	0.375	0.0215893
0.97111	0.375	0.0180687
0.999672	0.375	0.0146627
1.02823	0.375	0.0113902
1.0568	0.375	0.00826951
1.08536	0.375	0.00531902
1.11392	0.375	0.00255665
1.14248	0.375	0
0	0.3875	0.101019
0.0291391	0.3875	0.100947
0.0582782	0.3875	0.100732
0.0874174	0.3875	0.100372
0.116556	0.3875	0.099866
0.145696	0.3875	0.0992098
0.174835	0.3875	0.0984003
0.203974	0.3875	0.0974334
0.233113	0.3875	0.0963044
0.262252	0.3875	0.0950085
0.291391	0.3875	0.0935408
0.32053	0.3875	0.0918967
0.349669	0.3875	0.0900724
0.378809	0.3875	0.0880648
0.407948	0.3875	0.0858722
0.437087	0.3875	0.0834946
0.466226	0.3875	0.080934
0.495365	0.3875	0.0781947
0.524504	0.3875	0.075283
0.553643	0.3875	0.072208
0.582782	0.3875	0.0689806
0.611921	0.3875	0.0656142
0.641061	0.3875	0.0621239
0.6702	0.3875	0.0585263
0.699339	0.3875	0.0548392
0.728478	0.3875	0.0510817
0.757617	0.3875	0.0472732
0.786756	0.3875	0.043434
0.815895	0.3875	0.0395845
0.845034	0.3875	0.0357452
0.874174	0.3875	0.0319367
0.903313	0.3875	0.0281798
0.932452	0.3875	0.0244948
0.961591	0.3875	0.0209022
0.99073	0.3875	0.017422
1.01987	0.3875	0.0140741
1.04901	0.3875	0.0108784
1.07815	0.3875	0.00785419
1.10729	0.3875	0.00502061
1.13643	0.3875	0.00239645
1.16556	0.3875	0
0	0.4	0.102116
0.0297162	0.4	0.102041
0.0594324	0.4	0.101816
0.0891486	0.4	0.101439
0.118865	0.4	0.100908
0.148581	0.4	0.10022
0.178297	0.4	0.0993721
0.208013	0.4	0.0983592
0.237729	0.4	0.0971769
0.267446	0.4	0.0958204
0.297162	0.4	0.0942851
0.326878	0.4	0.0925667
0.356594	0.4	0.0906615
0.38631	0.4	0.0885672
0.416027	0.4	0.0862828
0.445743	0.4	0.0838093
0.475459	0.4	0.0811495
0.505175	0.4	0.0783089
0.534891	0.4	0.0752952
0.564608	0.4	0.0721185
0.594324	0.4	0.0687913
0.62404	0.4	0.0653281
0.653756	0.4	0.0617452
0.683472	0.4	0.0580606
0.713188	0.4	0.0542934
0.742905	0.4	0.0504636
0.772621	0.4	0.0465921
0.802337	0.4	0.0427002
0.832053	0.4	0.0388092
0.861769	0.4	0.0349411
0.891486	0.4	0.0311174
0.921202	0.4	0.0273598
0.950918	0.4	0.0236899
0.980634	0.4	0.0201291
1.01035	0.4	0.0166985
1.04007	0.4	0.0134191
1.06978	0.4	0.0103114
1.0995	0.4	0.0073959
1.12922	0.4	0.00469257
1.15893	0.4	0.00222098
1.18865	0.4	0
0	0.4125	0.103085
0.0302933	0.4125	0.103006
0.0605865	0.4125	0.10277
0.0908798	0.4125	0.102376
0.121173	0.4125	0.10182
0.151466	0.4125	0.101101
0.18176	0.4125	0.100213
0.212053	0.4125	0.0991542
0.242346	0.4125	0.0979181
0.272639	0.4125	0.0965007
0.302933	0.4125	0.0948972
0.333226	0.4125	0.0931037
0.363519	0.4125	0.0911171
0.393812	0.4125	0.0889355
0.424106	0.4125	0.0865587
0.454399	0.4125	0.0839886
0.484692	0.4125	0.0812291
0.514985	0.4125	0.0782868
0.545279	0.4125	0.0751707
0.575572	0.4125	0.0718923
0.605865	0.4125	0.0684653
0.636158	0.4125	0.0649056
0.666452	0.4125	0.0612309
0.696745	0.4125	0.0574604
0.727038	0.4125	0.0536146
0.757331	0.4125	0.0497147
0.787625	0.4125	0.0457828
0.817918	0.4125	0.0418414
0.848211	0.4125	0.0379132
0.878504	0.4125	0.034021
0.908798	0.4125	0.0301877
0.939091	0.4125	0.0264361
0.969384	0.4125	0.0227888
0.999677	0.4125	0.0192683
1.02997	0.4125	0.0158967
1.06026	0.4125	0.0126961
1.09056	0.4125	0.00968802
1.12085	0.4125	0.00689381
1.15114	0.4125	0.00433439
1.18144	0.4125	0.00203004
1.21173	0.4125	0
0	0.425	0.103923
0.0308703	0.425	0.103841
0.0617406	0.425	0.103595
0.092611	0.425	0.103183
0.123481	0.425	0.102603
0.154352	0.425	0.101851
0.185222	0.425	0.100925
0.216092	0.425	0.0998187
0.246963	0.425	0.0985285
0.277833	0.425	0.0970495
0.308703	0.425	0.0953773
0.339574	0.425	0.0935081
0.370444	0.425	0.0914393
0.401314	0.425	0.0891696
0.432185	0.425	0.0866996
0.463055	0.425	0.0840321
0.493925	0.425	0.0811721
0.524795	0.425	0.0781275
0.555666	0.425	0.0749084
0.586536	0.425	0.0715278
0.617406	0.425	0.0680009
0.648277	0.425	0.0643448
0.679147	0.425	0.0605788
0.710017	0.425	0.0567233
0.740888	0.425	0.0528003
0.771758	0.425	0.0488323
0.802628	0.425	0.0448426
0.833499	0.425	0.0408551
0.864369	0.425	0.0368936
0.895239	0.425	0.0329823
0.92611	0.425	0.0291452
0.95698	0.425	0.0254063
0.98785	0.425	0.0217892
1.01872	0.425	0.0183177
1.04959	0.425	0.0150149
1.08046	0.425	0.0119038
1.11133	0.425	0.00900715
1.1422	0.425	0.00634717
1.17307	0.425	0.00394566
1.20394	0.425	0.00182353
1.23481	0.425	0
0	0.4375	0.104633
0.0314474	0.4375	0.104547
0.0628948	0.4375	0.10429
0.0943422	0.4375	0.103861
0.12579	0.4375	0.103256
0.157237	0.4375	0.102472
0.188684	0.4375	0.101506
0.220132	0.4375	0.100353
0.251579	0.4375	0.0990083
0.283027	0.4375	0.0974673
0.314474	0.4375	0.0957257
0.345921	0.4375	0.0937801
0.377369	0.4375	0.0916282
0.408816	0.4375	0.0892695
0.440263	0.4375	0.0867052
0.471711	0.4375	0.0839392
0.503158	0.4375	0.0809778
0.534606	0.4375	0.0778298
0.566053	0.4375	0.0745069
0.5975	0.4375	0.0710235
0.628948	0.4375	0.0673962
0.660395	0.4375	0.0636436
0.691843	0.4375	0.0597865
0.72329	0.4375	0.0558468
0.754737	0.4375	0.0518478
0.786185	0.4375	0.0478136
0.817632	0.4375	0.0437688
0.84908	0.4375	0.0397385
0.880527	0.4375	0.0357479
0.911974	0.4375	0.0318225
0.943422	0.4375	0.0279875
0.974869	0.4375	0.0242681
1.00632	0.4375	0.0206892
1.03776	0.4375	0.0172755
1.06921	0.4375	0.0140514
1.10066	0.4375	0.0110409
1.13211	0.4375	0.00826779
1.16355	0.4375	0.00575533
1.195	0.4375	0.00352613
1.22645	0.4375	0.0016015
1.2579	0.4375	0
0	0.45	0.105213
0.0320245	0.45	0.105124
0.0640489	0.45	0.104856
0.0960734	0.45	0.104409
0.128098	0.45	0.103779
0.160122	0.45	0.102963
0.192147	0.45	0.101958
0.224171	0.45	0.100757
0.256196	0.45	0.0993578
0.28822	0.45	0.0977542
0.320245	0.45	0.0959425
0.352269	0.45	0.0939197
0.384294	0.45	0.0916838
0.416318	0.45	0.0892349
0.448342	0.45	0.0865752
0.480367	0.45	0.0837095
0.512391	0.45	0.0806452
0.544416	0.45	0.0773926
0.57644	0.45	0.0739648
0.608465	0.45	0.0703776
0.640489	0.45	0.0666491
0.672514	0.45	0.0627998
0.704538	0.45	0.0588517
0.736563	0.45	0.0548283
0.768587	0.45	0.0507546
0.800611	0.45	0.0466559
0.832636	0.45	0.0425585
0.86466	0.45	0.0384888
0.896685	0.45	0.0344734
0.928709	0.45	0.030539
0.960734	0.45	0.0267122
0.992758	0.45	0.0230194
1.02478	0.45	0.0194867
1.05681	0.45	0.0161399
1.08883	0.45	0.0130047
1.12086	0.45	0.0101061
1.15288	0.45	0.00746906
1.1849	0.45	0.00511782
1.21693	0.45	0.00307577
1.24895	0.45	0.00136426
1.28098	0.45	0
0	0.4625	0.105664
0.0326015	0.4625	0.105572
0.0652031	0.4625	0.105294
0.0978046	0.4625	0.104828
0.130406	0.4625	0.104174
0.163008	0.4625	0.103326
0.195609	0.4625	0.10228
0.228211	0.4625	0.101032
0.260812	0.4625	0.0995772
0.293414	0.4625	0.0979105
0.326015	0.4625	0.096028
0.358617	0.4625	0.093927
0.391218	0.4625	0.0916059
0.42382	0.4625	0.0890656
0.456421	0.4625	0.086309
0.489023	0.4625	0.083342
0.521624	0.4625	0.0801733
0.554226	0.4625	0.0768146
0.586827	0.4625	0.0732804
0.619429	0.4625	0.0695882
0.652031	0.4625	0.0657577
0.684632	0.4625	0.0618109
0.717234	0.4625	0.0577716
0.749835	0.4625	0.0536651
0.782437	0.4625	0.0495177
0.815038	0.4625	0.0453564
0.84764	0.4625	0.0412089
0.880241	0.4625	0.0371032
0.912843	0.4625	0.0330673
0.945444	0.4625	0.0291291
0.978046	0.4625	0.0253167
1.01065	0.4625	0.0216577
1.04325	0.4625	0.0181795
1.07585	0.4625	0.0149091
1.10845	0.4625	0.0118732
1.14105	0.4625	0.00909829
1.17365	0.4625	0.00661024
1.20626	0.4625	0.00443445
1.23886	0.4625	0.00259496
1.27146	0.4625	0.00111251
1.30406	0.4625	0
0	0.475	0.105986
0.0331786	0.475	0.10589
0.0663572	0.475	0.105602
0.0995358	0.475	0.105119
0.132714	0.475	0.104439
0.165893	0.475	0.103559
0.199072	0.475	0.102473
0.23225	0.475	0.101178
0.265429	0.475	0.0996668
0.298607	0.475	0.0979364
0.331786	0.475	0.0959823
0.364965	0.475	0.093802
0.398143	0.475	0.0913945
0.431322	0.475	0.0887612
0.4645	0.475	0.0859061
0.497679	0.475	0.082836
0.530858	0.475	0.0795611
0.564036	0.475	0.0760943
0.597215	0.475	0.072452
0.630393	0.475	0.0686532
0.663572	0.475	0.0647194
0.69675	0.475	0.0606744
0.729929	0.475	0.0565438
0.763108	0.475	0.0523544
0.796286	0.475	0.0481343
0.829465	0.475	0.0439121
0.862643	0.475	0.0397172
0.895822	0.475	0.0355789
0.929001	0.475	0.0315268
0.962179	0.475	0.0275903
0.995358	0.475	0.0237987
1.02854	0.475	0.020181
1.06172	0.475	0.0167658
1.09489	0.475	0.0135813
1.12807	0.475	0.0106557
1.16125	0.475	0.00801644
1.19443	0.475	0.00569086
1.22761	0.475	0.00370544
1.26079	0.475	0.00208468
1.29397	0.475	0.000847617
1.32714	0.475	0
0	0.4875	0.10618
0.0337557	0.4875	0.10608
0.0675113	0.4875	0.105781
0.101267	0.4875	0.105281
0.135023	0.4875	0.104576
0.168778	0.4875	0.103663
0.202534	0.4875	0.102538
0.23629	0.4875	0.101194
0.270045	0.4875	0.0996269
0.303801	0.4875	0.097832
0.337557	0.4875	0.0958054
0.371312	0.4875	0.0935447
0.405068	0.4875	0.0910493
0.438824	0.4875	0.0883214
0.472579	0.4875	0.0853657
0.506335	0.4875	0.0821905
0.540091	0.4875	0.0788071
0.573846	0.4875	0.0752301
0.607602	0.4875	0.0714777
0.641358	0.4875	0.0675705
0.675113	0.4875	0.063532
0.708869	0.4875	0.0593878
0.742625	0.4875	0.0551653
0.77638	0.4875	0.0508932
0.810136	0.4875	0.0466014
0.843892	0.4875	0.0423201
0.877647	0.4875	0.0380804
0.911403	0.4875	0.0339131
0.945159	0.4875	0.0298494
0.978914	0.4875	0.0259201
1.01267	0.4875	0.0221558
1.04643	0.4875	0.018587
1.08018	0.4875	0.0152436
1.11394	0.4875	0.012155
1.14769	0.4875	0.00935078
1.18145	0.4875	0.00685981
1.2152	0.4875	0.00471086
1.24896	0.4875	0.0029317
1.28272	0.4875	0.00154692
1.31647	0.4875	0.000572058
1.35023	0.4875	0
0	0.5	0.106244
0.0343327	0.5	0.106141
0.0686655	0.5	0.105832
0.102998	0.5	0.105314
0.137331	0.5	0.104584
0.171664	0.5	0.103639
0.205996	0.5	0.102473
0.240329	0.5	0.101081
0.274662	0.5	0.0994576
0.308995	0.5	0.0975977
0.343327	0.5	0.0954976
0.37766	0.5	0.0931551
0.411993	0.5	0.0905702
0.446326	0.5	0.0877456
0.480658	0.5	0.0846872
0.514991	0.5	0.0814044
0.549324	0.5	0.07791
0.583656	0.5	0.0742204
0.617989	0.5	0.0703553
0.652322	0.5	0.0663377
0.686655	0.5	0.0621928
0.720987	0.5	0.0579482
0.75532	0.5	0.0536333
0.789653	0.5	0.0492787
0.823986	0.5	0.044916
0.858318	0.5	0.0405774
0.892651	0.5	0.0362955
0.926984	0.5	0.0321029
0.961316	0.5	0.0280322
0.995649	0.5	0.0241158
1.02998	0.5	0.0203857
1.06431	0.5	0.0168736
1.09865	0.5	0.013611
1.13298	0.5	0.0106286
1.16731	0.5	0.00795741
1.20165	0.5	0.00562796
1.23598	0.5	0.00367082
1.27031	0.5	0.00211524
1.30464	0.5	0.000985346
1.33898	0.5	0.000290064
1.37331	0.5	0
