0	0	0
0.01125	0	0
0.0225	0	0
0.03375	0	0
0.045	0	0
0.05625	0	0
0.0675	0	0
0.07875	0	0
0.09	0	0
0.10125	0	0
0.1125	0	0
0.12375	0	0
0.135	0	0
0.14625	0	0
0.1575	0	0
0.16875	0	0
0.18	0	0
0.19125	0	0
0.2025	0	0
0.21375	0	0
0.225	0	0
0.23625	0	0
0.2475	0	0
0.25875	0	0
0.27	0	0
0.28125	0	0
0.2925	0	0
0.30375	0	0
0.315	0	0
0.32625	0	0
0.3375	0	0
0.34875	0	0
0.36	0	0
0.37125	0	0
0.3825	0	0
0.39375	0	0
0.405	0	0
0.41625	0	0
0.4275	0	0
0.43875	0	0
0.45	0	0
0	0.02	0.0104301
0.011675	0.02	0.0104279
0.0233501	0.02	0.0104214
0.0350251	0.02	0.0104104
0.0467002	0.02	0.010395
0.0583752	0.02	0.0103751
0.0700503	0.02	0.0103507
0.0817253	0.02	0.0103216
0.0934004	0.02	0.0102878
0.105075	0.02	0.0102492
0.11675	0.02	0.0102056
0.128426	0.02	0.0101568
0.140101	0.02	0.0101026
0.151776	0.02	0.010043
0.163451	0.02	0.00997752
0.175126	0.02	0.00990599
0.186801	0.02	0.00982808
0.198476	0.02	0.00974342
0.210151	0.02	0.00965159
0.221826	0.02	0.00955212
0.233501	0.02	0.00944446
0.245176	0.02	0.00932796
0.256851	0.02	0.00920189
0.268526	0.02	0.00906535
0.280201	0.02	0.00891731
0.291876	0.02	0.00875653
0.303551	0.02	0.0085815
0.315226	0.02	0.00839036
0.326901	0.02	0.00818082
0.338576	0.02	0.00794994
0.350251	0.02	0.00769392
0.361926	0.02	0.00740769
0.373601	0.02	0.00708436
0.385277	0.02	0.00671424
0.396952	0.02	0.00628337
0.408627	0.02	0.00577104
0.420302	0.02	0.00514585
0.431977	0.02	0.00435904
0.443652	0.02	0.00333373
0.455327	0.02	0.00194691
0.467002	0.02	0
0	0.04	0.020473
0.0121001	0.04	0.0204684
0.0242002	0.04	0.0204543
0.0363003	0.04	0.0204309
0.0484004	0.04	0.020398
0.0605005	0.04	0.0203554
0.0726006	0.04	0.0203031
0.0847006	0.04	0.0202409
0.0968007	0.04	0.0201685
0.108901	0.04	0.0200857
0.121001	0.04	0.0199921
0.133101	0.04	0.0198873
0.145201	0.04	0.019771
0.157301	0.04	0.0196427
0.169401	0.04	0.0195018
0.181501	0.04	0.0193476
0.193601	0.04	0.0191794
0.205702	0.04	0.0189964
0.217802	0.04	0.0187976
0.229902	0.04	0.0185819
0.242002	0.04	0.0183479
0.254102	0.04	0.0180942
0.266202	0.04	0.0178189
0.278302	0.04	0.0175199
0.290402	0.04	0.0171947
0.302502	0.04	0.0168403
0.314602	0.04	0.0164529
0.326702	0.04	0.0160281
0.338803	0.04	0.0155601
0.350903	0.04	0.0150418
0.363003	0.04	0.0144641
0.375103	0.04	0.013815
0.387203	0.04	0.0130789
0.399303	0.04	0.0122355
0.411403	0.04	0.0112577
0.423503	0.04	0.0101102
0.435603	0.04	0.00874773
0.447703	0.04	0.00711444
0.459803	0.04	0.0051469
0.471904	0.04	0.00278497
0.484004	0.04	0
0	0.06	0.0301416
0.0125251	0.06	0.0301341
0.0250503	0.06	0.0301117
0.0375754	0.06	0.0300743
0.0501006	0.06	0.0300218
0.0626257	0.06	0.0299539
0.0751508	0.06	0.0298705
0.087676	0.06	0.0297711
0.100201	0.06	0.0296554
0.112726	0.06	0.029523
0.125251	0.06	0.0293733
0.137777	0.06	0.0292057
0.150302	0.06	0.0290195
0.162827	0.06	0.0288138
0.175352	0.06	0.0285878
0.187877	0.06	0.0283402
0.200402	0.06	0.02807
0.212927	0.06	0.0277755
0.225452	0.06	0.0274551
0.237978	0.06	0.027107
0.250503	0.06	0.0267288
0.263028	0.06	0.026318
0.275553	0.06	0.0258715
0.288078	0.06	0.0253856
0.300603	0.06	0.024856
0.313128	0.06	0.0242776
0.325654	0.06	0.023644
0.338179	0.06	0.0229478
0.350704	0.06	0.0221796
0.363229	0.06	0.021328
0.375754	0.06	0.0203789
0.388279	0.06	0.0193149
0.400804	0.06	0.0181148
0.41333	0.06	0.0167529
0.425855	0.06	0.0151989
0.43838	0.06	0.0134184
0.450905	0.06	0.0113743
0.46343	0.06	0.009031
0.475955	0.06	0.00635995
0.48848	0.06	0.00334753
0.501006	0.06	0
0	0.08	0.0394481
0.0129502	0.08	0.0394376
0.0259004	0.08	0.0394061
0.0388506	0.08	0.0393533
0.0518007	0.08	0.0392792
0.0647509	0.08	0.0391835
0.0777011	0.08	0.0390657
0.0906513	0.08	0.0389254
0.103601	0.08	0.0387621
0.116552	0.08	0.0385751
0.129502	0.08	0.0383635
0.142452	0.08	0.0381266
0.155402	0.08	0.0378631
0.168352	0.08	0.037572
0.181303	0.08	0.0372518
0.194253	0.08	0.0369009
0.207203	0.08	0.0365174
0.220153	0.08	0.0360993
0.233103	0.08	0.035644
0.246053	0.08	0.0351488
0.259004	0.08	0.0346103
0.271954	0.08	0.0340246
0.284904	0.08	0.0333875
0.297854	0.08	0.0326935
0.310804	0.08	0.0319365
0.323755	0.08	0.0311093
0.336705	0.08	0.030203
0.349655	0.08	0.0292075
0.362605	0.08	0.0281106
0.375555	0.08	0.0268977
0.388506	0.08	0.0255521
0.401456	0.08	0.0240539
0.414406	0.08	0.022381
0.427356	0.08	0.0205089
0.440306	0.08	0.0184115
0.453256	0.08	0.0160633
0.466207	0.08	0.0134412
0.479157	0.08	0.0105281
0.492107	0.08	0.00731489
0.505057	0.08	0.00380254
0.518007	0.08	0
0	0.1	0.0484049
0.0133752	0.1	0.0483911
0.0267505	0.1	0.0483495
0.0401257	0.1	0.0482802
0.0535009	0.1	0.0481827
0.0668761	0.1	0.0480567
0.0802514	0.1	0.0479017
0.0936266	0.1	0.0477171
0.107002	0.1	0.047502
0.120377	0.1	0.0472557
0.133752	0.1	0.0469771
0.147128	0.1	0.0466648
0.160503	0.1	0.0463175
0.173878	0.1	0.0459336
0.187253	0.1	0.045511
0.200628	0.1	0.0450478
0.214004	0.1	0.0445413
0.227379	0.1	0.0439888
0.240754	0.1	0.0433869
0.254129	0.1	0.0427318
0.267505	0.1	0.0420193
0.28088	0.1	0.0412442
0.294255	0.1	0.0404007
0.30763	0.1	0.0394821
0.321006	0.1	0.0384806
0.334381	0.1	0.0373871
0.347756	0.1	0.036191
0.361131	0.1	0.0348803
0.374506	0.1	0.033441
0.387882	0.1	0.0318577
0.401257	0.1	0.0301128
0.414632	0.1	0.0281875
0.428007	0.1	0.0260618
0.441383	0.1	0.0237156
0.454758	0.1	0.0211299
0.468133	0.1	0.0182884
0.481508	0.1	0.0151785
0.494884	0.1	0.0117934
0.508259	0.1	0.008132
0.521634	0.1	0.00419831
0.535009	0.1	0
0	0.12	0.0570235
0.0138003	0.12	0.0570061
0.0276006	0.12	0.056954
0.0414008	0.12	0.0568668
0.0552011	0.12	0.0567443
0.0690014	0.12	0.0565859
0.0828017	0.12	0.0563911
0.0966019	0.12	0.056159
0.110402	0.12	0.0558886
0.124202	0.12	0.0555788
0.138003	0.12	0.0552283
0.151803	0.12	0.0548354
0.165603	0.12	0.0543984
0.179404	0.12	0.0539151
0.193204	0.12	0.0533832
0.207004	0.12	0.0527999
0.220804	0.12	0.052162
0.234605	0.12	0.0514661
0.248405	0.12	0.0507079
0.262205	0.12	0.0498828
0.276006	0.12	0.0489855
0.289806	0.12	0.0480098
0.303606	0.12	0.0469487
0.317406	0.12	0.0457943
0.331207	0.12	0.0445374
0.345007	0.12	0.0431679
0.358807	0.12	0.0416742
0.372607	0.12	0.0400433
0.386408	0.12	0.0382611
0.400208	0.12	0.0363124
0.414008	0.12	0.0341809
0.427809	0.12	0.0318502
0.441609	0.12	0.0293042
0.455409	0.12	0.0265278
0.469209	0.12	0.0235083
0.48301	0.12	0.0202359
0.49681	0.12	0.0167046
0.51061	0.12	0.0129123
0.52441	0.12	0.00886082
0.538211	0.12	0.00455457
0.552011	0.12	0
0	0.14	0.0653151
0.0142253	0.14	0.065294
0.0284506	0.14	0.0652306
0.042676	0.14	0.0651246
0.0569013	0.14	0.0649755
0.0711266	0.14	0.0647829
0.0853519	0.14	0.0645459
0.0995773	0.14	0.0642636
0.113803	0.14	0.0639346
0.128028	0.14	0.0635578
0.142253	0.14	0.0631313
0.156479	0.14	0.0626532
0.170704	0.14	0.0621214
0.184929	0.14	0.0615334
0.199155	0.14	0.0608861
0.21338	0.14	0.0601764
0.227605	0.14	0.0594004
0.24183	0.14	0.0585539
0.256056	0.14	0.057632
0.270281	0.14	0.0566293
0.284506	0.14	0.0555396
0.298732	0.14	0.0543558
0.312957	0.14	0.0530702
0.327182	0.14	0.0516738
0.341408	0.14	0.0501569
0.355633	0.14	0.0485086
0.369858	0.14	0.0467171
0.384084	0.14	0.0447697
0.398309	0.14	0.0426528
0.412534	0.14	0.0403526
0.42676	0.14	0.037855
0.440985	0.14	0.0351465
0.45521	0.14	0.0322149
0.469436	0.14	0.0290495
0.483661	0.14	0.025642
0.497886	0.14	0.0219871
0.512112	0.14	0.0180822
0.526337	0.14	0.0139275
0.540562	0.14	0.00952577
0.554788	0.14	0.0048814
0.569013	0.14	0
0	0.16	0.0732904
0.0146504	0.16	0.0732653
0.0293007	0.16	0.0731901
0.0439511	0.16	0.0730643
0.0586015	0.16	0.0728875
0.0732518	0.16	0.072659
0.0879022	0.16	0.0723778
0.102553	0.16	0.0720428
0.117203	0.16	0.0716526
0.131853	0.16	0.0712056
0.146504	0.16	0.0706997
0.161154	0.16	0.0701327
0.175804	0.16	0.069502
0.190455	0.16	0.0688047
0.205105	0.16	0.0680374
0.219756	0.16	0.0671963
0.234406	0.16	0.066277
0.249056	0.16	0.0652747
0.263707	0.16	0.064184
0.278357	0.16	0.0629987
0.293007	0.16	0.0617119
0.307658	0.16	0.0603161
0.322308	0.16	0.0588028
0.336958	0.16	0.0571628
0.351609	0.16	0.055386
0.366259	0.16	0.0534615
0.38091	0.16	0.0513778
0.39556	0.16	0.0491231
0.41021	0.16	0.0466849
0.424861	0.16	0.0440513
0.439511	0.16	0.0412107
0.454161	0.16	0.0381524
0.468812	0.16	0.0348673
0.483462	0.16	0.0313481
0.498112	0.16	0.0275898
0.512763	0.16	0.0235895
0.527413	0.16	0.0193466
0.542064	0.16	0.0148626
0.556714	0.16	0.0101406
0.571364	0.16	0.00518464
0.586015	0.16	0
0	0.18	0.0809591
0.0150754	0.18	0.0809299
0.0301508	0.18	0.0808424
0.0452262	0.18	0.0806961
0.0603017	0.18	0.0804905
0.0753771	0.18	0.0802247
0.0904525	0.18	0.0798977
0.105528	0.18	0.0795081
0.120603	0.18	0.0790544
0.135679	0.18	0.0785346
0.150754	0.18	0.0779465
0.16583	0.18	0.0772875
0.180905	0.18	0.0765547
0.19598	0.18	0.0757448
0.211056	0.18	0.0748539
0.226131	0.18	0.0738778
0.241207	0.18	0.0728117
0.256282	0.18	0.0716503
0.271357	0.18	0.0703876
0.286433	0.18	0.069017
0.301508	0.18	0.0675312
0.316584	0.18	0.0659223
0.331659	0.18	0.0641816
0.346735	0.18	0.0622998
0.36181	0.18	0.0602669
0.376885	0.18	0.0580725
0.391961	0.18	0.0557058
0.407036	0.18	0.053156
0.422112	0.18	0.0504124
0.437187	0.18	0.0474648
0.452262	0.18	0.0443039
0.467338	0.18	0.0409215
0.482413	0.18	0.0373111
0.497489	0.18	0.0334677
0.512564	0.18	0.0293885
0.527639	0.18	0.0250721
0.542715	0.18	0.0205193
0.55779	0.18	0.015732
0.572866	0.18	0.0107135
0.587941	0.18	0.0054679
0.603017	0.18	0
0	0.2	0.0883305
0.0155005	0.2	0.0882971
0.0310009	0.2	0.0881969
0.0465014	0.2	0.0880294
0.0620018	0.2	0.0877941
0.0775023	0.2	0.0874899
0.0930028	0.2	0.0871157
0.108503	0.2	0.08667
0.124004	0.2	0.0861509
0.139504	0.2	0.0855564
0.155005	0.2	0.0848839
0.170505	0.2	0.0841307
0.186006	0.2	0.0832934
0.201506	0.2	0.0823684
0.217006	0.2	0.0813515
0.232507	0.2	0.0802382
0.248007	0.2	0.0790232
0.263508	0.2	0.0777008
0.279008	0.2	0.0762648
0.294509	0.2	0.0747083
0.310009	0.2	0.0730238
0.32551	0.2	0.0712031
0.34101	0.2	0.0692377
0.356511	0.2	0.0671184
0.372011	0.2	0.0648358
0.387511	0.2	0.0623801
0.403012	0.2	0.0597415
0.418512	0.2	0.0569104
0.434013	0.2	0.0538778
0.449513	0.2	0.0506352
0.465014	0.2	0.0471752
0.480514	0.2	0.0434918
0.496015	0.2	0.0395802
0.511515	0.2	0.0354374
0.527016	0.2	0.0310618
0.542516	0.2	0.0264535
0.558017	0.2	0.0216136
0.573517	0.2	0.0165446
0.589017	0.2	0.0112499
0.604518	0.2	0.00573348
0.620018	0.2	0
0	0.22	0.0954131
0.0159255	0.22	0.0953754
0.031851	0.22	0.0952622
0.0477765	0.22	0.0950731
0.063702	0.22	0.0948073
0.0796275	0.22	0.0944638
0.095553	0.22	0.0940413
0.111479	0.22	0.0935382
0.127404	0.22	0.0929525
0.14333	0.22	0.0922817
0.159255	0.22	0.0915234
0.175181	0.22	0.0906742
0.191106	0.22	0.0897308
0.207032	0.22	0.0886892
0.222957	0.22	0.087545
0.238883	0.22	0.0862932
0.254808	0.22	0.0849284
0.270734	0.22	0.0834448
0.286659	0.22	0.0818357
0.302585	0.22	0.0800943
0.31851	0.22	0.0782129
0.334436	0.22	0.0761836
0.350361	0.22	0.073998
0.366287	0.22	0.0716475
0.382212	0.22	0.069123
0.398138	0.22	0.0664159
0.414063	0.22	0.0635172
0.429989	0.22	0.0604189
0.445914	0.22	0.0571132
0.46184	0.22	0.0535933
0.477765	0.22	0.0498536
0.493691	0.22	0.0458894
0.509616	0.22	0.0416977
0.525542	0.22	0.0372766
0.541467	0.22	0.0326256
0.557393	0.22	0.0277455
0.573318	0.22	0.0226381
0.589244	0.22	0.0173061
0.605169	0.22	0.011753
0.621095	0.22	0.00598283
0.63702	0.22	0
0	0.24	0.102215
0.0163506	0.24	0.102173
0.0327011	0.24	0.102046
0.0490517	0.24	0.101835
0.0654022	0.24	0.101538
0.0817528	0.24	0.101155
0.0981033	0.24	0.100683
0.114454	0.24	0.100122
0.130804	0.24	0.0994684
0.147155	0.24	0.0987205
0.163506	0.24	0.0978752
0.179856	0.24	0.0969291
0.196207	0.24	0.0958787
0.212557	0.24	0.0947197
0.228908	0.24	0.0934476
0.245258	0.24	0.0920571
0.261609	0.24	0.0905428
0.277959	0.24	0.0888986
0.29431	0.24	0.0871179
0.31066	0.24	0.0851938
0.327011	0.24	0.0831189
0.343362	0.24	0.0808854
0.359712	0.24	0.0784853
0.376063	0.24	0.0759106
0.392413	0.24	0.0731531
0.408764	0.24	0.0702049
0.425114	0.24	0.0670583
0.441465	0.24	0.0637064
0.457815	0.24	0.0601427
0.474166	0.24	0.0563619
0.490517	0.24	0.0523597
0.506867	0.24	0.0481328
0.523218	0.24	0.0436793
0.539568	0.24	0.0389983
0.555919	0.24	0.0340902
0.572269	0.24	0.0289562
0.58862	0.24	0.0235986
0.60497	0.24	0.0180204
0.621321	0.24	0.0122251
0.637672	0.24	0.00621684
0.654022	0.24	0
0	0.26	0.108742
0.0167756	0.26	0.108696
0.0335512	0.26	0.108556
0.0503268	0.26	0.108322
0.0671024	0.26	0.107994
0.083878	0.26	0.10757
0.100654	0.26	0.107049
0.117429	0.26	0.106429
0.134205	0.26	0.105707
0.15098	0.26	0.104882
0.167756	0.26	0.103949
0.184532	0.26	0.102905
0.201307	0.26	0.101748
0.218083	0.26	0.100471
0.234858	0.26	0.0990713
0.251634	0.26	0.0975427
0.26841	0.26	0.0958799
0.285185	0.26	0.0940768
0.301961	0.26	0.0921268
0.318736	0.26	0.0900232
0.335512	0.26	0.0877589
0.352288	0.26	0.0853264
0.369063	0.26	0.0827184
0.385839	0.26	0.0799273
0.402614	0.26	0.0769458
0.41939	0.26	0.0737669
0.436166	0.26	0.0703841
0.452941	0.26	0.0667916
0.469717	0.26	0.062984
0.486492	0.26	0.0589574
0.503268	0.26	0.0547084
0.520044	0.26	0.0502349
0.536819	0.26	0.045536
0.553595	0.26	0.0406115
0.57037	0.26	0.0354624
0.587146	0.26	0.0300906
0.603922	0.26	0.0244986
0.620697	0.26	0.0186896
0.637473	0.26	0.0126674
0.654248	0.26	0.00643603
0.671024	0.26	0
0	0.28	0.115002
0.0172006	0.28	0.114951
0.0344013	0.28	0.114798
0.0516019	0.28	0.114542
0.0688026	0.28	0.114182
0.0860032	0.28	0.113718
0.103204	0.28	0.113147
0.120405	0.28	0.112467
0.137605	0.28	0.111677
0.154806	0.28	0.110773
0.172006	0.28	0.109752
0.189207	0.28	0.108612
0.206408	0.28	0.107347
0.223608	0.28	0.105953
0.240809	0.28	0.104426
0.25801	0.28	0.102761
0.27521	0.28	0.100951
0.292411	0.28	0.0989917
0.309612	0.28	0.0968755
0.326812	0.28	0.0945963
0.344013	0.28	0.0921473
0.361214	0.28	0.0895216
0.378414	0.28	0.0867123
0.395615	0.28	0.0837128
0.412815	0.28	0.0805164
0.430016	0.28	0.0771171
0.447217	0.28	0.0735094
0.464417	0.28	0.0696884
0.481618	0.28	0.06565
0.498819	0.28	0.0613912
0.516019	0.28	0.0569097
0.53322	0.28	0.0522043
0.550421	0.28	0.0472748
0.567621	0.28	0.0421217
0.584822	0.28	0.0367466
0.602023	0.28	0.0311518
0.619223	0.28	0.0253401
0.636424	0.28	0.019315
0.653624	0.28	0.0130804
0.670825	0.28	0.00664057
0.688026	0.28	0
0	0.3	0.121
0.0176257	0.3	0.120945
0.0352514	0.3	0.120778
0.0528771	0.3	0.120499
0.0705028	0.3	0.120108
0.0881284	0.3	0.119602
0.105754	0.3	0.118981
0.12338	0.3	0.118242
0.141006	0.3	0.117384
0.158631	0.3	0.116402
0.176257	0.3	0.115294
0.193883	0.3	0.114056
0.211508	0.3	0.112684
0.229134	0.3	0.111175
0.24676	0.3	0.109522
0.264385	0.3	0.107722
0.282011	0.3	0.105767
0.299637	0.3	0.103654
0.317262	0.3	0.101375
0.334888	0.3	0.0989243
0.352514	0.3	0.0962958
0.370139	0.3	0.0934828
0.387765	0.3	0.0904793
0.405391	0.3	0.0872792
0.423017	0.3	0.0838768
0.440642	0.3	0.0802668
0.458268	0.3	0.0764449
0.475894	0.3	0.0724069
0.493519	0.3	0.0681499
0.511145	0.3	0.0636717
0.528771	0.3	0.0589708
0.546396	0.3	0.0540469
0.564022	0.3	0.0489004
0.581648	0.3	0.0435325
0.599273	0.3	0.0379453
0.616899	0.3	0.0321414
0.634525	0.3	0.0261241
0.652151	0.3	0.019897
0.669776	0.3	0.0134643
0.687402	0.3	0.00683044
0.705028	0.3	0
0	0.32	0.126742
0.0180507	0.32	0.126682
0.0361015	0.32	0.126501
0.0541522	0.32	0.1262
0.0722029	0.32	0.125777
0.0902537	0.32	0.12523
0.108304	0.32	0.124559
0.126355	0.32	0.123761
0.144406	0.32	0.122834
0.162457	0.32	0.121774
0.180507	0.32	0.120579
0.198558	0.32	0.119245
0.216609	0.32	0.117767
0.23466	0.32	0.116143
0.25271	0.32	0.114366
0.270761	0.32	0.112432
0.288812	0.32	0.110336
0.306862	0.32	0.108072
0.324913	0.32	0.105634
0.342964	0.32	0.103017
0.361015	0.32	0.100214
0.379065	0.32	0.0972195
0.397116	0.32	0.0940286
0.415167	0.32	0.0906357
0.433218	0.32	0.0870358
0.451268	0.32	0.0832246
0.469319	0.32	0.0791984
0.48737	0.32	0.0749542
0.505421	0.32	0.0704899
0.523471	0.32	0.0658039
0.541522	0.32	0.0608958
0.559573	0.32	0.0557659
0.577624	0.32	0.0504152
0.595674	0.32	0.0448456
0.613725	0.32	0.0390595
0.631776	0.32	0.0330599
0.649826	0.32	0.0268506
0.667877	0.32	0.0204354
0.685928	0.32	0.0138188
0.703979	0.32	0.0070054
0.722029	0.32	0
0	0.34	0.132231
0.0184758	0.34	0.132166
0.0369516	0.34	0.131972
0.0554273	0.34	0.131648
0.0739031	0.34	0.131193
0.0923789	0.34	0.130606
0.110855	0.34	0.129885
0.12933	0.34	0.129028
0.147806	0.34	0.128032
0.166282	0.34	0.126895
0.184758	0.34	0.125613
0.203234	0.34	0.124184
0.221709	0.34	0.122602
0.240185	0.34	0.120864
0.258661	0.34	0.118965
0.277137	0.34	0.1169
0.295612	0.34	0.114665
0.314088	0.34	0.112253
0.332564	0.34	0.10966
0.35104	0.34	0.10688
0.369516	0.34	0.103908
0.387991	0.34	0.100739
0.406467	0.34	0.0973674
0.424943	0.34	0.093789
0.443419	0.34	0.0899998
0.461895	0.34	0.0859961
0.48037	0.34	0.0817752
0.498846	0.34	0.0773349
0.517322	0.34	0.0726737
0.535798	0.34	0.0677911
0.554273	0.34	0.0626873
0.572749	0.34	0.0573632
0.591225	0.34	0.0518204
0.609701	0.34	0.0460614
0.628177	0.34	0.040089
0.646652	0.34	0.0339069
0.665128	0.34	0.027519
0.683604	0.34	0.0209295
0.70208	0.34	0.0141432
0.720555	0.34	0.00716505
0.739031	0.34	0
0	0.36	0.137471
0.0189008	0.36	0.137402
0.0378017	0.36	0.137195
0.0567025	0.36	0.136848
0.0756033	0.36	0.136361
0.0945041	0.36	0.135734
0.113405	0.36	0.134963
0.132306	0.36	0.134047
0.151207	0.36	0.132983
0.170107	0.36	0.13177
0.189008	0.36	0.130402
0.207909	0.36	0.128878
0.22681	0.36	0.127193
0.245711	0.36	0.125343
0.264612	0.36	0.123324
0.283512	0.36	0.121131
0.302413	0.36	0.118759
0.321314	0.36	0.116203
0.340215	0.36	0.113459
0.359116	0.36	0.110521
0.378017	0.36	0.107385
0.396917	0.36	0.104046
0.415818	0.36	0.100501
0.434719	0.36	0.0967439
0.45362	0.36	0.0927731
0.472521	0.36	0.0885854
0.491422	0.36	0.0841787
0.510322	0.36	0.0795516
0.529223	0.36	0.0747036
0.548124	0.36	0.0696347
0.567025	0.36	0.0643459
0.585926	0.36	0.0588388
0.604826	0.36	0.0531155
0.623727	0.36	0.0471791
0.642628	0.36	0.041033
0.661529	0.36	0.0346812
0.68043	0.36	0.028128
0.699331	0.36	0.0213781
0.718231	0.36	0.0144367
0.737132	0.36	0.00730884
0.756033	0.36	0
0	0.38	0.142467
0.0193259	0.38	0.142393
0.0386517	0.38	0.142172
0.0579776	0.38	0.141803
0.0773035	0.38	0.141285
0.0966294	0.38	0.140617
0.115955	0.38	0.139796
0.135281	0.38	0.138822
0.154607	0.38	0.137691
0.173933	0.38	0.136402
0.193259	0.38	0.134949
0.212585	0.38	0.133332
0.23191	0.38	0.131545
0.251236	0.38	0.129585
0.270562	0.38	0.127447
0.289888	0.38	0.125128
0.309214	0.38	0.122622
0.32854	0.38	0.119926
0.347866	0.38	0.117034
0.367192	0.38	0.113943
0.386517	0.38	0.110648
0.405843	0.38	0.107146
0.425169	0.38	0.103432
0.444495	0.38	0.0995035
0.463821	0.38	0.0953583
0.483147	0.38	0.0909944
0.502473	0.38	0.0864102
0.521799	0.38	0.0816053
0.541124	0.38	0.0765798
0.56045	0.38	0.0713346
0.579776	0.38	0.0658711
0.599102	0.38	0.0601917
0.618428	0.38	0.0542992
0.637754	0.38	0.0481971
0.65708	0.38	0.0418895
0.676406	0.38	0.0353807
0.695731	0.38	0.0286757
0.715057	0.38	0.0217796
0.734383	0.38	0.0146978
0.753709	0.38	0.00743605
0.773035	0.38	0
0	0.4	0.14722
0.0197509	0.4	0.147142
0.0395018	0.4	0.146908
0.0592528	0.4	0.146516
0.0790037	0.4	0.145967
0.0987546	0.4	0.145258
0.118506	0.4	0.144389
0.138256	0.4	0.143356
0.158007	0.4	0.142159
0.177758	0.4	0.140794
0.197509	0.4	0.139258
0.21726	0.4	0.137548
0.237011	0.4	0.13566
0.256762	0.4	0.133592
0.276513	0.4	0.131338
0.296264	0.4	0.128895
0.316015	0.4	0.126258
0.335766	0.4	0.123424
0.355517	0.4	0.120389
0.375267	0.4	0.117149
0.395018	0.4	0.1137
0.414769	0.4	0.110039
0.43452	0.4	0.106163
0.454271	0.4	0.102069
0.474022	0.4	0.0977566
0.493773	0.4	0.0932237
0.513524	0.4	0.0884701
0.533275	0.4	0.0834958
0.553026	0.4	0.0783017
0.572777	0.4	0.0728894
0.592528	0.4	0.0672611
0.612278	0.4	0.0614198
0.632029	0.4	0.0553691
0.65178	0.4	0.0491129
0.671531	0.4	0.0426559
0.691282	0.4	0.0360031
0.711033	0.4	0.0291599
0.730784	0.4	0.022132
0.750535	0.4	0.0149253
0.770286	0.4	0.00754585
0.790037	0.4	0
0	0.42	0.151734
0.020176	0.42	0.151651
0.0403519	0.42	0.151403
0.0605279	0.42	0.15099
0.0807039	0.42	0.150409
0.10088	0.42	0.149661
0.121056	0.42	0.148742
0.141232	0.42	0.147653
0.161408	0.42	0.146389
0.181584	0.42	0.144949
0.20176	0.42	0.14333
0.221936	0.42	0.141529
0.242112	0.42	0.139542
0.262288	0.42	0.137367
0.282464	0.42	0.134998
0.302639	0.42	0.132434
0.322815	0.42	0.129669
0.342991	0.42	0.126701
0.363167	0.42	0.123526
0.383343	0.42	0.12014
0.403519	0.42	0.116542
0.423695	0.42	0.112727
0.443871	0.42	0.108694
0.464047	0.42	0.104441
0.484223	0.42	0.0999676
0.504399	0.42	0.0952729
0.524575	0.42	0.0903571
0.544751	0.42	0.0852213
0.564927	0.42	0.0798671
0.585103	0.42	0.0742967
0.605279	0.42	0.0685132
0.625455	0.42	0.0625202
0.645631	0.42	0.0563219
0.665807	0.42	0.0499231
0.685983	0.42	0.0433289
0.706159	0.42	0.0365451
0.726335	0.42	0.0295776
0.746511	0.42	0.0224328
0.766687	0.42	0.0151171
0.786863	0.42	0.00763724
0.807039	0.42	0
0	0.44	0.15601
0.020601	0.44	0.155923
0.041202	0.44	0.155662
0.061803	0.44	0.155226
0.082404	0.44	0.154614
0.103005	0.44	0.153826
0.123606	0.44	0.152859
0.144207	0.44	0.151713
0.164808	0.44	0.150384
0.185409	0.44	0.14887
0.20601	0.44	0.147169
0.226611	0.44	0.145277
0.247212	0.44	0.143193
0.267813	0.44	0.140912
0.288414	0.44	0.138431
0.309015	0.44	0.135747
0.329616	0.44	0.132857
0.350217	0.44	0.129757
0.370818	0.44	0.126445
0.391419	0.44	0.122918
0.41202	0.44	0.119174
0.432621	0.44	0.11521
0.453222	0.44	0.111025
0.473823	0.44	0.106619
0.494424	0.44	0.10199
0.515025	0.44	0.0971401
0.535626	0.44	0.0920692
0.556227	0.44	0.0867794
0.576828	0.44	0.0812731
0.597429	0.44	0.0755533
0.61803	0.44	0.0696238
0.638631	0.44	0.063489
0.659232	0.44	0.0571538
0.679833	0.44	0.0506236
0.700434	0.44	0.0439046
0.721035	0.44	0.037003
0.741636	0.44	0.0299255
0.762237	0.44	0.0226792
0.782838	0.44	0.0152713
0.803439	0.44	0.00770905
0.82404	0.44	0
0	0.46	0.16005
0.0210261	0.46	0.159959
0.0420521	0.46	0.159685
0.0630782	0.46	0.159227
0.0841042	0.46	0.158584
0.10513	0.46	0.157756
0.126156	0.46	0.156742
0.147182	0.46	0.155538
0.168208	0.46	0.154144
0.189235	0.46	0.152557
0.210261	0.46	0.150775
0.231287	0.46	0.148794
0.252313	0.46	0.146613
0.273339	0.46	0.144228
0.294365	0.46	0.141636
0.315391	0.46	0.138835
0.336417	0.46	0.135822
0.357443	0.46	0.132593
0.378469	0.46	0.129147
0.399495	0.46	0.125482
0.420521	0.46	0.121596
0.441547	0.46	0.117487
0.462573	0.46	0.113155
0.483599	0.46	0.1086
0.504625	0.46	0.103822
0.525651	0.46	0.0988227
0.546677	0.46	0.0936033
0.567704	0.46	0.0881666
0.58873	0.46	0.0825158
0.609756	0.46	0.0766548
0.630782	0.46	0.0705883
0.651808	0.46	0.0643213
0.672834	0.46	0.0578597
0.69386	0.46	0.0512097
0.714886	0.46	0.0443782
0.735912	0.46	0.0373723
0.756938	0.46	0.0301996
0.777964	0.46	0.022868
0.79899	0.46	0.0153853
0.820016	0.46	0.00775994
0.841042	0.46	0
0	0.48	0.163856
0.0214511	0.48	0.16376
0.0429022	0.48	0.163473
0.0643533	0.48	0.162993
0.0858044	0.48	0.16232
0.107256	0.48	0.161453
0.128707	0.48	0.16039
0.150158	0.48	0.15913
0.171609	0.48	0.157672
0.19306	0.48	0.156012
0.214511	0.48	0.154149
0.235962	0.48	0.15208
0.257413	0.48	0.149803
0.278864	0.48	0.147316
0.300315	0.48	0.144615
0.321767	0.48	0.141698
0.343218	0.48	0.138563
0.364669	0.48	0.135208
0.38612	0.48	0.131632
0.407571	0.48	0.127831
0.429022	0.48	0.123807
0.450473	0.48	0.119557
0.471924	0.48	0.115082
0.493375	0.48	0.110383
0.514826	0.48	0.105461
0.536278	0.48	0.100317
0.557729	0.48	0.0949554
0.57918	0.48	0.0893784
0.600631	0.48	0.0835904
0.622082	0.48	0.0775962
0.643533	0.48	0.0714013
0.664984	0.48	0.0650117
0.686435	0.48	0.0584341
0.707886	0.48	0.0516758
0.729337	0.48	0.0447444
0.750789	0.48	0.0376481
0.77224	0.48	0.0303955
0.793691	0.48	0.0229953
0.815142	0.48	0.0154565
0.836593	0.48	0.00778837
0.858044	0.48	0
0	0.5	0.167429
0.0218761	0.5	0.167329
0.0437523	0.5	0.167028
0.0656284	0.5	0.166526
0.0875046	0.5	0.165823
0.109381	0.5	0.164916
0.131257	0.5	0.163806
0.153133	0.5	0.16249
0.175009	0.5	0.160967
0.196885	0.5	0.159235
0.218761	0.5	0.157292
0.240638	0.5	0.155136
0.262514	0.5	0.152764
0.28439	0.5	0.150175
0.306266	0.5	0.147366
0.328142	0.5	0.144336
0.350018	0.5	0.141082
0.371895	0.5	0.137602
0.393771	0.5	0.133897
0.415647	0.5	0.129964
0.437523	0.5	0.125804
0.459399	0.5	0.121416
0.481275	0.5	0.116802
0.503151	0.5	0.111963
0.525028	0.5	0.106901
0.546904	0.5	0.101619
0.56878	0.5	0.0961206
0.590656	0.5	0.0904097
0.612532	0.5	0.0844914
0.634408	0.5	0.0783716
0.656284	0.5	0.0720567
0.678161	0.5	0.0655538
0.700037	0.5	0.0588706
0.721913	0.5	0.0520154
0.743789	0.5	0.044997
0.765665	0.5	0.0378246
0.787541	0.5	0.0305079
0.809418	0.5	0.0230568
0.831294	0.5	0.0154816
0.85317	0.5	0.00779257
0.875046	0.5	0
0	0.52	0.170769
0.0223012	0.52	0.170665
0.0446024	0.52	0.170351
0.0669036	0.52	0.169827
0.0892048	0.52	0.169093
0.111506	0.52	0.168148
0.133807	0.52	0.16699
0.156108	0.52	0.165619
0.17841	0.52	0.164032
0.200711	0.52	0.162228
0.223012	0.52	0.160205
0.245313	0.52	0.157962
0.267614	0.52	0.155496
0.289916	0.52	0.152807
0.312217	0.52	0.149891
0.334518	0.52	0.146747
0.356819	0.52	0.143375
0.37912	0.52	0.139773
0.401422	0.52	0.135941
0.423723	0.52	0.131878
0.446024	0.52	0.127585
0.468325	0.52	0.123063
0.490626	0.52	0.118313
0.512927	0.52	0.113338
0.535229	0.52	0.10814
0.55753	0.52	0.102724
0.579831	0.52	0.0970936
0.602132	0.52	0.0912543
0.624433	0.52	0.0852123
0.646735	0.52	0.0789741
0.669036	0.52	0.0725474
0.691337	0.52	0.0659404
0.713638	0.52	0.0591619
0.735939	0.52	0.0522214
0.758241	0.52	0.045129
0.780542	0.52	0.0378952
0.802843	0.52	0.030531
0.825144	0.52	0.0230477
0.847445	0.52	0.015457
0.869747	0.52	0.00777049
0.892048	0.52	0
0	0.54	0.173878
0.0227262	0.54	0.173769
0.0454525	0.54	0.173442
0.0681787	0.54	0.172897
0.090905	0.54	0.172132
0.113631	0.54	0.171148
0.136357	0.54	0.169943
0.159084	0.54	0.168515
0.18181	0.54	0.166865
0.204536	0.54	0.164989
0.227262	0.54	0.162888
0.249989	0.54	0.160558
0.272715	0.54	0.157999
0.295441	0.54	0.155209
0.318167	0.54	0.152187
0.340894	0.54	0.148932
0.36362	0.54	0.145443
0.386346	0.54	0.141719
0.409072	0.54	0.137762
0.431799	0.54	0.133571
0.454525	0.54	0.129147
0.477251	0.54	0.124492
0.499977	0.54	0.119609
0.522704	0.54	0.114501
0.54543	0.54	0.109171
0.568156	0.54	0.103625
0.590882	0.54	0.0978679
0.613609	0.54	0.0919057
0.636335	0.54	0.0857458
0.659061	0.54	0.0793962
0.681787	0.54	0.0728656
0.704513	0.54	0.0661633
0.72724	0.54	0.0592997
0.749966	0.54	0.0522856
0.772692	0.54	0.0451325
0.795418	0.54	0.0378524
0.818145	0.54	0.030458
0.840871	0.54	0.0229622
0.863597	0.54	0.0153783
0.886323	0.54	0.00771976
0.90905	0.54	0
0	0.56	0.176756
0.0231513	0.56	0.176642
0.0463026	0.56	0.176302
0.0694539	0.56	0.175735
0.0926051	0.56	0.17494
0.115756	0.56	0.173917
0.138908	0.56	0.172664
0.162059	0.56	0.171181
0.18521	0.56	0.169467
0.208362	0.56	0.16752
0.231513	0.56	0.165339
0.254664	0.56	0.162923
0.277815	0.56	0.16027
0.300967	0.56	0.157381
0.324118	0.56	0.154253
0.347269	0.56	0.150887
0.370421	0.56	0.147282
0.393572	0.56	0.143438
0.416723	0.56	0.139357
0.439874	0.56	0.135038
0.463026	0.56	0.130485
0.486177	0.56	0.1257
0.509328	0.56	0.120687
0.53248	0.56	0.115448
0.555631	0.56	0.109989
0.578782	0.56	0.104317
0.601933	0.56	0.0984365
0.625085	0.56	0.0923562
0.648236	0.56	0.0860841
0.671387	0.56	0.0796294
0.694539	0.56	0.0730023
0.71769	0.56	0.0662136
0.740841	0.56	0.0592749
0.763992	0.56	0.0521989
0.787144	0.56	0.0449986
0.810295	0.56	0.037688
0.833446	0.56	0.0302814
0.856598	0.56	0.0227939
0.879749	0.56	0.0152408
0.9029	0.56	0.00763763
0.926051	0.56	0
0	0.58	0.179403
0.0235763	0.58	0.179285
0.0471527	0.58	0.178932
0.070729	0.58	0.178343
0.0943053	0.58	0.177517
0.117882	0.58	0.176455
0.141458	0.58	0.175155
0.165034	0.58	0.173616
0.188611	0.58	0.171838
0.212187	0.58	0.169819
0.235763	0.58	0.167559
0.25934	0.58	0.165057
0.282916	0.58	0.162311
0.306492	0.58	0.159322
0.330069	0.58	0.156089
0.353645	0.58	0.152611
0.377221	0.58	0.148891
0.400798	0.58	0.144927
0.424374	0.58	0.140722
0.44795	0.58	0.136278
0.471527	0.58	0.131597
0.495103	0.58	0.126683
0.518679	0.58	0.12154
0.542256	0.58	0.116173
0.565832	0.58	0.110588
0.589408	0.58	0.104791
0.612985	0.58	0.0987917
0.636561	0.58	0.0925974
0.660137	0.58	0.0862181
0.683714	0.58	0.0796644
0.70729	0.58	0.0729478
0.730866	0.58	0.066081
0.754443	0.58	0.0590772
0.778019	0.58	0.0519509
0.801595	0.58	0.0447172
0.825172	0.58	0.0373921
0.848748	0.58	0.0299923
0.872324	0.58	0.0225352
0.895901	0.58	0.0150387
0.919477	0.58	0.00752086
0.943053	0.58	0
0	0.6	0.181819
0.0240014	0.6	0.181697
0.0480028	0.6	0.181331
0.0720041	0.6	0.18072
0.0960055	0.6	0.179864
0.120007	0.6	0.178762
0.144008	0.6	0.177414
0.16801	0.6	0.175819
0.192011	0.6	0.173977
0.216012	0.6	0.171886
0.240014	0.6	0.169547
0.264015	0.6	0.166958
0.288017	0.6	0.164119
0.312018	0.6	0.16103
0.336019	0.6	0.157691
0.360021	0.6	0.154103
0.384022	0.6	0.150266
0.408023	0.6	0.146183
0.432025	0.6	0.141855
0.456026	0.6	0.137285
0.480028	0.6	0.132476
0.504029	0.6	0.127434
0.52803	0.6	0.122163
0.552032	0.6	0.116669
0.576033	0.6	0.110959
0.600034	0.6	0.105041
0.624036	0.6	0.0989251
0.648037	0.6	0.0926203
0.672039	0.6	0.0861381
0.69604	0.6	0.0794907
0.720041	0.6	0.0726913
0.744043	0.6	0.0657543
0.768044	0.6	0.0586951
0.792045	0.6	0.0515301
0.816047	0.6	0.0442769
0.840048	0.6	0.0369539
0.86405	0.6	0.0295807
0.888051	0.6	0.0221775
0.912052	0.6	0.0147653
0.936054	0.6	0.00736557
0.960055	0.6	0
0	0.62	0.184006
0.0244264	0.62	0.183879
0.0488528	0.62	0.1835
0.0732793	0.62	0.182866
0.0977057	0.62	0.181979
0.122132	0.62	0.180838
0.146559	0.62	0.179442
0.170985	0.62	0.177791
0.195411	0.62	0.175884
0.219838	0.62	0.173722
0.244264	0.62	0.171302
0.268691	0.62	0.168626
0.293117	0.62	0.165693
0.317544	0.62	0.162504
0.34197	0.62	0.159059
0.366396	0.62	0.155359
0.390823	0.62	0.151406
0.415249	0.62	0.147203
0.439676	0.62	0.142751
0.464102	0.62	0.138055
0.488528	0.62	0.133119
0.512955	0.62	0.127948
0.537381	0.62	0.122549
0.561808	0.62	0.116929
0.586234	0.62	0.111095
0.610661	0.62	0.105058
0.635087	0.62	0.0988273
0.659513	0.62	0.0924149
0.68394	0.62	0.0858335
0.708366	0.62	0.0790971
0.732793	0.62	0.0722208
0.757219	0.62	0.0652211
0.781646	0.62	0.0581156
0.806072	0.62	0.0509233
0.830498	0.62	0.0436645
0.854925	0.62	0.0363608
0.879351	0.62	0.0290347
0.903778	0.62	0.0217103
0.928204	0.62	0.0144126
0.952631	0.62	0.00716712
0.977057	0.62	0
0	0.64	0.185962
0.0248515	0.64	0.185831
0.0497029	0.64	0.185438
0.0745544	0.64	0.184782
0.0994059	0.64	0.183864
0.124257	0.64	0.182683
0.149109	0.64	0.181239
0.17396	0.64	0.179531
0.198812	0.64	0.177559
0.223663	0.64	0.175324
0.248515	0.64	0.172824
0.273366	0.64	0.17006
0.298218	0.64	0.167032
0.323069	0.64	0.163742
0.347921	0.64	0.16019
0.372772	0.64	0.156378
0.397624	0.64	0.152308
0.422475	0.64	0.147983
0.447326	0.64	0.143407
0.472178	0.64	0.138584
0.497029	0.64	0.13352
0.521881	0.64	0.12822
0.546732	0.64	0.122693
0.571584	0.64	0.116946
0.596435	0.64	0.110989
0.621287	0.64	0.104832
0.646138	0.64	0.0984884
0.67099	0.64	0.0919703
0.695841	0.64	0.0852925
0.720693	0.64	0.078471
0.745544	0.64	0.071523
0.770396	0.64	0.0644673
0.795247	0.64	0.0573243
0.820099	0.64	0.0501158
0.84495	0.64	0.0428654
0.869801	0.64	0.035598
0.894653	0.64	0.0283406
0.919504	0.64	0.0211216
0.944356	0.64	0.013971
0.969207	0.64	0.0069198
0.994059	0.64	0
0	0.66	0.187689
0.0252765	0.66	0.187553
0.050553	0.66	0.187146
0.0758295	0.66	0.186468
0.101106	0.66	0.185519
0.126383	0.66	0.184297
0.151659	0.66	0.182804
0.176936	0.66	0.181039
0.202212	0.66	0.179001
0.227489	0.66	0.176692
0.252765	0.66	0.17411
0.278042	0.66	0.171258
0.303318	0.66	0.168134
0.328595	0.66	0.164741
0.353871	0.66	0.161081
0.379148	0.66	0.157155
0.404424	0.66	0.152967
0.429701	0.66	0.148519
0.454977	0.66	0.143818
0.480254	0.66	0.138866
0.50553	0.66	0.133672
0.530807	0.66	0.128243
0.556083	0.66	0.122586
0.58136	0.66	0.116711
0.606636	0.66	0.11063
0.631913	0.66	0.104354
0.657189	0.66	0.0978976
0.682466	0.66	0.0912748
0.707742	0.66	0.0845025
0.733019	0.66	0.0775987
0.758295	0.66	0.0705833
0.783572	0.66	0.0634776
0.808849	0.66	0.0563051
0.834125	0.66	0.0490908
0.859402	0.66	0.0418623
0.884678	0.66	0.0346488
0.909955	0.66	0.0274823
0.935231	0.66	0.0203968
0.960508	0.66	0.0134287
0.985784	0.66	0.00661649
1.01106	0.66	0
0	0.68	0.189185
0.0257016	0.68	0.189045
0.0514031	0.68	0.188624
0.0771047	0.68	0.187923
0.102806	0.68	0.186942
0.128508	0.68	0.18568
0.154209	0.68	0.184137
0.179911	0.68	0.182314
0.205612	0.68	0.18021
0.231314	0.68	0.177825
0.257016	0.68	0.175161
0.282717	0.68	0.172218
0.308419	0.68	0.168998
0.33412	0.68	0.165501
0.359822	0.68	0.161731
0.385523	0.68	0.157689
0.411225	0.68	0.153381
0.436927	0.68	0.148809
0.462628	0.68	0.143979
0.48833	0.68	0.138897
0.514031	0.68	0.133571
0.539733	0.68	0.128009
0.565434	0.68	0.122221
0.591136	0.68	0.116217
0.616837	0.68	0.11001
0.642539	0.68	0.103614
0.668241	0.68	0.0970433
0.693942	0.68	0.0903157
0.719644	0.68	0.0834496
0.745345	0.68	0.0764654
0.771047	0.68	0.0693857
0.796748	0.68	0.0622348
0.82245	0.68	0.0550396
0.848152	0.68	0.0478293
0.873853	0.68	0.0406356
0.899555	0.68	0.0334933
0.925256	0.68	0.0264403
0.950958	0.68	0.0195178
0.976659	0.68	0.012771
1.00236	0.68	0.00624809
1.02806	0.68	0
0	0.7	0.190451
0.0261266	0.7	0.190306
0.0522532	0.7	0.189872
0.0783798	0.7	0.189148
0.104506	0.7	0.188134
0.130633	0.7	0.186831
0.15676	0.7	0.185238
0.182886	0.7	0.183355
0.209013	0.7	0.181184
0.235139	0.7	0.178723
0.261266	0.7	0.175975
0.287393	0.7	0.172941
0.313519	0.7	0.169621
0.339646	0.7	0.166019
0.365773	0.7	0.162137
0.391899	0.7	0.157977
0.418026	0.7	0.153546
0.444152	0.7	0.148846
0.470279	0.7	0.143886
0.496406	0.7	0.138671
0.522532	0.7	0.13321
0.548659	0.7	0.127513
0.574785	0.7	0.12159
0.600912	0.7	0.115454
0.627039	0.7	0.109119
0.653165	0.7	0.102599
0.679292	0.7	0.0959132
0.705418	0.7	0.0890794
0.731545	0.7	0.0821188
0.757672	0.7	0.0750547
0.783798	0.7	0.0679123
0.809925	0.7	0.0607197
0.836051	0.7	0.0535075
0.862178	0.7	0.0463094
0.888305	0.7	0.0391625
0.914431	0.7	0.0321079
0.940558	0.7	0.0251911
0.966685	0.7	0.0184627
0.992811	0.7	0.0119791
1.01894	0.7	0.00580265
1.04506	0.7	0
0	0.72	0.191487
0.0265517	0.72	0.191338
0.0531033	0.72	0.190889
0.079655	0.72	0.190142
0.106207	0.72	0.189095
0.132758	0.72	0.18775
0.15931	0.72	0.186106
0.185862	0.72	0.184163
0.212413	0.72	0.181923
0.238965	0.72	0.179385
0.265517	0.72	0.176552
0.292068	0.72	0.173424
0.31862	0.72	0.170003
0.345172	0.72	0.166293
0.371723	0.72	0.162296
0.398275	0.72	0.158016
0.424826	0.72	0.153458
0.451378	0.72	0.148629
0.47793	0.72	0.143534
0.504481	0.72	0.138182
0.531033	0.72	0.132583
0.557585	0.72	0.126746
0.584136	0.72	0.120685
0.610688	0.72	0.114413
0.63724	0.72	0.107945
0.663791	0.72	0.101299
0.690343	0.72	0.0944941
0.716895	0.72	0.0875512
0.743446	0.72	0.080494
0.769998	0.72	0.0733487
0.79655	0.72	0.0661437
0.823101	0.72	0.058911
0.849653	0.72	0.0516855
0.876205	0.72	0.0445062
0.902756	0.72	0.0374163
0.929308	0.72	0.0304647
0.95586	0.72	0.0237061
0.982411	0.72	0.0172033
1.00896	0.72	0.0110286
1.03551	0.72	0.00526406
1.06207	0.72	0
0	0.74	0.192293
0.0269767	0.74	0.192139
0.0539534	0.74	0.191676
0.0809301	0.74	0.190905
0.107907	0.74	0.189825
0.134884	0.74	0.188437
0.16186	0.74	0.18674
0.188837	0.74	0.184737
0.215814	0.74	0.182426
0.24279	0.74	0.17981
0.269767	0.74	0.176889
0.296744	0.74	0.173666
0.32372	0.74	0.170142
0.350697	0.74	0.166321
0.377674	0.74	0.162206
0.404651	0.74	0.157802
0.431627	0.74	0.153115
0.458604	0.74	0.148151
0.485581	0.74	0.142918
0.512557	0.74	0.137425
0.539534	0.74	0.131682
0.566511	0.74	0.125702
0.593487	0.74	0.119497
0.620464	0.74	0.113084
0.647441	0.74	0.106478
0.674418	0.74	0.0997007
0.701394	0.74	0.0927718
0.728371	0.74	0.0857154
0.755348	0.74	0.0785577
0.782324	0.74	0.071328
0.809301	0.74	0.0640584
0.836278	0.74	0.056785
0.863254	0.74	0.0495476
0.890231	0.74	0.042391
0.917208	0.74	0.0353658
0.944185	0.74	0.0285296
0.971161	0.74	0.0219492
0.998138	0.74	0.0157033
1.02511	0.74	0.0098862
1.05209	0.74	0.00461004
1.07907	0.74	0
0	0.76	0.192869
0.0274017	0.76	0.19271
0.0548035	0.76	0.192232
0.0822052	0.76	0.191436
0.109607	0.76	0.190323
0.137009	0.76	0.188891
0.16441	0.76	0.187142
0.191812	0.76	0.185076
0.219214	0.76	0.182694
0.246616	0.76	0.179997
0.274017	0.76	0.176987
0.301419	0.76	0.173665
0.328821	0.76	0.170035
0.356223	0.76	0.1661
0.383624	0.76	0.161865
0.411026	0.76	0.157333
0.438428	0.76	0.152513
0.46583	0.76	0.14741
0.493231	0.76	0.142033
0.520633	0.76	0.136394
0.548035	0.76	0.130502
0.575437	0.76	0.124371
0.602838	0.76	0.118017
0.63024	0.76	0.111456
0.657642	0.76	0.104707
0.685044	0.76	0.0977907
0.712445	0.76	0.0907314
0.739847	0.76	0.0835552
0.767249	0.76	0.0762911
0.794651	0.76	0.0689716
0.822052	0.76	0.0616328
0.849454	0.76	0.0543153
0.876856	0.76	0.0470642
0.904258	0.76	0.0399308
0.931659	0.76	0.0329738
0.959061	0.76	0.0262613
0.986463	0.76	0.0198747
1.01386	0.76	0.0139142
1.04127	0.76	0.00850635
1.06867	0.76	0.00380902
1.09607	0.76	0
0	0.78	0.193214
0.0278268	0.78	0.19305
0.0556536	0.78	0.192558
0.0834804	0.78	0.191737
0.111307	0.78	0.190589
0.139134	0.78	0.189113
0.166961	0.78	0.18731
0.194788	0.78	0.18518
0.222614	0.78	0.182725
0.250441	0.78	0.179945
0.278268	0.78	0.176843
0.306095	0.78	0.173421
0.333922	0.78	0.169682
0.361748	0.78	0.16563
0.389575	0.78	0.16127
0.417402	0.78	0.156606
0.445229	0.78	0.151647
0.473055	0.78	0.1464
0.500882	0.78	0.140875
0.528709	0.78	0.135082
0.556536	0.78	0.129035
0.584363	0.78	0.122747
0.612189	0.78	0.116236
0.640016	0.78	0.109519
0.667843	0.78	0.102618
0.69567	0.78	0.0955553
0.723497	0.78	0.0883573
0.751323	0.78	0.0810527
0.77915	0.78	0.0736739
0.806977	0.78	0.0662566
0.834804	0.78	0.0588411
0.862631	0.78	0.0514726
0.890457	0.78	0.044202
0.918284	0.78	0.0370874
0.946111	0.78	0.0301963
0.973938	0.78	0.0236084
1.00176	0.78	0.0174231
1.02959	0.78	0.0117699
1.05742	0.78	0.00682397
1.08524	0.78	0.00281574
1.11307	0.78	0
0	0.8	0.193329
0.0282518	0.8	0.19316
0.0565037	0.8	0.192653
0.0847555	0.8	0.191807
0.113007	0.8	0.190623
0.141259	0.8	0.189102
0.169511	0.8	0.187244
0.197763	0.8	0.185049
0.226015	0.8	0.182518
0.254267	0.8	0.179654
0.282518	0.8	0.176458
0.31077	0.8	0.172933
0.339022	0.8	0.169081
0.367274	0.8	0.164908
0.395526	0.8	0.160419
0.423778	0.8	0.155618
0.452029	0.8	0.150515
0.480281	0.8	0.145118
0.508533	0.8	0.139437
0.536785	0.8	0.133484
0.565037	0.8	0.127274
0.593289	0.8	0.120821
0.62154	0.8	0.114143
0.649792	0.8	0.107262
0.678044	0.8	0.100199
0.706296	0.8	0.0929799
0.734548	0.8	0.0856327
0.7628	0.8	0.0781892
0.791051	0.8	0.0706847
0.819303	0.8	0.0631586
0.847555	0.8	0.0556553
0.875807	0.8	0.0482247
0.904059	0.8	0.0409236
0.932311	0.8	0.0338168
0.960562	0.8	0.0269803
0.988814	0.8	0.0205063
1.01707	0.8	0.0145152
1.04532	0.8	0.00917731
1.07357	0.8	0.0047444
1.10182	0.8	0.00156587
1.13007	0.8	0
