0	0	0
0.00625	0	0
0.0125	0	0
0.01875	0	0
0.025	0	0
0.03125	0	0
0.0375	0	0
0.04375	0	0
0.05	0	0
0.05625	0	0
0.0625	0	0
0.06875	0	0
0.075	0	0
0.08125	0	0
0.0875	0	0
0.09375	0	0
0.1	0	0
0.10625	0	0
0.1125	0	0
0.11875	0	0
0.125	0	0
0.13125	0	0
0.1375	0	0
0.14375	0	0
0.15	0	0
0.15625	0	0
0.1625	0	0
0.16875	0	0
0.175	0	0
0.18125	0	0
0.1875	0	0
0.19375	0	0
0.2	0	0
0.20625	0	0
0.2125	0	0
0.21875	0	0
0.225	0	0
0.23125	0	0
0.2375	0	0
0.24375	0	0
0.25	0	0
0	0.0225	0.00957858
0.00679217	0.0225	0.00957638
0.0135843	0.0225	0.00956976
0.0203765	0.0225	0.00955869
0.0271687	0.0225	0.00954314
0.0339608	0.0225	0.00952306
0.040753	0.0225	0.00949837
0.0475452	0.0225	0.00946898
0.0543373	0.0225	0.0094348
0.0611295	0.0225	0.00939569
0.0679217	0.0225	0.00935149
0.0747138	0.0225	0.00930205
0.081506	0.0225	0.00924715
0.0882982	0.0225	0.00918656
0.0950903	0.0225	0.00912002
0.101883	0.0225	0.0090472
0.108675	0.0225	0.00896776
0.115467	0.0225	0.00888128
0.122259	0.0225	0.00878728
0.129051	0.0225	0.0086852
0.135843	0.0225	0.00857439
0.142636	0.0225	0.00845406
0.149428	0.0225	0.00832332
0.15622	0.0225	0.00818107
0.163012	0.0225	0.00802599
0.169804	0.0225	0.00785652
0.176596	0.0225	0.00767073
0.183389	0.0225	0.00746626
0.190181	0.0225	0.00724024
0.196973	0.0225	0.00698907
0.203765	0.0225	0.00670833
0.210557	0.0225	0.00639249
0.217349	0.0225	0.00603465
0.224142	0.0225	0.00562617
0.230934	0.0225	0.00515625
0.237726	0.0225	0.00461137
0.244518	0.0225	0.00397461
0.25131	0.0225	0.00322483
0.258102	0.0225	0.00233566
0.264895	0.0225	0.00127429
0.271687	0.0225	0
0	0.045	0.0186994
0.00733433	0.045	0.0186944
0.0146687	0.045	0.0186792
0.022003	0.045	0.0186538
0.0293373	0.045	0.0186182
0.0366717	0.045	0.0185721
0.044006	0.045	0.0185155
0.0513403	0.045	0.018448
0.0586747	0.045	0.0183694
0.066009	0.045	0.0182794
0.0733433	0.045	0.0181776
0.0806777	0.045	0.0180635
0.088012	0.045	0.0179367
0.0953463	0.045	0.0177964
0.102681	0.045	0.0176421
0.110015	0.045	0.017473
0.117349	0.045	0.017288
0.124684	0.045	0.0170861
0.132018	0.045	0.0168662
0.139352	0.045	0.0166267
0.146687	0.045	0.0163661
0.154021	0.045	0.0160823
0.161355	0.045	0.0157732
0.16869	0.045	0.0154362
0.176024	0.045	0.0150682
0.183358	0.045	0.0146657
0.190693	0.045	0.0142246
0.198027	0.045	0.01374
0.205361	0.045	0.0132064
0.212696	0.045	0.0126175
0.22003	0.045	0.011966
0.227364	0.045	0.0112436
0.234699	0.045	0.0104413
0.242033	0.045	0.00954918
0.249367	0.045	0.00855671
0.256702	0.045	0.00745321
0.264036	0.045	0.00622848
0.27137	0.045	0.00487379
0.278705	0.045	0.00338334
0.286039	0.045	0.00175637
0.293373	0.045	0
0	0.0675	0.0274092
0.0078765	0.0675	0.0274008
0.015753	0.0675	0.0273753
0.0236295	0.0675	0.0273327
0.031506	0.0675	0.0272728
0.0393825	0.0675	0.0271954
0.047259	0.0675	0.0271002
0.0551355	0.0675	0.0269868
0.063012	0.0675	0.0268546
0.0708885	0.0675	0.0267031
0.078765	0.0675	0.0265316
0.0866415	0.0675	0.0263393
0.094518	0.0675	0.0261254
0.102395	0.0675	0.0258887
0.110271	0.0675	0.0256281
0.118148	0.0675	0.0253422
0.126024	0.0675	0.0250293
0.133901	0.0675	0.0246878
0.141777	0.0675	0.0243155
0.149654	0.0675	0.0239102
0.15753	0.0675	0.0234691
0.165407	0.0675	0.0229893
0.173283	0.0675	0.0224675
0.18116	0.0675	0.0218997
0.189036	0.0675	0.0212817
0.196913	0.0675	0.0206088
0.204789	0.0675	0.0198758
0.212666	0.0675	0.0190767
0.220542	0.0675	0.0182056
0.228419	0.0675	0.0172557
0.236295	0.0675	0.0162203
0.244172	0.0675	0.0150924
0.252048	0.0675	0.0138654
0.259925	0.0675	0.0125329
0.267801	0.0675	0.0110895
0.275678	0.0675	0.00953102
0.283554	0.0675	0.00785507
0.291431	0.0675	0.00606122
0.299307	0.0675	0.00415131
0.307184	0.0675	0.00212921
0.31506	0.0675	0
0	0.09	0.0357514
0.00841867	0.09	0.035739
0.0168373	0.09	0.0357017
0.025256	0.09	0.0356394
0.0336747	0.09	0.0355519
0.0420933	0.09	0.0354387
0.050512	0.09	0.0352993
0.0589307	0.09	0.0351333
0.0673494	0.09	0.0349398
0.075768	0.09	0.0347181
0.0841867	0.09	0.0344671
0.0926054	0.09	0.0341858
0.101024	0.09	0.0338727
0.109443	0.09	0.0335263
0.117861	0.09	0.0331451
0.12628	0.09	0.032727
0.134699	0.09	0.0322699
0.143117	0.09	0.0317713
0.151536	0.09	0.0312286
0.159955	0.09	0.0306387
0.168373	0.09	0.0299983
0.176792	0.09	0.0293037
0.185211	0.09	0.0285509
0.193629	0.09	0.0277356
0.202048	0.09	0.026853
0.210467	0.09	0.0258982
0.218885	0.09	0.0248661
0.227304	0.09	0.0237513
0.235723	0.09	0.0225486
0.244141	0.09	0.0212527
0.25256	0.09	0.0198588
0.260979	0.09	0.0183623
0.269397	0.09	0.0167596
0.277816	0.09	0.0150479
0.286235	0.09	0.0132253
0.294653	0.09	0.0112913
0.303072	0.09	0.0092463
0.311491	0.09	0.00709204
0.319909	0.09	0.00483091
0.328328	0.09	0.00246588
0.336747	0.09	0
0	0.1125	0.0437648
0.00896084	0.1125	0.0437481
0.0179217	0.1125	0.0436978
0.0268825	0.1125	0.0436139
0.0358433	0.1125	0.0434958
0.0448042	0.1125	0.0433433
0.053765	0.1125	0.0431555
0.0627259	0.1125	0.0429318
0.0716867	0.1125	0.0426713
0.0806475	0.1125	0.0423727
0.0896084	0.1125	0.0420349
0.0985692	0.1125	0.0416564
0.10753	0.1125	0.0412355
0.116491	0.1125	0.0407703
0.125452	0.1125	0.0402588
0.134413	0.1125	0.0396985
0.143373	0.1125	0.0390868
0.152334	0.1125	0.038421
0.161295	0.1125	0.0376978
0.170256	0.1125	0.036914
0.179217	0.1125	0.0360657
0.188178	0.1125	0.0351492
0.197138	0.1125	0.0341603
0.206099	0.1125	0.0330948
0.21506	0.1125	0.0319483
0.224021	0.1125	0.0307162
0.232982	0.1125	0.0293942
0.241943	0.1125	0.0279782
0.250903	0.1125	0.026464
0.259864	0.1125	0.0248482
0.268825	0.1125	0.0231278
0.277786	0.1125	0.0213003
0.286747	0.1125	0.0193641
0.295708	0.1125	0.0173183
0.304668	0.1125	0.0151629
0.313629	0.1125	0.0128985
0.32259	0.1125	0.0105263
0.331551	0.1125	0.00804825
0.340512	0.1125	0.00546631
0.349473	0.1125	0.00278278
0.358433	0.1125	0
0	0.135	0.051483
0.009503	0.135	0.0514617
0.019006	0.135	0.0513976
0.028509	0.135	0.0512905
0.038012	0.135	0.05114
0.047515	0.135	0.0509455
0.057018	0.135	0.0507063
0.066521	0.135	0.0504213
0.076024	0.135	0.0500896
0.085527	0.135	0.0497097
0.09503	0.135	0.0492802
0.104533	0.135	0.0487993
0.114036	0.135	0.0482651
0.123539	0.135	0.0476755
0.133042	0.135	0.047028
0.142545	0.135	0.04632
0.152048	0.135	0.0455488
0.161551	0.135	0.0447111
0.171054	0.135	0.0438039
0.180557	0.135	0.0428235
0.19006	0.135	0.0417663
0.199563	0.135	0.0406286
0.209066	0.135	0.0394066
0.218569	0.135	0.0380963
0.228072	0.135	0.0366941
0.237575	0.135	0.0351962
0.247078	0.135	0.0335993
0.256581	0.135	0.0319001
0.266084	0.135	0.0300961
0.275587	0.135	0.0281849
0.28509	0.135	0.026165
0.294593	0.135	0.0240352
0.304096	0.135	0.021795
0.313599	0.135	0.0194446
0.323102	0.135	0.0169845
0.332605	0.135	0.0144157
0.342108	0.135	0.0117398
0.351611	0.135	0.00895837
0.361114	0.135	0.00607327
0.370617	0.135	0.00308647
0.38012	0.135	0
0	0.1575	0.0589344
0.0100452	0.1575	0.0589083
0.0200903	0.1575	0.0588298
0.0301355	0.1575	0.0586986
0.0401807	0.1575	0.0585143
0.0502259	0.1575	0.0582762
0.060271	0.1575	0.0579834
0.0703162	0.1575	0.0576349
0.0803614	0.1575	0.0572294
0.0904065	0.1575	0.0567654
0.100452	0.1575	0.0562413
0.110497	0.1575	0.0556551
0.120542	0.1575	0.0550048
0.130587	0.1575	0.054288
0.140632	0.1575	0.0535022
0.150678	0.1575	0.0526447
0.160723	0.1575	0.0517125
0.170768	0.1575	0.0507026
0.180813	0.1575	0.0496118
0.190858	0.1575	0.0484366
0.200903	0.1575	0.0471738
0.210949	0.1575	0.0458199
0.220994	0.1575	0.0443715
0.231039	0.1575	0.0428253
0.241084	0.1575	0.0411783
0.251129	0.1575	0.0394276
0.261174	0.1575	0.0375707
0.27122	0.1575	0.0356054
0.281265	0.1575	0.03353
0.29131	0.1575	0.0313432
0.301355	0.1575	0.0290442
0.3114	0.1575	0.0266327
0.321445	0.1575	0.0241089
0.331491	0.1575	0.0214732
0.341536	0.1575	0.0187267
0.351581	0.1575	0.0158705
0.361626	0.1575	0.012906
0.371671	0.1575	0.00983497
0.381716	0.1575	0.00665906
0.391762	0.1575	0.00338011
0.401807	0.1575	0
0	0.18	0.0661421
0.0105873	0.18	0.066111
0.0211747	0.18	0.0660177
0.031762	0.18	0.0658618
0.0423494	0.18	0.0656429
0.0529367	0.18	0.0653602
0.063524	0.18	0.0650128
0.0741114	0.18	0.0645994
0.0846987	0.18	0.0641188
0.095286	0.18	0.0635694
0.105873	0.18	0.0629495
0.116461	0.18	0.0622569
0.127048	0.18	0.0614895
0.137635	0.18	0.060645
0.148223	0.18	0.0597208
0.15881	0.18	0.0587142
0.169397	0.18	0.0576223
0.179985	0.18	0.0564422
0.190572	0.18	0.0551708
0.201159	0.18	0.0538051
0.211747	0.18	0.052342
0.222334	0.18	0.0507786
0.232921	0.18	0.049112
0.243509	0.18	0.0473394
0.254096	0.18	0.0454586
0.264683	0.18	0.0434674
0.275271	0.18	0.0413639
0.285858	0.18	0.0391467
0.296445	0.18	0.0368148
0.307033	0.18	0.0343677
0.31762	0.18	0.031805
0.328207	0.18	0.029127
0.338795	0.18	0.0263341
0.349382	0.18	0.0234272
0.359969	0.18	0.0204073
0.370557	0.18	0.0172759
0.381144	0.18	0.0140343
0.391732	0.18	0.0106842
0.402319	0.18	0.00722723
0.412906	0.18	0.00366523
0.423494	0.18	0
0	0.2025	0.0731243
0.0111295	0.2025	0.0730882
0.022259	0.2025	0.07298
0.0333885	0.2025	0.0727992
0.044518	0.2025	0.0725453
0.0556475	0.2025	0.0722176
0.066777	0.2025	0.071815
0.0779065	0.2025	0.0713364
0.089036	0.2025	0.0707804
0.100166	0.2025	0.0701453
0.111295	0.2025	0.0694293
0.122425	0.2025	0.0686304
0.133554	0.2025	0.0677465
0.144684	0.2025	0.0667752
0.155813	0.2025	0.065714
0.166943	0.2025	0.0645603
0.178072	0.2025	0.0633113
0.189202	0.2025	0.0619644
0.200331	0.2025	0.0605168
0.211461	0.2025	0.0589658
0.22259	0.2025	0.0573087
0.23372	0.2025	0.0555429
0.244849	0.2025	0.0536663
0.255979	0.2025	0.0516765
0.267108	0.2025	0.0495719
0.278238	0.2025	0.0473508
0.289367	0.2025	0.0450121
0.300497	0.2025	0.0425549
0.311626	0.2025	0.0399786
0.322756	0.2025	0.0372832
0.333885	0.2025	0.0344688
0.345015	0.2025	0.0315359
0.356144	0.2025	0.0284854
0.367274	0.2025	0.0253181
0.378403	0.2025	0.0220353
0.389533	0.2025	0.0186385
0.400662	0.2025	0.0151291
0.411792	0.2025	0.0115089
0.422921	0.2025	0.00777938
0.434051	0.2025	0.0039425
0.44518	0.2025	0
0	0.225	0.0798951
0.0116717	0.225	0.0798541
0.0233433	0.225	0.0797308
0.035015	0.225	0.0795251
0.0466867	0.225	0.0792362
0.0583584	0.225	0.0788634
0.07003	0.225	0.0784058
0.0817017	0.225	0.0778621
0.0933734	0.225	0.0772309
0.105045	0.225	0.0765106
0.116717	0.225	0.0756993
0.128388	0.225	0.0747952
0.14006	0.225	0.0737961
0.151732	0.225	0.0726997
0.163403	0.225	0.0715038
0.175075	0.225	0.0702057
0.186747	0.225	0.0688032
0.198418	0.225	0.0672936
0.21009	0.225	0.0656746
0.221762	0.225	0.0639438
0.233433	0.225	0.062099
0.245105	0.225	0.060138
0.256777	0.225	0.058059
0.268448	0.225	0.0558604
0.28012	0.225	0.0535409
0.291792	0.225	0.0510993
0.303463	0.225	0.048535
0.315135	0.225	0.0458476
0.326807	0.225	0.0430369
0.338478	0.225	0.0401032
0.35015	0.225	0.037047
0.361822	0.225	0.0338689
0.373494	0.225	0.03057
0.385165	0.225	0.0271515
0.396837	0.225	0.0236147
0.408509	0.225	0.0199611
0.42018	0.225	0.0161923
0.431852	0.225	0.01231
0.443524	0.225	0.00831601
0.455195	0.225	0.00421205
0.466867	0.225	0
0	0.2475	0.086465
0.0122138	0.2475	0.086419
0.0244277	0.2475	0.0862808
0.0366415	0.2475	0.0860502
0.0488554	0.2475	0.0857266
0.0610692	0.2475	0.0853091
0.073283	0.2475	0.0847968
0.0854969	0.2475	0.0841885
0.0977107	0.2475	0.0834829
0.109925	0.2475	0.0826783
0.122138	0.2475	0.081773
0.134352	0.2475	0.0807652
0.146566	0.2475	0.0796527
0.15878	0.2475	0.0784336
0.170994	0.2475	0.0771057
0.183208	0.2475	0.0756666
0.195421	0.2475	0.0741143
0.207635	0.2475	0.0724464
0.219849	0.2475	0.0706609
0.232063	0.2475	0.0687558
0.244277	0.2475	0.0667293
0.256491	0.2475	0.0645796
0.268704	0.2475	0.0623054
0.280918	0.2475	0.0599054
0.293132	0.2475	0.0573788
0.305346	0.2475	0.054725
0.31756	0.2475	0.0519435
0.329774	0.2475	0.0490344
0.341988	0.2475	0.0459978
0.354201	0.2475	0.0428344
0.366415	0.2475	0.0395448
0.378629	0.2475	0.03613
0.390843	0.2475	0.0325911
0.403057	0.2475	0.0289295
0.415271	0.2475	0.0251468
0.427484	0.2475	0.0212444
0.439698	0.2475	0.0172241
0.451912	0.2475	0.0130876
0.464126	0.2475	0.00883686
0.47634	0.2475	0.00447369
0.488554	0.2475	0
0	0.27	0.0928412
0.012756	0.27	0.0927902
0.025512	0.27	0.0926373
0.038268	0.27	0.0923821
0.051024	0.27	0.092024
0.06378	0.27	0.0915623
0.076536	0.27	0.090996
0.089292	0.27	0.090324
0.102048	0.27	0.0895449
0.114804	0.27	0.0886573
0.12756	0.27	0.0876596
0.140316	0.27	0.0865498
0.153072	0.27	0.0853263
0.165828	0.27	0.0839871
0.178584	0.27	0.0825301
0.19134	0.27	0.0809534
0.204096	0.27	0.0792551
0.216852	0.27	0.0774332
0.229608	0.27	0.075486
0.242364	0.27	0.0734119
0.25512	0.27	0.0712093
0.267876	0.27	0.0688771
0.280632	0.27	0.066414
0.293388	0.27	0.0638195
0.306144	0.27	0.0610929
0.3189	0.27	0.058234
0.331656	0.27	0.0552427
0.344412	0.27	0.0521195
0.357168	0.27	0.0488647
0.369924	0.27	0.0454791
0.38268	0.27	0.0419638
0.395436	0.27	0.0383199
0.408192	0.27	0.0345488
0.420948	0.27	0.0306519
0.433704	0.27	0.0266308
0.44646	0.27	0.0224874
0.459216	0.27	0.0182234
0.471972	0.27	0.0138407
0.484728	0.27	0.00934122
0.497484	0.27	0.00472699
0.51024	0.27	0
0	0.2925	0.0990283
0.0132982	0.2925	0.0989725
0.0265963	0.2925	0.098805
0.0398945	0.2925	0.0985255
0.0531927	0.2925	0.0981334
0.0664909	0.2925	0.0976281
0.079789	0.2925	0.0970086
0.0930872	0.2925	0.0962738
0.106385	0.2925	0.0954226
0.119684	0.2925	0.0944534
0.132982	0.2925	0.0933648
0.14628	0.2925	0.0921552
0.159578	0.2925	0.0908229
0.172876	0.2925	0.0893662
0.186174	0.2925	0.0877832
0.199473	0.2925	0.0860723
0.212771	0.2925	0.0842318
0.226069	0.2925	0.0822601
0.239367	0.2925	0.0801558
0.252665	0.2925	0.0779175
0.265963	0.2925	0.0755442
0.279262	0.2925	0.0730349
0.29256	0.2925	0.070389
0.305858	0.2925	0.067606
0.319156	0.2925	0.0646858
0.332454	0.2925	0.0616284
0.345753	0.2925	0.0584342
0.359051	0.2925	0.0551036
0.372349	0.2925	0.0516376
0.385647	0.2925	0.0480371
0.398945	0.2925	0.0443033
0.412243	0.2925	0.0404376
0.425542	0.2925	0.0364415
0.43884	0.2925	0.0323167
0.452138	0.2925	0.0280651
0.465436	0.2925	0.0236884
0.478734	0.2925	0.0191886
0.492032	0.2925	0.0145678
0.505331	0.2925	0.00982803
0.518629	0.2925	0.00497138
0.531927	0.2925	0
0	0.315	0.105029
0.0138403	0.315	0.104968
0.0276807	0.315	0.104786
0.041521	0.315	0.104483
0.0553614	0.315	0.104057
0.0692017	0.315	0.103509
0.083042	0.315	0.102837
0.0968824	0.315	0.102041
0.110723	0.315	0.101119
0.124563	0.315	0.100069
0.138403	0.315	0.0988919
0.152244	0.315	0.0975845
0.166084	0.315	0.0961457
0.179924	0.315	0.094574
0.193765	0.315	0.092868
0.207605	0.315	0.0910262
0.221445	0.315	0.0890471
0.235286	0.315	0.0869296
0.249126	0.315	0.0846724
0.262966	0.315	0.0822746
0.276807	0.315	0.0797355
0.290647	0.315	0.0770544
0.304488	0.315	0.074231
0.318328	0.315	0.0712653
0.332168	0.315	0.0681574
0.346009	0.315	0.0649076
0.359849	0.315	0.0615166
0.373689	0.315	0.0579853
0.38753	0.315	0.0543146
0.40137	0.315	0.0505059
0.41521	0.315	0.0465605
0.429051	0.315	0.0424801
0.442891	0.315	0.0382664
0.456731	0.315	0.0339213
0.470572	0.315	0.0294468
0.484412	0.315	0.0248448
0.498252	0.315	0.0201175
0.512093	0.315	0.0152672
0.525933	0.315	0.010296
0.539773	0.315	0.00520613
0.553614	0.315	0
0	0.3375	0.110844
0.0143825	0.3375	0.110778
0.028765	0.3375	0.110582
0.0431475	0.3375	0.110255
0.05753	0.3375	0.109797
0.0719125	0.3375	0.109206
0.0862951	0.3375	0.108483
0.100678	0.3375	0.107626
0.11506	0.3375	0.106634
0.129443	0.3375	0.105507
0.143825	0.3375	0.104242
0.158208	0.3375	0.102838
0.17259	0.3375	0.101295
0.186973	0.3375	0.0996115
0.201355	0.3375	0.0977853
0.215738	0.3375	0.0958156
0.23012	0.3375	0.0937014
0.244503	0.3375	0.0914417
0.258885	0.3375	0.0890357
0.273268	0.3375	0.0864826
0.28765	0.3375	0.0837822
0.302033	0.3375	0.0809341
0.316415	0.3375	0.0779384
0.330798	0.3375	0.0747953
0.34518	0.3375	0.0715052
0.359563	0.3375	0.0680688
0.373945	0.3375	0.064487
0.388328	0.3375	0.060761
0.40271	0.3375	0.0568921
0.417093	0.3375	0.0528818
0.431475	0.3375	0.0487317
0.445858	0.3375	0.0444437
0.46024	0.3375	0.0400198
0.474623	0.3375	0.035462
0.489005	0.3375	0.0307725
0.503388	0.3375	0.0259535
0.51777	0.3375	0.0210074
0.532153	0.3375	0.0159366
0.546535	0.3375	0.0107434
0.560918	0.3375	0.00543041
0.5753	0.3375	0
0	0.36	0.116472
0.0149247	0.36	0.116402
0.0298494	0.36	0.116192
0.044774	0.36	0.115842
0.0596987	0.36	0.115351
0.0746234	0.36	0.114719
0.0895481	0.36	0.113945
0.104473	0.36	0.113029
0.119397	0.36	0.111969
0.134322	0.36	0.110764
0.149247	0.36	0.109413
0.164171	0.36	0.107916
0.179096	0.36	0.106271
0.194021	0.36	0.104477
0.208945	0.36	0.102534
0.22387	0.36	0.100439
0.238795	0.36	0.0981929
0.253719	0.36	0.0957945
0.268644	0.36	0.0932433
0.283569	0.36	0.0905391
0.298494	0.36	0.0876817
0.313418	0.36	0.0846711
0.328343	0.36	0.0815078
0.343268	0.36	0.0781922
0.358192	0.36	0.0747251
0.373117	0.36	0.0711076
0.388042	0.36	0.0673408
0.402966	0.36	0.0634262
0.417891	0.36	0.0593653
0.432816	0.36	0.0551599
0.44774	0.36	0.050812
0.462665	0.36	0.0463236
0.47759	0.36	0.041697
0.492514	0.36	0.0369343
0.507439	0.36	0.0320382
0.522364	0.36	0.0270109
0.537288	0.36	0.0218552
0.552213	0.36	0.0165736
0.567138	0.36	0.0111687
0.582062	0.36	0.0056433
0.596987	0.36	0
0	0.3825	0.121913
0.0154668	0.3825	0.121838
0.0309337	0.3825	0.121615
0.0464005	0.3825	0.121242
0.0618674	0.3825	0.120719
0.0773342	0.3825	0.120046
0.0928011	0.3825	0.119222
0.108268	0.3825	0.118247
0.123735	0.3825	0.11712
0.139202	0.3825	0.115839
0.154668	0.3825	0.114405
0.170135	0.3825	0.112815
0.185602	0.3825	0.11107
0.201069	0.3825	0.109169
0.216536	0.3825	0.10711
0.232003	0.3825	0.104893
0.247469	0.3825	0.102518
0.262936	0.3825	0.0999846
0.278403	0.3825	0.0972918
0.29387	0.3825	0.09444
0.309337	0.3825	0.0914295
0.324804	0.3825	0.0882608
0.340271	0.3825	0.0849343
0.355737	0.3825	0.0814511
0.371204	0.3825	0.0778121
0.386671	0.3825	0.0740188
0.402138	0.3825	0.0700726
0.417605	0.3825	0.0659752
0.433072	0.3825	0.0617285
0.448538	0.3825	0.0573347
0.464005	0.3825	0.0527958
0.479472	0.3825	0.0481143
0.494939	0.3825	0.0432927
0.510406	0.3825	0.0383334
0.525873	0.3825	0.0332393
0.54134	0.3825	0.0280131
0.556806	0.3825	0.0226575
0.572273	0.3825	0.0171754
0.58774	0.3825	0.0115699
0.603207	0.3825	0.00584375
0.618674	0.3825	0
0	0.405	0.127163
0.016009	0.405	0.127084
0.032018	0.405	0.126847
0.048027	0.405	0.126451
0.064036	0.405	0.125897
0.0800451	0.405	0.125184
0.0960541	0.405	0.124311
0.112063	0.405	0.123278
0.128072	0.405	0.122085
0.144081	0.405	0.12073
0.16009	0.405	0.119213
0.176099	0.405	0.117533
0.192108	0.405	0.11569
0.208117	0.405	0.113683
0.224126	0.405	0.111511
0.240135	0.405	0.109175
0.256144	0.405	0.106674
0.272153	0.405	0.104007
0.288162	0.405	0.101176
0.304171	0.405	0.0981803
0.32018	0.405	0.0950205
0.336189	0.405	0.0916975
0.352198	0.405	0.0882122
0.368207	0.405	0.0845658
0.384216	0.405	0.0807598
0.400225	0.405	0.0767958
0.416234	0.405	0.0726757
0.432243	0.405	0.0684014
0.448252	0.405	0.0639752
0.464261	0.405	0.0593995
0.48027	0.405	0.0546767
0.496279	0.405	0.0498097
0.512288	0.405	0.0448011
0.528297	0.405	0.0396538
0.544306	0.405	0.0343709
0.560315	0.405	0.0289554
0.576324	0.405	0.0234104
0.592333	0.405	0.0177391
0.608342	0.405	0.0119448
0.624351	0.405	0.00603066
0.64036	0.405	0
0	0.4275	0.132219
0.0165512	0.4275	0.132135
0.0331024	0.4275	0.131885
0.0496535	0.4275	0.131467
0.0662047	0.4275	0.130882
0.0827559	0.4275	0.130129
0.0993071	0.4275	0.129208
0.115858	0.4275	0.128119
0.132409	0.4275	0.12686
0.148961	0.4275	0.125432
0.165512	0.4275	0.123833
0.182063	0.4275	0.122065
0.198614	0.4275	0.120125
0.215165	0.4275	0.118014
0.231716	0.4275	0.115732
0.248268	0.4275	0.113278
0.264819	0.4275	0.110653
0.28137	0.4275	0.107857
0.297921	0.4275	0.104891
0.314472	0.4275	0.101754
0.331024	0.4275	0.0984484
0.347575	0.4275	0.0949748
0.364126	0.4275	0.0913347
0.380677	0.4275	0.0875296
0.397228	0.4275	0.0835612
0.413779	0.4275	0.0794316
0.430331	0.4275	0.0751429
0.446882	0.4275	0.0706976
0.463433	0.4275	0.0660981
0.479984	0.4275	0.0613472
0.496535	0.4275	0.0564478
0.513087	0.4275	0.051403
0.529638	0.4275	0.0462158
0.546189	0.4275	0.0408895
0.56274	0.4275	0.0354275
0.579291	0.4275	0.0298331
0.595842	0.4275	0.0241099
0.612394	0.4275	0.0182613
0.628945	0.4275	0.0122911
0.645496	0.4275	0.00620277
0.662047	0.4275	0
0	0.45	0.137078
0.0170933	0.45	0.13699
0.0341867	0.45	0.136726
0.05128	0.45	0.136286
0.0683734	0.45	0.135671
0.0854667	0.45	0.134879
0.10256	0.45	0.13391
0.119653	0.45	0.132764
0.136747	0.45	0.131441
0.15384	0.45	0.12994
0.170933	0.45	0.128262
0.188027	0.45	0.126405
0.20512	0.45	0.124371
0.222213	0.45	0.122158
0.239307	0.45	0.119767
0.2564	0.45	0.117198
0.273494	0.45	0.114451
0.290587	0.45	0.111528
0.30768	0.45	0.108429
0.324774	0.45	0.105154
0.341867	0.45	0.101706
0.35896	0.45	0.0980856
0.376054	0.45	0.0942945
0.393147	0.45	0.0903348
0.41024	0.45	0.0862086
0.427334	0.45	0.0819183
0.444427	0.45	0.0774664
0.46152	0.45	0.0728558
0.478614	0.45	0.0680893
0.495707	0.45	0.0631701
0.5128	0.45	0.0581015
0.529894	0.45	0.0528869
0.546987	0.45	0.0475299
0.56408	0.45	0.042034
0.581174	0.45	0.036403
0.598267	0.45	0.0306409
0.61536	0.45	0.0247513
0.632454	0.45	0.0187385
0.649547	0.45	0.0126063
0.66664	0.45	0.00635875
0.683734	0.45	0
0	0.4725	0.141735
0.0176355	0.4725	0.141643
0.035271	0.4725	0.141366
0.0529065	0.4725	0.140905
0.070542	0.4725	0.140259
0.0881776	0.4725	0.139427
0.105813	0.4725	0.138411
0.123449	0.4725	0.13721
0.141084	0.4725	0.135823
0.15872	0.4725	0.134251
0.176355	0.4725	0.132494
0.193991	0.4725	0.130551
0.211626	0.4725	0.128422
0.229262	0.4725	0.126108
0.246897	0.4725	0.12361
0.264533	0.4725	0.120927
0.282168	0.4725	0.118061
0.299804	0.4725	0.115013
0.317439	0.4725	0.111783
0.335075	0.4725	0.108374
0.35271	0.4725	0.104786
0.370346	0.4725	0.101022
0.387981	0.4725	0.0970835
0.405617	0.4725	0.0929732
0.423252	0.4725	0.0886936
0.440888	0.4725	0.0842474
0.458523	0.4725	0.0796376
0.476159	0.4725	0.0748675
0.493794	0.4725	0.0699404
0.51143	0.4725	0.0648599
0.529065	0.4725	0.0596297
0.546701	0.4725	0.0542536
0.564336	0.4725	0.0487358
0.581972	0.4725	0.0430802
0.599607	0.4725	0.0372912
0.617243	0.4725	0.031373
0.634878	0.4725	0.02533
0.652514	0.4725	0.0191667
0.670149	0.4725	0.0128875
0.687785	0.4725	0.00649712
0.70542	0.4725	0
0	0.495	0.146187
0.0181777	0.495	0.14609
0.0363554	0.495	0.1458
0.054533	0.495	0.145317
0.0727107	0.495	0.144641
0.0908884	0.495	0.143771
0.109066	0.495	0.142708
0.127244	0.495	0.141452
0.145421	0.495	0.140002
0.163599	0.495	0.138359
0.181777	0.495	0.136523
0.199954	0.495	0.134494
0.218132	0.495	0.132273
0.23631	0.495	0.129859
0.254488	0.495	0.127255
0.272665	0.495	0.12446
0.290843	0.495	0.121477
0.309021	0.495	0.118305
0.327198	0.495	0.114947
0.345376	0.495	0.111405
0.363554	0.495	0.10768
0.381731	0.495	0.103776
0.399909	0.495	0.0996932
0.418087	0.495	0.0954361
0.436264	0.495	0.0910072
0.454442	0.495	0.0864098
0.47262	0.495	0.0816473
0.490797	0.495	0.0767235
0.508975	0.495	0.0716422
0.527153	0.495	0.0664074
0.54533	0.495	0.0610234
0.563508	0.495	0.0554946
0.581686	0.495	0.0498254
0.599863	0.495	0.0440206
0.618041	0.495	0.0380849
0.636219	0.495	0.0320232
0.654396	0.495	0.0258405
0.672574	0.495	0.0195416
0.690752	0.495	0.0131319
0.708929	0.495	0.00661627
0.727107	0.495	0
0	0.5175	0.150428
0.0187198	0.5175	0.150328
0.0374397	0.5175	0.150025
0.0561595	0.5175	0.14952
0.0748794	0.5175	0.148814
0.0935992	0.5175	0.147906
0.112319	0.5175	0.146796
0.131039	0.5175	0.145485
0.149759	0.5175	0.143972
0.168479	0.5175	0.142259
0.187198	0.5175	0.140344
0.205918	0.5175	0.13823
0.224638	0.5175	0.135917
0.243358	0.5175	0.133405
0.262078	0.5175	0.130695
0.280798	0.5175	0.12779
0.299518	0.5175	0.12469
0.318237	0.5175	0.121396
0.336957	0.5175	0.117912
0.355677	0.5175	0.114239
0.374397	0.5175	0.11038
0.393117	0.5175	0.106338
0.411837	0.5175	0.102114
0.430556	0.5175	0.097714
0.449276	0.5175	0.0931399
0.467996	0.5175	0.0883959
0.486716	0.5175	0.0834858
0.505436	0.5175	0.078414
0.524156	0.5175	0.0731849
0.542876	0.5175	0.0678031
0.561595	0.5175	0.0622733
0.580315	0.5175	0.0566006
0.599035	0.5175	0.05079
0.617755	0.5175	0.0448469
0.636475	0.5175	0.0387767
0.655195	0.5175	0.0325848
0.673914	0.5175	0.026277
0.692634	0.5175	0.0198587
0.711354	0.5175	0.013336
0.730074	0.5175	0.00671443
0.748794	0.5175	0
0	0.54	0.154456
0.019262	0.54	0.15435
0.038524	0.54	0.154035
0.057786	0.54	0.153509
0.0770481	0.54	0.152772
0.0963101	0.54	0.151826
0.115572	0.54	0.150669
0.134834	0.54	0.149303
0.154096	0.54	0.147728
0.173358	0.54	0.145944
0.19262	0.54	0.143952
0.211882	0.54	0.141753
0.231144	0.54	0.139348
0.250406	0.54	0.136738
0.269668	0.54	0.133924
0.28893	0.54	0.130908
0.308192	0.54	0.127692
0.327454	0.54	0.124279
0.346716	0.54	0.12067
0.365978	0.54	0.116868
0.38524	0.54	0.112877
0.404502	0.54	0.108699
0.423764	0.54	0.104338
0.443026	0.54	0.0997972
0.462288	0.54	0.0950817
0.48155	0.54	0.0901954
0.500812	0.54	0.0851428
0.520074	0.54	0.0799287
0.539336	0.54	0.0745582
0.558598	0.54	0.0690366
0.57786	0.54	0.0633692
0.597122	0.54	0.0575618
0.616384	0.54	0.0516201
0.635646	0.54	0.0455503
0.654908	0.54	0.0393583
0.67417	0.54	0.0330504
0.693432	0.54	0.0266331
0.712695	0.54	0.0201128
0.731957	0.54	0.0134961
0.751219	0.54	0.00678962
0.770481	0.54	0
0	0.5625	0.158264
0.0198042	0.5625	0.158155
0.0396084	0.5625	0.157826
0.0594125	0.5625	0.157278
0.0792167	0.5625	0.156512
0.0990209	0.5625	0.155527
0.118825	0.5625	0.154323
0.138629	0.5625	0.152902
0.158433	0.5625	0.151264
0.178238	0.5625	0.14941
0.198042	0.5625	0.14734
0.217846	0.5625	0.145056
0.23765	0.5625	0.142559
0.257454	0.5625	0.139851
0.277259	0.5625	0.136933
0.297063	0.5625	0.133808
0.316867	0.5625	0.130478
0.336671	0.5625	0.126945
0.356475	0.5625	0.123212
0.376279	0.5625	0.119283
0.396084	0.5625	0.115161
0.415888	0.5625	0.110849
0.435692	0.5625	0.106353
0.455496	0.5625	0.101675
0.4753	0.5625	0.096822
0.495105	0.5625	0.0917976
0.514909	0.5625	0.0866072
0.534713	0.5625	0.0812564
0.554517	0.5625	0.075751
0.574321	0.5625	0.0700968
0.594125	0.5625	0.0643002
0.61393	0.5625	0.0583676
0.633734	0.5625	0.0523055
0.653538	0.5625	0.0461209
0.673342	0.5625	0.0398206
0.693146	0.5625	0.0334119
0.712951	0.5625	0.026902
0.732755	0.5625	0.0202983
0.752559	0.5625	0.0136083
0.772363	0.5625	0.00683967
0.792167	0.5625	0
0	0.585	0.161849
0.0203463	0.585	0.161736
0.0406927	0.585	0.161394
0.061039	0.585	0.160824
0.0813854	0.585	0.160028
0.101732	0.585	0.159004
0.122078	0.585	0.157753
0.142424	0.585	0.156277
0.162771	0.585	0.154576
0.183117	0.585	0.152651
0.203463	0.585	0.150503
0.22381	0.585	0.148134
0.244156	0.585	0.145545
0.264503	0.585	0.142739
0.284849	0.585	0.139717
0.305195	0.585	0.136482
0.325542	0.585	0.133037
0.345888	0.585	0.129385
0.366234	0.585	0.125529
0.386581	0.585	0.121474
0.406927	0.585	0.117222
0.427273	0.585	0.112779
0.44762	0.585	0.108149
0.467966	0.585	0.103338
0.488312	0.585	0.0983496
0.508659	0.585	0.0931909
0.529005	0.585	0.0878674
0.549351	0.585	0.0823853
0.569698	0.585	0.0767513
0.590044	0.585	0.070972
0.61039	0.585	0.0650547
0.630737	0.585	0.0590065
0.651083	0.585	0.0528351
0.671429	0.585	0.0465483
0.691776	0.585	0.040154
0.712122	0.585	0.0336604
0.732469	0.585	0.0270758
0.752815	0.585	0.0204088
0.773161	0.585	0.013668
0.793508	0.585	0.00686213
0.813854	0.585	0
0	0.6075	0.165207
0.0208885	0.6075	0.165089
0.041777	0.6075	0.164734
0.0626655	0.6075	0.164143
0.0835541	0.6075	0.163315
0.104443	0.6075	0.162252
0.125331	0.6075	0.160954
0.14622	0.6075	0.159422
0.167108	0.6075	0.157657
0.187997	0.6075	0.155661
0.208885	0.6075	0.153434
0.229774	0.6075	0.150979
0.250662	0.6075	0.148298
0.271551	0.6075	0.145393
0.292439	0.6075	0.142266
0.313328	0.6075	0.138922
0.334216	0.6075	0.135362
0.355105	0.6075	0.131591
0.375993	0.6075	0.127612
0.396882	0.6075	0.123431
0.41777	0.6075	0.119051
0.438659	0.6075	0.114477
0.459547	0.6075	0.109716
0.480436	0.6075	0.104772
0.501324	0.6075	0.0996527
0.522213	0.6075	0.0943633
0.543101	0.6075	0.088911
0.56399	0.6075	0.0833029
0.584878	0.6075	0.0775464
0.605767	0.6075	0.0716494
0.626655	0.6075	0.0656199
0.647544	0.6075	0.0594661
0.668432	0.6075	0.0531969
0.689321	0.6075	0.046821
0.71021	0.6075	0.0403476
0.731098	0.6075	0.0337861
0.751987	0.6075	0.0271461
0.772875	0.6075	0.0204375
0.793764	0.6075	0.0136702
0.814652	0.6075	0.00685427
0.835541	0.6075	0
0	0.63	0.168334
0.0214307	0.63	0.168211
0.0428614	0.63	0.167843
0.064292	0.63	0.167229
0.0857227	0.63	0.166371
0.107153	0.63	0.165268
0.128584	0.63	0.163921
0.150015	0.63	0.162333
0.171445	0.63	0.160503
0.192876	0.63	0.158434
0.214307	0.63	0.156128
0.235738	0.63	0.153586
0.257168	0.63	0.150811
0.278599	0.63	0.147807
0.30003	0.63	0.144575
0.32146	0.63	0.14112
0.342891	0.63	0.137444
0.364322	0.63	0.133554
0.385752	0.63	0.129452
0.407183	0.63	0.125145
0.428614	0.63	0.120637
0.450044	0.63	0.115934
0.471475	0.63	0.111042
0.492906	0.63	0.105968
0.514336	0.63	0.100719
0.535767	0.63	0.095302
0.557198	0.63	0.0897249
0.578628	0.63	0.0839957
0.600059	0.63	0.0781229
0.62149	0.63	0.0721153
0.64292	0.63	0.0659822
0.664351	0.63	0.059733
0.685782	0.63	0.0533776
0.707213	0.63	0.0469263
0.728643	0.63	0.0403896
0.750074	0.63	0.0337783
0.771505	0.63	0.0271035
0.792935	0.63	0.0203765
0.814366	0.63	0.0136091
0.835797	0.63	0.00681295
0.857227	0.63	0
0	0.6525	0.171226
0.0219728	0.6525	0.171098
0.0439457	0.6525	0.170716
0.0659185	0.6525	0.17008
0.0878914	0.6525	0.169189
0.109864	0.6525	0.168046
0.131837	0.6525	0.16665
0.15381	0.6525	0.165004
0.175783	0.6525	0.163109
0.197756	0.6525	0.160966
0.219728	0.6525	0.158579
0.241701	0.6525	0.155949
0.263674	0.6525	0.153079
0.285647	0.6525	0.149973
0.30762	0.6525	0.146635
0.329593	0.6525	0.143067
0.351566	0.6525	0.139276
0.373538	0.6525	0.135264
0.395511	0.6525	0.131039
0.417484	0.6525	0.126605
0.439457	0.6525	0.121968
0.46143	0.6525	0.117136
0.483403	0.6525	0.112115
0.505376	0.6525	0.106912
0.527348	0.6525	0.101535
0.549321	0.6525	0.0959934
0.571294	0.6525	0.0902951
0.593267	0.6525	0.0844495
0.61524	0.6525	0.0784661
0.637213	0.6525	0.072355
0.659185	0.6525	0.0661268
0.681158	0.6525	0.0597924
0.703131	0.6525	0.053363
0.725104	0.6525	0.0468504
0.747077	0.6525	0.0402668
0.76905	0.6525	0.0336248
0.791023	0.6525	0.0269371
0.812995	0.6525	0.0202171
0.834968	0.6525	0.0134783
0.856941	0.6525	0.0067346
0.878914	0.6525	0
0	0.675	0.173878
0.022515	0.675	0.173747
0.04503	0.675	0.17335
0.0675451	0.675	0.172691
0.0900601	0.675	0.171768
0.112575	0.675	0.170583
0.13509	0.675	0.169137
0.157605	0.675	0.167431
0.18012	0.675	0.165469
0.202635	0.675	0.163251
0.22515	0.675	0.160781
0.247665	0.675	0.158061
0.27018	0.675	0.155094
0.292695	0.675	0.151885
0.31521	0.675	0.148438
0.337725	0.675	0.144757
0.36024	0.675	0.140847
0.382755	0.675	0.136713
0.40527	0.675	0.132362
0.427785	0.675	0.127801
0.4503	0.675	0.123035
0.472815	0.675	0.118073
0.49533	0.675	0.112922
0.517845	0.675	0.10759
0.54036	0.675	0.102088
0.562875	0.675	0.0964234
0.58539	0.675	0.0906069
0.607905	0.675	0.084649
0.63042	0.675	0.0785604
0.652935	0.675	0.0723527
0.675451	0.675	0.0660378
0.697966	0.675	0.0596283
0.720481	0.675	0.0531372
0.742996	0.675	0.046578
0.765511	0.675	0.0399647
0.788026	0.675	0.0333121
0.810541	0.675	0.026635
0.833056	0.675	0.0199491
0.855571	0.675	0.0132703
0.878086	0.675	0.00661507
0.900601	0.675	0
0	0.6975	0.176289
0.0230572	0.6975	0.176152
0.0461144	0.6975	0.175742
0.0691716	0.6975	0.175058
0.0922287	0.6975	0.174102
0.115286	0.6975	0.172874
0.138343	0.6975	0.171376
0.1614	0.6975	0.169611
0.184457	0.6975	0.167579
0.207515	0.6975	0.165284
0.230572	0.6975	0.162729
0.253629	0.6975	0.159916
0.276686	0.6975	0.156851
0.299743	0.6975	0.153536
0.322801	0.6975	0.149977
0.345858	0.6975	0.14618
0.368915	0.6975	0.142149
0.391972	0.6975	0.137891
0.415029	0.6975	0.133412
0.438087	0.6975	0.128721
0.461144	0.6975	0.123825
0.484201	0.6975	0.118731
0.507258	0.6975	0.11345
0.530315	0.6975	0.10799
0.553372	0.6975	0.102362
0.57643	0.6975	0.0965767
0.599487	0.6975	0.0906446
0.622544	0.6975	0.0845778
0.645601	0.6975	0.078389
0.668658	0.6975	0.072091
0.691716	0.6975	0.0656976
0.714773	0.6975	0.0592232
0.73783	0.6975	0.0526827
0.760887	0.6975	0.0460918
0.783944	0.6975	0.0394669
0.807001	0.6975	0.0328248
0.830059	0.6975	0.0261834
0.853116	0.6975	0.019561
0.876173	0.6975	0.0129765
0.89923	0.6975	0.00644948
0.922287	0.6975	0
0	0.72	0.178455
0.0235994	0.72	0.178313
0.0471987	0.72	0.177887
0.0707981	0.72	0.177179
0.0943974	0.72	0.176188
0.117997	0.72	0.174916
0.141596	0.72	0.173365
0.165195	0.72	0.171537
0.188795	0.72	0.169434
0.212394	0.72	0.167059
0.235994	0.72	0.164416
0.259593	0.72	0.161509
0.283192	0.72	0.158341
0.306792	0.72	0.154918
0.330391	0.72	0.151245
0.35399	0.72	0.147328
0.37759	0.72	0.143173
0.401189	0.72	0.138787
0.424788	0.72	0.134179
0.448388	0.72	0.129355
0.471987	0.72	0.124325
0.495586	0.72	0.119099
0.519186	0.72	0.113686
0.542785	0.72	0.108097
0.566384	0.72	0.102343
0.589984	0.72	0.0964373
0.613583	0.72	0.0903912
0.637182	0.72	0.0842186
0.660782	0.72	0.0779337
0.684381	0.72	0.0715514
0.707981	0.72	0.0650873
0.73158	0.72	0.0585578
0.755179	0.72	0.0519803
0.778779	0.72	0.045373
0.802378	0.72	0.0387548
0.825977	0.72	0.0321457
0.849577	0.72	0.0255666
0.873176	0.72	0.0190393
0.896775	0.72	0.0125865
0.920375	0.72	0.00623198
0.943974	0.72	0
0	0.7425	0.180372
0.0241415	0.7425	0.180225
0.048283	0.7425	0.179784
0.0724246	0.7425	0.17905
0.0965661	0.7425	0.178023
0.120708	0.7425	0.176706
0.144849	0.7425	0.1751
0.168991	0.7425	0.173207
0.193132	0.7425	0.17103
0.217274	0.7425	0.168573
0.241415	0.7425	0.165839
0.265557	0.7425	0.162833
0.289698	0.7425	0.15956
0.31384	0.7425	0.156025
0.337981	0.7425	0.152233
0.362123	0.7425	0.148193
0.386264	0.7425	0.14391
0.410406	0.7425	0.139393
0.434547	0.7425	0.13465
0.458689	0.7425	0.129691
0.48283	0.7425	0.124525
0.506972	0.7425	0.119163
0.531113	0.7425	0.113616
0.555255	0.7425	0.107895
0.579396	0.7425	0.102015
0.603538	0.7425	0.0959882
0.627679	0.7425	0.089829
0.651821	0.7425	0.0835526
0.675963	0.7425	0.0771752
0.700104	0.7425	0.0707136
0.724246	0.7425	0.0641859
0.748387	0.7425	0.0576109
0.772529	0.7425	0.0510085
0.79667	0.7425	0.0444
0.820812	0.7425	0.0378075
0.844953	0.7425	0.0312545
0.869095	0.7425	0.024766
0.893236	0.7425	0.018368
0.917378	0.7425	0.0120882
0.941519	0.7425	0.00595548
0.965661	0.7425	0
0	0.765	0.182039
0.0246837	0.765	0.181887
0.0493674	0.765	0.18143
0.0740511	0.765	0.180669
0.0987347	0.765	0.179605
0.123418	0.765	0.17824
0.148102	0.765	0.176576
0.172786	0.765	0.174616
0.197469	0.765	0.172363
0.222153	0.765	0.16982
0.246837	0.765	0.166992
0.271521	0.765	0.163884
0.296204	0.765	0.1605
0.320888	0.765	0.156849
0.345572	0.765	0.152935
0.370255	0.765	0.148766
0.394939	0.765	0.144351
0.419623	0.765	0.139698
0.444306	0.765	0.134817
0.46899	0.765	0.129717
0.493674	0.765	0.124411
0.518357	0.765	0.118909
0.543041	0.765	0.113224
0.567725	0.765	0.10737
0.592408	0.765	0.10136
0.617092	0.765	0.0952115
0.641776	0.765	0.0889388
0.66646	0.765	0.0825596
0.691143	0.765	0.0760921
0.715827	0.765	0.0695556
0.740511	0.765	0.0629706
0.765194	0.765	0.0563588
0.789878	0.765	0.0497432
0.814562	0.765	0.0431486
0.839245	0.765	0.036601
0.863929	0.765	0.0301282
0.888613	0.765	0.02376
0.913296	0.765	0.0175281
0.93798	0.765	0.0114665
0.962664	0.765	0.00561109
0.987347	0.765	0
0	0.7875	0.183453
0.0252259	0.7875	0.183295
0.0504517	0.7875	0.182821
0.0756776	0.7875	0.182033
0.100903	0.7875	0.18093
0.126129	0.7875	0.179516
0.151355	0.7875	0.177792
0.176581	0.7875	0.175761
0.201807	0.7875	0.173428
0.227033	0.7875	0.170796
0.252259	0.7875	0.167869
0.277484	0.7875	0.164654
0.30271	0.7875	0.161157
0.327936	0.7875	0.157383
0.353162	0.7875	0.153342
0.378388	0.7875	0.14904
0.403614	0.7875	0.144487
0.42884	0.7875	0.139692
0.454065	0.7875	0.134667
0.479291	0.7875	0.129421
0.504517	0.7875	0.123969
0.529743	0.7875	0.118322
0.554969	0.7875	0.112495
0.580195	0.7875	0.106503
0.60542	0.7875	0.100362
0.630646	0.7875	0.094088
0.655872	0.7875	0.0877004
0.681098	0.7875	0.0812182
0.706324	0.7875	0.0746618
0.73155	0.7875	0.0680534
0.756776	0.7875	0.0614162
0.782001	0.7875	0.0547753
0.807227	0.7875	0.0481574
0.832453	0.7875	0.0415912
0.857679	0.7875	0.0351074
0.882905	0.7875	0.0287392
0.908131	0.7875	0.0225225
0.933357	0.7875	0.0164961
0.958582	0.7875	0.0107025
0.983808	0.7875	0.00518747
1.00903	0.7875	0
0	0.81	0.184612
0.025768	0.81	0.184449
0.051536	0.81	0.183958
0.0773041	0.81	0.18314
0.103072	0.81	0.181997
0.12884	0.81	0.18053
0.154608	0.81	0.178743
0.180376	0.81	0.176639
0.206144	0.81	0.174222
0.231912	0.81	0.171496
0.25768	0.81	0.168467
0.283448	0.81	0.16514
0.309216	0.81	0.161523
0.334984	0.81	0.157622
0.360752	0.81	0.153446
0.38652	0.81	0.149005
0.412288	0.81	0.144307
0.438056	0.81	0.139365
0.463824	0.81	0.134188
0.489592	0.81	0.128791
0.51536	0.81	0.123186
0.541128	0.81	0.117389
0.566896	0.81	0.111414
0.592664	0.81	0.105278
0.618432	0.81	0.0989998
0.644201	0.81	0.0925977
0.669969	0.81	0.0860922
0.695737	0.81	0.079505
0.721505	0.81	0.0728596
0.747273	0.81	0.0661806
0.773041	0.81	0.059495
0.798809	0.81	0.0528313
0.824577	0.81	0.0462205
0.850345	0.81	0.0396961
0.876113	0.81	0.0332943
0.901881	0.81	0.027055
0.927649	0.81	0.0210217
0.953417	0.81	0.0152428
0.979185	0.81	0.00977223
1.00495	0.81	0.00466971
1.03072	0.81	0
0	0.8325	0.185516
0.0263102	0.8325	0.185346
0.0526204	0.8325	0.184837
0.0789306	0.8325	0.183988
0.105241	0.8325	0.182802
0.131551	0.8325	0.181281
0.157861	0.8325	0.179429
0.184171	0.8325	0.177247
0.210482	0.8325	0.174742
0.236792	0.8325	0.171917
0.263102	0.8325	0.16878
0.289412	0.8325	0.165336
0.315722	0.8325	0.161592
0.342032	0.8325	0.157558
0.368343	0.8325	0.153242
0.394653	0.8325	0.148653
0.420963	0.8325	0.143804
0.447273	0.8325	0.138706
0.473583	0.8325	0.133371
0.499894	0.8325	0.127814
0.526204	0.8325	0.122049
0.552514	0.8325	0.116093
0.578824	0.8325	0.109963
0.605134	0.8325	0.103677
0.631445	0.8325	0.0972554
0.657755	0.8325	0.090719
0.684065	0.8325	0.0840909
0.710375	0.8325	0.0773953
0.736685	0.8325	0.0706585
0.762995	0.8325	0.0639087
0.789306	0.8325	0.0571762
0.815616	0.8325	0.050494
0.841926	0.8325	0.0438978
0.868236	0.8325	0.0374266
0.894546	0.8325	0.0311234
0.920857	0.8325	0.025036
0.947167	0.8325	0.019218
0.973477	0.8325	0.0137305
0.999787	0.8325	0.00864366
1.0261	0.8325	0.00403771
1.05241	0.8325	0
0	0.855	0.186162
0.0268524	0.855	0.185986
0.0537047	0.855	0.185457
0.0805571	0.855	0.184576
0.107409	0.855	0.183345
0.134262	0.855	0.181767
0.161114	0.855	0.179845
0.187966	0.855	0.177582
0.214819	0.855	0.174984
0.241671	0.855	0.172056
0.268524	0.855	0.168804
0.295376	0.855	0.165236
0.322228	0.855	0.16136
0.349081	0.855	0.157185
0.375933	0.855	0.15272
0.402785	0.855	0.147977
0.429638	0.855	0.142968
0.45649	0.855	0.137705
0.483342	0.855	0.132203
0.510195	0.855	0.126477
0.537047	0.855	0.120543
0.563899	0.855	0.11442
0.590752	0.855	0.108125
0.617604	0.855	0.101681
0.644457	0.855	0.0951075
0.671309	0.855	0.0884296
0.698161	0.855	0.0816721
0.725014	0.855	0.0748624
0.751866	0.855	0.0680298
0.778718	0.855	0.0612062
0.805571	0.855	0.0544259
0.832423	0.855	0.0477267
0.859275	0.855	0.0411495
0.886128	0.855	0.03474
0.91298	0.855	0.0285488
0.939832	0.855	0.0226335
0.966685	0.855	0.0170608
0.993537	0.855	0.0119094
1.02039	0.855	0.00727352
1.04724	0.855	0.00326409
1.07409	0.855	0
0	0.8775	0.18655
0.0273945	0.8775	0.186367
0.054789	0.8775	0.185818
0.0821836	0.8775	0.184903
0.109578	0.8775	0.183625
0.136973	0.8775	0.181986
0.164367	0.8775	0.17999
0.191762	0.8775	0.177642
0.219156	0.8775	0.174946
0.246551	0.8775	0.171908
0.273945	0.8775	0.168536
0.30134	0.8775	0.164837
0.328734	0.8775	0.160821
0.356129	0.8775	0.156496
0.383523	0.8775	0.151874
0.410918	0.8775	0.146967
0.438312	0.8775	0.141788
0.465707	0.8775	0.136351
0.493101	0.8775	0.130672
0.520496	0.8775	0.124766
0.54789	0.8775	0.118653
0.575285	0.8775	0.112352
0.602679	0.8775	0.105883
0.630074	0.8775	0.0992691
0.657469	0.8775	0.0925346
0.684863	0.8775	0.0857055
0.712258	0.8775	0.0788097
0.739652	0.8775	0.0718776
0.767047	0.8775	0.0649421
0.794441	0.8775	0.0580388
0.821836	0.8775	0.0512065
0.84923	0.8775	0.044488
0.876625	0.8775	0.0379302
0.904019	0.8775	0.0315859
0.931414	0.8775	0.0255148
0.958808	0.8775	0.0197863
0.986203	0.8775	0.014484
1.0136	0.8775	0.0097121
1.04099	0.8775	0.00560197
1.06839	0.8775	0.00231198
1.09578	0.8775	0
0	0.9	0.186679
0.0279367	0.9	0.186489
0.0558734	0.9	0.185918
0.0838101	0.9	0.184967
0.111747	0.9	0.183639
0.139683	0.9	0.181937
0.16762	0.9	0.179864
0.195557	0.9	0.177424
0.223494	0.9	0.174625
0.25143	0.9	0.171471
0.279367	0.9	0.167971
0.307304	0.9	0.164134
0.33524	0.9	0.159969
0.363177	0.9	0.155486
0.391114	0.9	0.150697
0.41905	0.9	0.145616
0.446987	0.9	0.140257
0.474924	0.9	0.134634
0.50286	0.9	0.128766
0.530797	0.9	0.122669
0.558734	0.9	0.116365
0.58667	0.9	0.109873
0.614607	0.9	0.103217
0.642544	0.9	0.0964222
0.670481	0.9	0.0895141
0.698417	0.9	0.0825217
0.726354	0.9	0.075476
0.754291	0.9	0.0684105
0.782227	0.9	0.0613616
0.810164	0.9	0.0543691
0.838101	0.9	0.0474764
0.866037	0.9	0.0407314
0.893974	0.9	0.0341876
0.921911	0.9	0.0279049
0.949847	0.9	0.0219529
0.977784	0.9	0.0164151
1.00572	0.9	0.0113981
1.03366	0.9	0.00704455
1.06159	0.9	0.00354605
1.08953	0.9	0.00113532
1.11747	0.9	0
