0	0	0
0.01	0	0
0.02	0	0
0.03	0	0
0.04	0	0
0.05	0	0
0.06	0	0
0.07	0	0
0.08	0	0
0.09	0	0
0.1	0	0
0.11	0	0
0.12	0	0
0.13	0	0
0.14	0	0
0.15	0	0
0.16	0	0
0.17	0	0
0.18	0	0
0.19	0	0
0.2	0	0
0.21	0	0
0.22	0	0
0.23	0	0
0.24	0	0
0.25	0	0
0.26	0	0
0.27	0	0
0.28	0	0
0.29	0	0
0.3	0	0
0.31	0	0
0.32	0	0
0.33	0	0
0.34	0	0
0.35	0	0
0.36	0	0
0.37	0	0
0.38	0	0
0.39	0	0
0.4	0	0
0	0.015	0.00707939
0.0105762	0.015	0.00707842
0.0211524	0.015	0.00707552
0.0317287	0.015	0.00707066
0.0423049	0.015	0.00706383
0.0528811	0.015	0.007055
0.0634573	0.015	0.00704415
0.0740336	0.015	0.00703123
0.0846098	0.015	0.00701619
0.095186	0.015	0.00699897
0.105762	0.015	0.0069795
0.116338	0.015	0.0069577
0.126915	0.015	0.00693347
0.137491	0.015	0.00690671
0.148067	0.015	0.00687729
0.158643	0.015	0.00684506
0.16922	0.015	0.00680986
0.179796	0.015	0.0067715
0.190372	0.015	0.00672974
0.200948	0.015	0.00668434
0.211524	0.015	0.00663498
0.222101	0.015	0.00658131
0.232677	0.015	0.0065229
0.243253	0.015	0.00645924
0.253829	0.015	0.00638971
0.264406	0.015	0.00631352
0.274982	0.015	0.0062297
0.285558	0.015	0.00613695
0.296134	0.015	0.00603358
0.30671	0.015	0.00591726
0.317287	0.015	0.00578473
0.327863	0.015	0.00563136
0.338439	0.015	0.00545041
0.349015	0.015	0.00523204
0.359592	0.015	0.0049617
0.370168	0.015	0.00461792
0.380744	0.015	0.00416895
0.39132	0.015	0.00356807
0.401896	0.015	0.00274681
0.412473	0.015	0.00160549
0.423049	0.015	0
0	0.03	0.0139377
0.0111524	0.03	0.0139356
0.0223049	0.03	0.0139291
0.0334573	0.03	0.0139183
0.0446098	0.03	0.0139032
0.0557622	0.03	0.0138836
0.0669147	0.03	0.0138595
0.0780671	0.03	0.0138308
0.0892195	0.03	0.0137973
0.100372	0.03	0.0137589
0.111524	0.03	0.0137155
0.122677	0.03	0.0136668
0.133829	0.03	0.0136126
0.144982	0.03	0.0135526
0.156134	0.03	0.0134866
0.167287	0.03	0.013414
0.178439	0.03	0.0133345
0.189592	0.03	0.0132476
0.200744	0.03	0.0131526
0.211896	0.03	0.013049
0.223049	0.03	0.0129358
0.234201	0.03	0.012812
0.245354	0.03	0.0126765
0.256506	0.03	0.0125277
0.267659	0.03	0.0123638
0.278811	0.03	0.0121823
0.289964	0.03	0.0119803
0.301116	0.03	0.0117537
0.312268	0.03	0.0114973
0.323421	0.03	0.011204
0.334573	0.03	0.0108643
0.345726	0.03	0.0104658
0.356878	0.03	0.00999186
0.368031	0.03	0.00942081
0.379183	0.03	0.00872523
0.390336	0.03	0.00787155
0.401488	0.03	0.00682088
0.41264	0.03	0.00553217
0.423793	0.03	0.00396946
0.434945	0.03	0.00211609
0.446098	0.03	0
0	0.045	0.0205788
0.0117287	0.045	0.0205753
0.0234573	0.045	0.0205646
0.035186	0.045	0.0205468
0.0469147	0.045	0.0205218
0.0586433	0.045	0.0204895
0.070372	0.045	0.0204496
0.0821007	0.045	0.0204021
0.0938293	0.045	0.0203467
0.105558	0.045	0.0202832
0.117287	0.045	0.0202111
0.129015	0.045	0.0201302
0.140744	0.045	0.02004
0.152473	0.045	0.01994
0.164201	0.045	0.0198295
0.17593	0.045	0.019708
0.187659	0.045	0.0195744
0.199387	0.045	0.019428
0.211116	0.045	0.0192675
0.222845	0.045	0.0190916
0.234573	0.045	0.0188986
0.246302	0.045	0.0186865
0.258031	0.045	0.0184528
0.269759	0.045	0.0181946
0.281488	0.045	0.017908
0.293217	0.045	0.0175883
0.304945	0.045	0.0172293
0.316674	0.045	0.0168234
0.328403	0.045	0.0163608
0.340131	0.045	0.0158291
0.35186	0.045	0.0152131
0.363589	0.045	0.0144943
0.375317	0.045	0.0136509
0.387046	0.045	0.0126583
0.398775	0.045	0.0114905
0.410503	0.045	0.0101226
0.422232	0.045	0.00853431
0.433961	0.045	0.00671524
0.445689	0.045	0.00466967
0.457418	0.045	0.00241959
0.469147	0.045	0
0	0.06	0.0270065
0.0123049	0.06	0.0270014
0.0246098	0.06	0.0269859
0.0369147	0.06	0.02696
0.0492195	0.06	0.0269236
0.0615244	0.06	0.0268764
0.0738293	0.06	0.0268183
0.0861342	0.06	0.026749
0.0984391	0.06	0.0266681
0.110744	0.06	0.0265752
0.123049	0.06	0.0264697
0.135354	0.06	0.0263511
0.147659	0.06	0.0262187
0.159964	0.06	0.0260716
0.172268	0.06	0.0259088
0.184573	0.06	0.0257293
0.196878	0.06	0.0255316
0.209183	0.06	0.0253142
0.221488	0.06	0.0250752
0.233793	0.06	0.0248123
0.246098	0.06	0.0245227
0.258403	0.06	0.0242032
0.270707	0.06	0.0238496
0.283012	0.06	0.0234569
0.295317	0.06	0.0230191
0.307622	0.06	0.0225286
0.319927	0.06	0.0219761
0.332232	0.06	0.0213505
0.344537	0.06	0.0206384
0.356842	0.06	0.0198241
0.369147	0.06	0.0188902
0.381451	0.06	0.0178173
0.393756	0.06	0.0165858
0.406061	0.06	0.0151773
0.418366	0.06	0.0135766
0.430671	0.06	0.0117744
0.442976	0.06	0.00976964
0.455281	0.06	0.00757064
0.467586	0.06	0.0051945
0.479891	0.06	0.0026636
0.492195	0.06	0
0	0.075	0.0332246
0.0128811	0.075	0.0332177
0.0257622	0.075	0.0331967
0.0386433	0.075	0.0331615
0.0515244	0.075	0.0331121
0.0644055	0.075	0.0330481
0.0772866	0.075	0.0329693
0.0901678	0.075	0.0328751
0.103049	0.075	0.0327651
0.11593	0.075	0.0326386
0.128811	0.075	0.0324949
0.141692	0.075	0.0323331
0.154573	0.075	0.0321522
0.167454	0.075	0.031951
0.180336	0.075	0.031728
0.193217	0.075	0.0314815
0.206098	0.075	0.0312095
0.218979	0.075	0.0309097
0.23186	0.075	0.0305792
0.244741	0.075	0.0302146
0.257622	0.075	0.029812
0.270503	0.075	0.0293665
0.283384	0.075	0.0288721
0.296265	0.075	0.028322
0.309147	0.075	0.0277076
0.322028	0.075	0.0270192
0.334909	0.075	0.026245
0.34779	0.075	0.0253719
0.360671	0.075	0.024385
0.373552	0.075	0.0232688
0.386433	0.075	0.022007
0.399314	0.075	0.0205845
0.412195	0.075	0.0189882
0.425077	0.075	0.017209
0.437958	0.075	0.0152429
0.450839	0.075	0.0130922
0.46372	0.075	0.0107656
0.476601	0.075	0.00827679
0.489482	0.075	0.00564225
0.502363	0.075	0.00287854
0.515244	0.075	0
0	0.09	0.0392368
0.0134573	0.09	0.0392277
0.0269147	0.09	0.0392006
0.040372	0.09	0.0391551
0.0538293	0.09	0.0390912
0.0672866	0.09	0.0390084
0.080744	0.09	0.0389062
0.0942013	0.09	0.0387842
0.107659	0.09	0.0386415
0.121116	0.09	0.0384774
0.134573	0.09	0.0382907
0.148031	0.09	0.0380804
0.161488	0.09	0.0378449
0.174945	0.09	0.0375826
0.188403	0.09	0.0372915
0.20186	0.09	0.0369692
0.215317	0.09	0.0366131
0.228775	0.09	0.0362198
0.242232	0.09	0.0357855
0.255689	0.09	0.0353057
0.269147	0.09	0.0347749
0.282604	0.09	0.0341868
0.296061	0.09	0.0335339
0.309519	0.09	0.0328075
0.322976	0.09	0.0319974
0.336433	0.09	0.0310923
0.349891	0.09	0.0300797
0.363348	0.09	0.0289461
0.376805	0.09	0.0276778
0.390263	0.09	0.0262614
0.40372	0.09	0.024685
0.417177	0.09	0.0229393
0.430635	0.09	0.0210185
0.444092	0.09	0.0189213
0.457549	0.09	0.0166512
0.471007	0.09	0.0142162
0.484464	0.09	0.0116277
0.497921	0.09	0.0088989
0.511379	0.09	0.00604339
0.524836	0.09	0.00307351
0.538293	0.09	0
0	0.105	0.0450464
0.0140336	0.105	0.0450351
0.0280671	0.105	0.0450012
0.0421007	0.105	0.0449444
0.0561342	0.105	0.0448644
0.0701678	0.105	0.0447608
0.0842013	0.105	0.0446329
0.0982349	0.105	0.0444801
0.112268	0.105	0.0443014
0.126302	0.105	0.0440956
0.140336	0.105	0.0438614
0.154369	0.105	0.0435973
0.168403	0.105	0.0433013
0.182436	0.105	0.0429713
0.19647	0.105	0.0426047
0.210503	0.105	0.0421984
0.224537	0.105	0.041749
0.23857	0.105	0.0412521
0.252604	0.105	0.040703
0.266637	0.105	0.0400958
0.280671	0.105	0.0394241
0.294705	0.105	0.0386801
0.308738	0.105	0.037855
0.322772	0.105	0.036939
0.336805	0.105	0.0359213
0.350839	0.105	0.0347901
0.364872	0.105	0.0335334
0.378906	0.105	0.0321391
0.392939	0.105	0.0305962
0.406973	0.105	0.028895
0.421007	0.105	0.0270286
0.43504	0.105	0.0249931
0.449074	0.105	0.0227886
0.463107	0.105	0.0204187
0.477141	0.105	0.0178908
0.491174	0.105	0.0152146
0.505208	0.105	0.0124014
0.519241	0.105	0.00946272
0.533275	0.105	0.00640974
0.547308	0.105	0.00325249
0.561342	0.105	0
0	0.12	0.0506569
0.0146098	0.12	0.0506432
0.0292195	0.12	0.0506018
0.0438293	0.12	0.0505326
0.0584391	0.12	0.0504352
0.0730489	0.12	0.0503089
0.0876586	0.12	0.0501531
0.102268	0.12	0.0499667
0.116878	0.12	0.0497486
0.131488	0.12	0.0494974
0.146098	0.12	0.0492114
0.160707	0.12	0.0488886
0.175317	0.12	0.0485266
0.189927	0.12	0.0481228
0.204537	0.12	0.0476739
0.219147	0.12	0.0471761
0.233756	0.12	0.0466251
0.248366	0.12	0.0460158
0.262976	0.12	0.0453424
0.277586	0.12	0.0445982
0.292195	0.12	0.0437755
0.306805	0.12	0.0428658
0.321415	0.12	0.0418596
0.336025	0.12	0.0407466
0.350635	0.12	0.0395162
0.365244	0.12	0.0381573
0.379854	0.12	0.0366594
0.394464	0.12	0.0350131
0.409074	0.12	0.0332103
0.423683	0.12	0.0312456
0.438293	0.12	0.0291163
0.452903	0.12	0.026823
0.467513	0.12	0.0243693
0.482122	0.12	0.0217617
0.496732	0.12	0.0190089
0.511342	0.12	0.0161208
0.525952	0.12	0.0131078
0.540562	0.12	0.00997999
0.555171	0.12	0.00674698
0.569781	0.12	0.00341761
0.584391	0.12	0
0	0.135	0.0560716
0.015186	0.135	0.0560552
0.030372	0.135	0.0560058
0.045558	0.135	0.0559232
0.060744	0.135	0.055807
0.07593	0.135	0.0556563
0.091116	0.135	0.0554702
0.106302	0.135	0.0552477
0.121488	0.135	0.0549872
0.136674	0.135	0.054687
0.15186	0.135	0.0543451
0.167046	0.135	0.0539591
0.182232	0.135	0.0535262
0.197418	0.135	0.053043
0.212604	0.135	0.0525057
0.22779	0.135	0.0519098
0.242976	0.135	0.0512503
0.258162	0.135	0.0505213
0.273348	0.135	0.0497162
0.288534	0.135	0.0488275
0.30372	0.135	0.0478469
0.318906	0.135	0.0467655
0.334092	0.135	0.0455736
0.349278	0.135	0.0442612
0.364464	0.135	0.0428186
0.37965	0.135	0.0412363
0.394836	0.135	0.0395059
0.410022	0.135	0.0376206
0.425208	0.135	0.035576
0.440394	0.135	0.0333699
0.45558	0.135	0.0310031
0.470766	0.135	0.0284791
0.485952	0.135	0.0258037
0.501138	0.135	0.0229847
0.516324	0.135	0.020031
0.53151	0.135	0.0169522
0.546696	0.135	0.0137577
0.561882	0.135	0.0104568
0.577068	0.135	0.00705824
0.592254	0.135	0.00357009
0.60744	0.135	0
0	0.15	0.0612933
0.0157622	0.15	0.061274
0.0315244	0.15	0.0612162
0.0472866	0.15	0.0611193
0.0630489	0.15	0.0609829
0.0788111	0.15	0.0608061
0.0945733	0.15	0.0605879
0.110336	0.15	0.0603267
0.126098	0.15	0.060021
0.14186	0.15	0.0596686
0.157622	0.15	0.0592672
0.173384	0.15	0.0588139
0.189147	0.15	0.0583055
0.204909	0.15	0.057738
0.220671	0.15	0.0571071
0.236433	0.15	0.0564077
0.252195	0.15	0.055634
0.267958	0.15	0.0547796
0.28372	0.15	0.0538373
0.299482	0.15	0.0527991
0.315244	0.15	0.0516566
0.331007	0.15	0.0504006
0.346769	0.15	0.0490222
0.362531	0.15	0.047512
0.378293	0.15	0.0458618
0.394055	0.15	0.0440639
0.409818	0.15	0.0421124
0.42558	0.15	0.0400033
0.441342	0.15	0.0377349
0.457104	0.15	0.0353079
0.472866	0.15	0.0327255
0.488629	0.15	0.0299931
0.504391	0.15	0.0271176
0.520153	0.15	0.0241073
0.535915	0.15	0.020971
0.551678	0.15	0.0177179
0.56744	0.15	0.0143569
0.583202	0.15	0.0108966
0.598964	0.15	0.00734528
0.614726	0.15	0.00371061
0.630489	0.15	0
0	0.165	0.066325
0.0163384	0.165	0.0663027
0.0326769	0.165	0.0662358
0.0490153	0.165	0.0661239
0.0653537	0.165	0.0659661
0.0816922	0.165	0.0657617
0.0980306	0.165	0.0655093
0.114369	0.165	0.0652073
0.130707	0.165	0.0648538
0.147046	0.165	0.0644463
0.163384	0.165	0.0639821
0.179723	0.165	0.0634579
0.196061	0.165	0.0628701
0.2124	0.165	0.0622142
0.228738	0.165	0.0614853
0.245077	0.165	0.0606779
0.261415	0.165	0.0597857
0.277753	0.165	0.0588018
0.294092	0.165	0.0577186
0.31043	0.165	0.0565282
0.326769	0.165	0.055222
0.343107	0.165	0.0537916
0.359446	0.165	0.0522285
0.375784	0.165	0.050525
0.392122	0.165	0.0486741
0.408461	0.165	0.0466704
0.424799	0.165	0.0445103
0.441138	0.165	0.0421923
0.457476	0.165	0.0397169
0.473815	0.165	0.037087
0.490153	0.165	0.0343075
0.506492	0.165	0.0313848
0.52283	0.165	0.0283265
0.539168	0.165	0.025141
0.555507	0.165	0.0218371
0.571845	0.165	0.0184235
0.588184	0.165	0.0149088
0.604522	0.165	0.0113013
0.620861	0.165	0.00760901
0.637199	0.165	0.00383949
0.653537	0.165	0
0	0.18	0.0711693
0.0169147	0.18	0.0711438
0.0338293	0.18	0.0710674
0.050744	0.18	0.0709396
0.0676586	0.18	0.0707595
0.0845733	0.18	0.070526
0.101488	0.18	0.0702378
0.118403	0.18	0.0698929
0.135317	0.18	0.0694892
0.152232	0.18	0.069024
0.169147	0.18	0.0684941
0.186061	0.18	0.067896
0.202976	0.18	0.0672254
0.219891	0.18	0.0664776
0.236805	0.18	0.0656474
0.25372	0.18	0.0647286
0.270635	0.18	0.0637147
0.287549	0.18	0.0625986
0.304464	0.18	0.0613727
0.321379	0.18	0.060029
0.338293	0.18	0.0585596
0.355208	0.18	0.0569566
0.372122	0.18	0.0552128
0.389037	0.18	0.0533219
0.405952	0.18	0.0512786
0.422866	0.18	0.0490796
0.439781	0.18	0.0467234
0.456696	0.18	0.0442103
0.47361	0.18	0.041543
0.490525	0.18	0.0387258
0.50744	0.18	0.0357646
0.524354	0.18	0.0326666
0.541269	0.18	0.0294398
0.558184	0.18	0.0260926
0.575098	0.18	0.0226337
0.592013	0.18	0.0190717
0.608928	0.18	0.015415
0.625842	0.18	0.0116717
0.642757	0.18	0.00784982
0.659672	0.18	0.00395681
0.676586	0.18	0
0	0.195	0.0758286
0.0174909	0.195	0.0757999
0.0349818	0.195	0.0757135
0.0524726	0.195	0.0755691
0.0699635	0.195	0.0753656
0.0874544	0.195	0.0751018
0.104945	0.195	0.0747762
0.122436	0.195	0.0743867
0.139927	0.195	0.0739308
0.157418	0.195	0.0734055
0.174909	0.195	0.0728074
0.1924	0.195	0.0721327
0.209891	0.195	0.0713766
0.227381	0.195	0.0705343
0.244872	0.195	0.0695999
0.262363	0.195	0.0685673
0.279854	0.195	0.0674298
0.297345	0.195	0.06618
0.314836	0.195	0.0648108
0.332327	0.195	0.0633144
0.349818	0.195	0.0616836
0.367308	0.195	0.0599115
0.384799	0.195	0.0579921
0.40229	0.195	0.0559207
0.419781	0.195	0.0536938
0.437272	0.195	0.0513098
0.454763	0.195	0.048769
0.472254	0.195	0.0460736
0.489745	0.195	0.0432276
0.507236	0.195	0.0402363
0.524726	0.195	0.0371066
0.542217	0.195	0.0338461
0.559708	0.195	0.030463
0.577199	0.195	0.0269659
0.59469	0.195	0.0233635
0.612181	0.195	0.0196641
0.629672	0.195	0.0158763
0.647163	0.195	0.0120082
0.664653	0.195	0.00806772
0.682144	0.195	0.00406252
0.699635	0.195	0
0	0.21	0.0803053
0.0180671	0.21	0.0802731
0.0361342	0.21	0.0801765
0.0542013	0.21	0.0800147
0.0722684	0.21	0.079787
0.0903355	0.21	0.0794918
0.108403	0.21	0.0791274
0.12647	0.21	0.0786916
0.144537	0.21	0.0781816
0.162604	0.21	0.0775943
0.180671	0.21	0.076926
0.198738	0.21	0.0761724
0.216805	0.21	0.0753288
0.234872	0.21	0.0743897
0.252939	0.21	0.0733493
0.271007	0.21	0.0722014
0.289074	0.21	0.070939
0.307141	0.21	0.0695553
0.325208	0.21	0.0680431
0.343275	0.21	0.0663956
0.361342	0.21	0.0646063
0.379409	0.21	0.0626694
0.397476	0.21	0.0605802
0.415543	0.21	0.0583355
0.43361	0.21	0.0559336
0.451678	0.21	0.0533744
0.469745	0.21	0.0506599
0.487812	0.21	0.0477934
0.505879	0.21	0.0447802
0.523946	0.21	0.0416265
0.542013	0.21	0.0383397
0.56008	0.21	0.0349279
0.578147	0.21	0.0313995
0.596214	0.21	0.0277631
0.614281	0.21	0.0240274
0.632349	0.21	0.0202012
0.650416	0.21	0.0162928
0.668483	0.21	0.0123105
0.68655	0.21	0.00826244
0.704617	0.21	0.00415639
0.722684	0.21	0
0	0.225	0.0846014
0.0186433	0.225	0.0845656
0.0372866	0.225	0.0844583
0.05593	0.225	0.0842787
0.0745733	0.225	0.0840259
0.0932166	0.225	0.0836983
0.11186	0.225	0.0832939
0.130503	0.225	0.0828104
0.149147	0.225	0.0822449
0.16779	0.225	0.0815939
0.186433	0.225	0.0808535
0.205077	0.225	0.0800193
0.22372	0.225	0.0790863
0.242363	0.225	0.0780489
0.261007	0.225	0.0769013
0.27965	0.225	0.0756371
0.298293	0.225	0.0742496
0.316936	0.225	0.0727323
0.33558	0.225	0.0710787
0.354223	0.225	0.0692824
0.372866	0.225	0.067338
0.39151	0.225	0.065241
0.410153	0.225	0.0629881
0.428796	0.225	0.0605774
0.44744	0.225	0.0580086
0.466083	0.225	0.0552834
0.484726	0.225	0.0524047
0.50337	0.225	0.0493773
0.522013	0.225	0.0462071
0.540656	0.225	0.0429013
0.5593	0.225	0.0394676
0.577943	0.225	0.0359144
0.596586	0.225	0.0322505
0.61523	0.225	0.0284847
0.633873	0.225	0.0246258
0.652516	0.225	0.0206827
0.67116	0.225	0.016664
0.689803	0.225	0.0125782
0.708446	0.225	0.00843349
0.72709	0.225	0.00423813
0.745733	0.225	0
0	0.24	0.0887188
0.0192195	0.24	0.0886794
0.0384391	0.24	0.0885611
0.0576586	0.24	0.0883631
0.0768782	0.24	0.0880845
0.0960977	0.24	0.0877235
0.115317	0.24	0.087278
0.134537	0.24	0.0867456
0.153756	0.24	0.0861232
0.172976	0.24	0.0854071
0.192195	0.24	0.0845932
0.211415	0.24	0.083677
0.230635	0.24	0.0826533
0.249854	0.24	0.0815166
0.269074	0.24	0.080261
0.288293	0.24	0.0788802
0.307513	0.24	0.077368
0.326732	0.24	0.0757182
0.345952	0.24	0.0739248
0.365171	0.24	0.0719826
0.384391	0.24	0.0698872
0.40361	0.24	0.067635
0.42283	0.24	0.0652243
0.44205	0.24	0.0626544
0.461269	0.24	0.0599266
0.480489	0.24	0.0570436
0.499708	0.24	0.0540095
0.518928	0.24	0.0508302
0.538147	0.24	0.0475123
0.557367	0.24	0.0440634
0.576586	0.24	0.040492
0.595806	0.24	0.0368067
0.615025	0.24	0.0330166
0.634245	0.24	0.0291307
0.653465	0.24	0.0251581
0.672684	0.24	0.0211079
0.691904	0.24	0.0169891
0.711123	0.24	0.0128103
0.730343	0.24	0.00858024
0.749562	0.24	0.00430737
0.768782	0.24	0
0	0.255	0.0926592
0.0197958	0.255	0.0926161
0.0395915	0.255	0.0924865
0.0593873	0.255	0.0922697
0.0791831	0.255	0.0919646
0.0989788	0.255	0.0915694
0.118775	0.255	0.091082
0.13857	0.255	0.0904996
0.158366	0.255	0.0898191
0.178162	0.255	0.0890367
0.197958	0.255	0.0881482
0.217753	0.255	0.0871489
0.237549	0.255	0.0860336
0.257345	0.255	0.0847969
0.277141	0.255	0.0834329
0.296936	0.255	0.0819357
0.316732	0.255	0.0802995
0.336528	0.255	0.0785186
0.356324	0.255	0.0765878
0.37612	0.255	0.0745029
0.395915	0.255	0.0722603
0.415711	0.255	0.069858
0.435507	0.255	0.0672952
0.455303	0.255	0.0645727
0.475098	0.255	0.0616929
0.494894	0.255	0.0586597
0.51469	0.255	0.0554782
0.534486	0.255	0.0521551
0.554281	0.255	0.0486977
0.574077	0.255	0.0451143
0.593873	0.255	0.0414136
0.613669	0.255	0.0376048
0.633465	0.255	0.0336971
0.65326	0.255	0.0297001
0.673056	0.255	0.0256232
0.692852	0.255	0.0214757
0.712648	0.255	0.0172669
0.732443	0.255	0.0130059
0.752239	0.255	0.0087019
0.772035	0.255	0.00436366
0.791831	0.255	0
0	0.27	0.0964242
0.020372	0.27	0.0963773
0.040744	0.27	0.0962362
0.061116	0.27	0.0960001
0.081488	0.27	0.095668
0.10186	0.27	0.0952379
0.122232	0.27	0.0947077
0.142604	0.27	0.0940744
0.162976	0.27	0.0933348
0.183348	0.27	0.0924851
0.20372	0.27	0.0915211
0.224092	0.27	0.0904378
0.244464	0.27	0.0892304
0.264836	0.27	0.0878933
0.285208	0.27	0.086421
0.30558	0.27	0.0848079
0.325952	0.27	0.0830487
0.346324	0.27	0.0811385
0.366696	0.27	0.0790728
0.387068	0.27	0.0768482
0.40744	0.27	0.0744626
0.427812	0.27	0.0719148
0.448184	0.27	0.0692054
0.468556	0.27	0.0663363
0.488928	0.27	0.0633111
0.5093	0.27	0.0601346
0.529672	0.27	0.056813
0.550044	0.27	0.0533535
0.570416	0.27	0.0497642
0.590788	0.27	0.0460539
0.61116	0.27	0.0422319
0.631532	0.27	0.0383077
0.651904	0.27	0.034291
0.672276	0.27	0.0301917
0.692648	0.27	0.0260196
0.71302	0.27	0.0217845
0.733392	0.27	0.017496
0.753764	0.27	0.0131639
0.774136	0.27	0.00879758
0.794508	0.27	0.00440651
0.81488	0.27	0
0	0.285	0.100015
0.0209482	0.285	0.0999644
0.0418964	0.285	0.0998115
0.0628446	0.285	0.0995559
0.0837928	0.285	0.0991962
0.104741	0.285	0.0987306
0.125689	0.285	0.0981568
0.146637	0.285	0.0974718
0.167586	0.285	0.0966724
0.188534	0.285	0.0957546
0.209482	0.285	0.0947142
0.23043	0.285	0.0935465
0.251379	0.285	0.0922464
0.272327	0.285	0.0908088
0.293275	0.285	0.0892285
0.314223	0.285	0.0875003
0.335171	0.285	0.0856194
0.35612	0.285	0.0835817
0.377068	0.285	0.0813835
0.398016	0.285	0.0790227
0.418964	0.285	0.0764978
0.439912	0.285	0.0738091
0.460861	0.285	0.0709581
0.481809	0.285	0.0679481
0.502757	0.285	0.0647834
0.523705	0.285	0.0614699
0.544653	0.285	0.0580147
0.565602	0.285	0.0544256
0.58655	0.285	0.0507115
0.607498	0.285	0.0468817
0.628446	0.285	0.0429458
0.649394	0.285	0.0389141
0.670343	0.285	0.0347966
0.691291	0.285	0.0306036
0.712239	0.285	0.0263455
0.733187	0.285	0.0220325
0.754136	0.285	0.0176749
0.775084	0.285	0.0132828
0.796032	0.285	0.00886629
0.81698	0.285	0.00443538
0.837928	0.285	0
0	0.3	0.103434
0.0215244	0.3	0.103379
0.0430489	0.3	0.103214
0.0645733	0.3	0.102938
0.0860977	0.3	0.102551
0.107622	0.3	0.102049
0.129147	0.3	0.101431
0.150671	0.3	0.100694
0.172195	0.3	0.0998336
0.19372	0.3	0.0988471
0.215244	0.3	0.0977297
0.236769	0.3	0.096477
0.258293	0.3	0.0950842
0.279818	0.3	0.0935462
0.301342	0.3	0.0918582
0.322866	0.3	0.0900157
0.344391	0.3	0.0880145
0.365915	0.3	0.0858512
0.38744	0.3	0.0835232
0.408964	0.3	0.081029
0.430489	0.3	0.0783686
0.452013	0.3	0.0755432
0.473537	0.3	0.0725554
0.495062	0.3	0.0694094
0.516586	0.3	0.0661107
0.538111	0.3	0.0626661
0.559635	0.3	0.0590833
0.58116	0.3	0.055371
0.602684	0.3	0.0515386
0.624208	0.3	0.0475961
0.645733	0.3	0.0435536
0.667257	0.3	0.0394219
0.688782	0.3	0.0352117
0.710306	0.3	0.0309337
0.731831	0.3	0.0265988
0.753355	0.3	0.0222179
0.77488	0.3	0.0178017
0.796404	0.3	0.0133612
0.817928	0.3	0.00890693
0.839453	0.3	0.00444966
0.860977	0.3	0
0	0.315	0.10668
0.0221007	0.315	0.106621
0.0442013	0.315	0.106444
0.066302	0.315	0.106148
0.0884026	0.315	0.105732
0.110503	0.315	0.105194
0.132604	0.315	0.104531
0.154705	0.315	0.103741
0.176805	0.315	0.10282
0.198906	0.315	0.101764
0.221007	0.315	0.100569
0.243107	0.315	0.0992314
0.265208	0.315	0.0977456
0.287308	0.315	0.0961074
0.309409	0.315	0.0943123
0.33151	0.315	0.0923565
0.35361	0.315	0.0902364
0.375711	0.315	0.0879494
0.397812	0.315	0.0854938
0.419912	0.315	0.0828693
0.442013	0.315	0.0800767
0.464114	0.315	0.0771184
0.486214	0.315	0.0739981
0.508315	0.315	0.0707209
0.530416	0.315	0.0672932
0.552516	0.315	0.0637227
0.574617	0.315	0.060018
0.596718	0.315	0.0561883
0.618818	0.315	0.0522439
0.640919	0.315	0.0481952
0.66302	0.315	0.0440531
0.68512	0.315	0.0398289
0.707221	0.315	0.0355338
0.729322	0.315	0.0311794
0.751422	0.315	0.026777
0.773523	0.315	0.0223382
0.795623	0.315	0.0178746
0.817724	0.315	0.0133974
0.839825	0.315	0.00891835
0.861925	0.315	0.00444873
0.884026	0.315	0
0	0.33	0.109756
0.0226769	0.33	0.109693
0.0453537	0.33	0.109504
0.0680306	0.33	0.109188
0.0907075	0.33	0.108743
0.113384	0.33	0.108167
0.136061	0.33	0.107459
0.158738	0.33	0.106615
0.181415	0.33	0.105633
0.204092	0.33	0.104507
0.226769	0.33	0.103235
0.249446	0.33	0.101811
0.272122	0.33	0.100232
0.294799	0.33	0.0984941
0.317476	0.33	0.0965926
0.340153	0.33	0.0945243
0.36283	0.33	0.0922866
0.385507	0.33	0.0898777
0.408184	0.33	0.0872969
0.430861	0.33	0.0845447
0.453537	0.33	0.0816231
0.476214	0.33	0.0785355
0.498891	0.33	0.0752865
0.521568	0.33	0.0718823
0.544245	0.33	0.0683302
0.566922	0.33	0.0646387
0.589599	0.33	0.0608171
0.612276	0.33	0.0568757
0.634952	0.33	0.052825
0.657629	0.33	0.0486765
0.680306	0.33	0.0444416
0.702983	0.33	0.0401322
0.72566	0.33	0.0357603
0.748337	0.33	0.0313381
0.771014	0.33	0.0268777
0.793691	0.33	0.0223913
0.816367	0.33	0.0178913
0.839044	0.33	0.0133898
0.861721	0.33	0.00889928
0.884398	0.33	0.0044319
0.907075	0.33	0
0	0.345	0.112663
0.0232531	0.345	0.112595
0.0465062	0.345	0.112394
0.0697593	0.345	0.112056
0.0930124	0.345	0.111582
0.116265	0.345	0.11097
0.139519	0.345	0.110216
0.162772	0.345	0.109318
0.186025	0.345	0.108273
0.209278	0.345	0.107077
0.232531	0.345	0.105726
0.255784	0.345	0.104217
0.279037	0.345	0.102546
0.30229	0.345	0.100708
0.325543	0.345	0.0987002
0.348796	0.345	0.0965204
0.37205	0.345	0.0941664
0.395303	0.345	0.0916372
0.418556	0.345	0.0889332
0.441809	0.345	0.0860558
0.465062	0.345	0.083008
0.488315	0.345	0.0797941
0.511568	0.345	0.07642
0.534821	0.345	0.0728926
0.558074	0.345	0.0692203
0.581327	0.345	0.0654123
0.60458	0.345	0.0614788
0.627834	0.345	0.0574307
0.651087	0.345	0.0532795
0.67434	0.345	0.0490372
0.697593	0.345	0.0447161
0.720846	0.345	0.0403288
0.744099	0.345	0.0358881
0.767352	0.345	0.0314067
0.790605	0.345	0.0268978
0.813858	0.345	0.0223744
0.837111	0.345	0.0178496
0.860365	0.345	0.0133365
0.883618	0.345	0.00884841
0.906871	0.345	0.00439847
0.930124	0.345	0
0	0.36	0.1154
0.0238293	0.36	0.115328
0.0476586	0.36	0.115114
0.071488	0.36	0.114756
0.0953173	0.36	0.114252
0.119147	0.36	0.113602
0.142976	0.36	0.112802
0.166805	0.36	0.111849
0.190635	0.36	0.110742
0.214464	0.36	0.109475
0.238293	0.36	0.108046
0.262122	0.36	0.106451
0.285952	0.36	0.104687
0.309781	0.36	0.102749
0.33361	0.36	0.100636
0.35744	0.36	0.0983456
0.381269	0.36	0.0958763
0.405098	0.36	0.0932284
0.428928	0.36	0.0904029
0.452757	0.36	0.0874024
0.476586	0.36	0.0842309
0.500416	0.36	0.0808937
0.524245	0.36	0.0773976
0.548074	0.36	0.0737505
0.571904	0.36	0.0699617
0.595733	0.36	0.0660413
0.619562	0.36	0.0620003
0.643392	0.36	0.0578505
0.667221	0.36	0.0536042
0.69105	0.36	0.0492741
0.71488	0.36	0.0448734
0.738709	0.36	0.0404154
0.762538	0.36	0.0359137
0.786367	0.36	0.0313822
0.810197	0.36	0.0268346
0.834026	0.36	0.0222849
0.857855	0.36	0.0177472
0.881685	0.36	0.0132356
0.905514	0.36	0.00876432
0.929343	0.36	0.00434767
0.953173	0.36	0
0	0.375	0.117969
0.0244055	0.375	0.117893
0.0488111	0.375	0.117666
0.0732166	0.375	0.117286
0.0976222	0.375	0.116753
0.122028	0.375	0.116064
0.146433	0.375	0.115218
0.170839	0.375	0.11421
0.195244	0.375	0.11304
0.21965	0.375	0.111702
0.244055	0.375	0.110194
0.268461	0.375	0.108513
0.292866	0.375	0.106656
0.317272	0.375	0.104619
0.341678	0.375	0.102401
0.366083	0.375	0.1
0.390489	0.375	0.0974167
0.414894	0.375	0.0946512
0.4393	0.375	0.0917058
0.463705	0.375	0.0885841
0.488111	0.375	0.085291
0.512516	0.375	0.081833
0.536922	0.375	0.0782176
0.561327	0.375	0.074454
0.585733	0.375	0.0705521
0.610138	0.375	0.0665231
0.634544	0.375	0.0623789
0.65895	0.375	0.0581321
0.683355	0.375	0.0537958
0.707761	0.375	0.0493837
0.732166	0.375	0.0449098
0.756572	0.375	0.0403883
0.780977	0.375	0.0358338
0.805383	0.375	0.031261
0.829788	0.375	0.0266846
0.854194	0.375	0.0221198
0.878599	0.375	0.0175815
0.903005	0.375	0.0130849
0.92741	0.375	0.00864555
0.951816	0.375	0.00427871
0.976222	0.375	0
0	0.39	0.12037
0.0249818	0.39	0.12029
0.0499635	0.39	0.12005
0.0749453	0.39	0.119649
0.099927	0.39	0.119085
0.124909	0.39	0.118358
0.149891	0.39	0.117464
0.174872	0.39	0.116402
0.199854	0.39	0.115167
0.224836	0.39	0.113758
0.249818	0.39	0.112172
0.274799	0.39	0.110404
0.299781	0.39	0.108454
0.324763	0.39	0.106318
0.349745	0.39	0.103995
0.374726	0.39	0.101484
0.399708	0.39	0.0987874
0.42469	0.39	0.0959053
0.449672	0.39	0.0928413
0.474653	0.39	0.0895999
0.499635	0.39	0.0861871
0.524617	0.39	0.0826102
0.549599	0.39	0.0788781
0.57458	0.39	0.0750006
0.599562	0.39	0.0709888
0.624544	0.39	0.0668548
0.649526	0.39	0.0626113
0.674508	0.39	0.0582719
0.699489	0.39	0.0538507
0.724471	0.39	0.0493622
0.749453	0.39	0.0448215
0.774435	0.39	0.0402438
0.799416	0.39	0.0356445
0.824398	0.39	0.0310395
0.84938	0.39	0.0264446
0.874362	0.39	0.021876
0.899343	0.39	0.0173498
0.924325	0.39	0.0128824
0.949307	0.39	0.00849053
0.974289	0.39	0.00419075
0.99927	0.39	0
0	0.405	0.122604
0.025558	0.405	0.12252
0.051116	0.405	0.122266
0.0766739	0.405	0.121843
0.102232	0.405	0.12125
0.12779	0.405	0.120483
0.153348	0.405	0.119542
0.178906	0.405	0.118424
0.204464	0.405	0.117126
0.230022	0.405	0.115645
0.25558	0.405	0.113979
0.281138	0.405	0.112124
0.306696	0.405	0.110081
0.332254	0.405	0.107845
0.357812	0.405	0.105417
0.38337	0.405	0.102798
0.408928	0.405	0.0999878
0.434486	0.405	0.0969899
0.460044	0.405	0.0938082
0.485602	0.405	0.0904484
0.51116	0.405	0.0869173
0.536718	0.405	0.0832235
0.562276	0.405	0.0793767
0.587834	0.405	0.0753877
0.613392	0.405	0.0712688
0.63895	0.405	0.0670329
0.664508	0.405	0.0626938
0.690065	0.405	0.058266
0.715623	0.405	0.0537648
0.741181	0.405	0.0492056
0.766739	0.405	0.0446044
0.792297	0.405	0.0399777
0.817855	0.405	0.0353419
0.843413	0.405	0.030714
0.868971	0.405	0.0261111
0.894529	0.405	0.0215503
0.920087	0.405	0.0170494
0.945645	0.405	0.0126258
0.971203	0.405	0.00829763
0.996761	0.405	0.00408291
1.02232	0.405	0
0	0.42	0.124671
0.0261342	0.42	0.124582
0.0522684	0.42	0.124316
0.0784026	0.42	0.123871
0.104537	0.42	0.123247
0.130671	0.42	0.122441
0.156805	0.42	0.121452
0.182939	0.42	0.120277
0.209074	0.42	0.118914
0.235208	0.42	0.117361
0.261342	0.42	0.115615
0.287476	0.42	0.113674
0.31361	0.42	0.111536
0.339745	0.42	0.109201
0.365879	0.42	0.106669
0.392013	0.42	0.10394
0.418147	0.42	0.101017
0.444281	0.42	0.097904
0.470416	0.42	0.0946054
0.49655	0.42	0.091128
0.522684	0.42	0.0874798
0.548818	0.42	0.0836704
0.574952	0.42	0.0797106
0.601087	0.42	0.0756123
0.627221	0.42	0.0713887
0.653355	0.42	0.0670538
0.679489	0.42	0.0626226
0.705623	0.42	0.0581105
0.731758	0.42	0.0535339
0.757892	0.42	0.0489095
0.784026	0.42	0.0442542
0.81016	0.42	0.0395857
0.836294	0.42	0.0349218
0.862429	0.42	0.0302804
0.888563	0.42	0.0256801
0.914697	0.42	0.0211394
0.940831	0.42	0.0166772
0.966966	0.42	0.0123127
0.9931	0.42	0.00806514
1.01923	0.42	0.00395426
1.04537	0.42	0
0	0.435	0.126572
0.0267104	0.435	0.126478
0.0534208	0.435	0.126199
0.0801313	0.435	0.125732
0.106842	0.435	0.125076
0.133552	0.435	0.124231
0.160263	0.435	0.123193
0.186973	0.435	0.121962
0.213683	0.435	0.120534
0.240394	0.435	0.118908
0.267104	0.435	0.117081
0.293815	0.435	0.115053
0.320525	0.435	0.112821
0.347236	0.435	0.110386
0.373946	0.435	0.107749
0.400656	0.435	0.10491
0.427367	0.435	0.101875
0.454077	0.435	0.0986463
0.480788	0.435	0.095231
0.507498	0.435	0.0916366
0.534208	0.435	0.0878722
0.560919	0.435	0.0839483
0.587629	0.435	0.0798768
0.61434	0.435	0.0756709
0.64105	0.435	0.0713448
0.667761	0.435	0.0669136
0.694471	0.435	0.0623935
0.721181	0.435	0.057801
0.747892	0.435	0.0531537
0.774602	0.435	0.0484693
0.801313	0.435	0.0437663
0.828023	0.435	0.0390634
0.854734	0.435	0.0343797
0.881444	0.435	0.0297346
0.908154	0.435	0.0251479
0.934865	0.435	0.0206397
0.961575	0.435	0.0162304
0.988286	0.435	0.0119406
1.015	0.435	0.00779126
1.04171	0.435	0.00380384
1.06842	0.435	0
0	0.45	0.128306
0.0272866	0.45	0.128209
0.0545733	0.45	0.127915
0.0818599	0.45	0.127426
0.109147	0.45	0.126739
0.136433	0.45	0.125853
0.16372	0.45	0.124767
0.191007	0.45	0.123478
0.218293	0.45	0.121985
0.24558	0.45	0.120285
0.272866	0.45	0.118377
0.300153	0.45	0.116261
0.32744	0.45	0.113934
0.354726	0.45	0.111399
0.382013	0.45	0.108656
0.4093	0.45	0.105708
0.436586	0.45	0.102559
0.463873	0.45	0.0992152
0.49116	0.45	0.0956833
0.518446	0.45	0.0919721
0.545733	0.45	0.0880918
0.57302	0.45	0.0840541
0.600306	0.45	0.0798721
0.627593	0.45	0.07556
0.65488	0.45	0.0711333
0.682166	0.45	0.0666082
0.709453	0.45	0.0620021
0.736739	0.45	0.0573329
0.764026	0.45	0.0526193
0.791313	0.45	0.0478804
0.818599	0.45	0.0431359
0.845886	0.45	0.038406
0.873173	0.45	0.0337111
0.900459	0.45	0.0290721
0.927746	0.45	0.0245104
0.955033	0.45	0.0200476
0.982319	0.45	0.0157056
1.00961	0.45	0.0115068
1.03689	0.45	0.0074741
1.06418	0.45	0.00363063
1.09147	0.45	0
0	0.465	0.129875
0.0278629	0.465	0.129773
0.0557257	0.465	0.129466
0.0835886	0.465	0.128954
0.111451	0.465	0.128235
0.139314	0.465	0.127309
0.167177	0.465	0.126173
0.19504	0.465	0.124826
0.222903	0.465	0.123267
0.250766	0.465	0.121493
0.278629	0.465	0.119503
0.306492	0.465	0.117297
0.334354	0.465	0.114876
0.362217	0.465	0.112239
0.39008	0.465	0.109389
0.417943	0.465	0.106331
0.445806	0.465	0.103069
0.473669	0.465	0.0996089
0.501532	0.465	0.0959601
0.529394	0.465	0.0921319
0.557257	0.465	0.0881359
0.58512	0.465	0.0839848
0.612983	0.465	0.0796929
0.640846	0.465	0.0752757
0.668709	0.465	0.0707499
0.696572	0.465	0.0661331
0.724435	0.465	0.0614438
0.752297	0.465	0.0567014
0.78016	0.465	0.0519259
0.808023	0.465	0.0471377
0.835886	0.465	0.0423581
0.863749	0.465	0.0376085
0.891612	0.465	0.0329112
0.919475	0.465	0.0282884
0.947337	0.465	0.0237633
0.9752	0.465	0.019359
1.00306	0.465	0.0150994
1.03093	0.465	0.0110087
1.05879	0.465	0.00711169
1.08665	0.465	0.00343355
1.11451	0.465	0
0	0.48	0.131278
0.0284391	0.48	0.131171
0.0568782	0.48	0.130851
0.0853173	0.48	0.130315
0.113756	0.48	0.129565
0.142195	0.48	0.128597
0.170635	0.48	0.127412
0.199074	0.48	0.126006
0.227513	0.48	0.12438
0.255952	0.48	0.12253
0.284391	0.48	0.120458
0.31283	0.48	0.118163
0.341269	0.48	0.115644
0.369708	0.48	0.112905
0.398147	0.48	0.109949
0.426586	0.48	0.106779
0.455025	0.48	0.103402
0.483465	0.48	0.0998255
0.511904	0.48	0.096059
0.540343	0.48	0.0921134
0.568782	0.48	0.0880013
0.597221	0.48	0.0837367
0.62566	0.48	0.0793353
0.654099	0.48	0.0748138
0.682538	0.48	0.0701903
0.710977	0.48	0.0654836
0.739416	0.48	0.0607138
0.767855	0.48	0.0559015
0.796294	0.48	0.0510682
0.824734	0.48	0.046236
0.853173	0.48	0.0414275
0.881612	0.48	0.0366659
0.910051	0.48	0.0319749
0.93849	0.48	0.0273788
0.966929	0.48	0.0229021
0.995368	0.48	0.01857
1.02381	0.48	0.0144084
1.05225	0.48	0.0104434
1.08069	0.48	0.00670194
1.10912	0.48	0.0032115
1.13756	0.48	0
0	0.495	0.132516
0.0290153	0.495	0.132404
0.0580306	0.495	0.13207
0.0870459	0.495	0.131511
0.116061	0.495	0.130728
0.145077	0.495	0.129719
0.174092	0.495	0.128483
0.203107	0.495	0.127018
0.232122	0.495	0.125324
0.261138	0.495	0.123399
0.290153	0.495	0.121242
0.319168	0.495	0.118856
0.348184	0.495	0.11624
0.377199	0.495	0.113397
0.406214	0.495	0.110332
0.43523	0.495	0.10705
0.464245	0.495	0.103557
0.49326	0.495	0.0998628
0.522276	0.495	0.0959776
0.551291	0.495	0.0919136
0.580306	0.495	0.0876848
0.609322	0.495	0.0833064
0.638337	0.495	0.0787955
0.667352	0.495	0.0741701
0.696367	0.495	0.0694498
0.725383	0.495	0.0646548
0.754398	0.495	0.0598068
0.783413	0.495	0.0549278
0.812429	0.495	0.0500409
0.841444	0.495	0.0451698
0.870459	0.495	0.0403388
0.899475	0.495	0.0355728
0.92849	0.495	0.0308972
0.957505	0.495	0.0263381
0.986521	0.495	0.0219221
1.01554	0.495	0.0176764
1.04455	0.495	0.0136288
1.07357	0.495	0.00980779
1.10258	0.495	0.00624267
1.1316	0.495	0.00296332
1.16061	0.495	0
0	0.51	0.133588
0.0295915	0.51	0.133472
0.0591831	0.51	0.133123
0.0887746	0.51	0.132541
0.118366	0.51	0.131725
0.147958	0.51	0.130674
0.177549	0.51	0.129387
0.207141	0.51	0.127862
0.236732	0.51	0.126099
0.266324	0.51	0.124097
0.295915	0.51	0.121855
0.325507	0.51	0.119377
0.355098	0.51	0.116662
0.38469	0.51	0.113714
0.414281	0.51	0.110539
0.443873	0.51	0.107142
0.473465	0.51	0.103532
0.503056	0.51	0.0997184
0.532648	0.51	0.095713
0.562239	0.51	0.0915295
0.591831	0.51	0.0871828
0.621422	0.51	0.0826899
0.651014	0.51	0.0780691
0.680605	0.51	0.07334
0.710197	0.51	0.0685236
0.739788	0.51	0.0636417
0.76938	0.51	0.0587176
0.798971	0.51	0.0537749
0.828563	0.51	0.0488384
0.858154	0.51	0.0439336
0.887746	0.51	0.0390864
0.917337	0.51	0.0343236
0.946929	0.51	0.0296726
0.976521	0.51	0.0251614
1.00611	0.51	0.0208186
1.0357	0.51	0.0166737
1.0653	0.51	0.0127567
1.09489	0.51	0.00909877
1.12448	0.51	0.00573165
1.15407	0.51	0.00268788
1.18366	0.51	0
0	0.525	0.134495
0.0301678	0.525	0.134374
0.0603355	0.525	0.134011
0.0905033	0.525	0.133405
0.120671	0.525	0.132556
0.150839	0.525	0.131463
0.181007	0.525	0.130123
0.211174	0.525	0.128538
0.241342	0.525	0.126705
0.27151	0.525	0.124624
0.301678	0.525	0.122297
0.331845	0.525	0.119724
0.362013	0.525	0.116909
0.392181	0.525	0.113854
0.422349	0.525	0.110567
0.452516	0.525	0.107054
0.482684	0.525	0.103325
0.512852	0.525	0.0993898
0.54302	0.525	0.0952625
0.573187	0.525	0.0909576
0.603355	0.525	0.0864917
0.633523	0.525	0.0818832
0.663691	0.525	0.0771517
0.693858	0.525	0.0723187
0.724026	0.525	0.0674065
0.754194	0.525	0.062439
0.784362	0.525	0.0574406
0.814529	0.525	0.0524371
0.844697	0.525	0.047455
0.874865	0.525	0.0425214
0.905033	0.525	0.0376644
0.9352	0.525	0.0329126
0.965368	0.525	0.0282954
0.995536	0.525	0.0238431
1.0257	0.525	0.0195864
1.05587	0.525	0.0155572
1.08604	0.525	0.0117881
1.11621	0.525	0.00831305
1.14637	0.525	0.0051666
1.17654	0.525	0.00238408
1.20671	0.525	0
0	0.54	0.135237
0.030744	0.54	0.135112
0.061488	0.54	0.134734
0.0922319	0.54	0.134104
0.122976	0.54	0.133221
0.15372	0.54	0.132084
0.184464	0.54	0.130693
0.215208	0.54	0.129045
0.245952	0.54	0.127141
0.276696	0.54	0.124981
0.30744	0.54	0.122566
0.338184	0.54	0.119898
0.368928	0.54	0.11698
0.399672	0.54	0.113817
0.430416	0.54	0.110416
0.46116	0.54	0.106784
0.491904	0.54	0.102933
0.522648	0.54	0.0988745
0.553392	0.54	0.0946229
0.584136	0.54	0.0901946
0.61488	0.54	0.0856076
0.645623	0.54	0.0808819
0.676367	0.54	0.0760388
0.707111	0.54	0.0711012
0.737855	0.54	0.0660935
0.768599	0.54	0.0610409
0.799343	0.54	0.0559701
0.830087	0.54	0.0509085
0.860831	0.54	0.0458845
0.891575	0.54	0.0409272
0.922319	0.54	0.0360667
0.953063	0.54	0.0313337
0.983807	0.54	0.0267598
1.01455	0.54	0.0223775
1.0453	0.54	0.0182201
1.07604	0.54	0.014322
1.10678	0.54	0.0107188
1.13753	0.54	0.00744723
1.16827	0.54	0.00454531
1.19902	0.54	0.00205107
1.22976	0.54	0
0	0.555	0.135814
0.0313202	0.555	0.135684
0.0626404	0.555	0.135292
0.0939606	0.555	0.134637
0.125281	0.555	0.13372
0.156601	0.555	0.13254
0.187921	0.555	0.131094
0.219241	0.555	0.129384
0.250562	0.555	0.127408
0.281882	0.555	0.125167
0.313202	0.555	0.122663
0.344522	0.555	0.119897
0.375842	0.555	0.116875
0.407163	0.555	0.113601
0.438483	0.555	0.110083
0.469803	0.555	0.10633
0.501123	0.555	0.102354
0.532443	0.555	0.0981695
0.563764	0.555	0.0937911
0.595084	0.555	0.0892368
0.626404	0.555	0.0845265
0.657724	0.555	0.0796816
0.689044	0.555	0.0747253
0.720365	0.555	0.0696824
0.751685	0.555	0.0645788
0.783005	0.555	0.059442
0.814325	0.555	0.0543002
0.845645	0.555	0.049183
0.876966	0.555	0.0441207
0.908286	0.555	0.0391447
0.939606	0.555	0.034287
0.970926	0.555	0.0295807
1.00225	0.555	0.0250597
1.03357	0.555	0.0207589
1.06489	0.555	0.0167142
1.09621	0.555	0.0129631
1.12753	0.555	0.00954419
1.15885	0.555	0.00649796
1.19017	0.555	0.00386585
1.22149	0.555	0.00168843
1.25281	0.555	0
0	0.57	0.136227
0.0318964	0.57	0.136091
0.0637928	0.57	0.135684
0.0956893	0.57	0.135005
0.127586	0.57	0.134053
0.159482	0.57	0.132828
0.191379	0.57	0.131329
0.223275	0.57	0.129555
0.255171	0.57	0.127506
0.287068	0.57	0.125182
0.318964	0.57	0.122587
0.350861	0.57	0.119722
0.382757	0.57	0.116592
0.414653	0.57	0.113204
0.44655	0.57	0.109566
0.478446	0.57	0.10569
0.510343	0.57	0.101587
0.542239	0.57	0.097272
0.574136	0.57	0.0927635
0.606032	0.57	0.0880804
0.637928	0.57	0.083244
0.669825	0.57	0.0782777
0.701721	0.57	0.0732064
0.733618	0.57	0.0680569
0.765514	0.57	0.062857
0.79741	0.57	0.0576361
0.829307	0.57	0.0524247
0.861203	0.57	0.0472543
0.8931	0.57	0.0421573
0.924996	0.57	0.0371674
0.956893	0.57	0.0323188
0.988789	0.57	0.0276471
1.02069	0.57	0.0231886
1.05258	0.57	0.0189809
1.08448	0.57	0.0150628
1.11637	0.57	0.011475
1.14827	0.57	0.00825987
1.18017	0.57	0.00546208
1.21206	0.57	0.00312697
1.24396	0.57	0.00129677
1.27586	0.57	0
0	0.585	0.136474
0.0324726	0.585	0.136333
0.0649453	0.585	0.135911
0.0974179	0.585	0.135207
0.129891	0.585	0.134221
0.162363	0.585	0.132951
0.194836	0.585	0.131396
0.227308	0.585	0.129557
0.259781	0.585	0.127433
0.292254	0.585	0.125026
0.324726	0.585	0.122337
0.357199	0.585	0.11937
0.389672	0.585	0.116131
0.422144	0.585	0.112626
0.454617	0.585	0.108865
0.48709	0.585	0.104861
0.519562	0.585	0.100627
0.552035	0.585	0.096179
0.584508	0.585	0.0915368
0.61698	0.585	0.0867213
0.649453	0.585	0.0817557
0.681925	0.585	0.0766652
0.714398	0.585	0.0714768
0.746871	0.585	0.0662191
0.779343	0.585	0.0609221
0.811816	0.585	0.0556173
0.844289	0.585	0.0503372
0.876761	0.585	0.0451157
0.909234	0.585	0.0399876
0.941707	0.585	0.0349885
0.974179	0.585	0.0301554
1.00665	0.585	0.0255262
1.03912	0.585	0.0211399
1.0716	0.585	0.017037
1.10407	0.585	0.0132596
1.13654	0.585	0.00985207
1.16902	0.585	0.00686139
1.20149	0.585	0.00433709
1.23396	0.585	0.00232888
1.26643	0.585	0.000878596
1.29891	0.585	0
0	0.6	0.136556
0.0330489	0.6	0.136411
0.0660977	0.6	0.135974
0.0991466	0.6	0.135244
0.132195	0.6	0.134222
0.165244	0.6	0.132906
0.198293	0.6	0.131296
0.231342	0.6	0.129391
0.264391	0.6	0.127191
0.29744	0.6	0.124697
0.330489	0.6	0.121913
0.363537	0.6	0.118842
0.396586	0.6	0.115489
0.429635	0.6	0.111865
0.462684	0.6	0.107978
0.495733	0.6	0.103842
0.528782	0.6	0.0994721
0.561831	0.6	0.0948871
0.59488	0.6	0.0901072
0.627928	0.6	0.0851555
0.660977	0.6	0.0800572
0.694026	0.6	0.0748393
0.727075	0.6	0.0695311
0.760124	0.6	0.0641632
0.793173	0.6	0.058768
0.826222	0.6	0.0533791
0.85927	0.6	0.0480313
0.892319	0.6	0.0427607
0.925368	0.6	0.0376046
0.958417	0.6	0.0326012
0.991466	0.6	0.0277898
1.02451	0.6	0.023211
1.05756	0.6	0.0189067
1.09061	0.6	0.0149205
1.12366	0.6	0.0112982
1.15671	0.6	0.00808873
1.18976	0.6	0.00534468
1.22281	0.6	0.00312187
1.25586	0.6	0.00147457
1.28891	0.6	0.000440007
1.32195	0.6	0
