0	0	0
0.00125	0	0
0.0025	0	0
0.00375	0	0
0.005	0	0
0.00625	0	0
0.0075	0	0
0.00875	0	0
0.01	0	0
0.01125	0	0
0.0125	0	0
0.01375	0	0
0.015	0	0
0.01625	0	0
0.0175	0	0
0.01875	0	0
0.02	0	0
0.02125	0	0
0.0225	0	0
0.02375	0	0
0.025	0	0
0.02625	0	0
0.0275	0	0
0.02875	0	0
0.03	0	0
0.03125	0	0
0.0325	0	0
0.03375	0	0
0.035	0	0
0.03625	0	0
0.0375	0	0
0.03875	0	0
0.04	0	0
0.04125	0	0
0.0425	0	0
0.04375	0	0
0.045	0	0
0.04625	0	0
0.0475	0	0
0.04875	0	0
0.05	0	0
0	0.0025	0.000232136
0.00215409	0.0025	0.000232137
0.00430818	0.0025	0.000232126
0.00646228	0.0025	0.000232105
0.00861637	0.0025	0.000232066
0.0107705	0.0025	0.000231987
0.0129246	0.0025	0.000231837
0.0150786	0.0025	0.000231575
0.0172327	0.0025	0.000231157
0.0193868	0.0025	0.00023054
0.0215409	0.0025	0.00022968
0.023695	0.0025	0.000228537
0.0258491	0.0025	0.000227075
0.0280032	0.0025	0.000225262
0.0301573	0.0025	0.000223069
0.0323114	0.0025	0.000220471
0.0344655	0.0025	0.000217448
0.0366196	0.0025	0.000213982
0.0387737	0.0025	0.000210058
0.0409278	0.0025	0.000205664
0.0430818	0.0025	0.000200791
0.0452359	0.0025	0.000195431
0.04739	0.0025	0.000189579
0.0495441	0.0025	0.000183231
0.0516982	0.0025	0.000176385
0.0538523	0.0025	0.000169038
0.0560064	0.0025	0.00016119
0.0581605	0.0025	0.000152843
0.0603146	0.0025	0.000143997
0.0624687	0.0025	0.000134654
0.0646228	0.0025	0.000124816
0.0667769	0.0025	0.000114487
0.068931	0.0025	0.000103669
0.071085	0.0025	9.23665e-05
0.0732391	0.0025	8.05826e-05
0.0753932	0.0025	6.83213e-05
0.0775473	0.0025	5.55868e-05
0.0797014	0.0025	4.23831e-05
0.0818555	0.0025	2.87146e-05
0.0840096	0.0025	1.45854e-05
0.0861637	0.0025	0
0	0.005	0.000458062
0.00305818	0.005	0.000458023
0.00611637	0.005	0.000457876
0.00917455	0.005	0.000457596
0.0122327	0.005	0.000457119
0.0152909	0.005	0.000456351
0.0183491	0.005	0.000455182
0.0214073	0.005	0.000453497
0.0244655	0.005	0.000451192
0.0275237	0.005	0.000448173
0.0305818	0.005	0.000444366
0.03364	0.005	0.000439712
0.0366982	0.005	0.000434171
0.0397564	0.005	0.000427715
0.0428146	0.005	0.000420332
0.0458728	0.005	0.000412021
0.048931	0.005	0.000402791
0.0519891	0.005	0.000392658
0.0550473	0.005	0.000381648
0.0581055	0.005	0.00036979
0.0611637	0.005	0.000357118
0.0642219	0.005	0.000343671
0.0672801	0.005	0.000329489
0.0703382	0.005	0.000314615
0.0733964	0.005	0.000299094
0.0764546	0.005	0.000282971
0.0795128	0.005	0.000266292
0.082571	0.005	0.000249103
0.0856292	0.005	0.000231453
0.0886874	0.005	0.000213386
0.0917455	0.005	0.00019495
0.0948037	0.005	0.000176189
0.0978619	0.005	0.00015715
0.10092	0.005	0.000137876
0.103978	0.005	0.000118412
0.107036	0.005	9.88016e-05
0.110095	0.005	7.90862e-05
0.113153	0.005	5.93079e-05
0.116211	0.005	3.95075e-05
0.119269	0.005	1.97251e-05
0.122327	0.005	0
0	0.0075	0.000677831
0.00396228	0.0075	0.000677691
0.00792455	0.0075	0.000677226
0.0118868	0.0075	0.00067635
0.0158491	0.0075	0.000674902
0.0198114	0.0075	0.000672686
0.0237737	0.0075	0.000669503
0.0277359	0.0075	0.000665173
0.0316982	0.0075	0.000659558
0.0356605	0.0075	0.000652556
0.0396228	0.0075	0.00064411
0.043585	0.0075	0.000634197
0.0475473	0.0075	0.000622824
0.0515096	0.0075	0.000610027
0.0554719	0.0075	0.000595856
0.0594342	0.0075	0.000580382
0.0633964	0.0075	0.000563683
0.0673587	0.0075	0.000545845
0.071321	0.0075	0.00052696
0.0752833	0.0075	0.000507119
0.0792455	0.0075	0.000486416
0.0832078	0.0075	0.000464941
0.0871701	0.0075	0.000442784
0.0911324	0.0075	0.00042003
0.0950946	0.0075	0.000396759
0.0990569	0.0075	0.000373048
0.103019	0.0075	0.000348968
0.106981	0.0075	0.000324584
0.110944	0.0075	0.000299957
0.114906	0.0075	0.000275142
0.118868	0.0075	0.000250188
0.122831	0.0075	0.000225139
0.126793	0.0075	0.000200032
0.130755	0.0075	0.000174901
0.134717	0.0075	0.000149774
0.13868	0.0075	0.000124672
0.142642	0.0075	9.96139e-05
0.146604	0.0075	7.4612e-05
0.150567	0.0075	4.96741e-05
0.154529	0.0075	2.48038e-05
0.158491	0.0075	0
0	0.01	0.000891494
0.00486637	0.01	0.000891186
0.00973274	0.01	0.0008902
0.0145991	0.01	0.000888359
0.0194655	0.01	0.000885386
0.0243318	0.01	0.000880979
0.0291982	0.01	0.000874868
0.0340646	0.01	0.000866851
0.038931	0.01	0.000856803
0.0437973	0.01	0.000844674
0.0486637	0.01	0.000830476
0.0535301	0.01	0.000814274
0.0583964	0.01	0.000796172
0.0632628	0.01	0.000776297
0.0681292	0.01	0.000754797
0.0729955	0.01	0.000731827
0.0778619	0.01	0.000707545
0.0827283	0.01	0.000682106
0.0875946	0.01	0.000655663
0.092461	0.01	0.000628356
0.0973274	0.01	0.000600319
0.102194	0.01	0.000571673
0.10706	0.01	0.00054253
0.111926	0.01	0.000512988
0.116793	0.01	0.000483135
0.121659	0.01	0.000453049
0.126526	0.01	0.000422794
0.131392	0.01	0.000392428
0.136258	0.01	0.000361997
0.141125	0.01	0.000331542
0.145991	0.01	0.000301092
0.150857	0.01	0.000270673
0.155724	0.01	0.000240304
0.16059	0.01	0.000209997
0.165457	0.01	0.000179762
0.170323	0.01	0.000149604
0.175189	0.01	0.000119526
0.180056	0.01	8.95285e-05
0.184922	0.01	5.96096e-05
0.189788	0.01	2.97675e-05
0.194655	0.01	0
0	0.0125	0.0010991
0.00577046	0.0125	0.00109855
0.0115409	0.0125	0.00109684
0.0173114	0.0125	0.00109367
0.0230818	0.0125	0.00108865
0.0288523	0.0125	0.00108139
0.0346228	0.0125	0.0010716
0.0403932	0.0125	0.00105908
0.0461637	0.0125	0.00104381
0.0519342	0.0125	0.00102582
0.0577046	0.0125	0.00100525
0.0634751	0.0125	0.000982281
0.0692455	0.0125	0.000957136
0.075016	0.0125	0.000930052
0.0807865	0.0125	0.00090127
0.0865569	0.0125	0.000871024
0.0923274	0.0125	0.000839538
0.0980978	0.0125	0.000807019
0.103868	0.0125	0.000773652
0.109639	0.0125	0.000739604
0.115409	0.0125	0.000705023
0.12118	0.0125	0.000670034
0.12695	0.0125	0.000634745
0.132721	0.0125	0.000599247
0.138491	0.0125	0.000563615
0.144262	0.0125	0.00052791
0.150032	0.0125	0.00049218
0.155802	0.0125	0.000456465
0.161573	0.0125	0.000420792
0.167343	0.0125	0.000385185
0.173114	0.0125	0.000349659
0.178884	0.0125	0.000314224
0.184655	0.0125	0.000278888
0.190425	0.0125	0.000243655
0.196196	0.0125	0.000208528
0.201966	0.0125	0.000173506
0.207737	0.0125	0.000138591
0.213507	0.0125	0.000103783
0.219278	0.0125	6.90813e-05
0.225048	0.0125	3.44867e-05
0.230818	0.0125	0
0	0.015	0.00130068
0.00667455	0.015	0.00129983
0.0133491	0.015	0.0012972
0.0200237	0.015	0.00129236
0.0266982	0.015	0.00128483
0.0333728	0.015	0.00127416
0.0400473	0.015	0.00126008
0.0467219	0.015	0.00124249
0.0533964	0.015	0.00122147
0.060071	0.015	0.00119722
0.0667455	0.015	0.00117
0.0734201	0.015	0.00114014
0.0800946	0.015	0.00110798
0.0867692	0.015	0.00107387
0.0934437	0.015	0.00103811
0.100118	0.015	0.00100101
0.106793	0.015	0.000962831
0.113467	0.015	0.0009238
0.120142	0.015	0.000884118
0.126817	0.015	0.000843953
0.133491	0.015	0.000803446
0.140166	0.015	0.00076271
0.14684	0.015	0.000721838
0.153515	0.015	0.000680903
0.160189	0.015	0.00063996
0.166864	0.015	0.000599055
0.173538	0.015	0.000558218
0.180213	0.015	0.000517474
0.186887	0.015	0.00047684
0.193562	0.015	0.000436327
0.200237	0.015	0.000395943
0.206911	0.015	0.000355695
0.213586	0.015	0.000315586
0.22026	0.015	0.000275618
0.226935	0.015	0.000235795
0.233609	0.015	0.000196118
0.240284	0.015	0.000156589
0.246958	0.015	0.00011721
0.253633	0.015	7.79835e-05
0.260308	0.015	3.89127e-05
0.266982	0.015	0
0	0.0175	0.00149628
0.00757865	0.0175	0.00149507
0.0151573	0.0175	0.00149132
0.0227359	0.0175	0.00148452
0.0303146	0.0175	0.00147407
0.0378932	0.0175	0.00145954
0.0454719	0.0175	0.00144072
0.0530505	0.0175	0.00141766
0.0606292	0.0175	0.00139059
0.0682078	0.0175	0.00135988
0.0757865	0.0175	0.00132596
0.0833651	0.0175	0.00128929
0.0909437	0.0175	0.00125033
0.0985224	0.0175	0.00120949
0.106101	0.0175	0.00116714
0.11368	0.0175	0.00112362
0.121258	0.0175	0.00107922
0.128837	0.0175	0.00103416
0.136416	0.0175	0.00098864
0.143994	0.0175	0.000942816
0.151573	0.0175	0.000896811
0.159152	0.0175	0.00085072
0.16673	0.0175	0.000804617
0.174309	0.0175	0.000758558
0.181887	0.0175	0.000712583
0.189466	0.0175	0.000666724
0.197045	0.0175	0.000621001
0.204623	0.0175	0.000575431
0.212202	0.0175	0.000530026
0.219781	0.0175	0.000484792
0.227359	0.0175	0.000439738
0.234938	0.0175	0.000394868
0.242517	0.0175	0.000350186
0.250095	0.0175	0.000305697
0.257674	0.0175	0.000261405
0.265253	0.0175	0.000217314
0.272831	0.0175	0.000173427
0.28041	0.0175	0.000129748
0.287989	0.0175	8.62815e-05
0.295567	0.0175	4.3031e-05
0.303146	0.0175	0
0	0.02	0.00168593
0.00848274	0.02	0.00168429
0.0169655	0.02	0.00167925
0.0254482	0.02	0.00167021
0.033931	0.02	0.00165651
0.0424137	0.02	0.00163775
0.0508964	0.02	0.00161386
0.0593792	0.02	0.00158507
0.0678619	0.02	0.0015518
0.0763446	0.02	0.0015146
0.0848274	0.02	0.00147407
0.0933101	0.02	0.00143077
0.101793	0.02	0.00138526
0.110276	0.02	0.00133802
0.118758	0.02	0.00128945
0.127241	0.02	0.0012399
0.135724	0.02	0.00118966
0.144207	0.02	0.00113894
0.152689	0.02	0.00108793
0.161172	0.02	0.00103677
0.169655	0.02	0.000985552
0.178137	0.02	0.000934364
0.18662	0.02	0.000883262
0.195103	0.02	0.000832288
0.203586	0.02	0.000781473
0.212068	0.02	0.000730841
0.220551	0.02	0.000680409
0.229034	0.02	0.000630189
0.237517	0.02	0.000580191
0.245999	0.02	0.000530425
0.254482	0.02	0.000480897
0.262965	0.02	0.000431614
0.271448	0.02	0.000382581
0.27993	0.02	0.000333806
0.288413	0.02	0.000285293
0.296896	0.02	0.000237048
0.305379	0.02	0.000189075
0.313861	0.02	0.00014138
0.322344	0.02	9.39659e-05
0.330827	0.02	4.6838e-05
0.33931	0.02	0
0	0.0225	0.00186963
0.00938683	0.0225	0.00186752
0.0187737	0.0225	0.00186104
0.0281605	0.0225	0.00184952
0.0375473	0.0225	0.00183227
0.0469342	0.0225	0.001809
0.056321	0.0225	0.00177982
0.0657078	0.0225	0.00174514
0.0750946	0.0225	0.00170562
0.0844815	0.0225	0.00166199
0.0938683	0.0225	0.00161498
0.103255	0.0225	0.00156528
0.112642	0.0225	0.0015135
0.122029	0.0225	0.00146015
0.131416	0.0225	0.00140567
0.140802	0.0225	0.0013504
0.150189	0.0225	0.00129461
0.159576	0.0225	0.00123852
0.168963	0.0225	0.00118227
0.17835	0.0225	0.00112599
0.187737	0.0225	0.00106977
0.197123	0.0225	0.00101367
0.20651	0.0225	0.000957746
0.215897	0.0225	0.000902025
0.225284	0.0225	0.000846534
0.234671	0.0225	0.000791295
0.244058	0.0225	0.000736324
0.253444	0.0225	0.000681633
0.262831	0.0225	0.000627233
0.272218	0.0225	0.000573134
0.281605	0.0225	0.000519345
0.290992	0.0225	0.000465874
0.300379	0.0225	0.000412727
0.309765	0.0225	0.000359913
0.319152	0.0225	0.000307438
0.328539	0.0225	0.000255307
0.337926	0.0225	0.000203526
0.347313	0.0225	0.0001521
0.3567	0.0225	0.000101034
0.366086	0.0225	5.0333e-05
0.375473	0.0225	0
0	0.025	0.00204742
0.0102909	0.025	0.00204478
0.0205818	0.025	0.00203673
0.0308728	0.025	0.00202251
0.0411637	0.025	0.00200148
0.0514546	0.025	0.00197348
0.0617455	0.025	0.00193884
0.0720365	0.025	0.00189821
0.0823274	0.025	0.00185245
0.0926183	0.025	0.00180249
0.102909	0.025	0.00174917
0.1132	0.025	0.00169328
0.123491	0.025	0.00163547
0.133782	0.025	0.00157628
0.144073	0.025	0.00151615
0.154364	0.025	0.0014554
0.164655	0.025	0.0013943
0.174946	0.025	0.00133303
0.185237	0.025	0.00127173
0.195528	0.025	0.00121051
0.205818	0.025	0.00114945
0.216109	0.025	0.0010886
0.2264	0.025	0.001028
0.236691	0.025	0.000967686
0.246982	0.025	0.000907681
0.257273	0.025	0.000848004
0.267564	0.025	0.000788672
0.277855	0.025	0.0007297
0.288146	0.025	0.000671098
0.298437	0.025	0.000612879
0.308728	0.025	0.000555051
0.319019	0.025	0.000497625
0.32931	0.025	0.000440608
0.3396	0.025	0.000384008
0.349891	0.025	0.000327832
0.360182	0.025	0.000272086
0.370473	0.025	0.000216776
0.380764	0.025	0.000161908
0.391055	0.025	0.000107486
0.401346	0.025	5.35154e-05
0.411637	0.025	0
0	0.0275	0.00221931
0.011195	0.0275	0.00221611
0.02239	0.0275	0.00220635
0.033585	0.0275	0.00218924
0.0447801	0.0275	0.00216423
0.0559751	0.0275	0.00213134
0.0671701	0.0275	0.00209112
0.0783651	0.0275	0.00204452
0.0895601	0.0275	0.00199258
0.100755	0.0275	0.0019364
0.11195	0.0275	0.00187695
0.123145	0.0275	0.00181507
0.13434	0.0275	0.00175145
0.145535	0.0275	0.00168664
0.15673	0.0275	0.00162106
0.167925	0.0275	0.00155503
0.17912	0.0275	0.00148878
0.190315	0.0275	0.0014225
0.20151	0.0275	0.00135631
0.212705	0.0275	0.0012903
0.2239	0.0275	0.00122454
0.235095	0.0275	0.00115908
0.24629	0.0275	0.00109396
0.257485	0.0275	0.00102921
0.26868	0.0275	0.000964856
0.279875	0.0275	0.000900919
0.29107	0.0275	0.000837414
0.302265	0.0275	0.000774357
0.31346	0.0275	0.000711762
0.324655	0.0275	0.00064964
0.33585	0.0275	0.000588002
0.347045	0.0275	0.000526858
0.35824	0.0275	0.000466217
0.369435	0.0275	0.000406086
0.380631	0.0275	0.000346472
0.391826	0.0275	0.000287383
0.403021	0.0275	0.000228824
0.414216	0.0275	0.000170802
0.425411	0.0275	0.00011332
0.436606	0.0275	5.63846e-05
0.447801	0.0275	0
0	0.03	0.0023853
0.0120991	0.03	0.0023815
0.0241982	0.03	0.00236992
0.0362973	0.03	0.00234977
0.0483964	0.03	0.00232061
0.0604955	0.03	0.00228269
0.0725946	0.03	0.00223685
0.0846937	0.03	0.00218426
0.0967929	0.03	0.00212623
0.108892	0.03	0.00206396
0.120991	0.03	0.00199854
0.13309	0.03	0.00193085
0.145189	0.03	0.0018616
0.157288	0.03	0.00179134
0.169387	0.03	0.00172048
0.181487	0.03	0.00164932
0.193586	0.03	0.00157808
0.205685	0.03	0.00150693
0.217784	0.03	0.00143598
0.229883	0.03	0.00136531
0.241982	0.03	0.00129499
0.254081	0.03	0.00122506
0.26618	0.03	0.00115558
0.278279	0.03	0.00108656
0.290379	0.03	0.00101803
0.302478	0.03	0.000950013
0.314577	0.03	0.000882528
0.326676	0.03	0.00081559
0.338775	0.03	0.000749213
0.350874	0.03	0.00068341
0.362973	0.03	0.000618192
0.375072	0.03	0.000553569
0.387171	0.03	0.00048955
0.399271	0.03	0.000426143
0.41137	0.03	0.000363356
0.423469	0.03	0.000301195
0.435568	0.03	0.000239667
0.447667	0.03	0.000178778
0.459766	0.03	0.000118534
0.471865	0.03	5.89398e-05
0.483964	0.03	0
0	0.0325	0.00254542
0.0130032	0.0325	0.00254098
0.0260064	0.0325	0.00252747
0.0390096	0.0325	0.00250413
0.0520128	0.0325	0.00247068
0.065016	0.0325	0.00242764
0.0780192	0.0325	0.00237613
0.0910224	0.0325	0.0023176
0.104026	0.0325	0.00225354
0.117029	0.0325	0.00218531
0.130032	0.0325	0.00211407
0.143035	0.0325	0.00204072
0.156038	0.0325	0.001966
0.169042	0.0325	0.00189045
0.182045	0.0325	0.00181444
0.195048	0.0325	0.00173829
0.208051	0.0325	0.00166219
0.221054	0.0325	0.00158629
0.234058	0.0325	0.0015107
0.247061	0.0325	0.00143551
0.260064	0.0325	0.00136077
0.273067	0.0325	0.00128653
0.28607	0.0325	0.00121283
0.299074	0.0325	0.00113971
0.312077	0.0325	0.00106718
0.32508	0.0325	0.000995274
0.338083	0.0325	0.000924004
0.351086	0.0325	0.00085339
0.36409	0.0325	0.000783446
0.377093	0.0325	0.000714184
0.390096	0.0325	0.000645616
0.403099	0.0325	0.000577753
0.416102	0.0325	0.000510603
0.429106	0.0325	0.000444176
0.442109	0.0325	0.000378478
0.455112	0.0325	0.000313518
0.468115	0.0325	0.000249302
0.481118	0.0325	0.000185837
0.494122	0.0325	0.000123127
0.507125	0.0325	6.11801e-05
0.520128	0.0325	0
0	0.035	0.00269968
0.0139073	0.035	0.00269456
0.0278146	0.035	0.00267902
0.0417219	0.035	0.00265237
0.0556292	0.035	0.00261451
0.0695365	0.035	0.00256626
0.0834437	0.035	0.00250907
0.097351	0.035	0.00244463
0.111258	0.035	0.00237464
0.125166	0.035	0.00230056
0.139073	0.035	0.00222362
0.15298	0.035	0.00214476
0.166887	0.035	0.0020647
0.180795	0.035	0.00198397
0.194702	0.035	0.00190295
0.208609	0.035	0.00182191
0.222517	0.035	0.00174107
0.236424	0.035	0.00166054
0.250331	0.035	0.00158045
0.264239	0.035	0.00150087
0.278146	0.035	0.00142185
0.292053	0.035	0.00134345
0.30596	0.035	0.00126571
0.319868	0.035	0.00118865
0.333775	0.035	0.0011123
0.347682	0.035	0.00103669
0.36159	0.035	0.000961836
0.375497	0.035	0.000887752
0.389404	0.035	0.000814454
0.403311	0.035	0.000741956
0.417219	0.035	0.000670269
0.431126	0.035	0.000599405
0.445033	0.035	0.000529372
0.458941	0.035	0.00046018
0.472848	0.035	0.000391836
0.486755	0.035	0.00032435
0.500662	0.035	0.000257726
0.51457	0.035	0.000191974
0.528477	0.035	0.000127098
0.542384	0.035	6.31049e-05
0.556292	0.035	0
0	0.0375	0.00284807
0.0148114	0.0375	0.00284225
0.0296228	0.0375	0.00282459
0.0444342	0.0375	0.00279451
0.0592455	0.0375	0.00275214
0.0740569	0.0375	0.00269863
0.0888683	0.0375	0.00263574
0.10368	0.0375	0.00256544
0.118491	0.0375	0.00248959
0.133302	0.0375	0.00240977
0.148114	0.0375	0.00232724
0.162925	0.0375	0.00224298
0.177737	0.0375	0.0021577
0.192548	0.0375	0.00207191
0.207359	0.0375	0.00198598
0.222171	0.0375	0.00190018
0.236982	0.0375	0.00181471
0.251794	0.0375	0.00172968
0.266605	0.0375	0.00164521
0.281416	0.0375	0.00156137
0.296228	0.0375	0.00147823
0.311039	0.0375	0.00139582
0.32585	0.0375	0.00131419
0.340662	0.0375	0.00123337
0.355473	0.0375	0.00115339
0.370285	0.0375	0.00107426
0.385096	0.0375	0.000996019
0.399907	0.0375	0.000918671
0.414719	0.0375	0.000842234
0.42953	0.0375	0.000766722
0.444342	0.0375	0.000692147
0.459153	0.0375	0.000618521
0.473964	0.0375	0.000545852
0.488776	0.0375	0.000474151
0.503587	0.0375	0.000403426
0.518398	0.0375	0.000333686
0.53321	0.0375	0.000264938
0.548021	0.0375	0.000197189
0.562833	0.0375	0.000130445
0.577644	0.0375	6.47139e-05
0.592455	0.0375	0
0	0.04	0.0029906
0.0157155	0.04	0.00298406
0.031431	0.04	0.0029642
0.0471464	0.04	0.00293057
0.0628619	0.04	0.00288361
0.0785774	0.04	0.00282478
0.0942929	0.04	0.00275621
0.110008	0.04	0.00268009
0.125724	0.04	0.00259845
0.141439	0.04	0.00251298
0.157155	0.04	0.00242497
0.17287	0.04	0.00233541
0.188586	0.04	0.002245
0.204301	0.04	0.00215426
0.220017	0.04	0.00206353
0.235732	0.04	0.00197308
0.251448	0.04	0.00188309
0.267163	0.04	0.00179368
0.282879	0.04	0.00170496
0.298594	0.04	0.00161701
0.31431	0.04	0.00152988
0.330025	0.04	0.00144362
0.34574	0.04	0.00135827
0.361456	0.04	0.00127387
0.377171	0.04	0.00119043
0.392887	0.04	0.00110798
0.408602	0.04	0.00102655
0.424318	0.04	0.000946141
0.440033	0.04	0.00086678
0.455749	0.04	0.000788477
0.471464	0.04	0.000711245
0.48718	0.04	0.000635095
0.502895	0.04	0.000560039
0.518611	0.04	0.000486086
0.534326	0.04	0.000413245
0.550042	0.04	0.000341526
0.565757	0.04	0.000270935
0.581473	0.04	0.00020148
0.597188	0.04	0.000133169
0.612904	0.04	6.60069e-05
0.628619	0.04	0
0	0.0425	0.00312729
0.0166196	0.0425	0.00311998
0.0332391	0.0425	0.00309784
0.0498587	0.0425	0.00306058
0.0664783	0.0425	0.00300894
0.0830978	0.0425	0.00294477
0.0997174	0.0425	0.0028705
0.116337	0.0425	0.0027886
0.132957	0.0425	0.00270126
0.149576	0.0425	0.00261021
0.166196	0.0425	0.00251682
0.182815	0.0425	0.00242205
0.199435	0.0425	0.00232662
0.216054	0.0425	0.00223102
0.232674	0.0425	0.00213559
0.249294	0.0425	0.00204059
0.265913	0.0425	0.0019462
0.282533	0.0425	0.00185254
0.299152	0.0425	0.0017597
0.315772	0.0425	0.00166777
0.332391	0.0425	0.00157681
0.349011	0.0425	0.00148686
0.365631	0.0425	0.00139796
0.38225	0.0425	0.00131013
0.39887	0.0425	0.00122342
0.415489	0.0425	0.00113784
0.432109	0.0425	0.00105342
0.448728	0.0425	0.000970157
0.465348	0.0425	0.000888086
0.481967	0.0425	0.000807214
0.498587	0.0425	0.000727557
0.515207	0.0425	0.000649125
0.531826	0.0425	0.00057193
0.548446	0.0425	0.000495982
0.565065	0.0425	0.000421291
0.581685	0.0425	0.000347867
0.598304	0.0425	0.000275717
0.614924	0.0425	0.000204849
0.631544	0.0425	0.000135269
0.648163	0.0425	6.69842e-05
0.664783	0.0425	0
0	0.045	0.00325813
0.0175237	0.045	0.00325004
0.0350473	0.045	0.00322554
0.052571	0.045	0.00318455
0.0700946	0.045	0.00312816
0.0876183	0.045	0.0030586
0.105142	0.045	0.00297865
0.122666	0.045	0.00289102
0.140189	0.045	0.00279802
0.157713	0.045	0.00270149
0.175237	0.045	0.00260278
0.19276	0.045	0.0025029
0.210284	0.045	0.00240254
0.227808	0.045	0.00230217
0.245331	0.045	0.00220215
0.262855	0.045	0.00210271
0.280379	0.045	0.00200403
0.297902	0.045	0.00190623
0.315426	0.045	0.00180942
0.33295	0.045	0.00171366
0.350473	0.045	0.00161901
0.367997	0.045	0.00152552
0.385521	0.045	0.00143323
0.403044	0.045	0.00134217
0.420568	0.045	0.00125236
0.438092	0.045	0.00116384
0.455615	0.045	0.00107662
0.473139	0.045	0.000990715
0.490662	0.045	0.000906147
0.508186	0.045	0.000822931
0.52571	0.045	0.00074108
0.543233	0.045	0.000660606
0.560757	0.045	0.000581522
0.578281	0.045	0.000503838
0.595804	0.045	0.000427564
0.613328	0.045	0.00035271
0.630852	0.045	0.000279284
0.648375	0.045	0.000207294
0.665899	0.045	0.000136746
0.683423	0.045	6.76461e-05
0.700946	0.045	0
0	0.0475	0.00338313
0.0184278	0.0475	0.00337423
0.0368555	0.0475	0.0033473
0.0552833	0.0475	0.0033025
0.073711	0.0475	0.00324128
0.0921388	0.0475	0.00316631
0.110567	0.0475	0.00308068
0.128994	0.0475	0.00298735
0.147422	0.0475	0.00288876
0.16585	0.0475	0.0027868
0.184278	0.0475	0.00268287
0.202705	0.0475	0.00257796
0.221133	0.0475	0.00247274
0.239561	0.0475	0.00236771
0.257989	0.0475	0.00226319
0.276416	0.0475	0.00215942
0.294844	0.0475	0.00205657
0.313272	0.0475	0.00195477
0.3317	0.0475	0.00185411
0.350127	0.0475	0.00175465
0.368555	0.0475	0.00165647
0.386983	0.0475	0.0015596
0.405411	0.0475	0.00146409
0.423838	0.0475	0.00136996
0.442266	0.0475	0.00127725
0.460694	0.0475	0.00118597
0.479122	0.0475	0.00109615
0.497549	0.0475	0.00100781
0.515977	0.0475	0.000920961
0.534405	0.0475	0.000835624
0.552833	0.0475	0.000751811
0.57126	0.0475	0.000669538
0.589688	0.0475	0.000588814
0.608116	0.0475	0.000509653
0.626544	0.0475	0.000432064
0.644971	0.0475	0.000356056
0.663399	0.0475	0.000281638
0.681827	0.0475	0.000208817
0.700255	0.0475	0.000137601
0.718682	0.0475	6.79931e-05
0.73711	0.0475	0
0	0.05	0.00350229
0.0193318	0.05	0.00349256
0.0386637	0.05	0.00346313
0.0579955	0.05	0.00341442
0.0773274	0.05	0.00334832
0.0966592	0.05	0.0032679
0.115991	0.05	0.00317661
0.135323	0.05	0.00307761
0.154655	0.05	0.00297347
0.173987	0.05	0.00286616
0.193318	0.05	0.00275708
0.21265	0.05	0.0026472
0.231982	0.05	0.00253723
0.251314	0.05	0.00242762
0.270646	0.05	0.00231871
0.289978	0.05	0.00221072
0.30931	0.05	0.00210383
0.328641	0.05	0.00199814
0.347973	0.05	0.00189376
0.367305	0.05	0.00179076
0.386637	0.05	0.00168919
0.405969	0.05	0.0015891
0.425301	0.05	0.00149053
0.444632	0.05	0.00139351
0.463964	0.05	0.00129807
0.483296	0.05	0.00120423
0.502628	0.05	0.00111201
0.52196	0.05	0.00102143
0.541292	0.05	0.000932523
0.560624	0.05	0.00084529
0.579955	0.05	0.000759751
0.599287	0.05	0.000675919
0.618619	0.05	0.000593808
0.637951	0.05	0.000513429
0.657283	0.05	0.000434792
0.676615	0.05	0.000357906
0.695946	0.05	0.00028278
0.715278	0.05	0.000209421
0.73461	0.05	0.000137834
0.753942	0.05	6.8026e-05
0.773274	0.05	0
0	0.0525	0.00361561
0.0202359	0.0525	0.00360503
0.0404719	0.0525	0.00357302
0.0607078	0.0525	0.00352033
0.0809437	0.0525	0.00344928
0.10118	0.0525	0.00336338
0.121416	0.0525	0.00326643
0.141652	0.0525	0.00316179
0.161887	0.0525	0.00305217
0.182123	0.0525	0.00293956
0.202359	0.0525	0.00282539
0.222595	0.0525	0.00271065
0.242831	0.0525	0.002596
0.263067	0.0525	0.00248191
0.283303	0.0525	0.00236871
0.303539	0.0525	0.00225661
0.323775	0.0525	0.00214578
0.344011	0.0525	0.00203634
0.364247	0.0525	0.00192838
0.384483	0.0525	0.00182197
0.404719	0.0525	0.00171717
0.424955	0.0525	0.00161401
0.445191	0.0525	0.00151255
0.465427	0.0525	0.00141281
0.485662	0.0525	0.00131482
0.505898	0.0525	0.0012186
0.526134	0.0525	0.00112419
0.54637	0.0525	0.00103159
0.566606	0.0525	0.000940832
0.586842	0.0525	0.000851929
0.607078	0.0525	0.000764898
0.627314	0.0525	0.000679752
0.64755	0.0525	0.000596504
0.667786	0.0525	0.000515167
0.688022	0.0525	0.00043575
0.708258	0.0525	0.000358262
0.728494	0.0525	0.000282712
0.74873	0.0525	0.000209106
0.768966	0.0525	0.000137448
0.789202	0.0525	6.77453e-05
0.809437	0.0525	0
0	0.055	0.0037231
0.02114	0.055	0.00371164
0.0422801	0.055	0.00367699
0.0634201	0.055	0.00362023
0.0845601	0.055	0.00354417
0.1057	0.055	0.00345276
0.12684	0.055	0.00335015
0.14798	0.055	0.0032399
0.16912	0.055	0.00312484
0.19026	0.055	0.00300699
0.2114	0.055	0.00288781
0.23254	0.055	0.00276827
0.25368	0.055	0.00264904
0.27482	0.055	0.00253057
0.29596	0.055	0.00241318
0.3171	0.055	0.00229708
0.33824	0.055	0.00218244
0.359381	0.055	0.00206937
0.380521	0.055	0.00195796
0.401661	0.055	0.00184829
0.422801	0.055	0.00174039
0.443941	0.055	0.00163433
0.465081	0.055	0.00153014
0.486221	0.055	0.00142786
0.507361	0.055	0.0013275
0.528501	0.055	0.0012291
0.549641	0.055	0.00113269
0.570781	0.055	0.00103828
0.591921	0.055	0.000945889
0.613061	0.055	0.000855542
0.634201	0.055	0.000767253
0.655341	0.055	0.000681036
0.676481	0.055	0.000596905
0.697621	0.055	0.00051487
0.718761	0.055	0.000434941
0.739901	0.055	0.000357128
0.761041	0.055	0.000281437
0.782181	0.055	0.000207874
0.803321	0.055	0.000136444
0.824461	0.055	6.7152e-05
0.845601	0.055	0
0	0.0575	0.00382476
0.0220441	0.0575	0.0038124
0.0440882	0.0575	0.00377503
0.0661324	0.0575	0.00371413
0.0881765	0.0575	0.00363298
0.110221	0.0575	0.00353604
0.132265	0.0575	0.00342777
0.154309	0.0575	0.00331194
0.176353	0.0575	0.00319148
0.198397	0.0575	0.00306846
0.220441	0.0575	0.00294434
0.242485	0.0575	0.00282008
0.264529	0.0575	0.00269635
0.286574	0.0575	0.00257359
0.308618	0.0575	0.00245211
0.330662	0.0575	0.00233213
0.352706	0.0575	0.00221379
0.37475	0.0575	0.00209722
0.396794	0.0575	0.0019825
0.418838	0.0575	0.0018697
0.440882	0.0575	0.00175887
0.462927	0.0575	0.00165006
0.484971	0.0575	0.0015433
0.507015	0.0575	0.00143864
0.529059	0.0575	0.00133611
0.551103	0.0575	0.00123572
0.573147	0.0575	0.00113751
0.595191	0.0575	0.00104149
0.617235	0.0575	0.000947692
0.63928	0.0575	0.00085613
0.661324	0.0575	0.00076682
0.683368	0.0575	0.000679777
0.705412	0.0575	0.000595014
0.727456	0.0575	0.000512541
0.7495	0.0575	0.000432369
0.771544	0.0575	0.000354505
0.793588	0.0575	0.000278956
0.815633	0.0575	0.000205728
0.837677	0.0575	0.000134823
0.859721	0.0575	6.62464e-05
0.881765	0.0575	0
0	0.06	0.00392059
0.0229482	0.06	0.0039073
0.0458964	0.06	0.00386714
0.0688446	0.06	0.00380201
0.0917929	0.06	0.00371573
0.114741	0.06	0.00361322
0.137689	0.06	0.00349928
0.160637	0.06	0.00337791
0.183586	0.06	0.00325209
0.206534	0.06	0.00312396
0.229482	0.06	0.00299496
0.25243	0.06	0.00286606
0.275379	0.06	0.00273792
0.298327	0.06	0.00261097
0.321275	0.06	0.00248551
0.344223	0.06	0.00236175
0.367171	0.06	0.00223984
0.39012	0.06	0.00211989
0.413068	0.06	0.00200199
0.436016	0.06	0.0018862
0.458964	0.06	0.00177258
0.481912	0.06	0.00166118
0.504861	0.06	0.00155203
0.527809	0.06	0.00144517
0.550757	0.06	0.00134064
0.573705	0.06	0.00123845
0.596654	0.06	0.00113864
0.619602	0.06	0.00104123
0.64255	0.06	0.000946245
0.665498	0.06	0.000853695
0.688446	0.06	0.000763601
0.711395	0.06	0.000675976
0.734343	0.06	0.000590834
0.757291	0.06	0.000508184
0.780239	0.06	0.000428036
0.803187	0.06	0.000350397
0.826136	0.06	0.000275273
0.849084	0.06	0.000202668
0.872032	0.06	0.000132586
0.89498	0.06	6.50293e-05
0.917929	0.06	0
0	0.0625	0.00401059
0.0238523	0.0625	0.00399635
0.0477046	0.0625	0.00395333
0.0715569	0.0625	0.00388387
0.0954092	0.0625	0.00379239
0.119262	0.0625	0.00368428
0.143114	0.0625	0.00356469
0.166966	0.0625	0.00343779
0.190818	0.0625	0.00330667
0.214671	0.0625	0.00317348
0.238523	0.0625	0.00303967
0.262375	0.0625	0.00290622
0.286228	0.0625	0.00277376
0.31008	0.0625	0.00264271
0.333932	0.0625	0.00251337
0.357785	0.0625	0.00238594
0.381637	0.0625	0.00226058
0.405489	0.0625	0.00213737
0.429342	0.0625	0.00201643
0.453194	0.0625	0.00189779
0.477046	0.0625	0.00178154
0.500898	0.0625	0.0016677
0.524751	0.0625	0.00155632
0.548603	0.0625	0.00144744
0.572455	0.0625	0.00134109
0.596308	0.0625	0.0012373
0.62016	0.0625	0.0011361
0.644012	0.0625	0.00103751
0.667865	0.0625	0.000941551
0.691717	0.0625	0.000848241
0.715569	0.0625	0.000757599
0.739422	0.0625	0.000669638
0.763274	0.0625	0.000584369
0.787126	0.0625	0.000501802
0.810978	0.0625	0.000421946
0.834831	0.0625	0.000344807
0.858683	0.0625	0.000270389
0.882535	0.0625	0.000198697
0.906388	0.0625	0.000129734
0.93024	0.0625	6.35011e-05
0.954092	0.0625	0
0	0.065	0.00409476
0.0247564	0.065	0.00407955
0.0495128	0.065	0.00403358
0.0742692	0.065	0.00395973
0.0990256	0.065	0.00386298
0.123782	0.065	0.00374924
0.148538	0.065	0.00362399
0.173295	0.065	0.00349159
0.198051	0.065	0.0033552
0.222808	0.065	0.00321701
0.247564	0.065	0.00307848
0.27232	0.065	0.00294055
0.297077	0.065	0.00280385
0.321833	0.065	0.0026688
0.34659	0.065	0.00253569
0.371346	0.065	0.00240471
0.396102	0.065	0.002276
0.420859	0.065	0.00214967
0.445615	0.065	0.00202581
0.470372	0.065	0.00190447
0.495128	0.065	0.00178572
0.519884	0.065	0.00166961
0.544641	0.065	0.00155617
0.569397	0.065	0.00144545
0.594154	0.065	0.00133747
0.61891	0.065	0.00123227
0.643666	0.065	0.00112988
0.668423	0.065	0.00103032
0.693179	0.065	0.000933611
0.717936	0.065	0.000839772
0.742692	0.065	0.00074882
0.767448	0.065	0.000660766
0.792205	0.065	0.000575623
0.816961	0.065	0.000493399
0.841718	0.065	0.000414102
0.866474	0.065	0.000337736
0.89123	0.065	0.000264307
0.915987	0.065	0.000193817
0.940743	0.065	0.000126268
0.9655	0.065	6.1662e-05
0.990256	0.065	0
0	0.0675	0.00417311
0.0256605	0.0675	0.00415689
0.051321	0.0675	0.0041079
0.0769815	0.0675	0.00402956
0.102642	0.0675	0.00392747
0.128302	0.0675	0.00380807
0.153963	0.0675	0.00367717
0.179623	0.0675	0.00353929
0.205284	0.0675	0.00339769
0.230944	0.0675	0.00325457
0.256605	0.0675	0.00311137
0.282265	0.0675	0.00296904
0.307926	0.0675	0.0028282
0.333586	0.0675	0.00268925
0.359247	0.0675	0.00255247
0.384907	0.0675	0.00241804
0.410568	0.0675	0.00228611
0.436228	0.0675	0.00215678
0.461889	0.0675	0.00203013
0.487549	0.0675	0.00190623
0.51321	0.0675	0.00178514
0.53887	0.0675	0.00166691
0.564531	0.0675	0.00155158
0.590191	0.0675	0.00143919
0.615852	0.0675	0.00132977
0.641512	0.0675	0.00122336
0.667173	0.0675	0.00111999
0.692833	0.0675	0.00101967
0.718494	0.0675	0.000922432
0.744154	0.0675	0.000828292
0.769815	0.0675	0.000737266
0.795475	0.0675	0.000649365
0.821136	0.0675	0.000564599
0.846796	0.0675	0.000482978
0.872457	0.0675	0.000404505
0.898117	0.0675	0.000329187
0.923778	0.0675	0.000257027
0.949438	0.0675	0.000188027
0.975099	0.0675	0.000122188
1.00076	0.0675	5.95123e-05
1.02642	0.0675	0
0	0.07	0.00424563
0.0265646	0.07	0.00422838
0.0531292	0.07	0.00417628
0.0796937	0.07	0.00409336
0.106258	0.07	0.00398588
0.132823	0.07	0.00386078
0.159387	0.07	0.00372422
0.185952	0.07	0.0035809
0.212517	0.07	0.00343413
0.239081	0.07	0.00328613
0.265646	0.07	0.00313835
0.29221	0.07	0.00299171
0.318775	0.07	0.00284681
0.34534	0.07	0.00270405
0.371904	0.07	0.0025637
0.398469	0.07	0.00242593
0.425033	0.07	0.00229089
0.451598	0.07	0.00215869
0.478162	0.07	0.00202939
0.504727	0.07	0.00190307
0.531292	0.07	0.0017798
0.557856	0.07	0.00165961
0.584421	0.07	0.00154255
0.610985	0.07	0.00142867
0.63755	0.07	0.001318
0.664115	0.07	0.00121058
0.690679	0.07	0.00110642
0.717244	0.07	0.00100556
0.743808	0.07	0.000908017
0.770373	0.07	0.000813806
0.796937	0.07	0.000722943
0.823502	0.07	0.000635438
0.850067	0.07	0.000551302
0.876631	0.07	0.000470541
0.903196	0.07	0.00039316
0.92976	0.07	0.000319162
0.956325	0.07	0.000248551
0.98289	0.07	0.000181329
1.00945	0.07	0.000117495
1.03602	0.07	5.70522e-05
1.06258	0.07	0
0	0.0725	0.00431233
0.0274687	0.0725	0.00429401
0.0549374	0.0725	0.00423873
0.082406	0.0725	0.00415113
0.109875	0.0725	0.00403818
0.137343	0.0725	0.00390736
0.164812	0.0725	0.00376515
0.192281	0.0725	0.00361641
0.219749	0.0725	0.00346452
0.247218	0.0725	0.00331171
0.274687	0.0725	0.00315941
0.302155	0.0725	0.00300854
0.329624	0.0725	0.00285967
0.357093	0.0725	0.0027132
0.384561	0.0725	0.00256938
0.41203	0.0725	0.00242839
0.439499	0.0725	0.00229036
0.466967	0.0725	0.0021554
0.494436	0.0725	0.00202359
0.521905	0.0725	0.00189499
0.549374	0.0725	0.00176968
0.576842	0.0725	0.00164769
0.604311	0.0725	0.00152908
0.63178	0.0725	0.00141389
0.659248	0.0725	0.00130216
0.686717	0.0725	0.00119392
0.714186	0.0725	0.00108919
0.741654	0.0725	0.000987998
0.769123	0.0725	0.000890369
0.796592	0.0725	0.000796317
0.82406	0.0725	0.000705853
0.851529	0.0725	0.00061899
0.878998	0.0725	0.000535734
0.906466	0.0725	0.000456091
0.933935	0.0725	0.000380066
0.961404	0.0725	0.000307662
0.988872	0.0725	0.00023888
1.01634	0.0725	0.000173723
1.04381	0.0725	0.000112189
1.07128	0.0725	5.42817e-05
1.09875	0.0725	0
0	0.075	0.0043732
0.0283728	0.075	0.0043538
0.0567455	0.075	0.00429523
0.0851183	0.075	0.00420286
0.113491	0.075	0.00408437
0.141864	0.075	0.0039478
0.170237	0.075	0.00379993
0.198609	0.075	0.00364581
0.226982	0.075	0.00348885
0.255355	0.075	0.00333129
0.283728	0.075	0.00317455
0.3121	0.075	0.00301953
0.340473	0.075	0.00286678
0.368846	0.075	0.00271669
0.397219	0.075	0.0025695
0.425592	0.075	0.0024254
0.453964	0.075	0.0022845
0.482337	0.075	0.00214691
0.51071	0.075	0.00201272
0.539083	0.075	0.00188199
0.567455	0.075	0.00175479
0.595828	0.075	0.00163117
0.624201	0.075	0.00151118
0.652574	0.075	0.00139486
0.680946	0.075	0.00128225
0.709319	0.075	0.00117339
0.737692	0.075	0.00106829
0.766065	0.075	0.000966987
0.794437	0.075	0.000869495
0.82281	0.075	0.000775829
0.851183	0.075	0.000686002
0.879556	0.075	0.000600022
0.907929	0.075	0.000517897
0.936301	0.075	0.000439631
0.964674	0.075	0.000365227
0.993047	0.075	0.000294688
1.02142	0.075	0.000228015
1.04979	0.075	0.000165209
1.07817	0.075	0.00010627
1.10654	0.075	5.12008e-05
1.13491	0.075	0
0	0.0775	0.00442825
0.0292769	0.0775	0.00440772
0.0585537	0.0775	0.00434578
0.0878306	0.0775	0.00424854
0.117107	0.0775	0.00412444
0.146384	0.0775	0.00398208
0.175661	0.0775	0.00382858
0.204938	0.0775	0.0036691
0.234215	0.0775	0.00350712
0.263492	0.0775	0.00334488
0.292769	0.0775	0.00318378
0.322045	0.0775	0.00302468
0.351322	0.0775	0.00286815
0.380599	0.0775	0.00271453
0.409876	0.0775	0.00256408
0.439153	0.0775	0.00241696
0.46843	0.0775	0.00227331
0.497707	0.0775	0.00213322
0.526983	0.0775	0.00199678
0.55626	0.0775	0.00186406
0.585537	0.0775	0.00173513
0.614814	0.0775	0.00161004
0.644091	0.0775	0.00148884
0.673368	0.0775	0.00137158
0.702645	0.0775	0.00125828
0.731922	0.0775	0.001149
0.761198	0.0775	0.00104374
0.790475	0.0775	0.000942532
0.819752	0.0775	0.000845397
0.849029	0.0775	0.000752347
0.878306	0.0775	0.000663391
0.907583	0.0775	0.000578538
0.93686	0.0775	0.000497794
0.966136	0.0775	0.000421161
0.995413	0.0775	0.000348642
1.02469	0.0775	0.00028024
1.05397	0.0775	0.000215954
1.08324	0.0775	0.000155787
1.11252	0.0775	9.97386e-05
1.1418	0.0775	4.78096e-05
1.17107	0.0775	0
0	0.08	0.00447748
0.030181	0.08	0.00445579
0.0603619	0.08	0.00439038
0.0905429	0.08	0.00428816
0.120724	0.08	0.00415839
0.150905	0.08	0.00401021
0.181086	0.08	0.00385107
0.211267	0.08	0.00368627
0.241448	0.08	0.00351934
0.271629	0.08	0.00335248
0.30181	0.08	0.00318708
0.33199	0.08	0.003024
0.362171	0.08	0.00286376
0.392352	0.08	0.00270671
0.422533	0.08	0.00255309
0.452714	0.08	0.00240308
0.482895	0.08	0.00225678
0.513076	0.08	0.00211432
0.543257	0.08	0.00197577
0.573438	0.08	0.00184121
0.603619	0.08	0.0017107
0.6338	0.08	0.00158431
0.663981	0.08	0.00146207
0.694162	0.08	0.00134404
0.724343	0.08	0.00123025
0.754524	0.08	0.00112074
0.784705	0.08	0.00101553
0.814886	0.08	0.000914636
0.845067	0.08	0.00081808
0.875248	0.08	0.000725873
0.905429	0.08	0.000638025
0.93561	0.08	0.000554541
0.96579	0.08	0.000475426
0.995971	0.08	0.000400682
1.02615	0.08	0.000330313
1.05633	0.08	0.000264318
1.08651	0.08	0.0002027
1.1167	0.08	0.000145458
1.14688	0.08	9.25939e-05
1.17706	0.08	4.41085e-05
1.20724	0.08	0
0	0.0825	0.00452088
0.031085	0.0825	0.004498
0.0621701	0.0825	0.00442902
0.0932551	0.0825	0.00432172
0.12434	0.0825	0.00418619
0.155425	0.0825	0.00403218
0.18651	0.0825	0.00386741
0.217595	0.0825	0.00369733
0.24868	0.0825	0.00352549
0.279765	0.0825	0.00335408
0.31085	0.0825	0.00318446
0.341935	0.0825	0.00301747
0.373021	0.0825	0.00285361
0.404106	0.0825	0.00269323
0.435191	0.0825	0.00253655
0.466276	0.0825	0.00238374
0.497361	0.0825	0.00223493
0.528446	0.0825	0.00209022
0.559531	0.0825	0.00194969
0.590616	0.0825	0.00181344
0.621701	0.0825	0.00168151
0.652786	0.0825	0.00155397
0.683871	0.0825	0.00143087
0.714956	0.0825	0.00131226
0.746041	0.0825	0.00119817
0.777126	0.0825	0.00108863
0.808211	0.0825	0.000983671
0.839296	0.0825	0.000883304
0.870381	0.0825	0.000787547
0.901466	0.0825	0.000696411
0.932551	0.0825	0.000609904
0.963636	0.0825	0.00052803
0.994721	0.0825	0.000450794
1.02581	0.0825	0.000378196
1.05689	0.0825	0.000310239
1.08798	0.0825	0.000246923
1.11906	0.0825	0.00018825
1.15015	0.0825	0.000134221
1.18123	0.0825	8.48372e-05
1.21232	0.0825	4.00986e-05
1.2434	0.0825	0
0	0.085	0.00455846
0.0319891	0.085	0.00453436
0.0639783	0.085	0.00446168
0.0959674	0.085	0.0043492
0.127957	0.085	0.00420786
0.159946	0.085	0.00404797
0.191935	0.085	0.00387759
0.223924	0.085	0.00370227
0.255913	0.085	0.00352557
0.287902	0.085	0.00334968
0.319891	0.085	0.00317592
0.351881	0.085	0.00300509
0.38387	0.085	0.00283771
0.415859	0.085	0.00267408
0.447848	0.085	0.00251444
0.479837	0.085	0.00235895
0.511826	0.085	0.00220774
0.543815	0.085	0.00206091
0.575804	0.085	0.00191855
0.607794	0.085	0.00178074
0.639783	0.085	0.00164755
0.671772	0.085	0.00151904
0.703761	0.085	0.00139525
0.73575	0.085	0.00127624
0.767739	0.085	0.00116204
0.799728	0.085	0.00105267
0.831718	0.085	0.000948167
0.863707	0.085	0.000848539
0.895696	0.085	0.000753801
0.927685	0.085	0.000663963
0.959674	0.085	0.000579031
0.991663	0.085	0.000499009
1.02365	0.085	0.000423899
1.05564	0.085	0.000353702
1.08763	0.085	0.000288421
1.11962	0.085	0.000228055
1.15161	0.085	0.000172607
1.1836	0.085	0.000122078
1.21559	0.085	7.64703e-05
1.24758	0.085	3.57818e-05
1.27957	0.085	0
0	0.0875	0.00459022
0.0328932	0.0875	0.00456485
0.0657865	0.0875	0.00448838
0.0986797	0.0875	0.0043706
0.131573	0.0875	0.00422336
0.164466	0.0875	0.00405759
0.197359	0.0875	0.00388161
0.230253	0.0875	0.00370109
0.263146	0.0875	0.00351959
0.296039	0.0875	0.00333928
0.328932	0.0875	0.00316145
0.361826	0.0875	0.00298688
0.394719	0.0875	0.00281605
0.427612	0.0875	0.00264927
0.460505	0.0875	0.00248677
0.493398	0.0875	0.00232871
0.526292	0.0875	0.00217522
0.559185	0.0875	0.00202639
0.592078	0.0875	0.00188234
0.624971	0.0875	0.00174313
0.657865	0.0875	0.00160883
0.690758	0.0875	0.00147951
0.723651	0.0875	0.00135521
0.756544	0.0875	0.00123598
0.789437	0.0875	0.00112186
0.822331	0.0875	0.00101287
0.855224	0.0875	0.000909022
0.888117	0.0875	0.000810345
0.92101	0.0875	0.000716845
0.953904	0.0875	0.000628531
0.986797	0.0875	0.000545407
1.01969	0.0875	0.000467477
1.05258	0.0875	0.000394741
1.08548	0.0875	0.000327201
1.11837	0.0875	0.000264858
1.15126	0.0875	0.000207713
1.18416	0.0875	0.00015577
1.21705	0.0875	0.000109031
1.24994	0.0875	6.74971e-05
1.28284	0.0875	3.11626e-05
1.31573	0.0875	0
0	0.09	0.00461616
0.0337973	0.09	0.00458948
0.0675946	0.09	0.00450909
0.101392	0.09	0.0043859
0.135189	0.09	0.0042327
0.168987	0.09	0.00406101
0.202784	0.09	0.00387946
0.236581	0.09	0.00369378
0.270379	0.09	0.00350754
0.304176	0.09	0.00332288
0.337973	0.09	0.00314105
0.371771	0.09	0.00296281
0.405568	0.09	0.00278862
0.439365	0.09	0.00261879
0.473162	0.09	0.00245354
0.50696	0.09	0.00229301
0.540757	0.09	0.00213736
0.574554	0.09	0.00198667
0.608352	0.09	0.00184106
0.642149	0.09	0.0017006
0.675946	0.09	0.00156535
0.709744	0.09	0.00143539
0.743541	0.09	0.00131076
0.777338	0.09	0.0011915
0.811136	0.09	0.00107764
0.844933	0.09	0.000969214
0.87873	0.09	0.000866237
0.912528	0.09	0.000768723
0.946325	0.09	0.000676681
0.980122	0.09	0.000590116
1.01392	0.09	0.000509034
1.04772	0.09	0.000433435
1.08151	0.09	0.00036332
1.11531	0.09	0.000298692
1.14911	0.09	0.000239551
1.18291	0.09	0.0001859
1.2167	0.09	0.000137743
1.2505	0.09	9.50852e-05
1.2843	0.09	5.79253e-05
1.3181	0.09	2.62489e-05
1.35189	0.09	0
0	0.0925	0.00463628
0.0347014	0.0925	0.00460825
0.0694028	0.0925	0.00452382
0.104104	0.0925	0.0043951
0.138806	0.0925	0.00423587
0.173507	0.0925	0.00405825
0.208208	0.0925	0.00387114
0.24291	0.0925	0.00368034
0.277611	0.0925	0.00348943
0.312313	0.0925	0.00330048
0.347014	0.0925	0.00311473
0.381716	0.0925	0.00293289
0.416417	0.0925	0.00275543
0.451118	0.0925	0.00258264
0.48582	0.0925	0.00241473
0.520521	0.0925	0.00225186
0.555223	0.0925	0.00209416
0.589924	0.0925	0.00194175
0.624625	0.0925	0.00179472
0.659327	0.0925	0.00165315
0.694028	0.0925	0.00151712
0.72873	0.0925	0.00138668
0.763431	0.0925	0.00126189
0.798133	0.0925	0.00114278
0.832834	0.0925	0.00102938
0.867535	0.0925	0.000921722
0.902237	0.0925	0.000819817
0.936938	0.0925	0.000723676
0.97164	0.0925	0.000633309
1.00634	0.0925	0.00054872
1.04104	0.0925	0.00046991
1.07574	0.0925	0.000396882
1.11045	0.0925	0.000329637
1.14515	0.0925	0.000268175
1.17985	0.0925	0.000212501
1.21455	0.0925	0.000162618
1.24925	0.0925	0.000118533
1.28395	0.0925	8.02515e-05
1.31865	0.0925	4.77696e-05
1.35336	0.0925	2.10553e-05
1.38806	0.0925	0
0	0.095	0.00465057
0.0356055	0.095	0.00462115
0.071211	0.095	0.00453255
0.106817	0.095	0.00439818
0.142422	0.095	0.00423285
0.178028	0.095	0.00404928
0.213633	0.095	0.00385664
0.249239	0.095	0.00366078
0.284844	0.095	0.00346524
0.32045	0.095	0.00327208
0.356055	0.095	0.00308247
0.391661	0.095	0.00289713
0.427266	0.095	0.00271648
0.462872	0.095	0.00254082
0.498477	0.095	0.00237035
0.534083	0.095	0.00220525
0.569688	0.095	0.00204563
0.605294	0.095	0.00189162
0.640899	0.095	0.00174332
0.676505	0.095	0.0016008
0.71211	0.095	0.00146414
0.747716	0.095	0.00133339
0.783321	0.095	0.00120861
0.818927	0.095	0.00108984
0.854532	0.095	0.00097709
0.890138	0.095	0.000870393
0.925743	0.095	0.000769762
0.961349	0.095	0.000675207
0.996954	0.095	0.000586732
1.03256	0.095	0.000504342
1.06817	0.095	0.000428037
1.10377	0.095	0.00035782
1.13938	0.095	0.000293691
1.17498	0.095	0.000235654
1.21059	0.095	0.000183712
1.24619	0.095	0.000137875
1.2818	0.095	9.8152e-05
1.3174	0.095	6.45491e-05
1.35301	0.095	3.70557e-05
1.38861	0.095	1.56072e-05
1.42422	0.095	0
0	0.0975	0.00465904
0.0365096	0.0975	0.00462819
0.0730192	0.0975	0.00453527
0.109529	0.0975	0.00439513
0.146038	0.0975	0.00422364
0.182548	0.0975	0.00403411
0.219058	0.0975	0.00383596
0.255567	0.0975	0.00363508
0.292077	0.0975	0.00343498
0.328586	0.0975	0.00323767
0.365096	0.0975	0.00304428
0.401606	0.0975	0.00285551
0.438115	0.0975	0.00267176
0.474625	0.0975	0.00249332
0.511134	0.0975	0.00232041
0.547644	0.0975	0.00215318
0.584154	0.0975	0.00199177
0.620663	0.0975	0.00183629
0.657173	0.0975	0.00168686
0.693682	0.0975	0.00154354
0.730192	0.0975	0.00140641
0.766702	0.0975	0.00127553
0.803211	0.0975	0.00115094
0.839721	0.0975	0.00103268
0.87623	0.0975	0.000920766
0.91274	0.0975	0.000815229
0.94925	0.0975	0.000716076
0.985759	0.0975	0.000623315
1.02227	0.0975	0.00053695
1.05878	0.0975	0.000456983
1.09529	0.0975	0.000383415
1.1318	0.0975	0.000316248
1.16831	0.0975	0.000255485
1.20482	0.0975	0.00020113
1.24133	0.0975	0.000153192
1.27784	0.0975	0.000111685
1.31435	0.0975	7.66225e-05
1.35086	0.0975	4.80121e-05
1.38736	0.0975	2.58281e-05
1.42387	0.0975	9.94789e-06
1.46038	0.0975	0
0	0.1	0.00466169
0.0374137	0.1	0.00462936
0.0748274	0.1	0.00453197
0.112241	0.1	0.00438595
0.149655	0.1	0.00420822
0.187068	0.1	0.00401273
0.224482	0.1	0.0038091
0.261896	0.1	0.00360325
0.29931	0.1	0.00339865
0.336723	0.1	0.00319725
0.374137	0.1	0.00300016
0.411551	0.1	0.00280803
0.448964	0.1	0.00262127
0.486378	0.1	0.00244015
0.523792	0.1	0.00226489
0.561205	0.1	0.00209565
0.598619	0.1	0.00193257
0.636033	0.1	0.00177577
0.673446	0.1	0.00162534
0.71086	0.1	0.00148138
0.748274	0.1	0.00134394
0.785687	0.1	0.00121309
0.823101	0.1	0.00108886
0.860515	0.1	0.000971296
0.897929	0.1	0.000860414
0.935342	0.1	0.000756232
0.972756	0.1	0.000658759
1.01017	0.1	0.000568002
1.04758	0.1	0.000483963
1.085	0.1	0.000406643
1.12241	0.1	0.000336045
1.15982	0.1	0.000272169
1.19724	0.1	0.000215022
1.23465	0.1	0.000164613
1.27207	0.1	0.000120956
1.30948	0.1	8.40723e-05
1.34689	0.1	5.39842e-05
1.38431	0.1	3.06986e-05
1.42172	0.1	1.41622e-05
1.45913	0.1	4.1502e-06
1.49655	0.1	0
