0	0	0
0.00625	0	0
0.0125	0	0
0.01875	0	0
0.025	0	0
0.03125	0	0
0.0375	0	0
0.04375	0	0
0.05	0	0
0.05625	0	0
0.0625	0	0
0.06875	0	0
0.075	0	0
0.08125	0	0
0.0875	0	0
0.09375	0	0
0.1	0	0
0.10625	0	0
0.1125	0	0
0.11875	0	0
0.125	0	0
0.13125	0	0
0.1375	0	0
0.14375	0	0
0.15	0	0
0.15625	0	0
0.1625	0	0
0.16875	0	0
0.175	0	0
0.18125	0	0
0.1875	0	0
0.19375	0	0
0.2	0	0
0.20625	0	0
0.2125	0	0
0.21875	0	0
0.225	0	0
0.23125	0	0
0.2375	0	0
0.24375	0	0
0.25	0	0
0	0.005	0.000958045
0.00702119	0.005	0.000958008
0.0140424	0.005	0.000957886
0.0210636	0.005	0.00095768
0.0280847	0.005	0.000957388
0.0351059	0.005	0.00095701
0.0421271	0.005	0.000956545
0.0491483	0.005	0.000955991
0.0561695	0.005	0.000955347
0.0631907	0.005	0.000954611
0.0702119	0.005	0.000953781
0.077233	0.005	0.000952856
0.0842542	0.005	0.000951839
0.0912754	0.005	0.000950731
0.0982966	0.005	0.000949539
0.105318	0.005	0.000948272
0.112339	0.005	0.000946943
0.11936	0.005	0.000945563
0.126381	0.005	0.000944139
0.133403	0.005	0.000942672
0.140424	0.005	0.000941143
0.147445	0.005	0.000939506
0.154466	0.005	0.000937674
0.161487	0.005	0.000935508
0.168508	0.005	0.000932796
0.17553	0.005	0.000929234
0.182551	0.005	0.000924412
0.189572	0.005	0.000917782
0.196593	0.005	0.000908643
0.203614	0.005	0.000896109
0.210636	0.005	0.000879083
0.217657	0.005	0.000856227
0.224678	0.005	0.000825929
0.231699	0.005	0.000786266
0.23872	0.005	0.000734966
0.245741	0.005	0.000669366
0.252763	0.005	0.000586364
0.259784	0.005	0.000482371
0.266805	0.005	0.000353252
0.273826	0.005	0.000194266
0.280847	0.005	0
0	0.01	0.00189114
0.00779237	0.01	0.00189105
0.0155847	0.01	0.00189075
0.0233771	0.01	0.00189024
0.0311695	0.01	0.00188952
0.0389619	0.01	0.00188858
0.0467542	0.01	0.00188743
0.0545466	0.01	0.00188605
0.062339	0.01	0.00188445
0.0701313	0.01	0.00188262
0.0779237	0.01	0.00188055
0.0857161	0.01	0.00187825
0.0935084	0.01	0.00187572
0.101301	0.01	0.00187296
0.109093	0.01	0.00186999
0.116886	0.01	0.00186679
0.124678	0.01	0.00186337
0.13247	0.01	0.00185969
0.140263	0.01	0.00185565
0.148055	0.01	0.00185111
0.155847	0.01	0.00184582
0.16364	0.01	0.00183942
0.171432	0.01	0.00183139
0.179225	0.01	0.00182106
0.187017	0.01	0.00180754
0.194809	0.01	0.00178977
0.202602	0.01	0.00176645
0.210394	0.01	0.00173607
0.218186	0.01	0.00169697
0.225979	0.01	0.00164729
0.233771	0.01	0.00158509
0.241563	0.01	0.0015084
0.249356	0.01	0.0014153
0.257148	0.01	0.00130408
0.264941	0.01	0.00117334
0.272733	0.01	0.00102222
0.280525	0.01	0.000850626
0.288318	0.01	0.000659456
0.29611	0.01	0.000450964
0.303902	0.01	0.00022911
0.311695	0.01	0
0	0.015	0.00279935
0.00856356	0.015	0.00279918
0.0171271	0.015	0.00279863
0.0256907	0.015	0.0027977
0.0342542	0.015	0.00279639
0.0428178	0.015	0.00279468
0.0513813	0.015	0.00279258
0.0599449	0.015	0.00279008
0.0685084	0.015	0.00278715
0.077072	0.015	0.0027838
0.0856356	0.015	0.00278001
0.0941991	0.015	0.00277577
0.102763	0.015	0.00277109
0.111326	0.015	0.00276594
0.11989	0.015	0.00276028
0.128453	0.015	0.00275403
0.137017	0.015	0.00274705
0.14558	0.015	0.00273909
0.154144	0.015	0.00272976
0.162708	0.015	0.00271849
0.171271	0.015	0.00270454
0.179835	0.015	0.00268692
0.188398	0.015	0.00266439
0.196962	0.015	0.00263551
0.205525	0.015	0.0025986
0.214089	0.015	0.00255185
0.222652	0.015	0.00249333
0.231216	0.015	0.00242111
0.23978	0.015	0.00233336
0.248343	0.015	0.00222845
0.256907	0.015	0.0021051
0.26547	0.015	0.00196249
0.274034	0.015	0.0018004
0.282597	0.015	0.00161928
0.291161	0.015	0.00142035
0.299724	0.015	0.00120557
0.308288	0.015	0.00097762
0.316852	0.015	0.000739732
0.325415	0.015	0.000495404
0.333979	0.015	0.000247976
0.342542	0.015	0
0	0.02	0.0036827
0.00933474	0.02	0.00368243
0.0186695	0.02	0.00368156
0.0280042	0.02	0.00368008
0.037339	0.02	0.003678
0.0466737	0.02	0.00367529
0.0560084	0.02	0.00367195
0.0653432	0.02	0.00366794
0.0746779	0.02	0.00366326
0.0840127	0.02	0.00365788
0.0933474	0.02	0.00365177
0.102682	0.02	0.00364489
0.112017	0.02	0.00363719
0.121352	0.02	0.00362855
0.130686	0.02	0.0036188
0.140021	0.02	0.00360764
0.149356	0.02	0.0035946
0.158691	0.02	0.00357902
0.168025	0.02	0.00355997
0.17736	0.02	0.00353629
0.186695	0.02	0.00350651
0.19603	0.02	0.00346893
0.205364	0.02	0.00342165
0.214699	0.02	0.00336263
0.224034	0.02	0.00328982
0.233369	0.02	0.00320128
0.242703	0.02	0.00309527
0.252038	0.02	0.00297045
0.261373	0.02	0.00282594
0.270707	0.02	0.00266147
0.280042	0.02	0.00247744
0.289377	0.02	0.0022749
0.298712	0.02	0.00205556
0.308046	0.02	0.00182171
0.317381	0.02	0.00157604
0.326716	0.02	0.00132142
0.336051	0.02	0.00106073
0.345385	0.02	0.000796532
0.35472	0.02	0.000530876
0.364055	0.02	0.000265134
0.37339	0.02	0
0	0.025	0.00454126
0.0101059	0.025	0.00454085
0.0202119	0.025	0.00453957
0.0303178	0.025	0.00453741
0.0404237	0.025	0.00453435
0.0505296	0.025	0.00453037
0.0606356	0.025	0.00452545
0.0707415	0.025	0.00451954
0.0808474	0.025	0.00451261
0.0909533	0.025	0.00450459
0.101059	0.025	0.00449541
0.111165	0.025	0.00448496
0.121271	0.025	0.00447305
0.131377	0.025	0.00445939
0.141483	0.025	0.0044435
0.151589	0.025	0.00442471
0.161695	0.025	0.00440205
0.171801	0.025	0.00437427
0.181907	0.025	0.0043398
0.192013	0.025	0.00429678
0.202119	0.025	0.00424314
0.212224	0.025	0.00417668
0.22233	0.025	0.0040952
0.232436	0.025	0.00399665
0.242542	0.025	0.00387929
0.252648	0.025	0.00374185
0.262754	0.025	0.00358361
0.27286	0.025	0.00340452
0.282966	0.025	0.00320525
0.293072	0.025	0.00298713
0.303178	0.025	0.0027521
0.313284	0.025	0.00250256
0.32339	0.025	0.00224121
0.333496	0.025	0.00197084
0.343601	0.025	0.00169412
0.353707	0.025	0.00141341
0.363813	0.025	0.00113065
0.373919	0.025	0.000847224
0.384025	0.025	0.000564035
0.394131	0.025	0.000281558
0.404237	0.025	0
0	0.03	0.00537505
0.0108771	0.03	0.00537449
0.0217542	0.03	0.00537271
0.0326313	0.03	0.0053697
0.0435084	0.03	0.00536545
0.0543856	0.03	0.00535991
0.0652627	0.03	0.00535303
0.0761398	0.03	0.00534474
0.0870169	0.03	0.00533497
0.097894	0.03	0.00532359
0.108771	0.03	0.00531043
0.119648	0.03	0.00529522
0.130525	0.03	0.00527757
0.141402	0.03	0.00525684
0.15228	0.03	0.00523214
0.163157	0.03	0.00520226
0.174034	0.03	0.00516565
0.184911	0.03	0.00512038
0.195788	0.03	0.0050643
0.206665	0.03	0.00499505
0.217542	0.03	0.00491024
0.228419	0.03	0.00480763
0.239296	0.03	0.00468532
0.250174	0.03	0.00454186
0.261051	0.03	0.00437647
0.271928	0.03	0.00418907
0.282805	0.03	0.00398035
0.293682	0.03	0.00375169
0.304559	0.03	0.00350512
0.315436	0.03	0.0032431
0.326313	0.03	0.00296838
0.33719	0.03	0.0026838
0.348068	0.03	0.00239204
0.358945	0.03	0.00209551
0.369822	0.03	0.00179619
0.380699	0.03	0.00149561
0.391576	0.03	0.00119485
0.402453	0.03	0.000894584
0.41333	0.03	0.000595217
0.424207	0.03	0.000296974
0.435084	0.03	0
0	0.035	0.00618414
0.0116483	0.035	0.00618338
0.0232966	0.035	0.006181
0.0349449	0.035	0.00617699
0.0465932	0.035	0.00617129
0.0582415	0.035	0.00616386
0.0698898	0.035	0.00615461
0.0815381	0.035	0.00614341
0.0931864	0.035	0.00613013
0.104835	0.035	0.00611453
0.116483	0.035	0.00609628
0.128131	0.035	0.00607487
0.13978	0.035	0.00604956
0.151428	0.035	0.00601929
0.163076	0.035	0.00598263
0.174724	0.035	0.00593776
0.186373	0.035	0.00588251
0.198021	0.035	0.00581445
0.209669	0.035	0.005731
0.221318	0.035	0.00562968
0.232966	0.035	0.00550824
0.244614	0.035	0.00536493
0.256263	0.035	0.00519862
0.267911	0.035	0.00500898
0.279559	0.035	0.00479648
0.291207	0.035	0.00456237
0.302856	0.035	0.00430862
0.314504	0.035	0.00403771
0.326152	0.035	0.00375244
0.337801	0.035	0.00345577
0.349449	0.035	0.00315051
0.361097	0.035	0.00283925
0.372745	0.035	0.00252418
0.384394	0.035	0.00220704
0.396042	0.035	0.00188914
0.40769	0.035	0.00157139
0.419339	0.035	0.00125439
0.430987	0.035	0.000938523
0.442635	0.035	0.000624041
0.454284	0.035	0.000311141
0.465932	0.035	0
0	0.04	0.00696857
0.0124195	0.04	0.00696758
0.024839	0.04	0.00696449
0.0372584	0.04	0.00695928
0.0496779	0.04	0.00695189
0.0620974	0.04	0.00694222
0.0745169	0.04	0.00693013
0.0869364	0.04	0.00691543
0.0993559	0.04	0.00689787
0.111775	0.04	0.00687706
0.124195	0.04	0.00685241
0.136614	0.04	0.00682311
0.149034	0.04	0.00678795
0.161453	0.04	0.00674536
0.173873	0.04	0.00669332
0.186292	0.04	0.00662943
0.198712	0.04	0.00655106
0.211131	0.04	0.00645545
0.223551	0.04	0.00634
0.23597	0.04	0.00620248
0.24839	0.04	0.00604125
0.260809	0.04	0.00585545
0.273229	0.04	0.00564509
0.285648	0.04	0.00541109
0.298068	0.04	0.00515516
0.310487	0.04	0.00487967
0.322907	0.04	0.00458746
0.335326	0.04	0.00428157
0.347745	0.04	0.00396505
0.360165	0.04	0.00364074
0.372584	0.04	0.00331114
0.385004	0.04	0.00297831
0.397423	0.04	0.00264386
0.409843	0.04	0.00230899
0.422262	0.04	0.00197454
0.434682	0.04	0.00164109
0.447101	0.04	0.00130903
0.459521	0.04	0.000978657
0.47194	0.04	0.00065022
0.48436	0.04	0.000323933
0.496779	0.04	0
0	0.045	0.00772838
0.0131907	0.045	0.00772711
0.0263813	0.045	0.00772321
0.039572	0.045	0.00771662
0.0527627	0.045	0.00770725
0.0659533	0.045	0.00769495
0.079144	0.045	0.00767952
0.0923347	0.045	0.00766067
0.105525	0.045	0.00763798
0.118716	0.045	0.00761083
0.131907	0.045	0.00757833
0.145097	0.045	0.00753923
0.158288	0.045	0.00749184
0.171479	0.045	0.00743401
0.184669	0.045	0.00736317
0.19786	0.045	0.0072765
0.211051	0.045	0.00717107
0.224241	0.045	0.00704417
0.237432	0.045	0.0068935
0.250623	0.045	0.00671751
0.263813	0.045	0.0065155
0.277004	0.045	0.00628773
0.290195	0.045	0.00603544
0.303385	0.045	0.00576068
0.316576	0.045	0.00546616
0.329767	0.045	0.00515499
0.342957	0.045	0.00483039
0.356148	0.045	0.00449553
0.369339	0.045	0.00415329
0.382529	0.045	0.00380612
0.39572	0.045	0.00345606
0.408911	0.045	0.00310465
0.422101	0.045	0.00275306
0.435292	0.045	0.00240212
0.448483	0.045	0.00205242
0.461673	0.045	0.00170441
0.474864	0.045	0.00135842
0.488055	0.045	0.00101473
0.501245	0.045	0.000673609
0.514436	0.045	0.000335291
0.527627	0.045	0
0	0.05	0.00846361
0.0139619	0.05	0.00846204
0.0279237	0.05	0.0084572
0.0418856	0.05	0.00844902
0.0558474	0.05	0.00843737
0.0698093	0.05	0.00842205
0.0837711	0.05	0.00840274
0.097733	0.05	0.00837901
0.111695	0.05	0.00835024
0.125657	0.05	0.00831553
0.139619	0.05	0.00827359
0.15358	0.05	0.00822269
0.167542	0.05	0.0081606
0.181504	0.05	0.00808465
0.195466	0.05	0.00799184
0.209428	0.05	0.00787908
0.22339	0.05	0.00774351
0.237351	0.05	0.00758272
0.251313	0.05	0.00739512
0.265275	0.05	0.00718007
0.279237	0.05	0.00693799
0.293199	0.05	0.00667032
0.307161	0.05	0.00637938
0.321123	0.05	0.00606813
0.335084	0.05	0.00573991
0.349046	0.05	0.00539814
0.363008	0.05	0.0050461
0.37697	0.05	0.00468674
0.390932	0.05	0.00432259
0.404894	0.05	0.00395566
0.418856	0.05	0.00358755
0.432817	0.05	0.00321942
0.446779	0.05	0.00285214
0.460741	0.05	0.00248635
0.474703	0.05	0.00212254
0.488665	0.05	0.0017611
0.502627	0.05	0.00140236
0.516589	0.05	0.00104662
0.53055	0.05	0.000694148
0.544512	0.05	0.000345199
0.558474	0.05	0
0	0.055	0.00917431
0.014733	0.055	0.00917239
0.0294661	0.055	0.00916649
0.0441991	0.055	0.00915652
0.0589321	0.055	0.00914228
0.0736652	0.055	0.00912349
0.0883982	0.055	0.00909972
0.103131	0.055	0.00907036
0.117864	0.055	0.00903451
0.132597	0.055	0.00899092
0.14733	0.055	0.00893788
0.162063	0.055	0.00887312
0.176796	0.055	0.00879392
0.191529	0.055	0.00869716
0.206263	0.055	0.00857959
0.220996	0.055	0.00843813
0.235729	0.055	0.00827023
0.250462	0.055	0.00807414
0.265195	0.055	0.00784916
0.279928	0.055	0.00759575
0.294661	0.055	0.00731546
0.309394	0.055	0.00701079
0.324127	0.055	0.00668489
0.33886	0.055	0.00634131
0.353593	0.055	0.00598368
0.368326	0.055	0.00561544
0.383059	0.055	0.00523968
0.397792	0.055	0.004859
0.412525	0.055	0.00447552
0.427258	0.055	0.00409089
0.441991	0.055	0.00370635
0.456724	0.055	0.00332283
0.471457	0.055	0.00294103
0.48619	0.055	0.00256151
0.500923	0.055	0.00218471
0.515656	0.055	0.00181102
0.530389	0.055	0.00144077
0.545122	0.055	0.00107428
0.559855	0.055	0.000711824
0.574588	0.055	0.000353655
0.589321	0.055	0
0	0.06	0.00986052
0.0155042	0.06	0.00985821
0.0310084	0.06	0.00985112
0.0465127	0.06	0.00983913
0.0620169	0.06	0.00982198
0.0775211	0.06	0.00979928
0.0930253	0.06	0.00977044
0.10853	0.06	0.00973463
0.124034	0.06	0.00969064
0.139538	0.06	0.00963682
0.155042	0.06	0.00957097
0.170546	0.06	0.00949035
0.186051	0.06	0.00939177
0.201555	0.06	0.00927182
0.217059	0.06	0.00912722
0.232563	0.06	0.00895516
0.248068	0.06	0.00875365
0.263572	0.06	0.00852182
0.279076	0.06	0.00826004
0.29458	0.06	0.00796984
0.310084	0.06	0.00765381
0.325589	0.06	0.00731528
0.341093	0.06	0.00695798
0.356597	0.06	0.00658575
0.372101	0.06	0.00620224
0.387606	0.06	0.00581071
0.40311	0.06	0.00541394
0.418614	0.06	0.00501418
0.434118	0.06	0.00461318
0.449622	0.06	0.00421231
0.465127	0.06	0.00381259
0.480631	0.06	0.00341481
0.496135	0.06	0.00301959
0.511639	0.06	0.00262744
0.527144	0.06	0.00223882
0.542648	0.06	0.0018541
0.558152	0.06	0.00147363
0.573656	0.06	0.00109772
0.58916	0.06	0.000726649
0.604665	0.06	0.000360671
0.620169	0.06	0
0	0.065	0.0105223
0.0162754	0.065	0.0105195
0.0325508	0.065	0.0105111
0.0488262	0.065	0.0104969
0.0651016	0.065	0.0104765
0.081377	0.065	0.0104494
0.0976524	0.065	0.0104149
0.113928	0.065	0.0103718
0.130203	0.065	0.0103186
0.146479	0.065	0.0102531
0.162754	0.065	0.0101728
0.179029	0.065	0.0100744
0.195305	0.065	0.0099544
0.21158	0.065	0.00980927
0.227856	0.065	0.00963592
0.244131	0.065	0.00943203
0.260407	0.065	0.00919643
0.276682	0.065	0.00892923
0.292957	0.065	0.00863188
0.309233	0.065	0.00830695
0.325508	0.065	0.00795785
0.341784	0.065	0.00758851
0.358059	0.065	0.00720298
0.374334	0.065	0.00680515
0.39061	0.065	0.00639853
0.406885	0.065	0.0059861
0.423161	0.065	0.00557032
0.439436	0.065	0.0051531
0.455711	0.065	0.00473596
0.471987	0.065	0.00432004
0.488262	0.065	0.00390624
0.504538	0.065	0.00349527
0.520813	0.065	0.00308772
0.537088	0.065	0.0026841
0.553364	0.065	0.00228484
0.569639	0.065	0.00189034
0.585915	0.065	0.00150094
0.60219	0.065	0.00111695
0.618465	0.065	0.000738647
0.634741	0.065	0.00036626
0.651016	0.065	0
0	0.07	0.0111596
0.0170466	0.07	0.0111564
0.0340932	0.07	0.0111466
0.0511398	0.07	0.0111298
0.0681864	0.07	0.0111059
0.085233	0.07	0.0110739
0.10228	0.07	0.011033
0.119326	0.07	0.0109818
0.136373	0.07	0.0109182
0.153419	0.07	0.0108398
0.170466	0.07	0.0107434
0.187513	0.07	0.0106255
0.204559	0.07	0.0104823
0.221606	0.07	0.0103104
0.238652	0.07	0.0101071
0.255699	0.07	0.00987078
0.272745	0.07	0.00960122
0.289792	0.07	0.00929959
0.306839	0.07	0.00896832
0.323885	0.07	0.00861088
0.340932	0.07	0.00823132
0.357978	0.07	0.00783391
0.375025	0.07	0.00742283
0.392072	0.07	0.00700187
0.409118	0.07	0.00657428
0.426165	0.07	0.00614276
0.443211	0.07	0.00570948
0.460258	0.07	0.00527612
0.477305	0.07	0.00484397
0.494351	0.07	0.00441408
0.511398	0.07	0.00398725
0.528444	0.07	0.00356417
0.545491	0.07	0.00314541
0.562538	0.07	0.00273148
0.579584	0.07	0.00232281
0.596631	0.07	0.00191979
0.613677	0.07	0.00152277
0.630724	0.07	0.00113203
0.647771	0.07	0.000747846
0.664817	0.07	0.000370438
0.681864	0.07	0
0	0.075	0.0117726
0.0178178	0.075	0.0117689
0.0356356	0.075	0.0117574
0.0534533	0.075	0.011738
0.0712711	0.075	0.0117101
0.0890889	0.075	0.0116728
0.106907	0.075	0.0116249
0.124724	0.075	0.0115646
0.142542	0.075	0.0114896
0.16036	0.075	0.0113969
0.178178	0.075	0.011283
0.195996	0.075	0.0111439
0.213813	0.075	0.0109761
0.231631	0.075	0.0107762
0.249449	0.075	0.0105423
0.267267	0.075	0.0102735
0.285084	0.075	0.00997054
0.302902	0.075	0.00963573
0.32072	0.075	0.00927238
0.338538	0.075	0.00888464
0.356356	0.075	0.00847699
0.374173	0.075	0.0080539
0.391991	0.075	0.00761947
0.409809	0.075	0.00717732
0.427627	0.075	0.00673045
0.445444	0.075	0.00628129
0.463262	0.075	0.00583175
0.48108	0.075	0.00538333
0.498898	0.075	0.00493723
0.516716	0.075	0.00449439
0.534533	0.075	0.00405558
0.552351	0.075	0.00362149
0.570169	0.075	0.00319266
0.587987	0.075	0.00276961
0.605804	0.075	0.00235276
0.623622	0.075	0.0019425
0.64144	0.075	0.00153914
0.659258	0.075	0.00114299
0.677076	0.075	0.000754279
0.694893	0.075	0.000373223
0.712711	0.075	0
0	0.08	0.0123613
0.018589	0.08	0.0123569
0.0371779	0.08	0.0123438
0.0557669	0.08	0.0123214
0.0743559	0.08	0.0122892
0.0929448	0.08	0.0122461
0.111534	0.08	0.0121904
0.130123	0.08	0.0121203
0.148712	0.08	0.0120328
0.167301	0.08	0.0119245
0.18589	0.08	0.0117917
0.204479	0.08	0.0116302
0.223068	0.08	0.0114365
0.241657	0.08	0.0112079
0.260245	0.08	0.010943
0.278834	0.08	0.010642
0.297423	0.08	0.0103066
0.316012	0.08	0.00994007
0.334601	0.08	0.00954649
0.35319	0.08	0.00913051
0.371779	0.08	0.00869688
0.390368	0.08	0.00825009
0.408957	0.08	0.00779413
0.427546	0.08	0.00733237
0.446135	0.08	0.00686757
0.464724	0.08	0.00640195
0.483313	0.08	0.00593723
0.501902	0.08	0.00547479
0.520491	0.08	0.00501574
0.53908	0.08	0.00456098
0.557669	0.08	0.00411127
0.576258	0.08	0.00366727
0.594847	0.08	0.00322954
0.613436	0.08	0.00279856
0.632025	0.08	0.00237477
0.650614	0.08	0.00195852
0.669203	0.08	0.00155013
0.687792	0.08	0.00114988
0.706381	0.08	0.000757977
0.72497	0.08	0.000374631
0.743559	0.08	0
0	0.085	0.0129256
0.0193601	0.085	0.0129207
0.0387203	0.085	0.0129057
0.0580804	0.085	0.0128801
0.0774406	0.085	0.0128433
0.0968007	0.085	0.0127938
0.116161	0.085	0.0127298
0.135521	0.085	0.0126489
0.154881	0.085	0.0125479
0.174241	0.085	0.0124229
0.193601	0.085	0.0122699
0.212962	0.085	0.0120848
0.232322	0.085	0.0118644
0.251682	0.085	0.0116065
0.271042	0.085	0.0113107
0.290402	0.085	0.010978
0.309762	0.085	0.0106114
0.329123	0.085	0.0102146
0.348483	0.085	0.00979254
0.367843	0.085	0.00935018
0.387203	0.085	0.00889238
0.406563	0.085	0.00842357
0.425923	0.085	0.00794755
0.445283	0.085	0.00746749
0.464644	0.085	0.00698593
0.484004	0.085	0.0065049
0.503364	0.085	0.006026
0.522724	0.085	0.00555052
0.542084	0.085	0.00507952
0.561444	0.085	0.00461389
0.580804	0.085	0.00415436
0.600165	0.085	0.00370158
0.619525	0.085	0.00325611
0.638885	0.085	0.00281842
0.658245	0.085	0.00238891
0.677605	0.085	0.00196793
0.696965	0.085	0.00155579
0.716325	0.085	0.00115273
0.735686	0.085	0.000758972
0.755046	0.085	0.000374678
0.774406	0.085	0
0	0.09	0.0134657
0.0201313	0.09	0.0134601
0.0402627	0.09	0.0134431
0.060394	0.09	0.0134142
0.0805253	0.09	0.0133723
0.100657	0.09	0.0133159
0.120788	0.09	0.013243
0.140919	0.09	0.0131505
0.161051	0.09	0.0130349
0.181182	0.09	0.0128922
0.201313	0.09	0.0127179
0.221445	0.09	0.0125084
0.241576	0.09	0.0122606
0.261707	0.09	0.0119733
0.281839	0.09	0.0116467
0.30197	0.09	0.0112832
0.322101	0.09	0.0108864
0.342233	0.09	0.0104609
0.362364	0.09	0.010012
0.382495	0.09	0.00954488
0.402627	0.09	0.00906446
0.422758	0.09	0.00857503
0.442889	0.09	0.00808022
0.463021	0.09	0.00758298
0.483152	0.09	0.00708567
0.503283	0.09	0.0065902
0.523415	0.09	0.00609808
0.543546	0.09	0.00561055
0.563677	0.09	0.00512862
0.583809	0.09	0.00465317
0.60394	0.09	0.00418492
0.624071	0.09	0.00372451
0.644203	0.09	0.00327246
0.664334	0.09	0.00282924
0.684465	0.09	0.00239525
0.704597	0.09	0.0019708
0.724728	0.09	0.00155618
0.744859	0.09	0.00115161
0.764991	0.09	0.000757292
0.785122	0.09	0.000373379
0.805253	0.09	0
0	0.095	0.0139815
0.0209025	0.095	0.0139752
0.041805	0.095	0.0139561
0.0627076	0.095	0.0139235
0.0836101	0.095	0.0138763
0.104513	0.095	0.0138126
0.125415	0.095	0.01373
0.146318	0.095	0.0136252
0.16722	0.095	0.0134942
0.188123	0.095	0.0133326
0.209025	0.095	0.0131362
0.229928	0.095	0.0129014
0.25083	0.095	0.0126259
0.271733	0.095	0.0123091
0.292635	0.095	0.0119523
0.313538	0.095	0.0115588
0.33444	0.095	0.011133
0.355343	0.095	0.0106802
0.376245	0.095	0.0102059
0.397148	0.095	0.00971546
0.41805	0.095	0.00921376
0.438953	0.095	0.00870492
0.459855	0.095	0.0081924
0.480758	0.095	0.00767898
0.50166	0.095	0.00716689
0.522563	0.095	0.00665793
0.543465	0.095	0.00615355
0.564368	0.095	0.00565494
0.585271	0.095	0.00516311
0.606173	0.095	0.00467891
0.627076	0.095	0.00420304
0.647978	0.095	0.00373613
0.668881	0.095	0.00327868
0.689783	0.095	0.00283114
0.710686	0.095	0.00239387
0.731588	0.095	0.00196719
0.752491	0.095	0.00155134
0.773393	0.095	0.00114654
0.794296	0.095	0.000752964
0.815198	0.095	0.000370746
0.836101	0.095	0
0	0.1	0.0144732
0.0216737	0.1	0.0144662
0.0433474	0.1	0.0144448
0.0650211	0.1	0.0144083
0.0866948	0.1	0.0143554
0.108369	0.1	0.0142839
0.130042	0.1	0.014191
0.151716	0.1	0.014073
0.17339	0.1	0.0139257
0.195063	0.1	0.0137445
0.216737	0.1	0.0135252
0.238411	0.1	0.0132645
0.260084	0.1	0.012961
0.281758	0.1	0.0126149
0.303432	0.1	0.0122285
0.325106	0.1	0.0118059
0.346779	0.1	0.0113523
0.368453	0.1	0.0108734
0.390127	0.1	0.010375
0.4118	0.1	0.00986254
0.433474	0.1	0.0093407
0.455148	0.1	0.00881352
0.476821	0.1	0.00828428
0.498495	0.1	0.00775561
0.520169	0.1	0.00722966
0.541843	0.1	0.00670813
0.563516	0.1	0.00619245
0.58519	0.1	0.00568377
0.606864	0.1	0.00518308
0.628537	0.1	0.00469119
0.650211	0.1	0.00420882
0.671885	0.1	0.00373654
0.693559	0.1	0.00327486
0.715232	0.1	0.00282418
0.736906	0.1	0.00238485
0.75858	0.1	0.00195716
0.780253	0.1	0.00154133
0.801927	0.1	0.00113757
0.823601	0.1	0.000746013
0.845274	0.1	0.000366792
0.866948	0.1	0
0	0.105	0.0149407
0.0224449	0.105	0.0149329
0.0448898	0.105	0.0149091
0.0673347	0.105	0.0148685
0.0897796	0.105	0.0148096
0.112224	0.105	0.0147298
0.134669	0.105	0.014626
0.157114	0.105	0.0144942
0.179559	0.105	0.0143297
0.202004	0.105	0.0141281
0.224449	0.105	0.0138852
0.246894	0.105	0.0135983
0.269339	0.105	0.0132667
0.291784	0.105	0.0128915
0.314228	0.105	0.0124761
0.336673	0.105	0.0120254
0.359118	0.105	0.0115451
0.381563	0.105	0.0110413
0.404008	0.105	0.01052
0.426453	0.105	0.00998652
0.448898	0.105	0.00944558
0.471343	0.105	0.00890102
0.493788	0.105	0.00835596
0.516232	0.105	0.00781295
0.538677	0.105	0.00727404
0.561122	0.105	0.00674089
0.583567	0.105	0.00621487
0.606012	0.105	0.00569713
0.628457	0.105	0.00518861
0.650902	0.105	0.00469013
0.673347	0.105	0.00420235
0.695792	0.105	0.00372585
0.718236	0.105	0.00326108
0.740681	0.105	0.00280845
0.763126	0.105	0.00236825
0.785571	0.105	0.00194077
0.808016	0.105	0.0015262
0.830461	0.105	0.00112472
0.852906	0.105	0.000736461
0.875351	0.105	0.000361527
0.897796	0.105	0
0	0.11	0.015384
0.0232161	0.11	0.0153754
0.0464321	0.11	0.0153491
0.0696482	0.11	0.0153042
0.0928643	0.11	0.0152389
0.11608	0.11	0.0151504
0.139296	0.11	0.0150351
0.162513	0.11	0.0148887
0.185729	0.11	0.0147065
0.208945	0.11	0.0144837
0.232161	0.11	0.0142166
0.255377	0.11	0.0139032
0.278593	0.11	0.0135435
0.301809	0.11	0.0131397
0.325025	0.11	0.012696
0.348241	0.11	0.012218
0.371457	0.11	0.0117119
0.394673	0.11	0.0111843
0.417889	0.11	0.0106411
0.441105	0.11	0.0100877
0.464321	0.11	0.0095286
0.487538	0.11	0.00896754
0.510754	0.11	0.00840755
0.53397	0.11	0.00785108
0.557186	0.11	0.00730011
0.580402	0.11	0.00675627
0.603618	0.11	0.0062209
0.626834	0.11	0.0056951
0.65005	0.11	0.00517982
0.673266	0.11	0.00467582
0.696482	0.11	0.00418375
0.719698	0.11	0.00370414
0.742914	0.11	0.00323745
0.76613	0.11	0.00278402
0.789347	0.11	0.00234415
0.812563	0.11	0.00191808
0.835779	0.11	0.00150599
0.858995	0.11	0.00110803
0.882211	0.11	0.000724326
0.905427	0.11	0.00035496
0.928643	0.11	0
0	0.115	0.0158033
0.0239873	0.115	0.0157937
0.0479745	0.115	0.0157648
0.0719618	0.115	0.0157154
0.095949	0.115	0.0156434
0.119936	0.115	0.0155457
0.143924	0.115	0.0154184
0.167911	0.115	0.0152569
0.191898	0.115	0.0150561
0.215885	0.115	0.0148115
0.239873	0.115	0.0145199
0.26386	0.115	0.0141798
0.287847	0.115	0.0137921
0.311834	0.115	0.01336
0.335822	0.115	0.0128887
0.359809	0.115	0.0123842
0.383796	0.115	0.0118534
0.407783	0.115	0.0113029
0.431771	0.115	0.0107388
0.455758	0.115	0.0101663
0.479745	0.115	0.00958988
0.503732	0.115	0.00901318
0.52772	0.115	0.00843912
0.551707	0.115	0.00787007
0.575694	0.115	0.00730796
0.599681	0.115	0.00675438
0.623669	0.115	0.00621064
0.647656	0.115	0.00567781
0.671643	0.115	0.0051568
0.695631	0.115	0.00464836
0.719618	0.115	0.00415309
0.743605	0.115	0.00367151
0.767592	0.115	0.00320402
0.79158	0.115	0.00275096
0.815567	0.115	0.00231259
0.839554	0.115	0.00188912
0.863541	0.115	0.00148072
0.887529	0.115	0.00108753
0.911516	0.115	0.000709625
0.935503	0.115	0.000347098
0.95949	0.115	0
0	0.12	0.0161984
0.0247584	0.12	0.016188
0.0495169	0.12	0.0161563
0.0742753	0.12	0.0161022
0.0990338	0.12	0.0160232
0.123792	0.12	0.0159159
0.148551	0.12	0.015776
0.173309	0.12	0.0155987
0.198068	0.12	0.0153787
0.222826	0.12	0.0151119
0.247584	0.12	0.0147953
0.272343	0.12	0.0144283
0.297101	0.12	0.0140129
0.32186	0.12	0.013553
0.346618	0.12	0.0130546
0.371377	0.12	0.0125245
0.396135	0.12	0.0119698
0.420894	0.12	0.0113973
0.445652	0.12	0.0108131
0.47041	0.12	0.0102224
0.495169	0.12	0.00962954
0.519927	0.12	0.00903804
0.544686	0.12	0.00845076
0.569444	0.12	0.00787001
0.594203	0.12	0.00729768
0.618961	0.12	0.00673531
0.64372	0.12	0.00618419
0.668478	0.12	0.00564535
0.693236	0.12	0.00511967
0.717995	0.12	0.00460786
0.742753	0.12	0.00411049
0.767512	0.12	0.00362804
0.79227	0.12	0.00316089
0.817029	0.12	0.00270934
0.841787	0.12	0.00227364
0.866546	0.12	0.00185395
0.891304	0.12	0.00145045
0.916062	0.12	0.00106323
0.940821	0.12	0.000692371
0.965579	0.12	0.000337948
0.990338	0.12	0
0	0.125	0.0165695
0.0255296	0.125	0.0165581
0.0510593	0.125	0.0165236
0.0765889	0.125	0.0164645
0.102119	0.125	0.0163782
0.127648	0.125	0.0162609
0.153178	0.125	0.016108
0.178707	0.125	0.0159143
0.204237	0.125	0.0156746
0.229767	0.125	0.015385
0.255296	0.125	0.0150432
0.280826	0.125	0.0146494
0.306356	0.125	0.0142063
0.331885	0.125	0.0137191
0.357415	0.125	0.0131943
0.382944	0.125	0.0126393
0.408474	0.125	0.0120615
0.434004	0.125	0.0114678
0.459533	0.125	0.0108643
0.485063	0.125	0.0102562
0.510593	0.125	0.00964768
0.536122	0.125	0.0090422
0.561652	0.125	0.00844255
0.587181	0.125	0.00785099
0.612711	0.125	0.00726936
0.638241	0.125	0.00669918
0.66377	0.125	0.00614166
0.6893	0.125	0.00559784
0.71483	0.125	0.00506853
0.740359	0.125	0.00455441
0.765889	0.125	0.00405603
0.791419	0.125	0.00357382
0.816948	0.125	0.00310812
0.842478	0.125	0.00265922
0.868007	0.125	0.00222733
0.893537	0.125	0.00181261
0.919067	0.125	0.00141518
0.944596	0.125	0.00103515
0.970126	0.125	0.000672577
0.995656	0.125	0.000327515
1.02119	0.125	0
0	0.13	0.0169166
0.0263008	0.13	0.0169042
0.0526016	0.13	0.0168668
0.0789024	0.13	0.0168025
0.105203	0.13	0.0167086
0.131504	0.13	0.0165809
0.157805	0.13	0.0164145
0.184106	0.13	0.0162038
0.210407	0.13	0.015944
0.236707	0.13	0.0156312
0.263008	0.13	0.0152638
0.289309	0.13	0.0148431
0.31561	0.13	0.0143727
0.341911	0.13	0.0138586
0.368211	0.13	0.013308
0.394512	0.13	0.0127287
0.420813	0.13	0.0121286
0.447114	0.13	0.0115145
0.473415	0.13	0.0108925
0.499715	0.13	0.0102677
0.526016	0.13	0.00964437
0.552317	0.13	0.00902574
0.578618	0.13	0.00841458
0.604919	0.13	0.00781311
0.63122	0.13	0.00722312
0.65752	0.13	0.00664608
0.683821	0.13	0.00608317
0.710122	0.13	0.00553538
0.736423	0.13	0.00500348
0.762724	0.13	0.00448812
0.789024	0.13	0.00398979
0.815325	0.13	0.0035089
0.841626	0.13	0.00304578
0.867927	0.13	0.00260065
0.894228	0.13	0.00217371
0.920529	0.13	0.00176511
0.946829	0.13	0.00137495
0.97313	0.13	0.00100331
0.999431	0.13	0.00065025
1.02573	0.13	0.000315803
1.05203	0.13	0
0	0.135	0.0172396
0.027072	0.135	0.0172262
0.054144	0.135	0.0171857
0.081216	0.135	0.0171162
0.108288	0.135	0.0170144
0.13536	0.135	0.0168759
0.162432	0.135	0.0166955
0.189504	0.135	0.0164674
0.216576	0.135	0.0161869
0.243648	0.135	0.0158505
0.27072	0.135	0.0154575
0.297792	0.135	0.0150099
0.324864	0.135	0.0145124
0.351936	0.135	0.0139717
0.379008	0.135	0.0133959
0.40608	0.135	0.0127931
0.433152	0.135	0.0121713
0.460224	0.135	0.0115375
0.487296	0.135	0.0108978
0.514368	0.135	0.0102571
0.54144	0.135	0.0096197
0.568512	0.135	0.00898875
0.595584	0.135	0.00836695
0.622656	0.135	0.00775648
0.649728	0.135	0.00715906
0.6768	0.135	0.00657612
0.703872	0.135	0.00600882
0.730944	0.135	0.00545807
0.758016	0.135	0.00492461
0.785088	0.135	0.00440905
0.81216	0.135	0.00391185
0.839232	0.135	0.00343337
0.866304	0.135	0.00297391
0.893376	0.135	0.00253367
0.920448	0.135	0.00211283
0.94752	0.135	0.0017115
0.974592	0.135	0.00132978
1.00166	0.135	0.00096773
1.02874	0.135	0.000625398
1.05581	0.135	0.000302814
1.08288	0.135	0
0	0.14	0.0175387
0.0278432	0.14	0.0175242
0.0556864	0.14	0.0174806
0.0835296	0.14	0.0174056
0.111373	0.14	0.0172957
0.139216	0.14	0.0171461
0.167059	0.14	0.0169511
0.194902	0.14	0.0167052
0.222745	0.14	0.0164035
0.250589	0.14	0.0160432
0.278432	0.14	0.0156243
0.306275	0.14	0.0151499
0.334118	0.14	0.0146255
0.361961	0.14	0.0140588
0.389805	0.14	0.0134582
0.417648	0.14	0.0128325
0.445491	0.14	0.0121897
0.473334	0.14	0.0115369
0.501177	0.14	0.0108802
0.529021	0.14	0.0102245
0.556864	0.14	0.00957376
0.584707	0.14	0.00893133
0.61255	0.14	0.00829977
0.640393	0.14	0.00768119
0.668236	0.14	0.00707729
0.69608	0.14	0.00648943
0.723923	0.14	0.00591871
0.751766	0.14	0.005366
0.779609	0.14	0.00483202
0.807452	0.14	0.0043173
0.835296	0.14	0.00382227
0.863139	0.14	0.00334728
0.890982	0.14	0.00289256
0.918825	0.14	0.00245832
0.946668	0.14	0.00204469
0.974511	0.14	0.00165179
1.00235	0.14	0.00127968
1.0302	0.14	0.00092841
1.05804	0.14	0.000598027
1.08588	0.14	0.000288552
1.11373	0.14	0
0	0.145	0.0178137
0.0286144	0.145	0.0177982
0.0572287	0.145	0.0177513
0.0858431	0.145	0.0176707
0.114457	0.145	0.0175524
0.143072	0.145	0.0173913
0.171686	0.145	0.0171815
0.200301	0.145	0.0169173
0.228915	0.145	0.0165939
0.257529	0.145	0.0162095
0.286144	0.145	0.0157646
0.314758	0.145	0.0152633
0.343372	0.145	0.0147123
0.371987	0.145	0.0141199
0.400601	0.145	0.0134951
0.429216	0.145	0.0128471
0.45783	0.145	0.012184
0.486444	0.145	0.0115129
0.515059	0.145	0.0108399
0.543673	0.145	0.0101698
0.572287	0.145	0.00950664
0.600902	0.145	0.00885357
0.629516	0.145	0.00821313
0.658131	0.145	0.00758736
0.686745	0.145	0.00697791
0.715359	0.145	0.00638609
0.743974	0.145	0.00581294
0.772588	0.145	0.00525928
0.801202	0.145	0.00472578
0.829817	0.145	0.00421293
0.858431	0.145	0.00372113
0.887045	0.145	0.00325067
0.91566	0.145	0.00280179
0.944274	0.145	0.00237464
0.972889	0.145	0.00196935
1.0015	0.145	0.001586
1.03012	0.145	0.00122465
1.05873	0.145	0.000885359
1.08735	0.145	0.000568141
1.11596	0.145	0.000273017
1.14457	0.145	0
0	0.15	0.0180648
0.0293856	0.15	0.0180482
0.0587711	0.15	0.017998
0.0881567	0.15	0.0179116
0.117542	0.15	0.0177847
0.146928	0.15	0.0176118
0.176313	0.15	0.0173868
0.205699	0.15	0.0171037
0.235084	0.15	0.0167584
0.26447	0.15	0.0163494
0.293856	0.15	0.0158784
0.323241	0.15	0.0153504
0.352627	0.15	0.0147729
0.382012	0.15	0.0141552
0.411398	0.15	0.0135067
0.440783	0.15	0.0128369
0.470169	0.15	0.0121541
0.499554	0.15	0.0114654
0.52894	0.15	0.0107769
0.558326	0.15	0.0100932
0.587711	0.15	0.00941844
0.617097	0.15	0.00875558
0.646482	0.15	0.00810714
0.675868	0.15	0.0074751
0.705253	0.15	0.00686104
0.734639	0.15	0.00626622
0.764024	0.15	0.0056916
0.79341	0.15	0.00513799
0.822796	0.15	0.00460597
0.852181	0.15	0.00409601
0.881567	0.15	0.00360847
0.910952	0.15	0.00314361
0.940338	0.15	0.00270162
0.969723	0.15	0.00228265
0.999109	0.15	0.0018868
1.02849	0.15	0.00151414
1.05788	0.15	0.00116473
1.08727	0.15	0.000838585
1.11665	0.15	0.000535743
1.14604	0.15	0.000256213
1.17542	0.15	0
0	0.155	0.018292
0.0301567	0.155	0.0182742
0.0603135	0.155	0.0182206
0.0904702	0.155	0.0181283
0.120627	0.155	0.0179926
0.150784	0.155	0.0178076
0.18094	0.155	0.0175669
0.211097	0.155	0.0172646
0.241254	0.155	0.0168969
0.271411	0.155	0.0164631
0.301567	0.155	0.0159658
0.331724	0.155	0.0154111
0.361881	0.155	0.0148075
0.392038	0.155	0.0141648
0.422194	0.155	0.0134931
0.452351	0.155	0.0128021
0.482508	0.155	0.0121002
0.512665	0.155	0.0113947
0.542821	0.155	0.0106913
0.572978	0.155	0.00999486
0.603135	0.155	0.00930925
0.633292	0.155	0.00863746
0.663448	0.155	0.00798191
0.693605	0.155	0.00734452
0.723762	0.155	0.00672678
0.753919	0.155	0.0061299
0.784075	0.155	0.0055548
0.814232	0.155	0.0050022
0.844389	0.155	0.00447266
0.874545	0.155	0.0039666
0.904702	0.155	0.00348434
0.934859	0.155	0.00302612
0.965016	0.155	0.00259209
0.995172	0.155	0.00218238
1.02533	0.155	0.00179707
1.05549	0.155	0.00143623
1.08564	0.155	0.0010999
1.1158	0.155	0.000788092
1.14596	0.155	0.000500836
1.17611	0.155	0.000238141
1.20627	0.155	0
0	0.16	0.0184952
0.0309279	0.16	0.0184763
0.0618559	0.16	0.0184192
0.0927838	0.16	0.0183208
0.123712	0.16	0.0181761
0.15464	0.16	0.0179787
0.185568	0.16	0.0177219
0.216495	0.16	0.0174
0.247423	0.16	0.0170096
0.278351	0.16	0.0165507
0.309279	0.16	0.016027
0.340207	0.16	0.0154456
0.371135	0.16	0.014816
0.402063	0.16	0.0141487
0.432991	0.16	0.0134544
0.463919	0.16	0.0127427
0.494847	0.16	0.0120224
0.525775	0.16	0.0113006
0.556703	0.16	0.0105832
0.587631	0.16	0.00987478
0.618559	0.16	0.00917918
0.649486	0.16	0.00849932
0.680414	0.16	0.00783755
0.711342	0.16	0.0071957
0.74227	0.16	0.00657522
0.773198	0.16	0.00597723
0.804126	0.16	0.00540259
0.835054	0.16	0.00485199
0.865982	0.16	0.00432592
0.89691	0.16	0.00382476
0.927838	0.16	0.0033488
0.958766	0.16	0.00289823
0.989694	0.16	0.00247322
1.02062	0.16	0.00207384
1.05155	0.16	0.00170018
1.08248	0.16	0.00135228
1.11341	0.16	0.00103017
1.14433	0.16	0.000733883
1.17526	0.16	0.000463426
1.20619	0.16	0.000218806
1.23712	0.16	0
0	0.165	0.0186745
0.0316991	0.165	0.0186544
0.0633982	0.165	0.0185938
0.0950973	0.165	0.0184893
0.126796	0.165	0.0183354
0.158496	0.165	0.0181252
0.190195	0.165	0.017852
0.221894	0.165	0.01751
0.253593	0.165	0.0170965
0.285292	0.165	0.0166122
0.316991	0.165	0.016062
0.34869	0.165	0.015454
0.380389	0.165	0.0147986
0.412088	0.165	0.0141071
0.443788	0.165	0.0133905
0.475487	0.165	0.0126588
0.507186	0.165	0.0119207
0.538885	0.165	0.0111834
0.570584	0.165	0.0104527
0.602283	0.165	0.00973307
0.633982	0.165	0.00902832
0.665681	0.165	0.00834126
0.69738	0.165	0.00767416
0.72908	0.165	0.00702877
0.760779	0.165	0.00640646
0.792478	0.165	0.00580829
0.824177	0.165	0.00523507
0.855876	0.165	0.00468742
0.887575	0.165	0.00416579
0.919274	0.165	0.00367052
0.950973	0.165	0.00320186
0.982672	0.165	0.00275999
1.01437	0.165	0.00234503
1.04607	0.165	0.00195706
1.07777	0.165	0.00159613
1.10947	0.165	0.00126229
1.14117	0.165	0.00095556
1.17287	0.165	0.000675965
1.20457	0.165	0.000423519
1.23627	0.165	0.000198216
1.26796	0.165	0
0	0.17	0.0188299
0.0324703	0.17	0.0188086
0.0649406	0.17	0.0187445
0.0974109	0.17	0.0186337
0.129881	0.17	0.0184703
0.162351	0.17	0.0182472
0.194822	0.17	0.0179571
0.227292	0.17	0.0175947
0.259762	0.17	0.0171576
0.292233	0.17	0.0166477
0.324703	0.17	0.0160708
0.357173	0.17	0.0154363
0.389644	0.17	0.0147553
0.422114	0.17	0.01404
0.454584	0.17	0.0133016
0.487054	0.17	0.0125504
0.519525	0.17	0.0117952
0.551995	0.17	0.0110431
0.584465	0.17	0.0102998
0.616936	0.17	0.00956985
0.649406	0.17	0.00885678
0.681876	0.17	0.00816339
0.714347	0.17	0.00749183
0.746817	0.17	0.0068438
0.779287	0.17	0.00622058
0.811757	0.17	0.00562316
0.844228	0.17	0.00505229
0.876698	0.17	0.00450854
0.909168	0.17	0.00399232
0.941639	0.17	0.00350393
0.974109	0.17	0.00304357
1.00658	0.17	0.00261141
1.03905	0.17	0.00220754
1.07152	0.17	0.00183203
1.10399	0.17	0.00148493
1.13646	0.17	0.00116626
1.16893	0.17	0.000876063
1.2014	0.17	0.000614347
1.23387	0.17	0.000381129
1.26634	0.17	0.000176385
1.29881	0.17	0
0	0.175	0.0189614
0.0332415	0.175	0.0189389
0.066483	0.175	0.0188712
0.0997244	0.175	0.018754
0.132966	0.175	0.0185811
0.166207	0.175	0.0183447
0.199449	0.175	0.0180374
0.23269	0.175	0.0176541
0.265932	0.175	0.0171931
0.299173	0.175	0.0166572
0.332415	0.175	0.0160535
0.365656	0.175	0.0153924
0.398898	0.175	0.0146862
0.432139	0.175	0.0139473
0.465381	0.175	0.0131877
0.498622	0.175	0.0124176
0.531864	0.175	0.011646
0.565105	0.175	0.0108798
0.598347	0.175	0.0101248
0.631588	0.175	0.00938522
0.66483	0.175	0.00866467
0.698071	0.175	0.0079658
0.731313	0.175	0.00729067
0.764554	0.175	0.00664089
0.797796	0.175	0.00601766
0.831037	0.175	0.00542191
0.864279	0.175	0.00485433
0.89752	0.175	0.00431543
0.930761	0.175	0.00380556
0.964003	0.175	0.00332501
0.997244	0.175	0.00287395
1.03049	0.175	0.00245251
1.06373	0.175	0.00206077
1.09697	0.175	0.00169878
1.13021	0.175	0.00136659
1.16345	0.175	0.00106421
1.19669	0.175	0.000791693
1.22993	0.175	0.000549046
1.26318	0.175	0.00033628
1.29642	0.175	0.000153339
1.32966	0.175	0
0	0.18	0.0190689
0.0340127	0.18	0.0190453
0.0680253	0.18	0.0189739
0.102038	0.18	0.0188504
0.136051	0.18	0.0186677
0.170063	0.18	0.0184177
0.204076	0.18	0.0180929
0.238089	0.18	0.0176883
0.272101	0.18	0.0172029
0.306114	0.18	0.0166408
0.340127	0.18	0.0160101
0.374139	0.18	0.0153226
0.408152	0.18	0.0145912
0.442165	0.18	0.0138292
0.476177	0.18	0.0130488
0.51019	0.18	0.0122605
0.544203	0.18	0.0114731
0.578215	0.18	0.0106936
0.612228	0.18	0.00992756
0.646241	0.18	0.00917926
0.680253	0.18	0.00845208
0.714266	0.18	0.00774859
0.748279	0.18	0.00707077
0.782291	0.18	0.00642012
0.816304	0.18	0.00579778
0.850317	0.18	0.00520461
0.884329	0.18	0.00464123
0.918342	0.18	0.0041081
0.952355	0.18	0.00360555
0.986367	0.18	0.00313381
1.02038	0.18	0.00269302
1.05439	0.18	0.0022833
1.08841	0.18	0.00190472
1.12242	0.18	0.00155731
1.15643	0.18	0.00124111
1.19044	0.18	0.00095615
1.22446	0.18	0.000702469
1.25847	0.18	0.000480092
1.29248	0.18	0.000289014
1.32649	0.18	0.000129121
1.36051	0.18	0
0	0.185	0.0191526
0.0347839	0.185	0.0191277
0.0695677	0.185	0.0190528
0.104352	0.185	0.0189227
0.139135	0.185	0.0187301
0.173919	0.185	0.0184663
0.208703	0.185	0.0181235
0.243487	0.185	0.0176972
0.278271	0.185	0.0171871
0.313055	0.185	0.0165983
0.347839	0.185	0.0159406
0.382622	0.185	0.0152266
0.417406	0.185	0.0144704
0.45219	0.185	0.0136857
0.486974	0.185	0.012885
0.521758	0.185	0.0120791
0.556542	0.185	0.0112767
0.591325	0.185	0.0104846
0.626109	0.185	0.00970832
0.660893	0.185	0.00895209
0.695677	0.185	0.00821911
0.730461	0.185	0.00751186
0.765245	0.185	0.0068322
0.800029	0.185	0.00618157
0.834812	0.185	0.00556101
0.869596	0.185	0.00497131
0.90438	0.185	0.00441305
0.939164	0.185	0.00388662
0.973948	0.185	0.00339232
1.00873	0.185	0.00293034
1.04352	0.185	0.0025008
1.0783	0.185	0.00210381
1.11308	0.185	0.0017394
1.14787	0.185	0.00140762
1.18265	0.185	0.0011085
1.21743	0.185	0.00084209
1.25222	0.185	0.000608423
1.287	0.185	0.000407535
1.32179	0.185	0.000239403
1.35657	0.185	0.000103805
1.39135	0.185	0
0	0.19	0.0192124
0.035555	0.19	0.0191863
0.0711101	0.19	0.0191077
0.106665	0.19	0.0189711
0.14222	0.19	0.0187685
0.177775	0.19	0.0184905
0.21333	0.19	0.0181294
0.248885	0.19	0.0176809
0.28444	0.19	0.0171456
0.319995	0.19	0.0165299
0.35555	0.19	0.015845
0.391105	0.19	0.0151046
0.42666	0.19	0.0143237
0.462215	0.19	0.0135167
0.497771	0.19	0.0126964
0.533326	0.19	0.0118735
0.568881	0.19	0.0110567
0.604436	0.19	0.0102528
0.639991	0.19	0.00946715
0.675546	0.19	0.0087038
0.711101	0.19	0.00796586
0.746656	0.19	0.00725569
0.782211	0.19	0.00657507
0.817766	0.19	0.00592531
0.853321	0.19	0.00530741
0.888876	0.19	0.00472208
0.924431	0.19	0.00416982
0.959986	0.19	0.00365101
0.995541	0.19	0.00316589
1.0311	0.19	0.00271462
1.06665	0.19	0.00229731
1.10221	0.19	0.00191403
1.13776	0.19	0.00156482
1.17332	0.19	0.00124973
1.20887	0.19	0.000968794
1.24443	0.19	0.000722067
1.27998	0.19	0.00050961
1.31554	0.19	0.000331466
1.35109	0.19	0.000187567
1.38665	0.19	7.7509e-05
1.4222	0.19	0
0	0.195	0.0192483
0.0363262	0.195	0.019221
0.0726524	0.195	0.0191388
0.108979	0.195	0.0189956
0.145305	0.195	0.0187828
0.181631	0.195	0.0184904
0.217957	0.195	0.0181106
0.254284	0.195	0.0176393
0.29061	0.195	0.0170784
0.326936	0.195	0.0164355
0.363262	0.195	0.0157232
0.399588	0.195	0.0149565
0.435915	0.195	0.0141513
0.472241	0.195	0.0133224
0.508567	0.195	0.012483
0.544893	0.195	0.0116438
0.58122	0.195	0.0108133
0.617546	0.195	0.00999841
0.653872	0.195	0.00920414
0.690198	0.195	0.00843449
0.726524	0.195	0.00769242
0.762851	0.195	0.00698018
0.799177	0.195	0.00629943
0.835503	0.195	0.00565142
0.871829	0.195	0.00503704
0.908156	0.195	0.00445695
0.944482	0.195	0.0039116
0.980808	0.195	0.0034013
1.01713	0.195	0.00292628
1.05346	0.195	0.00248666
1.08979	0.195	0.00208254
1.12611	0.195	0.00171397
1.16244	0.195	0.00138099
1.19877	0.195	0.00108365
1.23509	0.195	0.000822009
1.27142	0.195	0.000596136
1.30774	0.195	0.000406126
1.34407	0.195	0.000252029
1.3804	0.195	0.000133702
1.41672	0.195	5.04265e-05
1.45305	0.195	0
0	0.2	0.0192603
0.0370974	0.2	0.0192318
0.0741948	0.2	0.019146
0.111292	0.2	0.0189963
0.14839	0.2	0.0187731
0.185487	0.2	0.0184661
0.222584	0.2	0.018067
0.259682	0.2	0.0175726
0.296779	0.2	0.0169855
0.333877	0.2	0.0163151
0.370974	0.2	0.0155752
0.408071	0.2	0.0147823
0.445169	0.2	0.013953
0.482266	0.2	0.0131028
0.519364	0.2	0.0122449
0.556461	0.2	0.01139
0.593559	0.2	0.0105467
0.630656	0.2	0.00972146
0.667753	0.2	0.00891939
0.704851	0.2	0.00814425
0.741948	0.2	0.00739888
0.779046	0.2	0.00668539
0.816143	0.2	0.00600537
0.85324	0.2	0.00535994
0.890338	0.2	0.00474995
0.927435	0.2	0.00417597
0.964533	0.2	0.0036384
1.00163	0.2	0.00313753
1.03873	0.2	0.00267352
1.07582	0.2	0.00224649
1.11292	0.2	0.00185652
1.15002	0.2	0.00150365
1.18712	0.2	0.00118793
1.22421	0.2	0.000909421
1.26131	0.2	0.000668201
1.29841	0.2	0.000464393
1.33551	0.2	0.000298127
1.3726	0.2	0.00016946
1.4097	0.2	7.81182e-05
1.4468	0.2	2.28631e-05
1.4839	0.2	0
