0	0	0
0.01	0	0
0.02	0	0
0.03	0	0
0.04	0	0
0.05	0	0
0.06	0	0
0.07	0	0
0.08	0	0
0.09	0	0
0.1	0	0
0.11	0	0
0.12	0	0
0.13	0	0
0.14	0	0
0.15	0	0
0.16	0	0
0.17	0	0
0.18	0	0
0.19	0	0
0.2	0	0
0.21	0	0
0.22	0	0
0.23	0	0
0.24	0	0
0.25	0	0
0.26	0	0
0.27	0	0
0.28	0	0
0.29	0	0
0.3	0	0
0.31	0	0
0.32	0	0
0.33	0	0
0.34	0	0
0.35	0	0
0.36	0	0
0.37	0	0
0.38	0	0
0.39	0	0
0.4	0	0
0	0.02	0.0101492
0.0104719	0.02	0.0101471
0.0209437	0.02	0.010141
0.0314156	0.02	0.0101307
0.0418875	0.02	0.0101163
0.0523593	0.02	0.0100976
0.0628312	0.02	0.0100747
0.0733031	0.02	0.0100475
0.0837749	0.02	0.0100158
0.0942468	0.02	0.00997952
0.104719	0.02	0.00993856
0.115191	0.02	0.00989276
0.125662	0.02	0.00984193
0.136134	0.02	0.00978587
0.146606	0.02	0.00972433
0.157078	0.02	0.00965705
0.16755	0.02	0.00958372
0.178022	0.02	0.00950399
0.188494	0.02	0.00941744
0.198965	0.02	0.00932361
0.209437	0.02	0.00922194
0.219909	0.02	0.00911181
0.230381	0.02	0.00899246
0.240853	0.02	0.00886302
0.251325	0.02	0.00872243
0.261797	0.02	0.00856943
0.272268	0.02	0.00840246
0.28274	0.02	0.0082196
0.293212	0.02	0.00801842
0.303684	0.02	0.00779579
0.314156	0.02	0.00754765
0.324628	0.02	0.00726851
0.3351	0.02	0.00695092
0.345572	0.02	0.00658449
0.356043	0.02	0.00615445
0.366515	0.02	0.00563956
0.376987	0.02	0.00500875
0.387459	0.02	0.00421616
0.397931	0.02	0.00319359
0.408403	0.02	0.00183911
0.418875	0.02	0
0	0.04	0.0199133
0.0109437	0.04	0.0199088
0.0218875	0.04	0.0198955
0.0328312	0.04	0.0198732
0.0437749	0.04	0.0198418
0.0547186	0.04	0.0198013
0.0656624	0.04	0.0197515
0.0766061	0.04	0.0196922
0.0875498	0.04	0.0196232
0.0984936	0.04	0.0195442
0.109437	0.04	0.0194549
0.120381	0.04	0.019355
0.131325	0.04	0.0192439
0.142268	0.04	0.0191213
0.153212	0.04	0.0189865
0.164156	0.04	0.0188389
0.1751	0.04	0.0186778
0.186043	0.04	0.0185022
0.196987	0.04	0.0183113
0.207931	0.04	0.0181038
0.218875	0.04	0.0178783
0.229818	0.04	0.0176334
0.240762	0.04	0.0173672
0.251706	0.04	0.0170773
0.26265	0.04	0.0167613
0.273593	0.04	0.0164158
0.284537	0.04	0.0160368
0.295481	0.04	0.0156197
0.306424	0.04	0.0151581
0.317368	0.04	0.0146445
0.328312	0.04	0.014069
0.339256	0.04	0.0134194
0.350199	0.04	0.0126795
0.361143	0.04	0.011829
0.372087	0.04	0.0108423
0.383031	0.04	0.00968732
0.393974	0.04	0.00832576
0.404918	0.04	0.00671402
0.415862	0.04	0.00480761
0.426805	0.04	0.00257129
0.437749	0.04	0
0	0.06	0.0293072
0.0114156	0.06	0.0293
0.0228312	0.06	0.0292784
0.0342468	0.06	0.0292423
0.0456624	0.06	0.0291916
0.057078	0.06	0.0291261
0.0684936	0.06	0.0290456
0.0799092	0.06	0.0289496
0.0913248	0.06	0.0288378
0.10274	0.06	0.0287098
0.114156	0.06	0.028565
0.125572	0.06	0.0284028
0.136987	0.06	0.0282224
0.148403	0.06	0.028023
0.159818	0.06	0.0278035
0.171234	0.06	0.027563
0.18265	0.06	0.0273
0.194065	0.06	0.027013
0.205481	0.06	0.0267003
0.216896	0.06	0.02636
0.228312	0.06	0.0259895
0.239727	0.06	0.0255862
0.251143	0.06	0.0251468
0.262559	0.06	0.0246673
0.273974	0.06	0.0241433
0.28539	0.06	0.0235691
0.296805	0.06	0.0229381
0.308221	0.06	0.0222423
0.319637	0.06	0.021472
0.331052	0.06	0.0206153
0.342468	0.06	0.0196583
0.353883	0.06	0.0185839
0.365299	0.06	0.0173725
0.376715	0.06	0.0160012
0.38813	0.06	0.0144448
0.399546	0.06	0.0126768
0.410961	0.06	0.0106717
0.422377	0.06	0.00840787
0.433793	0.06	0.00587256
0.445208	0.06	0.00306555
0.456624	0.06	0
0	0.08	0.0383452
0.0118875	0.08	0.038335
0.0237749	0.08	0.0383042
0.0356624	0.08	0.0382527
0.0475498	0.08	0.0381804
0.0594373	0.08	0.0380869
0.0713248	0.08	0.0379719
0.0832122	0.08	0.0378349
0.0950997	0.08	0.0376752
0.106987	0.08	0.0374923
0.118875	0.08	0.0372852
0.130762	0.08	0.0370531
0.14265	0.08	0.0367948
0.154537	0.08	0.036509
0.166424	0.08	0.0361943
0.178312	0.08	0.035849
0.190199	0.08	0.0354711
0.202087	0.08	0.0350584
0.213974	0.08	0.0346083
0.225862	0.08	0.0341177
0.237749	0.08	0.0335832
0.249637	0.08	0.0330007
0.261524	0.08	0.0323654
0.273412	0.08	0.0316718
0.285299	0.08	0.0309134
0.297186	0.08	0.0300825
0.309074	0.08	0.0291701
0.320961	0.08	0.028166
0.332849	0.08	0.0270578
0.344736	0.08	0.0258319
0.356624	0.08	0.0244725
0.368511	0.08	0.0229623
0.380399	0.08	0.0212829
0.392286	0.08	0.0194152
0.404174	0.08	0.0173407
0.416061	0.08	0.0150434
0.427949	0.08	0.0125111
0.439836	0.08	0.00973737
0.451723	0.08	0.00672252
0.463611	0.08	0.00347317
0.475498	0.08	0
0	0.1	0.0470414
0.0123593	0.1	0.0470278
0.0247186	0.1	0.0469869
0.037078	0.1	0.0469185
0.0494373	0.1	0.0468225
0.0617966	0.1	0.0466983
0.0741559	0.1	0.0465455
0.0865153	0.1	0.0463633
0.0988746	0.1	0.046151
0.111234	0.1	0.0459077
0.123593	0.1	0.0456322
0.135953	0.1	0.0453233
0.148312	0.1	0.0449793
0.160671	0.1	0.0445986
0.173031	0.1	0.0441791
0.18539	0.1	0.0437187
0.197749	0.1	0.0432145
0.210108	0.1	0.0426636
0.222468	0.1	0.0420625
0.234827	0.1	0.0414072
0.247186	0.1	0.0406931
0.259546	0.1	0.0399148
0.271905	0.1	0.0390663
0.284264	0.1	0.0381406
0.296624	0.1	0.0371297
0.308983	0.1	0.0360244
0.321342	0.1	0.0348145
0.333702	0.1	0.0334882
0.346061	0.1	0.0320329
0.35842	0.1	0.0304346
0.37078	0.1	0.0286788
0.383139	0.1	0.0267504
0.395498	0.1	0.0246349
0.407858	0.1	0.0223189
0.420217	0.1	0.0197911
0.432576	0.1	0.0170435
0.444936	0.1	0.0140721
0.457295	0.1	0.010877
0.469654	0.1	0.00746195
0.482014	0.1	0.00383361
0.494373	0.1	0
0	0.12	0.0554089
0.0128312	0.12	0.0553916
0.0256624	0.12	0.0553398
0.0384936	0.12	0.0552533
0.0513248	0.12	0.0551316
0.0641559	0.12	0.0549742
0.0769871	0.12	0.0547805
0.0898183	0.12	0.0545497
0.10265	0.12	0.0542806
0.115481	0.12	0.0539721
0.128312	0.12	0.0536227
0.141143	0.12	0.0532309
0.153974	0.12	0.0527945
0.166805	0.12	0.0523114
0.179637	0.12	0.0517791
0.192468	0.12	0.0511947
0.205299	0.12	0.0505548
0.21813	0.12	0.0498556
0.230961	0.12	0.0490928
0.243793	0.12	0.0482616
0.256624	0.12	0.0473563
0.269455	0.12	0.0463706
0.282286	0.12	0.0452975
0.295117	0.12	0.0441289
0.307949	0.12	0.0428559
0.32078	0.12	0.0414686
0.333611	0.12	0.0399564
0.346442	0.12	0.0383077
0.359273	0.12	0.0365104
0.372104	0.12	0.034552
0.384936	0.12	0.0324203
0.397767	0.12	0.0301036
0.410598	0.12	0.0275916
0.423429	0.12	0.0248759
0.43626	0.12	0.0219505
0.449092	0.12	0.0188122
0.461923	0.12	0.0154609
0.474754	0.12	0.011899
0.487585	0.12	0.00813087
0.500416	0.12	0.00416237
0.513248	0.12	0
0	0.14	0.0634602
0.0133031	0.14	0.0634391
0.0266061	0.14	0.0633757
0.0399092	0.14	0.0632697
0.0532122	0.14	0.0631207
0.0665153	0.14	0.062928
0.0798183	0.14	0.0626909
0.0931214	0.14	0.0624082
0.106424	0.14	0.0620787
0.119727	0.14	0.0617009
0.133031	0.14	0.061273
0.146334	0.14	0.0607931
0.159637	0.14	0.0602587
0.17294	0.14	0.0596672
0.186243	0.14	0.0590155
0.199546	0.14	0.0583001
0.212849	0.14	0.0575171
0.226152	0.14	0.056662
0.239455	0.14	0.0557299
0.252758	0.14	0.054715
0.266061	0.14	0.0536111
0.279364	0.14	0.0524111
0.292667	0.14	0.0511074
0.30597	0.14	0.0496913
0.319273	0.14	0.0481539
0.332576	0.14	0.0464851
0.345879	0.14	0.0446747
0.359182	0.14	0.0427119
0.372485	0.14	0.0405863
0.385789	0.14	0.0382873
0.399092	0.14	0.0358054
0.412395	0.14	0.0331322
0.425698	0.14	0.0302609
0.439001	0.14	0.0271865
0.452304	0.14	0.0239066
0.465607	0.14	0.0204205
0.47891	0.14	0.0167298
0.492213	0.14	0.0128376
0.505516	0.14	0.00874837
0.518819	0.14	0.00446729
0.532122	0.14	0
0	0.16	0.0712071
0.0137749	0.16	0.0711819
0.0275498	0.16	0.0711063
0.0413248	0.16	0.0709799
0.0550997	0.16	0.0708021
0.0688746	0.16	0.0705723
0.0826495	0.16	0.0702894
0.0964244	0.16	0.0699522
0.110199	0.16	0.0695593
0.123974	0.16	0.0691088
0.137749	0.16	0.0685986
0.151524	0.16	0.0680265
0.165299	0.16	0.0673896
0.179074	0.16	0.0666849
0.192849	0.16	0.0659088
0.206624	0.16	0.0650573
0.220399	0.16	0.064126
0.234174	0.16	0.0631099
0.247949	0.16	0.0620034
0.261723	0.16	0.0608004
0.275498	0.16	0.0594941
0.289273	0.16	0.0580771
0.303048	0.16	0.0565414
0.316823	0.16	0.0548786
0.330598	0.16	0.0530797
0.344373	0.16	0.0511352
0.358148	0.16	0.0490359
0.371923	0.16	0.0467724
0.385698	0.16	0.0443357
0.399473	0.16	0.0417177
0.413248	0.16	0.0389113
0.427022	0.16	0.0359106
0.440797	0.16	0.0327114
0.454572	0.16	0.0293114
0.468347	0.16	0.0257097
0.482122	0.16	0.0219074
0.495897	0.16	0.0179067
0.509672	0.16	0.0137111
0.523447	0.16	0.0093249
0.537222	0.16	0.00475281
0.550997	0.16	0
0	0.18	0.0786603
0.0142468	0.18	0.0786308
0.0284936	0.18	0.0785424
0.0427403	0.18	0.0783947
0.0569871	0.18	0.0781871
0.0712339	0.18	0.0779186
0.0854807	0.18	0.0775882
0.0997275	0.18	0.0771944
0.113974	0.18	0.0767355
0.128221	0.18	0.0762096
0.142468	0.18	0.0756142
0.156715	0.18	0.0749467
0.170961	0.18	0.074204
0.185208	0.18	0.0733825
0.199455	0.18	0.0724785
0.213702	0.18	0.0714875
0.227949	0.18	0.0704046
0.242195	0.18	0.0692245
0.256442	0.18	0.0679412
0.270689	0.18	0.0665483
0.284936	0.18	0.0650389
0.299182	0.18	0.0634055
0.313429	0.18	0.0616401
0.327676	0.18	0.0597347
0.341923	0.18	0.0576807
0.35617	0.18	0.0554698
0.370416	0.18	0.0530937
0.384663	0.18	0.0505444
0.39891	0.18	0.0478149
0.413157	0.18	0.0448988
0.427403	0.18	0.041791
0.44165	0.18	0.0384879
0.455897	0.18	0.034987
0.470144	0.18	0.0312875
0.484391	0.18	0.0273898
0.498637	0.18	0.0232958
0.512884	0.18	0.0190081
0.527131	0.18	0.0145303
0.541378	0.18	0.00986664
0.555624	0.18	0.00502159
0.569871	0.18	0
0	0.2	0.0858295
0.0147186	0.2	0.0857956
0.0294373	0.2	0.0856941
0.0441559	0.2	0.0855244
0.0588746	0.2	0.0852859
0.0735932	0.2	0.0849776
0.0883119	0.2	0.0845982
0.103031	0.2	0.0841461
0.117749	0.2	0.0836195
0.132468	0.2	0.083016
0.147186	0.2	0.0823332
0.161905	0.2	0.081568
0.176624	0.2	0.0807171
0.191342	0.2	0.0797767
0.206061	0.2	0.0787426
0.22078	0.2	0.0776101
0.235498	0.2	0.076374
0.250217	0.2	0.0750288
0.264936	0.2	0.0735684
0.279654	0.2	0.0719861
0.294373	0.2	0.0702752
0.309092	0.2	0.0684283
0.32381	0.2	0.0664379
0.338529	0.2	0.0642963
0.353248	0.2	0.0619958
0.367966	0.2	0.0595292
0.382685	0.2	0.0568892
0.397403	0.2	0.0540695
0.412122	0.2	0.0510644
0.426841	0.2	0.0478693
0.441559	0.2	0.0444808
0.456278	0.2	0.0408966
0.470997	0.2	0.0371156
0.485715	0.2	0.033138
0.500434	0.2	0.0289653
0.515153	0.2	0.0245995
0.529871	0.2	0.0200437
0.54459	0.2	0.0153016
0.559309	0.2	0.0103773
0.574027	0.2	0.00527524
0.588746	0.2	0
0	0.22	0.0927236
0.0151905	0.22	0.0926853
0.030381	0.22	0.0925703
0.0455715	0.22	0.0923781
0.060762	0.22	0.092108
0.0759526	0.22	0.0917589
0.0911431	0.22	0.0913294
0.106334	0.22	0.0908178
0.121524	0.22	0.0902221
0.136715	0.22	0.0895397
0.151905	0.22	0.0887679
0.167096	0.22	0.0879036
0.182286	0.22	0.0869431
0.197477	0.22	0.0858824
0.212667	0.22	0.0847172
0.227858	0.22	0.0834425
0.243048	0.22	0.082053
0.258239	0.22	0.0805432
0.273429	0.22	0.0789067
0.28862	0.22	0.0771373
0.30381	0.22	0.0752282
0.319001	0.22	0.0731724
0.334191	0.22	0.070963
0.349382	0.22	0.068593
0.364572	0.22	0.0660556
0.379763	0.22	0.0633444
0.394953	0.22	0.0604536
0.410144	0.22	0.057378
0.425334	0.22	0.0541134
0.440525	0.22	0.0506565
0.455715	0.22	0.0470051
0.470906	0.22	0.043158
0.486096	0.22	0.0391153
0.501287	0.22	0.0348779
0.516477	0.22	0.0304476
0.531668	0.22	0.0258272
0.546858	0.22	0.0210197
0.562049	0.22	0.016029
0.577239	0.22	0.0108592
0.59243	0.22	0.0055147
0.60762	0.22	0
0	0.24	0.0993505
0.0156624	0.24	0.0993076
0.0313248	0.24	0.0991789
0.0469871	0.24	0.0989639
0.0626495	0.24	0.0986617
0.0783119	0.24	0.0982712
0.0939743	0.24	0.0977908
0.109637	0.24	0.0972189
0.125299	0.24	0.0965531
0.140961	0.24	0.0957909
0.156624	0.24	0.0949293
0.172286	0.24	0.093965
0.187949	0.24	0.0928943
0.203611	0.24	0.0917129
0.219273	0.24	0.0904165
0.234936	0.24	0.0889999
0.250598	0.24	0.087458
0.26626	0.24	0.085785
0.281923	0.24	0.083975
0.297585	0.24	0.0820217
0.313248	0.24	0.0799188
0.32891	0.24	0.0776598
0.344572	0.24	0.0752383
0.360235	0.24	0.0726482
0.375897	0.24	0.0698836
0.391559	0.24	0.066939
0.407222	0.24	0.0638098
0.422884	0.24	0.060492
0.438547	0.24	0.0569824
0.454209	0.24	0.0532789
0.469871	0.24	0.0493803
0.485534	0.24	0.0452864
0.501196	0.24	0.0409979
0.516858	0.24	0.0365164
0.532521	0.24	0.0318441
0.548183	0.24	0.0269841
0.563846	0.24	0.0219397
0.579508	0.24	0.0167148
0.59517	0.24	0.0113136
0.610833	0.24	0.00574046
0.626495	0.24	0
0	0.26	0.105717
0.0161342	0.26	0.10567
0.0322685	0.26	0.105527
0.0484027	0.26	0.105289
0.064537	0.26	0.104954
0.0806712	0.26	0.104522
0.0968054	0.26	0.10399
0.11294	0.26	0.103357
0.129074	0.26	0.102621
0.145208	0.26	0.101779
0.161342	0.26	0.100827
0.177477	0.26	0.0997624
0.193611	0.26	0.0985814
0.209745	0.26	0.0972797
0.225879	0.26	0.0958527
0.242014	0.26	0.0942955
0.258148	0.26	0.0926028
0.274282	0.26	0.0907691
0.290416	0.26	0.0887887
0.306551	0.26	0.0866556
0.322685	0.26	0.084364
0.338819	0.26	0.081908
0.354953	0.26	0.0792818
0.371088	0.26	0.07648
0.387222	0.26	0.0734978
0.403356	0.26	0.0703305
0.41949	0.26	0.0669746
0.435624	0.26	0.063427
0.451759	0.26	0.0596856
0.467893	0.26	0.0557492
0.484027	0.26	0.0516175
0.500161	0.26	0.0472909
0.516296	0.26	0.0427708
0.53243	0.26	0.0380593
0.548564	0.26	0.033159
0.564698	0.26	0.0280732
0.580833	0.26	0.0228055
0.596967	0.26	0.01736
0.613101	0.26	0.0117409
0.629235	0.26	0.00595267
0.64537	0.26	0
0	0.28	0.11183
0.0166061	0.28	0.111778
0.0332122	0.28	0.111621
0.0498183	0.28	0.11136
0.0664244	0.28	0.110993
0.0830305	0.28	0.110518
0.0996366	0.28	0.109935
0.116243	0.28	0.109241
0.132849	0.28	0.108434
0.149455	0.28	0.107511
0.166061	0.28	0.106469
0.182667	0.28	0.105305
0.199273	0.28	0.104014
0.215879	0.28	0.102593
0.232485	0.28	0.101036
0.249092	0.28	0.0993401
0.265698	0.28	0.097499
0.282304	0.28	0.0955076
0.29891	0.28	0.0933604
0.315516	0.28	0.0910522
0.332122	0.28	0.0885773
0.348728	0.28	0.0859306
0.365334	0.28	0.0831071
0.38194	0.28	0.080102
0.398547	0.28	0.0769113
0.415153	0.28	0.0735315
0.431759	0.28	0.0699596
0.448365	0.28	0.0661938
0.464971	0.28	0.0622327
0.481577	0.28	0.0580758
0.498183	0.28	0.0537236
0.514789	0.28	0.0491772
0.531395	0.28	0.0444385
0.548001	0.28	0.03951
0.564608	0.28	0.0343947
0.581214	0.28	0.0290961
0.59782	0.28	0.0236181
0.614426	0.28	0.017965
0.631032	0.28	0.0121412
0.647638	0.28	0.00615127
0.664244	0.28	0
0	0.3	0.117694
0.017078	0.3	0.117637
0.0341559	0.3	0.117467
0.0512339	0.3	0.117182
0.0683119	0.3	0.116782
0.0853898	0.3	0.116265
0.102468	0.3	0.11563
0.119546	0.3	0.114875
0.136624	0.3	0.113997
0.153702	0.3	0.112994
0.17078	0.3	0.111863
0.187858	0.3	0.110599
0.204936	0.3	0.109199
0.222014	0.3	0.10766
0.239092	0.3	0.105976
0.25617	0.3	0.104143
0.273248	0.3	0.102156
0.290325	0.3	0.10001
0.307403	0.3	0.0977004
0.324481	0.3	0.0952217
0.341559	0.3	0.0925692
0.358637	0.3	0.0897382
0.375715	0.3	0.0867244
0.392793	0.3	0.083524
0.409871	0.3	0.0801337
0.426949	0.3	0.0765507
0.444027	0.3	0.0727731
0.461105	0.3	0.0687996
0.478183	0.3	0.0646298
0.495261	0.3	0.0602639
0.512339	0.3	0.0557029
0.529417	0.3	0.0509485
0.546495	0.3	0.0460032
0.563573	0.3	0.0408698
0.580651	0.3	0.0355517
0.597729	0.3	0.0300528
0.614807	0.3	0.0243772
0.631885	0.3	0.0185294
0.648963	0.3	0.0125141
0.666041	0.3	0.00633597
0.683119	0.3	0
0	0.32	0.123314
0.0175498	0.32	0.123253
0.0350997	0.32	0.123068
0.0526495	0.32	0.12276
0.0701993	0.32	0.122327
0.0877492	0.32	0.121768
0.105299	0.32	0.121082
0.122849	0.32	0.120266
0.140399	0.32	0.119318
0.157949	0.32	0.118235
0.175498	0.32	0.117014
0.193048	0.32	0.115652
0.210598	0.32	0.114144
0.228148	0.32	0.112488
0.245698	0.32	0.110678
0.263248	0.32	0.108711
0.280797	0.32	0.106581
0.298347	0.32	0.104285
0.315897	0.32	0.101816
0.333447	0.32	0.099172
0.350997	0.32	0.0963473
0.368547	0.32	0.0933382
0.386096	0.32	0.0901412
0.403646	0.32	0.0867532
0.421196	0.32	0.0831714
0.438746	0.32	0.0793942
0.456296	0.32	0.0754202
0.473846	0.32	0.0712489
0.491395	0.32	0.0668806
0.508945	0.32	0.0623161
0.526495	0.32	0.0575572
0.544045	0.32	0.052606
0.561595	0.32	0.0474654
0.579145	0.32	0.0421388
0.596694	0.32	0.0366298
0.614244	0.32	0.0309428
0.631794	0.32	0.0250821
0.649344	0.32	0.0190525
0.666894	0.32	0.0128589
0.684444	0.32	0.00650633
0.701993	0.32	0
0	0.34	0.128694
0.0180217	0.34	0.128628
0.0360434	0.34	0.128429
0.0540651	0.34	0.128098
0.0720868	0.34	0.127632
0.0901085	0.34	0.127031
0.10813	0.34	0.126293
0.126152	0.34	0.125417
0.144174	0.34	0.124399
0.162195	0.34	0.123237
0.180217	0.34	0.121927
0.198239	0.34	0.120468
0.21626	0.34	0.118854
0.234282	0.34	0.117083
0.252304	0.34	0.11515
0.270325	0.34	0.11305
0.288347	0.34	0.110781
0.306369	0.34	0.108337
0.324391	0.34	0.105714
0.342412	0.34	0.102909
0.360434	0.34	0.0999173
0.378456	0.34	0.0967362
0.396477	0.34	0.0933626
0.414499	0.34	0.089794
0.432521	0.34	0.0860286
0.450542	0.34	0.0820654
0.468564	0.34	0.0779037
0.486586	0.34	0.0735438
0.504608	0.34	0.0689865
0.522629	0.34	0.0642335
0.540651	0.34	0.0592869
0.558673	0.34	0.0541495
0.576694	0.34	0.0488245
0.594716	0.34	0.0433159
0.612738	0.34	0.0376277
0.630759	0.34	0.0317645
0.648781	0.34	0.0257312
0.666803	0.34	0.0195328
0.684825	0.34	0.0131745
0.702846	0.34	0.00666179
0.720868	0.34	0
0	0.36	0.133837
0.0184936	0.36	0.133766
0.0369871	0.36	0.133553
0.0554807	0.36	0.133199
0.0739743	0.36	0.1327
0.0924678	0.36	0.132058
0.110961	0.36	0.131269
0.129455	0.36	0.130332
0.147949	0.36	0.129244
0.166442	0.36	0.128004
0.184936	0.36	0.126607
0.203429	0.36	0.125051
0.221923	0.36	0.123333
0.240416	0.36	0.121448
0.25891	0.36	0.119393
0.277403	0.36	0.117165
0.295897	0.36	0.114758
0.314391	0.36	0.112171
0.332884	0.36	0.109398
0.351378	0.36	0.106436
0.369871	0.36	0.103283
0.388365	0.36	0.0999355
0.406858	0.36	0.0963915
0.425352	0.36	0.0926491
0.443846	0.36	0.0887074
0.462339	0.36	0.0845659
0.480833	0.36	0.0802247
0.499326	0.36	0.0756848
0.51782	0.36	0.0709476
0.536313	0.36	0.0660154
0.554807	0.36	0.0608909
0.5733	0.36	0.0555774
0.591794	0.36	0.0500787
0.610288	0.36	0.0443991
0.628781	0.36	0.0385432
0.647275	0.36	0.032516
0.665768	0.36	0.0263227
0.684262	0.36	0.0199687
0.702755	0.36	0.0134598
0.721249	0.36	0.00680162
0.739743	0.36	0
0	0.38	0.138745
0.0189654	0.38	0.13867
0.0379309	0.38	0.138444
0.0568963	0.38	0.138065
0.0758617	0.38	0.137535
0.0948271	0.38	0.136851
0.113793	0.38	0.136011
0.132758	0.38	0.135014
0.151723	0.38	0.133858
0.170689	0.38	0.13254
0.189654	0.38	0.131057
0.20862	0.38	0.129406
0.227585	0.38	0.127584
0.246551	0.38	0.125587
0.265516	0.38	0.123413
0.284481	0.38	0.121058
0.303447	0.38	0.118518
0.322412	0.38	0.115789
0.341378	0.38	0.11287
0.360343	0.38	0.109757
0.379309	0.38	0.106447
0.398274	0.38	0.102938
0.417239	0.38	0.0992294
0.436205	0.38	0.0953197
0.45517	0.38	0.0912084
0.474136	0.38	0.0868958
0.493101	0.38	0.0823828
0.512067	0.38	0.077671
0.531032	0.38	0.0727625
0.549997	0.38	0.06766
0.568963	0.38	0.062367
0.587928	0.38	0.0568873
0.606894	0.38	0.0512252
0.625859	0.38	0.0453856
0.644825	0.38	0.0393735
0.66379	0.38	0.0331944
0.682755	0.38	0.026854
0.701721	0.38	0.0203582
0.720686	0.38	0.0137131
0.739652	0.38	0.00692498
0.758617	0.38	0
0	0.4	0.143422
0.0194373	0.4	0.143342
0.0388746	0.4	0.143102
0.0583119	0.4	0.1427
0.0777492	0.4	0.142138
0.0971865	0.4	0.141412
0.116624	0.4	0.140522
0.136061	0.4	0.139466
0.155498	0.4	0.138241
0.174936	0.4	0.136846
0.194373	0.4	0.135277
0.21381	0.4	0.133533
0.233248	0.4	0.131609
0.252685	0.4	0.129503
0.272122	0.4	0.127211
0.291559	0.4	0.124731
0.310997	0.4	0.12206
0.330434	0.4	0.119195
0.349871	0.4	0.116132
0.369309	0.4	0.112871
0.388746	0.4	0.109409
0.408183	0.4	0.105744
0.42762	0.4	0.101877
0.447058	0.4	0.0978053
0.466495	0.4	0.0935307
0.485932	0.4	0.0890539
0.50537	0.4	0.0843764
0.524807	0.4	0.0795003
0.544244	0.4	0.0744285
0.563681	0.4	0.0691644
0.583119	0.4	0.0637121
0.602556	0.4	0.0580758
0.621993	0.4	0.0522606
0.641431	0.4	0.0462718
0.660868	0.4	0.0401152
0.680305	0.4	0.0337966
0.699743	0.4	0.0273223
0.71918	0.4	0.0206988
0.738617	0.4	0.0139328
0.758054	0.4	0.0070309
0.777492	0.4	0
0	0.42	0.147868
0.0199092	0.42	0.147783
0.0398183	0.42	0.147529
0.0597275	0.42	0.147105
0.0796366	0.42	0.14651
0.0995458	0.42	0.145744
0.119455	0.42	0.144804
0.139364	0.42	0.143689
0.159273	0.42	0.142396
0.179182	0.42	0.140925
0.199092	0.42	0.139272
0.219001	0.42	0.137434
0.23891	0.42	0.135409
0.258819	0.42	0.133195
0.278728	0.42	0.130788
0.298637	0.42	0.128186
0.318547	0.42	0.125387
0.338456	0.42	0.122387
0.358365	0.42	0.119185
0.378274	0.42	0.11578
0.398183	0.42	0.11217
0.418092	0.42	0.108354
0.438001	0.42	0.104332
0.457911	0.42	0.100104
0.47782	0.42	0.0956726
0.497729	0.42	0.0910378
0.517638	0.42	0.0862025
0.537547	0.42	0.0811695
0.557456	0.42	0.0759423
0.577366	0.42	0.0705249
0.597275	0.42	0.064922
0.617184	0.42	0.0591388
0.637093	0.42	0.0531807
0.657002	0.42	0.0470537
0.676911	0.42	0.0407642
0.696821	0.42	0.0343187
0.71673	0.42	0.0277242
0.736639	0.42	0.0209878
0.756548	0.42	0.0141167
0.776457	0.42	0.00711827
0.796366	0.42	0
0	0.44	0.152085
0.020381	0.44	0.151996
0.040762	0.44	0.151728
0.0611431	0.44	0.151281
0.0815241	0.44	0.150655
0.101905	0.44	0.149847
0.122286	0.44	0.148857
0.142667	0.44	0.147683
0.163048	0.44	0.146324
0.183429	0.44	0.144777
0.20381	0.44	0.14304
0.224191	0.44	0.141111
0.244572	0.44	0.138987
0.264953	0.44	0.136666
0.285334	0.44	0.134145
0.305715	0.44	0.131423
0.326096	0.44	0.128497
0.346477	0.44	0.125366
0.366858	0.44	0.122028
0.387239	0.44	0.118482
0.40762	0.44	0.114728
0.428001	0.44	0.110764
0.448382	0.44	0.106593
0.468764	0.44	0.102215
0.489145	0.44	0.097631
0.509526	0.44	0.0928443
0.529907	0.44	0.0878576
0.550288	0.44	0.0826746
0.570669	0.44	0.0772994
0.59105	0.44	0.0717368
0.611431	0.44	0.0659921
0.631812	0.44	0.0600712
0.652193	0.44	0.0539804
0.672574	0.44	0.0477262
0.692955	0.44	0.0413158
0.713336	0.44	0.0347566
0.733717	0.44	0.028056
0.754098	0.44	0.021222
0.774479	0.44	0.0142626
0.79486	0.44	0.00718582
0.815241	0.44	0
0	0.46	0.156074
0.0208529	0.46	0.15598
0.0417058	0.46	0.155699
0.0625587	0.46	0.155229
0.0834115	0.46	0.154571
0.104264	0.46	0.153723
0.125117	0.46	0.152683
0.14597	0.46	0.151451
0.166823	0.46	0.150025
0.187676	0.46	0.148403
0.208529	0.46	0.146583
0.229382	0.46	0.144563
0.250235	0.46	0.142341
0.271088	0.46	0.139914
0.29194	0.46	0.137282
0.312793	0.46	0.134441
0.333646	0.46	0.131392
0.354499	0.46	0.128131
0.375352	0.46	0.12466
0.396205	0.46	0.120976
0.417058	0.46	0.117081
0.437911	0.46	0.112974
0.458764	0.46	0.108658
0.479616	0.46	0.104133
0.500469	0.46	0.0994023
0.521322	0.46	0.0944692
0.542175	0.46	0.0893372
0.563028	0.46	0.0840107
0.583881	0.46	0.0784946
0.604734	0.46	0.0727946
0.625587	0.46	0.0669167
0.646439	0.46	0.0608675
0.667292	0.46	0.0546541
0.688145	0.46	0.0482839
0.708998	0.46	0.0417649
0.729851	0.46	0.0351052
0.750704	0.46	0.0283133
0.771557	0.46	0.0213979
0.79241	0.46	0.0143678
0.813263	0.46	0.00723215
0.834115	0.46	0
0	0.48	0.159836
0.0213248	0.48	0.159738
0.0426495	0.48	0.159442
0.0639743	0.48	0.15895
0.085299	0.48	0.15826
0.106624	0.48	0.157371
0.127949	0.48	0.156283
0.149273	0.48	0.154993
0.170598	0.48	0.1535
0.191923	0.48	0.151804
0.213248	0.48	0.149901
0.234572	0.48	0.147791
0.255897	0.48	0.145471
0.277222	0.48	0.14294
0.298547	0.48	0.140197
0.319871	0.48	0.13724
0.341196	0.48	0.134068
0.362521	0.48	0.130681
0.383846	0.48	0.127078
0.40517	0.48	0.12326
0.426495	0.48	0.119226
0.44782	0.48	0.11498
0.469145	0.48	0.110522
0.490469	0.48	0.105855
0.511794	0.48	0.100982
0.533119	0.48	0.0959076
0.554444	0.48	0.0906359
0.575768	0.48	0.0851722
0.597093	0.48	0.0795221
0.618418	0.48	0.0736922
0.639743	0.48	0.0676894
0.661067	0.48	0.0615211
0.682392	0.48	0.0551954
0.703717	0.48	0.0487206
0.725042	0.48	0.0421055
0.746366	0.48	0.0353592
0.767691	0.48	0.0284913
0.789016	0.48	0.0215114
0.810341	0.48	0.0144295
0.831665	0.48	0.00725564
0.85299	0.48	0
0	0.5	0.163371
0.0217966	0.5	0.163268
0.0435932	0.5	0.162959
0.0653898	0.5	0.162444
0.0871865	0.5	0.161723
0.108983	0.5	0.160793
0.13078	0.5	0.159655
0.152576	0.5	0.158308
0.174373	0.5	0.156749
0.19617	0.5	0.154978
0.217966	0.5	0.152993
0.239763	0.5	0.150794
0.261559	0.5	0.148377
0.283356	0.5	0.145743
0.305153	0.5	0.14289
0.326949	0.5	0.139818
0.348746	0.5	0.136525
0.370542	0.5	0.133013
0.392339	0.5	0.12928
0.414136	0.5	0.125329
0.435932	0.5	0.121161
0.457729	0.5	0.116777
0.479526	0.5	0.112181
0.501322	0.5	0.107376
0.523119	0.5	0.102365
0.544915	0.5	0.0971539
0.566712	0.5	0.0917478
0.588509	0.5	0.0861526
0.610305	0.5	0.0803752
0.632102	0.5	0.0744227
0.653898	0.5	0.0683032
0.675695	0.5	0.062025
0.697492	0.5	0.0555972
0.719288	0.5	0.0490292
0.741085	0.5	0.0423309
0.762882	0.5	0.0355124
0.784678	0.5	0.0285846
0.806475	0.5	0.0215582
0.828271	0.5	0.0144443
0.850068	0.5	0.00725448
0.871865	0.5	0
0	0.52	0.166679
0.0222685	0.52	0.166571
0.044537	0.52	0.166249
0.0668054	0.52	0.165712
0.0890739	0.52	0.164958
0.111342	0.52	0.163988
0.133611	0.52	0.162801
0.155879	0.52	0.161396
0.178148	0.52	0.159771
0.200416	0.52	0.157926
0.222685	0.52	0.15586
0.244953	0.52	0.153571
0.267222	0.52	0.151058
0.28949	0.52	0.148321
0.311759	0.52	0.145359
0.334027	0.52	0.142172
0.356296	0.52	0.13876
0.378564	0.52	0.135124
0.400833	0.52	0.131264
0.423101	0.52	0.127182
0.44537	0.52	0.12288
0.467638	0.52	0.118362
0.489907	0.52	0.113631
0.512175	0.52	0.10869
0.534444	0.52	0.103545
0.556712	0.52	0.0982018
0.578981	0.52	0.092666
0.601249	0.52	0.086945
0.623517	0.52	0.0810463
0.645786	0.52	0.0749784
0.668054	0.52	0.0687502
0.690323	0.52	0.0623713
0.712591	0.52	0.0558517
0.73486	0.52	0.0492022
0.757128	0.52	0.0424338
0.779397	0.52	0.0355581
0.801665	0.52	0.028587
0.823934	0.52	0.021533
0.846202	0.52	0.0144086
0.868471	0.52	0.0072266
0.890739	0.52	0
0	0.54	0.16976
0.0227403	0.54	0.169649
0.0454807	0.54	0.169313
0.068221	0.54	0.168752
0.0909614	0.54	0.167967
0.113702	0.54	0.166957
0.136442	0.54	0.165721
0.159182	0.54	0.164257
0.181923	0.54	0.162567
0.204663	0.54	0.160648
0.227403	0.54	0.158499
0.250144	0.54	0.156121
0.272884	0.54	0.153512
0.295624	0.54	0.150673
0.318365	0.54	0.147602
0.341105	0.54	0.144301
0.363846	0.54	0.14077
0.386586	0.54	0.137011
0.409326	0.54	0.133024
0.432067	0.54	0.128813
0.454807	0.54	0.124381
0.477547	0.54	0.11973
0.500288	0.54	0.114865
0.523028	0.54	0.109792
0.545768	0.54	0.104516
0.568509	0.54	0.0990443
0.591249	0.54	0.0933833
0.613989	0.54	0.0875414
0.63673	0.54	0.0815275
0.65947	0.54	0.0753509
0.68221	0.54	0.0690218
0.704951	0.54	0.0625511
0.727691	0.54	0.0559501
0.750431	0.54	0.0492308
0.773172	0.54	0.0424059
0.795912	0.54	0.0354884
0.818652	0.54	0.0284919
0.841393	0.54	0.0214303
0.864133	0.54	0.014318
0.886873	0.54	0.00716967
0.909614	0.54	0
0	0.56	0.172616
0.0232122	0.56	0.172499
0.0464244	0.56	0.172149
0.0696366	0.56	0.171566
0.0928488	0.56	0.170749
0.116061	0.56	0.169698
0.139273	0.56	0.168412
0.162485	0.56	0.166891
0.185698	0.56	0.165134
0.20891	0.56	0.163141
0.232122	0.56	0.160911
0.255334	0.56	0.158443
0.278547	0.56	0.155738
0.301759	0.56	0.152796
0.324971	0.56	0.149617
0.348183	0.56	0.146202
0.371395	0.56	0.142553
0.394608	0.56	0.138671
0.41782	0.56	0.134559
0.441032	0.56	0.130219
0.464244	0.56	0.125656
0.487456	0.56	0.120874
0.510669	0.56	0.115879
0.533881	0.56	0.110675
0.557093	0.56	0.105271
0.580305	0.56	0.0996739
0.603517	0.56	0.0938915
0.62673	0.56	0.0879334
0.649942	0.56	0.0818096
0.673154	0.56	0.0755308
0.696366	0.56	0.0691084
0.719579	0.56	0.0625548
0.742791	0.56	0.0558827
0.766003	0.56	0.0491057
0.789215	0.56	0.0422382
0.812427	0.56	0.035295
0.83564	0.56	0.0282915
0.858852	0.56	0.0212436
0.882064	0.56	0.0141679
0.905276	0.56	0.00708097
0.928488	0.56	0
0	0.58	0.175244
0.0236841	0.58	0.175123
0.0473681	0.58	0.174759
0.0710522	0.58	0.174153
0.0947363	0.58	0.173304
0.11842	0.58	0.172212
0.142104	0.58	0.170876
0.165789	0.58	0.169297
0.189473	0.58	0.167473
0.213157	0.58	0.165405
0.236841	0.58	0.163092
0.260525	0.58	0.160535
0.284209	0.58	0.157734
0.307893	0.58	0.154689
0.331577	0.58	0.151401
0.355261	0.58	0.147872
0.378945	0.58	0.144104
0.402629	0.58	0.1401
0.426313	0.58	0.135862
0.449997	0.58	0.131394
0.473681	0.58	0.126702
0.497366	0.58	0.12179
0.52105	0.58	0.116664
0.544734	0.58	0.111333
0.568418	0.58	0.105802
0.592102	0.58	0.100082
0.615786	0.58	0.0941819
0.63947	0.58	0.0881117
0.663154	0.58	0.0818831
0.686838	0.58	0.0755081
0.710522	0.58	0.0689997
0.734206	0.58	0.0623718
0.75789	0.58	0.0556388
0.781574	0.58	0.0488163
0.805259	0.58	0.0419205
0.828943	0.58	0.0349682
0.852627	0.58	0.0279771
0.876311	0.58	0.0209656
0.899995	0.58	0.0139525
0.923679	0.58	0.0069574
0.947363	0.58	0
0	0.6	0.177645
0.0241559	0.6	0.177519
0.0483119	0.6	0.177142
0.0724678	0.6	0.176512
0.0966238	0.6	0.175631
0.12078	0.6	0.174498
0.144936	0.6	0.173112
0.169092	0.6	0.171473
0.193248	0.6	0.169582
0.217403	0.6	0.167439
0.241559	0.6	0.165043
0.265715	0.6	0.162396
0.289871	0.6	0.159497
0.314027	0.6	0.156348
0.338183	0.6	0.152951
0.362339	0.6	0.149308
0.386495	0.6	0.145421
0.410651	0.6	0.141294
0.434807	0.6	0.13693
0.458963	0.6	0.132334
0.483119	0.6	0.127512
0.507275	0.6	0.12247
0.531431	0.6	0.117216
0.555587	0.6	0.111756
0.579743	0.6	0.106101
0.603898	0.6	0.100261
0.628054	0.6	0.0942449
0.65221	0.6	0.0880663
0.676366	0.6	0.0817373
0.700522	0.6	0.0752717
0.724678	0.6	0.0686842
0.748834	0.6	0.0619904
0.77299	0.6	0.0552067
0.797146	0.6	0.0483508
0.821302	0.6	0.0414411
0.845458	0.6	0.034497
0.869614	0.6	0.0275388
0.89377	0.6	0.0205877
0.917926	0.6	0.0136656
0.942082	0.6	0.00679528
0.966238	0.6	0
0	0.62	0.179819
0.0246278	0.62	0.179688
0.0492556	0.62	0.179297
0.0738834	0.62	0.178644
0.0985112	0.62	0.17773
0.123139	0.62	0.176555
0.147767	0.62	0.175118
0.172395	0.62	0.17342
0.197022	0.62	0.171461
0.22165	0.62	0.169241
0.246278	0.62	0.166762
0.270906	0.62	0.164023
0.295534	0.62	0.161026
0.320161	0.62	0.157773
0.344789	0.62	0.154265
0.369417	0.62	0.150506
0.394045	0.62	0.146499
0.418673	0.62	0.142248
0.4433	0.62	0.137757
0.467928	0.62	0.133032
0.492556	0.62	0.12808
0.517184	0.62	0.122908
0.541812	0.62	0.117524
0.566439	0.62	0.111938
0.591067	0.62	0.106159
0.615695	0.62	0.100199
0.640323	0.62	0.0940705
0.664951	0.62	0.0877862
0.689579	0.62	0.0813608
0.714206	0.62	0.0748097
0.738834	0.62	0.0681494
0.763462	0.62	0.0613977
0.78809	0.62	0.0545733
0.812718	0.62	0.0476962
0.837345	0.62	0.0407874
0.861973	0.62	0.0338693
0.886601	0.62	0.0269654
0.911229	0.62	0.0201002
0.935857	0.62	0.0132996
0.960484	0.62	0.00659029
0.985112	0.62	0
0	0.64	0.181765
0.0250997	0.64	0.18163
0.0501993	0.64	0.181224
0.075299	0.64	0.180547
0.100399	0.64	0.1796
0.125498	0.64	0.178382
0.150598	0.64	0.176894
0.175698	0.64	0.175136
0.200797	0.64	0.173108
0.225897	0.64	0.170811
0.250997	0.64	0.168246
0.276096	0.64	0.165415
0.301196	0.64	0.162318
0.326296	0.64	0.158959
0.351395	0.64	0.155339
0.376495	0.64	0.151463
0.401595	0.64	0.147334
0.426694	0.64	0.142958
0.451794	0.64	0.138339
0.476894	0.64	0.133484
0.501993	0.64	0.1284
0.527093	0.64	0.123097
0.552193	0.64	0.117583
0.577292	0.64	0.111869
0.602392	0.64	0.105967
0.627492	0.64	0.0998883
0.652591	0.64	0.0936477
0.677691	0.64	0.0872599
0.702791	0.64	0.0807412
0.72789	0.64	0.0741089
0.75299	0.64	0.0673817
0.77809	0.64	0.0605797
0.803189	0.64	0.0537241
0.828289	0.64	0.0468378
0.853389	0.64	0.0399448
0.878488	0.64	0.033071
0.903588	0.64	0.0262437
0.928688	0.64	0.0194917
0.953787	0.64	0.0128455
0.978887	0.64	0.00633722
1.00399	0.64	0
0	0.66	0.183484
0.0255715	0.66	0.183343
0.0511431	0.66	0.182923
0.0767146	0.66	0.182222
0.102286	0.66	0.181241
0.127858	0.66	0.17998
0.153429	0.66	0.178439
0.179001	0.66	0.17662
0.204572	0.66	0.174522
0.230144	0.66	0.172146
0.255715	0.66	0.169495
0.281287	0.66	0.166569
0.306858	0.66	0.163371
0.33243	0.66	0.159904
0.358001	0.66	0.156171
0.383573	0.66	0.152175
0.409145	0.66	0.147923
0.434716	0.66	0.143419
0.460288	0.66	0.138669
0.485859	0.66	0.133682
0.511431	0.66	0.128465
0.537002	0.66	0.123029
0.562574	0.66	0.117384
0.588145	0.66	0.111541
0.613717	0.66	0.105514
0.639288	0.66	0.0993167
0.66486	0.66	0.0929647
0.690431	0.66	0.0864747
0.716003	0.66	0.079865
0.741574	0.66	0.0731551
0.767146	0.66	0.0663661
0.792718	0.66	0.0595207
0.818289	0.66	0.052643
0.843861	0.66	0.0457591
0.869432	0.66	0.0388968
0.895004	0.66	0.032086
0.920575	0.66	0.0253586
0.946147	0.66	0.0187487
0.971718	0.66	0.0122928
0.99729	0.66	0.00602967
1.02286	0.66	0
0	0.68	0.184974
0.0260434	0.68	0.184829
0.0520868	0.68	0.184393
0.0781302	0.68	0.183668
0.104174	0.68	0.182652
0.130217	0.68	0.181347
0.15626	0.68	0.179753
0.182304	0.68	0.177871
0.208347	0.68	0.175701
0.234391	0.68	0.173246
0.260434	0.68	0.170506
0.286477	0.68	0.167484
0.312521	0.68	0.164183
0.338564	0.68	0.160606
0.364608	0.68	0.156756
0.390651	0.68	0.152639
0.416694	0.68	0.14826
0.442738	0.68	0.143625
0.468781	0.68	0.138743
0.494825	0.68	0.133621
0.520868	0.68	0.128268
0.546911	0.68	0.122696
0.572955	0.68	0.116917
0.598998	0.68	0.110944
0.625042	0.68	0.10479
0.651085	0.68	0.098473
0.677128	0.68	0.092009
0.703172	0.68	0.0854172
0.729215	0.68	0.0787178
0.755259	0.68	0.0719329
0.781302	0.68	0.0650862
0.807345	0.68	0.0582034
0.833389	0.68	0.051312
0.859432	0.68	0.0444417
0.885476	0.68	0.0376247
0.911519	0.68	0.0308956
0.937562	0.68	0.0242921
0.963606	0.68	0.017855
0.989649	0.68	0.0116282
1.01569	0.68	0.00565968
1.04174	0.68	0
0	0.7	0.186235
0.0265153	0.7	0.186085
0.0530305	0.7	0.185634
0.0795458	0.7	0.184884
0.106061	0.7	0.183833
0.132576	0.7	0.182483
0.159092	0.7	0.180835
0.185607	0.7	0.178888
0.212122	0.7	0.176646
0.238637	0.7	0.174108
0.265153	0.7	0.171278
0.291668	0.7	0.168158
0.318183	0.7	0.164751
0.344698	0.7	0.161061
0.371214	0.7	0.157092
0.397729	0.7	0.15285
0.424244	0.7	0.148341
0.450759	0.7	0.143573
0.477275	0.7	0.138554
0.50379	0.7	0.133293
0.530305	0.7	0.127801
0.556821	0.7	0.122091
0.583336	0.7	0.116174
0.609851	0.7	0.110067
0.636366	0.7	0.103784
0.662882	0.7	0.0973448
0.689397	0.7	0.0907673
0.715912	0.7	0.0840727
0.742427	0.7	0.0772839
0.768943	0.7	0.0704255
0.795458	0.7	0.0635241
0.821973	0.7	0.0566088
0.848488	0.7	0.0497109
0.875004	0.7	0.0428645
0.901519	0.7	0.0361067
0.928034	0.7	0.029478
0.954549	0.7	0.023023
0.981065	0.7	0.0167907
1.00758	0.7	0.0108355
1.0341	0.7	0.00521707
1.06061	0.7	0
0	0.72	0.187267
0.0269871	0.72	0.187112
0.0539743	0.72	0.186646
0.0809614	0.72	0.18587
0.107949	0.72	0.184783
0.134936	0.72	0.183387
0.161923	0.72	0.181683
0.18891	0.72	0.179671
0.215897	0.72	0.177354
0.242884	0.72	0.174732
0.269871	0.72	0.17181
0.296858	0.72	0.168588
0.323846	0.72	0.165072
0.350833	0.72	0.161266
0.37782	0.72	0.157175
0.404807	0.72	0.152805
0.431794	0.72	0.148162
0.458781	0.72	0.143257
0.485768	0.72	0.138097
0.512755	0.72	0.132693
0.539743	0.72	0.127057
0.56673	0.72	0.121203
0.593717	0.72	0.115145
0.620704	0.72	0.1089
0.647691	0.72	0.102485
0.674678	0.72	0.0959193
0.701665	0.72	0.0892253
0.728652	0.72	0.0824259
0.75564	0.72	0.0755465
0.782627	0.72	0.0686145
0.809614	0.72	0.0616601
0.836601	0.72	0.0547158
0.863588	0.72	0.0478174
0.890575	0.72	0.0410037
0.917562	0.72	0.0343179
0.944549	0.72	0.0278074
0.971537	0.72	0.0215253
0.998524	0.72	0.0155314
1.02551	0.72	0.00989364
1.0525	0.72	0.00468858
1.07949	0.72	0
0	0.74	0.188071
0.027459	0.74	0.18791
0.054918	0.74	0.187428
0.082377	0.74	0.186626
0.109836	0.74	0.185502
0.137295	0.74	0.184059
0.164754	0.74	0.182298
0.192213	0.74	0.180219
0.219672	0.74	0.177824
0.247131	0.74	0.175116
0.27459	0.74	0.172098
0.302049	0.74	0.168773
0.329508	0.74	0.165145
0.356967	0.74	0.161219
0.384426	0.74	0.157002
0.411885	0.74	0.152499
0.439344	0.74	0.147719
0.466803	0.74	0.14267
0.494262	0.74	0.137365
0.521721	0.74	0.131813
0.54918	0.74	0.126028
0.576639	0.74	0.120025
0.604098	0.74	0.11382
0.631557	0.74	0.107431
0.659016	0.74	0.100878
0.686475	0.74	0.0941826
0.713934	0.74	0.087368
0.741393	0.74	0.0804601
0.768852	0.74	0.0734873
0.796311	0.74	0.0664802
0.82377	0.74	0.0594725
0.851229	0.74	0.0525009
0.878688	0.74	0.0456059
0.906147	0.74	0.0388321
0.933606	0.74	0.0322292
0.961065	0.74	0.025853
0.988524	0.74	0.0197672
1.01598	0.74	0.0140459
1.04344	0.74	0.00877542
1.0709	0.74	0.00405661
1.09836	0.74	0
0	0.76	0.188645
0.0279309	0.76	0.188479
0.0558617	0.76	0.187981
0.0837926	0.76	0.187151
0.111723	0.76	0.18599
0.139654	0.76	0.184498
0.167585	0.76	0.182678
0.195516	0.76	0.18053
0.223447	0.76	0.178056
0.251378	0.76	0.17526
0.279309	0.76	0.172143
0.307239	0.76	0.168711
0.33517	0.76	0.164967
0.363101	0.76	0.160918
0.391032	0.76	0.156569
0.418963	0.76	0.151929
0.446894	0.76	0.147005
0.474825	0.76	0.141809
0.502755	0.76	0.136352
0.530686	0.76	0.130645
0.558617	0.76	0.124705
0.586548	0.76	0.118547
0.614479	0.76	0.112189
0.64241	0.76	0.10565
0.670341	0.76	0.0989527
0.698271	0.76	0.0921204
0.726202	0.76	0.0851791
0.754133	0.76	0.0781576
0.782064	0.76	0.0710868
0.809995	0.76	0.064001
0.837926	0.76	0.0569377
0.865857	0.76	0.0499382
0.893787	0.76	0.043048
0.921718	0.76	0.0363182
0.949649	0.76	0.0298061
0.97758	0.76	0.0235773
1.00551	0.76	0.0177089
1.03344	0.76	0.0122935
1.06137	0.76	0.00744448
1.0893	0.76	0.00329766
1.11723	0.76	0
0	0.78	0.188989
0.0284027	0.78	0.188817
0.0568054	0.78	0.188303
0.0852082	0.78	0.187445
0.113611	0.78	0.186245
0.142014	0.78	0.184704
0.170416	0.78	0.182823
0.198819	0.78	0.180604
0.227222	0.78	0.178049
0.255624	0.78	0.17516
0.284027	0.78	0.171943
0.31243	0.78	0.168399
0.340833	0.78	0.164536
0.369235	0.78	0.160358
0.397638	0.78	0.155873
0.426041	0.78	0.15109
0.454444	0.78	0.146018
0.482846	0.78	0.140667
0.511249	0.78	0.135051
0.539652	0.78	0.129184
0.568054	0.78	0.123081
0.596457	0.78	0.11676
0.62486	0.78	0.11024
0.653263	0.78	0.103544
0.681665	0.78	0.0966941
0.710068	0.78	0.0897173
0.738471	0.78	0.0826419
0.766873	0.78	0.0754994
0.795276	0.78	0.068324
0.823679	0.78	0.0611536
0.852082	0.78	0.0540298
0.880484	0.78	0.0469987
0.908887	0.78	0.0401115
0.93729	0.78	0.033426
0.965693	0.78	0.0270079
0.994095	0.78	0.0209344
1.0225	0.78	0.0152991
1.0509	0.78	0.0102206
1.0793	0.78	0.00585159
1.10771	0.78	0.00238076
1.13611	0.78	0
0	0.8	0.189104
0.0288746	0.8	0.188927
0.0577492	0.8	0.188395
0.0866238	0.8	0.187508
0.115498	0.8	0.186269
0.144373	0.8	0.184676
0.173248	0.8	0.182733
0.202122	0.8	0.18044
0.230997	0.8	0.177801
0.259871	0.8	0.174818
0.288746	0.8	0.171495
0.31762	0.8	0.167837
0.346495	0.8	0.163849
0.37537	0.8	0.159538
0.404244	0.8	0.154912
0.433119	0.8	0.149979
0.461993	0.8	0.144751
0.490868	0.8	0.139239
0.519743	0.8	0.133457
0.548617	0.8	0.12742
0.577492	0.8	0.121146
0.606366	0.8	0.114653
0.635241	0.8	0.107963
0.664115	0.8	0.1011
0.69299	0.8	0.0940882
0.721865	0.8	0.0869573
0.750739	0.8	0.0797383
0.779614	0.8	0.0724654
0.808488	0.8	0.0651764
0.837363	0.8	0.0579127
0.866238	0.8	0.0507204
0.895112	0.8	0.0436505
0.923987	0.8	0.03676
0.952861	0.8	0.0301135
0.981736	0.8	0.0237857
1.01061	0.8	0.0178665
1.03949	0.8	0.0124708
1.06836	0.8	0.0077539
1.09723	0.8	0.0039297
1.12611	0.8	0.00126738
1.15498	0.8	0
