0	0	0
0.01	0	0
0.02	0	0
0.03	0	0
0.04	0	0
0.05	0	0
0.06	0	0
0.07	0	0
0.08	0	0
0.09	0	0
0.1	0	0
0.11	0	0
0.12	0	0
0.13	0	0
0.14	0	0
0.15	0	0
0.16	0	0
0.17	0	0
0.18	0	0
0.19	0	0
0.2	0	0
0.21	0	0
0.22	0	0
0.23	0	0
0.24	0	0
0.25	0	0
0.26	0	0
0.27	0	0
0.28	0	0
0.29	0	0
0.3	0	0
0.31	0	0
0.32	0	0
0.33	0	0
0.34	0	0
0.35	0	0
0.36	0	0
0.37	0	0
0.38	0	0
0.39	0	0
0.4	0	0
0	0.0075	0.00213615
0.0106614	0.0075	0.00213602
0.0213229	0.0075	0.00213562
0.0319843	0.0075	0.00213495
0.0426458	0.0075	0.00213401
0.0533072	0.0075	0.00213279
0.0639686	0.0075	0.00213128
0.0746301	0.0075	0.00212949
0.0852915	0.0075	0.0021274
0.0959529	0.0075	0.00212501
0.106614	0.0075	0.00212229
0.117276	0.0075	0.00211925
0.127937	0.0075	0.00211586
0.138599	0.0075	0.00211212
0.14926	0.0075	0.00210799
0.159922	0.0075	0.00210347
0.170583	0.0075	0.00209852
0.181244	0.0075	0.00209312
0.191906	0.0075	0.00208725
0.202567	0.0075	0.00208087
0.213229	0.0075	0.00207394
0.22389	0.0075	0.00206643
0.234552	0.0075	0.00205831
0.245213	0.0075	0.00204952
0.255875	0.0075	0.00204
0.266536	0.0075	0.00202965
0.277197	0.0075	0.00201832
0.287859	0.0075	0.00200575
0.29852	0.0075	0.00199151
0.309182	0.0075	0.00197485
0.319843	0.0075	0.00195459
0.330505	0.0075	0.00192882
0.341166	0.0075	0.00189459
0.351827	0.0075	0.0018474
0.362489	0.0075	0.00178051
0.37315	0.0075	0.00168408
0.383812	0.0075	0.00154389
0.394473	0.0075	0.00133971
0.405135	0.0075	0.00104311
0.415796	0.0075	0.000614632
0.426458	0.0075	0
0	0.015	0.0042162
0.0113229	0.015	0.00421591
0.0226458	0.015	0.004215
0.0339686	0.015	0.00421349
0.0452915	0.015	0.00421136
0.0566144	0.015	0.0042086
0.0679373	0.015	0.0042052
0.0792601	0.015	0.00420114
0.090583	0.015	0.0041964
0.101906	0.015	0.00419096
0.113229	0.015	0.00418479
0.124552	0.015	0.00417786
0.135875	0.015	0.00417012
0.147197	0.015	0.00416155
0.15852	0.015	0.00415207
0.169843	0.015	0.00414165
0.181166	0.015	0.00413022
0.192489	0.015	0.0041177
0.203812	0.015	0.00410402
0.215135	0.015	0.00408908
0.226458	0.015	0.00407277
0.23778	0.015	0.00405497
0.249103	0.015	0.00403549
0.260426	0.015	0.00401408
0.271749	0.015	0.00399037
0.283072	0.015	0.00396376
0.294395	0.015	0.00393332
0.305718	0.015	0.00389764
0.317041	0.015	0.00385456
0.328363	0.015	0.0038009
0.339686	0.015	0.00373212
0.351009	0.015	0.00364193
0.362332	0.015	0.00352191
0.373655	0.015	0.00336126
0.384978	0.015	0.00314672
0.396301	0.015	0.002863
0.407624	0.015	0.00249388
0.418946	0.015	0.00202459
0.430269	0.015	0.00144609
0.441592	0.015	0.000762048
0.452915	0.015	0
0	0.0225	0.00624028
0.0119843	0.0225	0.00623978
0.0239686	0.0225	0.00623827
0.0359529	0.0225	0.00623573
0.0479373	0.0225	0.00623215
0.0599216	0.0225	0.00622751
0.0719059	0.0225	0.00622178
0.0838902	0.0225	0.00621494
0.0958745	0.0225	0.00620694
0.107859	0.0225	0.00619775
0.119843	0.0225	0.00618729
0.131827	0.0225	0.00617553
0.143812	0.0225	0.00616237
0.155796	0.0225	0.00614773
0.16778	0.0225	0.00613152
0.179765	0.0225	0.00611362
0.191749	0.0225	0.00609391
0.203733	0.0225	0.00607223
0.215718	0.0225	0.0060484
0.227702	0.0225	0.0060222
0.239686	0.0225	0.00599334
0.251671	0.0225	0.00596144
0.263655	0.0225	0.00592592
0.275639	0.0225	0.00588596
0.287624	0.0225	0.00584034
0.299608	0.0225	0.00578724
0.311592	0.0225	0.00572404
0.323576	0.0225	0.00564703
0.335561	0.0225	0.00555115
0.347545	0.0225	0.00542974
0.359529	0.0225	0.0052744
0.371514	0.0225	0.00507503
0.383498	0.0225	0.00482022
0.395482	0.0225	0.00449797
0.407467	0.0225	0.00409707
0.419451	0.0225	0.00360888
0.431435	0.0225	0.00302969
0.44342	0.0225	0.00236307
0.455404	0.0225	0.00162153
0.467388	0.0225	0.000825907
0.479373	0.0225	0
0	0.03	0.00820853
0.0126458	0.03	0.00820779
0.0252915	0.03	0.00820555
0.0379373	0.03	0.00820178
0.050583	0.03	0.00819646
0.0632288	0.03	0.00818957
0.0758745	0.03	0.00818106
0.0885203	0.03	0.00817088
0.101166	0.03	0.00815896
0.113812	0.03	0.00814523
0.126458	0.03	0.0081296
0.139103	0.03	0.00811195
0.151749	0.03	0.00809217
0.164395	0.03	0.0080701
0.177041	0.03	0.00804557
0.189686	0.03	0.00801839
0.202332	0.03	0.0079883
0.214978	0.03	0.00795502
0.227624	0.03	0.00791818
0.240269	0.03	0.00787728
0.252915	0.03	0.00783166
0.265561	0.03	0.00778039
0.278207	0.03	0.00772211
0.290852	0.03	0.0076549
0.303498	0.03	0.00757605
0.316144	0.03	0.00748181
0.32879	0.03	0.00736717
0.341435	0.03	0.0072257
0.354081	0.03	0.0070495
0.366727	0.03	0.00682932
0.379373	0.03	0.00655504
0.392018	0.03	0.00621644
0.404664	0.03	0.0058043
0.41731	0.03	0.00531182
0.429956	0.03	0.00473612
0.442601	0.03	0.00407955
0.455247	0.03	0.00335025
0.467893	0.03	0.00256164
0.480539	0.03	0.00173031
0.493184	0.03	0.000872427
0.50583	0.03	0
0	0.0375	0.0101211
0.0133072	0.0375	0.0101201
0.0266144	0.0375	0.010117
0.0399216	0.0375	0.0101118
0.0532288	0.0375	0.0101044
0.0665359	0.0375	0.0100949
0.0798431	0.0375	0.0100831
0.0931503	0.0375	0.010069
0.106458	0.0375	0.0100524
0.119765	0.0375	0.0100333
0.133072	0.0375	0.0100115
0.146379	0.0375	0.00998684
0.159686	0.0375	0.0099591
0.172993	0.0375	0.00992807
0.186301	0.0375	0.00989344
0.199608	0.0375	0.00985489
0.212915	0.0375	0.00981198
0.226222	0.0375	0.00976418
0.239529	0.0375	0.00971078
0.252837	0.0375	0.00965082
0.266144	0.0375	0.00958297
0.279451	0.0375	0.00950538
0.292758	0.0375	0.00941549
0.306065	0.0375	0.00930978
0.319373	0.0375	0.00918362
0.33268	0.0375	0.00903107
0.345987	0.0375	0.00884487
0.359294	0.0375	0.00861658
0.372601	0.0375	0.00833696
0.385908	0.0375	0.00799666
0.399216	0.0375	0.00758719
0.412523	0.0375	0.00710204
0.42583	0.0375	0.00653786
0.439137	0.0375	0.00589544
0.452444	0.0375	0.00518016
0.465752	0.0375	0.00440167
0.479059	0.0375	0.00357273
0.492366	0.0375	0.00270714
0.505673	0.0375	0.00181745
0.51898	0.0375	0.000913132
0.532288	0.0375	0
0	0.045	0.0119781
0.0139686	0.045	0.0119767
0.0279373	0.045	0.0119726
0.0419059	0.045	0.0119658
0.0558745	0.045	0.0119561
0.0698431	0.045	0.0119435
0.0838118	0.045	0.0119279
0.0977804	0.045	0.0119092
0.111749	0.045	0.0118873
0.125718	0.045	0.0118619
0.139686	0.045	0.0118328
0.153655	0.045	0.0117999
0.167624	0.045	0.0117628
0.181592	0.045	0.011721
0.195561	0.045	0.0116743
0.209529	0.045	0.011622
0.223498	0.045	0.0115634
0.237467	0.045	0.0114976
0.251435	0.045	0.0114234
0.265404	0.045	0.011339
0.279373	0.045	0.0112422
0.293341	0.045	0.0111299
0.30731	0.045	0.0109979
0.321278	0.045	0.010841
0.335247	0.045	0.0106527
0.349216	0.045	0.0104252
0.363184	0.045	0.0101501
0.377153	0.045	0.00981857
0.391122	0.045	0.00942217
0.40509	0.045	0.0089541
0.419059	0.045	0.00841001
0.433027	0.045	0.00778895
0.446996	0.045	0.00709389
0.460965	0.045	0.00633168
0.474933	0.045	0.00551232
0.488902	0.045	0.00464768
0.502871	0.045	0.00374978
0.516839	0.045	0.0028292
0.530808	0.045	0.00189409
0.544776	0.045	0.000949892
0.558745	0.045	0
0	0.0525	0.0137796
0.0146301	0.0525	0.0137779
0.0292601	0.0525	0.0137727
0.0438902	0.0525	0.013764
0.0585203	0.0525	0.0137516
0.0731503	0.0525	0.0137355
0.0877804	0.0525	0.0137156
0.10241	0.0525	0.0136916
0.117041	0.0525	0.0136635
0.131671	0.0525	0.0136308
0.146301	0.0525	0.0135934
0.160931	0.0525	0.0135509
0.175561	0.0525	0.0135027
0.190191	0.0525	0.0134484
0.204821	0.0525	0.0133874
0.219451	0.0525	0.0133186
0.234081	0.0525	0.013241
0.248711	0.0525	0.0131532
0.263341	0.0525	0.0130531
0.277971	0.0525	0.0129381
0.292601	0.0525	0.0128047
0.307231	0.0525	0.0126483
0.321861	0.0525	0.0124633
0.336491	0.0525	0.0122427
0.351122	0.0525	0.0119789
0.365752	0.0525	0.0116633
0.380382	0.0525	0.0112878
0.395012	0.0525	0.0108448
0.409642	0.0525	0.0103288
0.424272	0.0525	0.00973717
0.438902	0.0525	0.0090704
0.453532	0.0525	0.00833273
0.468162	0.0525	0.00753168
0.482792	0.0525	0.00667718
0.497422	0.0525	0.00578034
0.512052	0.0525	0.00485203
0.526682	0.0525	0.00390174
0.541312	0.0525	0.00293688
0.555942	0.0525	0.00196275
0.570573	0.0525	0.000982931
0.585203	0.0525	0
0	0.06	0.0155259
0.0152915	0.06	0.0155238
0.030583	0.06	0.0155173
0.0458745	0.06	0.0155064
0.061166	0.06	0.015491
0.0764575	0.06	0.015471
0.091749	0.06	0.0154461
0.107041	0.06	0.0154162
0.122332	0.06	0.015381
0.137624	0.06	0.0153401
0.152915	0.06	0.0152931
0.168207	0.06	0.0152395
0.183498	0.06	0.0151786
0.19879	0.06	0.0151097
0.214081	0.06	0.0150318
0.229373	0.06	0.0149435
0.244664	0.06	0.0148432
0.259956	0.06	0.0147288
0.275247	0.06	0.0145973
0.290539	0.06	0.0144449
0.30583	0.06	0.0142667
0.321122	0.06	0.014057
0.336413	0.06	0.0138086
0.351705	0.06	0.0135137
0.366996	0.06	0.0131643
0.382288	0.06	0.0127524
0.397579	0.06	0.0122715
0.412871	0.06	0.0117169
0.428162	0.06	0.0110869
0.443454	0.06	0.0103831
0.458745	0.06	0.00961039
0.474037	0.06	0.00877653
0.489328	0.06	0.00789124
0.50462	0.06	0.00696507
0.519911	0.06	0.00600816
0.535203	0.06	0.00502939
0.550494	0.06	0.00403582
0.565786	0.06	0.00303272
0.581077	0.06	0.00202391
0.596369	0.06	0.00101224
0.61166	0.06	0
0	0.0675	0.017217
0.0159529	0.0675	0.0172144
0.0319059	0.0675	0.0172065
0.0478588	0.0675	0.0171932
0.0638118	0.0675	0.0171745
0.0797647	0.0675	0.01715
0.0957176	0.0675	0.0171196
0.111671	0.0675	0.017083
0.127624	0.0675	0.0170399
0.143576	0.0675	0.0169896
0.159529	0.0675	0.0169317
0.175482	0.0675	0.0168655
0.191435	0.0675	0.01679
0.207388	0.0675	0.0167042
0.223341	0.0675	0.0166067
0.239294	0.0675	0.0164957
0.255247	0.0675	0.0163687
0.2712	0.0675	0.0162228
0.287153	0.0675	0.0160539
0.303106	0.0675	0.0158572
0.319059	0.0675	0.0156265
0.335012	0.0675	0.0153548
0.350965	0.0675	0.0150345
0.366918	0.0675	0.0146575
0.382871	0.0675	0.0142165
0.398824	0.0675	0.0137053
0.414776	0.0675	0.0131199
0.430729	0.0675	0.0124593
0.446682	0.0675	0.0117256
0.462635	0.0675	0.0109239
0.478588	0.0675	0.0100621
0.494541	0.0675	0.0091496
0.510494	0.0675	0.00819661
0.526447	0.0675	0.00721284
0.5424	0.0675	0.00620683
0.558353	0.0675	0.00518556
0.574306	0.0675	0.00415439
0.590259	0.0675	0.00311739
0.606212	0.0675	0.00207768
0.622165	0.0675	0.00103781
0.638118	0.0675	0
0	0.075	0.0188531
0.0166144	0.075	0.01885
0.0332288	0.075	0.0188405
0.0498431	0.075	0.0188246
0.0664575	0.075	0.0188021
0.0830719	0.075	0.0187727
0.0996863	0.075	0.0187362
0.116301	0.075	0.0186922
0.132915	0.075	0.0186401
0.149529	0.075	0.0185793
0.166144	0.075	0.0185092
0.182758	0.075	0.0184287
0.199373	0.075	0.0183367
0.215987	0.075	0.0182316
0.232601	0.075	0.0181117
0.249216	0.075	0.0179743
0.26583	0.075	0.0178164
0.282444	0.075	0.0176339
0.299059	0.075	0.0174218
0.315673	0.075	0.0171741
0.332288	0.075	0.0168838
0.348902	0.075	0.0165433
0.365516	0.075	0.0161447
0.382131	0.075	0.0156811
0.398745	0.075	0.0151465
0.415359	0.075	0.0145373
0.431974	0.075	0.0138527
0.448588	0.075	0.013095
0.465203	0.075	0.0122696
0.481817	0.075	0.0113839
0.498431	0.075	0.0104475
0.515046	0.075	0.00947002
0.53166	0.075	0.0084611
0.548274	0.075	0.00742914
0.564889	0.075	0.00638118
0.581503	0.075	0.00532277
0.598118	0.075	0.00425826
0.614732	0.075	0.00319108
0.631346	0.075	0.00212406
0.647961	0.075	0.00105964
0.664575	0.075	0
0	0.0825	0.0204343
0.0172758	0.0825	0.0204306
0.0345516	0.0825	0.0204194
0.0518274	0.0825	0.0204006
0.0691033	0.0825	0.0203739
0.0863791	0.0825	0.0203392
0.103655	0.0825	0.0202959
0.120931	0.0825	0.0202436
0.138207	0.0825	0.0201816
0.155482	0.0825	0.0201093
0.172758	0.0825	0.0200254
0.190034	0.0825	0.019929
0.20731	0.0825	0.0198183
0.224586	0.0825	0.0196915
0.241861	0.0825	0.019546
0.259137	0.0825	0.0193787
0.276413	0.0825	0.0191855
0.293689	0.0825	0.0189615
0.310965	0.0825	0.0187006
0.328241	0.0825	0.0183961
0.345516	0.0825	0.0180404
0.362792	0.0825	0.0176258
0.380068	0.0825	0.0171455
0.397344	0.0825	0.0165936
0.41462	0.0825	0.0159668
0.431895	0.0825	0.0152641
0.449171	0.0825	0.0144879
0.466447	0.0825	0.0136432
0.483723	0.0825	0.0127376
0.500999	0.0825	0.0117802
0.518274	0.0825	0.0107806
0.53555	0.0825	0.00974831
0.552826	0.0825	0.00869173
0.570102	0.0825	0.00761809
0.587378	0.0825	0.00653324
0.604654	0.0825	0.00544185
0.621929	0.0825	0.00434767
0.639205	0.0825	0.00325384
0.656481	0.0825	0.00216306
0.673757	0.0825	0.00107772
0.691033	0.0825	0
0	0.09	0.0219607
0.0179373	0.09	0.0219563
0.0358745	0.09	0.0219433
0.0538118	0.09	0.0219213
0.071749	0.09	0.0218901
0.0896863	0.09	0.0218495
0.107624	0.09	0.0217988
0.125561	0.09	0.0217374
0.143498	0.09	0.0216646
0.161435	0.09	0.0215794
0.179373	0.09	0.0214804
0.19731	0.09	0.0213662
0.215247	0.09	0.0212347
0.233184	0.09	0.0210835
0.251122	0.09	0.0209094
0.269059	0.09	0.0207085
0.286996	0.09	0.0204758
0.304933	0.09	0.0202055
0.322871	0.09	0.019891
0.340808	0.09	0.0195247
0.358745	0.09	0.0190993
0.376682	0.09	0.0186077
0.39462	0.09	0.0180442
0.412557	0.09	0.0174053
0.430494	0.09	0.0166899
0.448431	0.09	0.0159001
0.466369	0.09	0.0150406
0.484306	0.09	0.0141187
0.502243	0.09	0.0131433
0.52018	0.09	0.012124
0.538118	0.09	0.0110701
0.556055	0.09	0.00999031
0.573992	0.09	0.00889208
0.591929	0.09	0.00778159
0.609867	0.09	0.00666389
0.627804	0.09	0.00554312
0.645741	0.09	0.00442273
0.663678	0.09	0.00330571
0.681616	0.09	0.00219469
0.699553	0.09	0.00109206
0.71749	0.09	0
0	0.0975	0.0234324
0.0185987	0.0975	0.0234274
0.0371974	0.0975	0.0234123
0.0557961	0.0975	0.0233868
0.0743948	0.0975	0.0233508
0.0929935	0.0975	0.0233037
0.111592	0.0975	0.0232449
0.130191	0.0975	0.0231737
0.14879	0.0975	0.023089
0.167388	0.0975	0.0229897
0.185987	0.0975	0.0228741
0.204586	0.0975	0.0227402
0.223184	0.0975	0.0225858
0.241783	0.0975	0.0224076
0.260382	0.0975	0.0222018
0.27898	0.0975	0.0219636
0.297579	0.0975	0.0216875
0.316178	0.0975	0.0213668
0.334776	0.0975	0.0209944
0.353375	0.0975	0.0205627
0.371974	0.0975	0.0200648
0.390573	0.0975	0.0194949
0.409171	0.0975	0.0188491
0.42777	0.0975	0.018126
0.446369	0.0975	0.0173272
0.464967	0.0975	0.0164571
0.483566	0.0975	0.0155226
0.502165	0.0975	0.0145324
0.520763	0.0975	0.0134958
0.539362	0.0975	0.0124223
0.557961	0.0975	0.0113209
0.576559	0.0975	0.0101992
0.595158	0.0975	0.00906391
0.613757	0.0975	0.0079205
0.632356	0.0975	0.00677349
0.650954	0.0975	0.00562672
0.669553	0.0975	0.00448347
0.688152	0.0975	0.00334667
0.70675	0.0975	0.00221895
0.725349	0.0975	0.00110267
0.743948	0.0975	0
0	0.105	0.0248495
0.0192601	0.105	0.0248438
0.0385203	0.105	0.0248265
0.0577804	0.105	0.0247974
0.0770405	0.105	0.0247561
0.0963006	0.105	0.024702
0.115561	0.105	0.0246345
0.134821	0.105	0.0245526
0.154081	0.105	0.024455
0.173341	0.105	0.0243403
0.192601	0.105	0.0242064
0.211861	0.105	0.0240512
0.231122	0.105	0.0238715
0.250382	0.105	0.0236637
0.269642	0.105	0.0234232
0.288902	0.105	0.0231445
0.308162	0.105	0.0228214
0.327422	0.105	0.0224466
0.346682	0.105	0.022013
0.365942	0.105	0.0215134
0.385203	0.105	0.0209418
0.404463	0.105	0.0202938
0.423723	0.105	0.0195678
0.442983	0.105	0.0187646
0.462243	0.105	0.0178882
0.481503	0.105	0.0169449
0.500763	0.105	0.015943
0.520023	0.105	0.0148918
0.539284	0.105	0.013801
0.558544	0.105	0.0126796
0.577804	0.105	0.0115358
0.597064	0.105	0.0103766
0.616324	0.105	0.00920813
0.635584	0.105	0.00803524
0.654844	0.105	0.00686221
0.674105	0.105	0.00569269
0.693365	0.105	0.00452991
0.712625	0.105	0.00337675
0.731885	0.105	0.00223584
0.751145	0.105	0.00110953
0.770405	0.105	0
0	0.1125	0.0262122
0.0199216	0.1125	0.0262057
0.0398431	0.1125	0.0261861
0.0597647	0.1125	0.026153
0.0796863	0.1125	0.026106
0.0996078	0.1125	0.0260445
0.119529	0.1125	0.0259676
0.139451	0.1125	0.0258741
0.159373	0.1125	0.0257626
0.179294	0.1125	0.0256312
0.199216	0.1125	0.0254777
0.219137	0.1125	0.0252991
0.239059	0.1125	0.025092
0.25898	0.1125	0.0248521
0.278902	0.1125	0.024574
0.298824	0.1125	0.0242517
0.318745	0.1125	0.0238783
0.338667	0.1125	0.0234466
0.358588	0.1125	0.0229495
0.37851	0.1125	0.0223805
0.398431	0.1125	0.0217351
0.418353	0.1125	0.0210107
0.438274	0.1125	0.0202076
0.458196	0.1125	0.0193291
0.478118	0.1125	0.0183808
0.498039	0.1125	0.0173707
0.517961	0.1125	0.0163079
0.537882	0.1125	0.0152022
0.557804	0.1125	0.0140628
0.577725	0.1125	0.0128983
0.597647	0.1125	0.0117164
0.617569	0.1125	0.0105235
0.63749	0.1125	0.00932513
0.657412	0.1125	0.00812598
0.677333	0.1125	0.00693009
0.697255	0.1125	0.00574105
0.717176	0.1125	0.00456205
0.737098	0.1125	0.00339595
0.75702	0.1125	0.00224537
0.776941	0.1125	0.00111267
0.796863	0.1125	0
0	0.12	0.0275206
0.020583	0.12	0.0275133
0.041166	0.12	0.0274911
0.061749	0.12	0.0274538
0.082332	0.12	0.0274008
0.102915	0.12	0.0273313
0.123498	0.12	0.0272443
0.144081	0.12	0.0271384
0.164664	0.12	0.0270119
0.185247	0.12	0.0268626
0.20583	0.12	0.0266878
0.226413	0.12	0.0264842
0.246996	0.12	0.0262476
0.267579	0.12	0.025973
0.288162	0.12	0.0256547
0.308745	0.12	0.025286
0.329328	0.12	0.0248598
0.349911	0.12	0.0243689
0.370494	0.12	0.0238068
0.391077	0.12	0.0231681
0.41166	0.12	0.0224497
0.432243	0.12	0.0216512
0.452826	0.12	0.0207748
0.473409	0.12	0.0198256
0.493992	0.12	0.0188111
0.514575	0.12	0.01774
0.535158	0.12	0.016622
0.555741	0.12	0.0154668
0.576324	0.12	0.0142835
0.596907	0.12	0.0130801
0.61749	0.12	0.0118636
0.638073	0.12	0.0106403
0.658656	0.12	0.00941514
0.679239	0.12	0.00819279
0.699822	0.12	0.00697718
0.720405	0.12	0.00577182
0.740988	0.12	0.0045799
0.761571	0.12	0.00340427
0.782154	0.12	0.00224755
0.802737	0.12	0.00111208
0.82332	0.12	0
0	0.1275	0.0287748
0.0212444	0.1275	0.0287665
0.0424889	0.1275	0.0287417
0.0637333	0.1275	0.0286999
0.0849778	0.1275	0.0286405
0.106222	0.1275	0.0285625
0.127467	0.1275	0.0284648
0.148711	0.1275	0.0283457
0.169956	0.1275	0.0282031
0.1912	0.1275	0.0280347
0.212444	0.1275	0.0278371
0.233689	0.1275	0.0276065
0.254933	0.1275	0.0273383
0.276178	0.1275	0.027027
0.297422	0.1275	0.026666
0.318667	0.1275	0.0262486
0.339911	0.1275	0.0257675
0.361156	0.1275	0.0252158
0.3824	0.1275	0.0245879
0.403644	0.1275	0.0238798
0.424889	0.1275	0.0230902
0.446133	0.1275	0.0222204
0.467378	0.1275	0.0212746
0.488622	0.1275	0.0202595
0.509867	0.1275	0.0191837
0.531111	0.1275	0.0180566
0.552356	0.1275	0.0168883
0.5736	0.1275	0.0156881
0.594844	0.1275	0.0144646
0.616089	0.1275	0.0132257
0.637333	0.1275	0.011978
0.658578	0.1275	0.0107271
0.679822	0.1275	0.00947824
0.701067	0.1275	0.00823572
0.722311	0.1275	0.00700347
0.743556	0.1275	0.005785
0.7648	0.1275	0.00458347
0.786044	0.1275	0.00340174
0.807289	0.1275	0.0022424
0.828533	0.1275	0.00110778
0.849778	0.1275	0
0	0.135	0.0299748
0.0219059	0.135	0.0299656
0.0438118	0.135	0.029938
0.0657176	0.135	0.0298914
0.0876235	0.135	0.0298252
0.109529	0.135	0.0297383
0.131435	0.135	0.0296291
0.153341	0.135	0.0294959
0.175247	0.135	0.0293364
0.197153	0.135	0.0291475
0.219059	0.135	0.0289257
0.240965	0.135	0.0286665
0.262871	0.135	0.0283648
0.284776	0.135	0.0280145
0.306682	0.135	0.0276088
0.328588	0.135	0.0271406
0.350494	0.135	0.0266029
0.3724	0.135	0.0259896
0.394306	0.135	0.0252959
0.416212	0.135	0.0245194
0.438118	0.135	0.0236606
0.460023	0.135	0.0227226
0.481929	0.135	0.0217113
0.503835	0.135	0.0206346
0.525741	0.135	0.019502
0.547647	0.135	0.0183235
0.569553	0.135	0.0171088
0.591459	0.135	0.0158672
0.613365	0.135	0.0146071
0.635271	0.135	0.0133357
0.657176	0.135	0.0120596
0.679082	0.135	0.0107842
0.700988	0.135	0.00951448
0.722894	0.135	0.00825478
0.7448	0.135	0.007009
0.766706	0.135	0.00578062
0.788612	0.135	0.00457279
0.810518	0.135	0.00338838
0.832423	0.135	0.00222994
0.854329	0.135	0.00109979
0.876235	0.135	0
0	0.1425	0.0311208
0.0225673	0.1425	0.0311107
0.0451346	0.1425	0.0310801
0.067702	0.1425	0.0310285
0.0902693	0.1425	0.0309551
0.112837	0.1425	0.0308586
0.135404	0.1425	0.0307375
0.157971	0.1425	0.0305894
0.180539	0.1425	0.0304118
0.203106	0.1425	0.0302013
0.225673	0.1425	0.0299538
0.248241	0.1425	0.0296644
0.270808	0.1425	0.0293274
0.293375	0.1425	0.0289362
0.315942	0.1425	0.0284839
0.33851	0.1425	0.0279634
0.361077	0.1425	0.0273681
0.383644	0.1425	0.0266926
0.406212	0.1425	0.0259335
0.428779	0.1425	0.0250901
0.451346	0.1425	0.0241645
0.473914	0.1425	0.0231614
0.496481	0.1425	0.0220883
0.519048	0.1425	0.020954
0.541616	0.1425	0.0197686
0.564183	0.1425	0.0185423
0.58675	0.1425	0.0172848
0.609318	0.1425	0.0160051
0.631885	0.1425	0.0147113
0.654452	0.1425	0.0134104
0.67702	0.1425	0.0121086
0.699587	0.1425	0.0108115
0.722154	0.1425	0.00952386
0.744722	0.1425	0.00824999
0.767289	0.1425	0.00699377
0.789856	0.1425	0.00575869
0.812423	0.1425	0.0045479
0.834991	0.1425	0.00336423
0.857558	0.1425	0.00221021
0.880125	0.1425	0.00108812
0.902693	0.1425	0
0	0.15	0.0322129
0.0232288	0.15	0.0322017
0.0464575	0.15	0.032168
0.0696863	0.15	0.0321112
0.092915	0.15	0.0320303
0.116144	0.15	0.0319238
0.139373	0.15	0.03179
0.162601	0.15	0.0316263
0.18583	0.15	0.0314297
0.209059	0.15	0.0311963
0.232288	0.15	0.0309218
0.255516	0.15	0.0306006
0.278745	0.15	0.0302266
0.301974	0.15	0.0297929
0.325203	0.15	0.0292924
0.348431	0.15	0.0287183
0.37166	0.15	0.0280646
0.394889	0.15	0.027327
0.418118	0.15	0.0265034
0.441346	0.15	0.0255947
0.464575	0.15	0.0246047
0.487804	0.15	0.0235397
0.511033	0.15	0.0224082
0.534261	0.15	0.0212199
0.55749	0.15	0.0199852
0.580719	0.15	0.0187145
0.603948	0.15	0.0174172
0.627176	0.15	0.0161023
0.650405	0.15	0.0147775
0.673634	0.15	0.0134498
0.696863	0.15	0.0121252
0.720091	0.15	0.0108091
0.74332	0.15	0.00950642
0.766549	0.15	0.00822136
0.789778	0.15	0.00695782
0.813006	0.15	0.00571927
0.836235	0.15	0.00450885
0.859464	0.15	0.00332934
0.882693	0.15	0.00218325
0.905922	0.15	0.00107281
0.92915	0.15	0
0	0.1575	0.0332511
0.0238902	0.1575	0.0332389
0.0477804	0.1575	0.0332019
0.0716706	0.1575	0.0331396
0.0955608	0.1575	0.0330508
0.119451	0.1575	0.0329339
0.143341	0.1575	0.0327868
0.167231	0.1575	0.0326067
0.191122	0.1575	0.0323901
0.215012	0.1575	0.0321328
0.238902	0.1575	0.0318299
0.262792	0.1575	0.0314755
0.286682	0.1575	0.0310629
0.310573	0.1575	0.0305853
0.334463	0.1575	0.0300354
0.358353	0.1575	0.0294068
0.382243	0.1575	0.0286943
0.406133	0.1575	0.0278948
0.430023	0.1575	0.0270078
0.453914	0.1575	0.0260358
0.477804	0.1575	0.0249839
0.501694	0.1575	0.0238598
0.525584	0.1575	0.022673
0.549474	0.1575	0.0214339
0.573365	0.1575	0.0201531
0.597255	0.1575	0.0188408
0.621145	0.1575	0.0175066
0.645035	0.1575	0.0161591
0.668925	0.1575	0.014806
0.692816	0.1575	0.013454
0.716706	0.1575	0.0121093
0.740596	0.1575	0.010777
0.764486	0.1575	0.00946217
0.788376	0.1575	0.00816894
0.812267	0.1575	0.00690121
0.836157	0.1575	0.00566243
0.860047	0.1575	0.0044557
0.883937	0.1575	0.00328378
0.907827	0.1575	0.00214911
0.931718	0.1575	0.00105388
0.955608	0.1575	0
0	0.165	0.0342356
0.0245516	0.165	0.0342222
0.0491033	0.165	0.0341819
0.0736549	0.165	0.0341138
0.0982065	0.165	0.0340168
0.122758	0.165	0.0338891
0.14731	0.165	0.0337281
0.171861	0.165	0.0335308
0.196413	0.165	0.0332933
0.220965	0.165	0.033011
0.245516	0.165	0.0326785
0.270068	0.165	0.0322895
0.29462	0.165	0.0318371
0.319171	0.165	0.0313141
0.343723	0.165	0.0307137
0.368274	0.165	0.03003
0.392826	0.165	0.0292587
0.417378	0.165	0.028398
0.441929	0.165	0.0274488
0.466481	0.165	0.0264152
0.491033	0.165	0.0253038
0.515584	0.165	0.0241234
0.540136	0.165	0.0228842
0.564688	0.165	0.0215971
0.589239	0.165	0.0202729
0.613791	0.165	0.0189217
0.638342	0.165	0.0175532
0.662894	0.165	0.0161756
0.687446	0.165	0.0147967
0.711997	0.165	0.0134231
0.736549	0.165	0.0120609
0.761101	0.165	0.0107153
0.785652	0.165	0.00939117
0.810204	0.165	0.0080928
0.834755	0.165	0.00682402
0.859307	0.165	0.00558825
0.883859	0.165	0.00438855
0.90841	0.165	0.00322762
0.932962	0.165	0.00210786
0.957514	0.165	0.00103138
0.982065	0.165	0
0	0.1725	0.0351664
0.0252131	0.1725	0.0351519
0.0504261	0.1725	0.035108
0.0756392	0.1725	0.035034
0.100852	0.1725	0.0349285
0.126065	0.1725	0.0347894
0.151278	0.1725	0.0346139
0.176491	0.1725	0.0343987
0.201705	0.1725	0.0341395
0.226918	0.1725	0.0338313
0.252131	0.1725	0.033468
0.277344	0.1725	0.0330431
0.302557	0.1725	0.0325496
0.32777	0.1725	0.0319802
0.352983	0.1725	0.0313285
0.378196	0.1725	0.0305892
0.403409	0.1725	0.0297592
0.428622	0.1725	0.028838
0.453835	0.1725	0.0278281
0.479048	0.1725	0.0267349
0.504261	0.1725	0.0255662
0.529474	0.1725	0.0243319
0.554688	0.1725	0.0230429
0.579901	0.1725	0.0217104
0.605114	0.1725	0.0203452
0.630327	0.1725	0.0189577
0.65554	0.1725	0.0175571
0.680753	0.1725	0.016152
0.705966	0.1725	0.0147497
0.731179	0.1725	0.0133571
0.756392	0.1725	0.01198
0.781605	0.1725	0.0106239
0.806818	0.1725	0.00929347
0.832031	0.1725	0.00799302
0.857244	0.1725	0.00672634
0.882457	0.1725	0.00549683
0.907671	0.1725	0.00430748
0.932884	0.1725	0.00316096
0.958097	0.1725	0.00205956
0.98331	0.1725	0.00100533
1.00852	0.1725	0
0	0.18	0.0360436
0.0258745	0.18	0.0360279
0.051749	0.18	0.0359804
0.0776235	0.18	0.0359003
0.103498	0.18	0.0357859
0.129373	0.18	0.035635
0.155247	0.18	0.0354446
0.181122	0.18	0.0352108
0.206996	0.18	0.034929
0.232871	0.18	0.0345937
0.258745	0.18	0.0341986
0.28462	0.18	0.0337368
0.310494	0.18	0.0332011
0.336369	0.18	0.0325844
0.362243	0.18	0.0318807
0.388118	0.18	0.0310856
0.413992	0.18	0.0301973
0.439867	0.18	0.0292164
0.465741	0.18	0.0281471
0.491616	0.18	0.026996
0.51749	0.18	0.0257722
0.543365	0.18	0.0244864
0.569239	0.18	0.0231499
0.595114	0.18	0.0217742
0.620988	0.18	0.0203705
0.646863	0.18	0.0189488
0.672737	0.18	0.0175186
0.698612	0.18	0.0160882
0.724486	0.18	0.0146651
0.750361	0.18	0.013256
0.776235	0.18	0.0118668
0.80211	0.18	0.010503
0.827984	0.18	0.00916918
0.853859	0.18	0.00786969
0.879733	0.18	0.00660828
0.905608	0.18	0.00538828
0.931482	0.18	0.00421262
0.957357	0.18	0.00308388
0.983231	0.18	0.00200429
1.00911	0.18	0.000975776
1.03498	0.18	0
0	0.1875	0.0368673
0.0265359	0.1875	0.0368503
0.0530719	0.1875	0.0367991
0.0796078	0.1875	0.0367126
0.106144	0.1875	0.0365891
0.13268	0.1875	0.0364261
0.159216	0.1875	0.0362201
0.185752	0.1875	0.0359671
0.212288	0.1875	0.035662
0.238824	0.1875	0.0352988
0.265359	0.1875	0.0348708
0.291895	0.1875	0.034371
0.318431	0.1875	0.0337921
0.344967	0.1875	0.0331272
0.371503	0.1875	0.0323711
0.398039	0.1875	0.0315202
0.424575	0.1875	0.0305739
0.451111	0.1875	0.0295343
0.477647	0.1875	0.0284069
0.504183	0.1875	0.0271997
0.530719	0.1875	0.0259227
0.557255	0.1875	0.0245874
0.583791	0.1875	0.0232056
0.610327	0.1875	0.021789
0.636863	0.1875	0.0203488
0.663399	0.1875	0.0188952
0.689935	0.1875	0.0174376
0.716471	0.1875	0.0159843
0.743006	0.1875	0.0145428
0.769542	0.1875	0.0131198
0.796078	0.1875	0.0117213
0.822614	0.1875	0.0103526
0.84915	0.1875	0.00901839
0.875686	0.1875	0.00772296
0.902222	0.1875	0.00646999
0.928758	0.1875	0.00526274
0.955294	0.1875	0.00410408
0.98183	0.1875	0.00299649
1.00837	0.1875	0.0019421
1.0349	0.1875	0.000942759
1.06144	0.1875	0
0	0.195	0.0376376
0.0271974	0.195	0.0376193
0.0543948	0.195	0.0375642
0.0815922	0.195	0.0374712
0.10879	0.195	0.0373383
0.135987	0.195	0.0371627
0.163184	0.195	0.0369408
0.190382	0.195	0.0366679
0.217579	0.195	0.0363386
0.244776	0.195	0.0359467
0.271974	0.195	0.035485
0.299171	0.195	0.0349462
0.326369	0.195	0.0343232
0.353566	0.195	0.0336096
0.380763	0.195	0.0328006
0.407961	0.195	0.0318939
0.435158	0.195	0.0308901
0.462356	0.195	0.0297927
0.489553	0.195	0.0286085
0.51675	0.195	0.0273467
0.543948	0.195	0.0260184
0.571145	0.195	0.0246355
0.598342	0.195	0.0232103
0.62554	0.195	0.0217548
0.652737	0.195	0.0202802
0.679935	0.195	0.0187969
0.707132	0.195	0.0173141
0.734329	0.195	0.0158403
0.761527	0.195	0.0143829
0.788724	0.195	0.0129486
0.815922	0.195	0.0115435
0.843119	0.195	0.0101728
0.870316	0.195	0.00884126
0.897514	0.195	0.00755297
0.924711	0.195	0.00631161
0.951908	0.195	0.00512036
0.979106	0.195	0.003982
1.0063	0.195	0.0028989
1.0335	0.195	0.0018731
1.0607	0.195	0.000906321
1.0879	0.195	0
0	0.2025	0.0383544
0.0278588	0.2025	0.0383348
0.0557176	0.2025	0.0382758
0.0835765	0.2025	0.0381761
0.111435	0.2025	0.0380335
0.139294	0.2025	0.0378451
0.167153	0.2025	0.0376067
0.195012	0.2025	0.0373134
0.222871	0.2025	0.0369593
0.250729	0.2025	0.0365377
0.278588	0.2025	0.0360413
0.306447	0.2025	0.0354628
0.334306	0.2025	0.0347949
0.362165	0.2025	0.0340319
0.390023	0.2025	0.0331699
0.417882	0.2025	0.0322075
0.445741	0.2025	0.0311466
0.4736	0.2025	0.0299923
0.501459	0.2025	0.0287526
0.529318	0.2025	0.0274378
0.557176	0.2025	0.0260597
0.585035	0.2025	0.024631
0.612894	0.2025	0.0231643
0.640753	0.2025	0.0216718
0.668612	0.2025	0.0201649
0.696471	0.2025	0.0186539
0.724329	0.2025	0.0171482
0.752188	0.2025	0.0156562
0.780047	0.2025	0.0141854
0.807906	0.2025	0.0127426
0.835765	0.2025	0.0113337
0.863623	0.2025	0.00996388
0.891482	0.2025	0.00863793
0.919341	0.2025	0.00735988
0.9472	0.2025	0.0061333
0.975059	0.2025	0.00496129
1.00292	0.2025	0.0038465
1.03078	0.2025	0.00279122
1.05864	0.2025	0.00179735
1.08649	0.2025	0.000866504
1.11435	0.2025	0
0	0.21	0.0390179
0.0285203	0.21	0.038997
0.0570405	0.21	0.0389339
0.0855608	0.21	0.0388274
0.114081	0.21	0.0386749
0.142601	0.21	0.0384733
0.171122	0.21	0.0382179
0.199642	0.21	0.0379037
0.228162	0.21	0.0375241
0.256682	0.21	0.0370722
0.285203	0.21	0.0365404
0.313723	0.21	0.0359212
0.342243	0.21	0.0352078
0.370763	0.21	0.0343949
0.399284	0.21	0.0334796
0.427804	0.21	0.0324616
0.456324	0.21	0.0313442
0.484844	0.21	0.0301338
0.513365	0.21	0.0288397
0.541885	0.21	0.0274732
0.570405	0.21	0.0260469
0.598925	0.21	0.024574
0.627446	0.21	0.0230676
0.655966	0.21	0.02154
0.684486	0.21	0.0200027
0.713006	0.21	0.0184662
0.741527	0.21	0.0169398
0.770047	0.21	0.0154321
0.798567	0.21	0.0139505
0.827088	0.21	0.0125017
0.855608	0.21	0.0110918
0.884128	0.21	0.00972589
0.912648	0.21	0.00840858
0.941169	0.21	0.00714388
0.969689	0.21	0.00593525
0.998209	0.21	0.00478569
1.02673	0.21	0.00369774
1.05525	0.21	0.00267356
1.08377	0.21	0.00171493
1.11229	0.21	0.000823349
1.14081	0.21	0
0	0.2175	0.0396282
0.0291817	0.2175	0.0396059
0.0583634	0.2175	0.0395387
0.0875451	0.2175	0.0394252
0.116727	0.2175	0.0392626
0.145908	0.2175	0.0390474
0.17509	0.2175	0.0387748
0.204272	0.2175	0.038439
0.233454	0.2175	0.0380333
0.262635	0.2175	0.0375504
0.291817	0.2175	0.0369823
0.320999	0.2175	0.0363218
0.35018	0.2175	0.0355622
0.379362	0.2175	0.034699
0.408544	0.2175	0.0337302
0.437725	0.2175	0.0326568
0.466907	0.2175	0.0314834
0.496089	0.2175	0.0302177
0.525271	0.2175	0.0288702
0.554452	0.2175	0.0274532
0.583634	0.2175	0.0259802
0.612816	0.2175	0.0244648
0.641997	0.2175	0.0229203
0.671179	0.2175	0.0213595
0.700361	0.2175	0.0197938
0.729542	0.2175	0.0182338
0.758724	0.2175	0.016689
0.787906	0.2175	0.015168
0.817088	0.2175	0.0136782
0.846269	0.2175	0.0122263
0.875451	0.2175	0.0108182
0.904633	0.2175	0.00945905
0.933814	0.2175	0.00815341
0.962996	0.2175	0.00690515
0.992178	0.2175	0.00571764
1.02136	0.2175	0.00459374
1.05054	0.2175	0.00353586
1.07972	0.2175	0.00254604
1.1089	0.2175	0.00162593
1.13809	0.2175	0.000776898
1.16727	0.2175	0
0	0.225	0.0401852
0.0298431	0.225	0.0401615
0.0596863	0.225	0.0400901
0.0895294	0.225	0.0399695
0.119373	0.225	0.0397966
0.149216	0.225	0.0395677
0.179059	0.225	0.0392774
0.208902	0.225	0.0389196
0.238745	0.225	0.0384873
0.268588	0.225	0.0379725
0.298431	0.225	0.0373675
0.328274	0.225	0.0366649
0.358118	0.225	0.0358586
0.387961	0.225	0.0349447
0.417804	0.225	0.0339221
0.447647	0.225	0.0327934
0.47749	0.225	0.0315644
0.507333	0.225	0.0302442
0.537176	0.225	0.0288443
0.56702	0.225	0.0273781
0.596863	0.225	0.0258597
0.626706	0.225	0.0243032
0.656549	0.225	0.0227224
0.686392	0.225	0.0211301
0.716235	0.225	0.019538
0.746078	0.225	0.0179568
0.775922	0.225	0.0163959
0.805765	0.225	0.014864
0.835608	0.225	0.0133686
0.865451	0.225	0.0119163
0.895294	0.225	0.0105129
0.925137	0.225	0.00916355
0.95498	0.225	0.00787262
0.984823	0.225	0.00664391
1.01467	0.225	0.00548066
1.04451	0.225	0.0043856
1.07435	0.225	0.003361
1.1042	0.225	0.00240877
1.13404	0.225	0.00153042
1.16388	0.225	0.000727195
1.19373	0.225	0
0	0.2325	0.040689
0.0305046	0.2325	0.0406639
0.0610091	0.2325	0.0405883
0.0915137	0.2325	0.0404604
0.122018	0.2325	0.0402772
0.152523	0.2325	0.0400341
0.183027	0.2325	0.0397259
0.213532	0.2325	0.0393457
0.244037	0.2325	0.038886
0.274541	0.2325	0.0383389
0.305046	0.2325	0.0376963
0.33555	0.2325	0.036951
0.366055	0.2325	0.0360973
0.396559	0.2325	0.0351322
0.427064	0.2325	0.0340558
0.457569	0.2325	0.0328719
0.488073	0.2325	0.0315877
0.518578	0.2325	0.0302135
0.549082	0.2325	0.0287622
0.579587	0.2325	0.0272479
0.610091	0.2325	0.0256854
0.640596	0.2325	0.0240894
0.671101	0.2325	0.0224739
0.701605	0.2325	0.0208519
0.73211	0.2325	0.0192354
0.762614	0.2325	0.0176351
0.793119	0.2325	0.0160606
0.823623	0.2325	0.0145204
0.854128	0.2325	0.013022
0.884633	0.2325	0.011572
0.915137	0.2325	0.0101762
0.945642	0.2325	0.00883961
0.976146	0.2325	0.00756644
1.00665	0.2325	0.00636037
1.03716	0.2325	0.00522451
1.06766	0.2325	0.00416144
1.09816	0.2325	0.00317331
1.12867	0.2325	0.00226186
1.15917	0.2325	0.00142849
1.18968	0.2325	0.000674283
1.22018	0.2325	0
0	0.24	0.0411397
0.031166	0.24	0.0411132
0.062332	0.24	0.0410333
0.093498	0.24	0.0408981
0.124664	0.24	0.0407042
0.15583	0.24	0.040447
0.186996	0.24	0.0401204
0.218162	0.24	0.0397173
0.249328	0.24	0.0392299
0.280494	0.24	0.0386499
0.31166	0.24	0.0379689
0.342826	0.24	0.0371802
0.373992	0.24	0.0362786
0.405158	0.24	0.0352619
0.436324	0.24	0.0341315
0.46749	0.24	0.0328924
0.498656	0.24	0.0315533
0.529822	0.24	0.0301259
0.560988	0.24	0.0286239
0.592154	0.24	0.0270625
0.62332	0.24	0.0254572
0.654486	0.24	0.0238231
0.685652	0.24	0.0221746
0.716818	0.24	0.0205249
0.747984	0.24	0.018886
0.77915	0.24	0.0172689
0.810316	0.24	0.0156831
0.841482	0.24	0.0141371
0.872648	0.24	0.0126385
0.903814	0.24	0.0111937
0.93498	0.24	0.0098084
0.966146	0.24	0.00848748
0.997312	0.24	0.00723508
1.02848	0.24	0.00605474
1.05964	0.24	0.00494937
1.09081	0.24	0.00392144
1.12198	0.24	0.00297292
1.15314	0.24	0.00210542
1.18431	0.24	0.00132021
1.21547	0.24	0.000618212
1.24664	0.24	0
0	0.2475	0.0415373
0.0318274	0.2475	0.0415093
0.0636549	0.2475	0.0414252
0.0954823	0.2475	0.0412826
0.12731	0.2475	0.041078
0.159137	0.2475	0.0408063
0.190965	0.2475	0.0404611
0.222792	0.2475	0.0400348
0.25462	0.2475	0.0395192
0.286447	0.2475	0.0389055
0.318274	0.2475	0.0381857
0.350102	0.2475	0.0373529
0.381929	0.2475	0.0364027
0.413757	0.2475	0.035334
0.445584	0.2475	0.0341494
0.477412	0.2475	0.0328551
0.509239	0.2475	0.0314614
0.541067	0.2475	0.0299812
0.572894	0.2475	0.0284294
0.604722	0.2475	0.026822
0.636549	0.2475	0.0251751
0.668376	0.2475	0.0235044
0.700204	0.2475	0.0218245
0.732031	0.2475	0.020149
0.763859	0.2475	0.0184899
0.795686	0.2475	0.0168582
0.827514	0.2475	0.0152636
0.859341	0.2475	0.0137145
0.891169	0.2475	0.0122183
0.922996	0.2475	0.0107815
0.954823	0.2475	0.00940962
0.986651	0.2475	0.00810738
1.01848	0.2475	0.0068788
1.05031	0.2475	0.00572723
1.08213	0.2475	0.00465546
1.11396	0.2475	0.00366576
1.14579	0.2475	0.00275998
1.17762	0.2475	0.00193958
1.20944	0.2475	0.00120568
1.24127	0.2475	0.000559041
1.2731	0.2475	0
0	0.255	0.0418818
0.0324889	0.255	0.0418524
0.0649778	0.255	0.0417639
0.0974667	0.255	0.0416139
0.129956	0.255	0.0413985
0.162444	0.255	0.0411122
0.194933	0.255	0.0407481
0.227422	0.255	0.0402983
0.259911	0.255	0.0397539
0.2924	0.255	0.0391061
0.324889	0.255	0.0383467
0.357378	0.255	0.0374692
0.389867	0.255	0.0364699
0.422356	0.255	0.0353487
0.454844	0.255	0.0341095
0.487333	0.255	0.0327601
0.519822	0.255	0.031312
0.552311	0.255	0.0297795
0.5848	0.255	0.0281786
0.617289	0.255	0.0265262
0.649778	0.255	0.024839
0.682267	0.255	0.0231332
0.714755	0.255	0.0214237
0.747244	0.255	0.0197243
0.779733	0.255	0.0180471
0.812222	0.255	0.0164032
0.844711	0.255	0.0148023
0.8772	0.255	0.0132526
0.909689	0.255	0.0117617
0.942178	0.255	0.0103357
0.974667	0.255	0.00898015
1.00716	0.255	0.00769957
1.03964	0.255	0.00649782
1.07213	0.255	0.00537808
1.10462	0.255	0.00434296
1.13711	0.255	0.00339458
1.1696	0.255	0.00253464
1.20209	0.255	0.00176445
1.23458	0.255	0.00108499
1.26707	0.255	0.000496843
1.29956	0.255	0
0	0.2625	0.0421733
0.0331503	0.2625	0.0421424
0.0663006	0.2625	0.0420496
0.099451	0.2625	0.0418921
0.132601	0.2625	0.0416658
0.165752	0.2625	0.0413648
0.198902	0.2625	0.0409817
0.232052	0.2625	0.040508
0.265203	0.2625	0.0399344
0.298353	0.2625	0.0392519
0.331503	0.2625	0.0384522
0.364654	0.2625	0.0375293
0.397804	0.2625	0.0364803
0.430954	0.2625	0.0353061
0.464105	0.2625	0.0340119
0.497255	0.2625	0.0326072
0.530405	0.2625	0.0311049
0.563556	0.2625	0.0295205
0.596706	0.2625	0.0278713
0.629856	0.2625	0.0261749
0.663006	0.2625	0.0244488
0.696157	0.2625	0.0227094
0.729307	0.2625	0.0209721
0.762457	0.2625	0.0192508
0.795608	0.2625	0.0175577
0.828758	0.2625	0.015904
0.861908	0.2625	0.0142993
0.895059	0.2625	0.0127518
0.928209	0.2625	0.0112688
0.961359	0.2625	0.00985655
0.99451	0.2625	0.00852024
1.02766	0.2625	0.0072643
1.06081	0.2625	0.00609238
1.09396	0.2625	0.00500749
1.12711	0.2625	0.00401206
1.16026	0.2625	0.00310807
1.19341	0.2625	0.00229704
1.22656	0.2625	0.00158017
1.25971	0.2625	0.000958281
1.29286	0.2625	0.000431724
1.32601	0.2625	0
0	0.27	0.0424118
0.0338118	0.27	0.0423795
0.0676235	0.27	0.0422822
0.101435	0.27	0.0421173
0.135247	0.27	0.0418801
0.169059	0.27	0.0415643
0.202871	0.27	0.0411619
0.236682	0.27	0.040664
0.270494	0.27	0.0400608
0.304306	0.27	0.039343
0.338118	0.27	0.0385024
0.371929	0.27	0.0375334
0.405741	0.27	0.0364339
0.439553	0.27	0.0352061
0.473365	0.27	0.0338567
0.507176	0.27	0.0323965
0.540988	0.27	0.0308401
0.5748	0.27	0.0292043
0.608612	0.27	0.0275075
0.642423	0.27	0.0257682
0.676235	0.27	0.0240043
0.710047	0.27	0.022233
0.743859	0.27	0.0204697
0.777671	0.27	0.0187285
0.811482	0.27	0.0170219
0.845294	0.27	0.0153608
0.879106	0.27	0.0137548
0.912918	0.27	0.0122122
0.946729	0.27	0.01074
0.980541	0.27	0.00934431
1.01435	0.27	0.00803017
1.04816	0.27	0.00680182
1.08198	0.27	0.00566271
1.11579	0.27	0.00461567
1.1496	0.27	0.00366296
1.18341	0.27	0.00280638
1.21722	0.27	0.00204734
1.25104	0.27	0.0013869
1.28485	0.27	0.000825718
1.31866	0.27	0.000363833
1.35247	0.27	0
0	0.2775	0.0425972
0.0344732	0.2775	0.0425635
0.0689464	0.2775	0.0424619
0.10342	0.2775	0.0422896
0.137893	0.2775	0.0420414
0.172366	0.2775	0.0417107
0.206839	0.2775	0.0412889
0.241312	0.2775	0.0407665
0.275786	0.2775	0.0401333
0.310259	0.2775	0.0393796
0.344732	0.2775	0.0384974
0.379205	0.2775	0.0374816
0.413678	0.2775	0.0363309
0.448152	0.2775	0.0350488
0.482625	0.2775	0.0336436
0.517098	0.2775	0.0321278
0.551571	0.2775	0.0305174
0.586044	0.2775	0.0288306
0.620518	0.2775	0.027087
0.654991	0.2775	0.0253057
0.689464	0.2775	0.0235056
0.723937	0.2775	0.0217039
0.75841	0.2775	0.0199166
0.792884	0.2775	0.0181577
0.827357	0.2775	0.0164397
0.86183	0.2775	0.0147737
0.896303	0.2775	0.0131691
0.930776	0.2775	0.0116341
0.96525	0.2775	0.0101755
0.999723	0.2775	0.00879925
1.0342	0.2775	0.00751021
1.06867	0.2775	0.00631239
1.10314	0.2775	0.00520906
1.13762	0.2775	0.00420285
1.17209	0.2775	0.00329585
1.20656	0.2775	0.00248972
1.24104	0.2775	0.00178574
1.27551	0.2775	0.00118485
1.30998	0.2775	0.000687544
1.34445	0.2775	0.000293396
1.37893	0.2775	0
0	0.285	0.0427297
0.0351346	0.285	0.0426945
0.0702693	0.285	0.0425887
0.105404	0.285	0.0424089
0.140539	0.285	0.0421499
0.175673	0.285	0.0418042
0.210808	0.285	0.0413629
0.245942	0.285	0.0408158
0.281077	0.285	0.0401521
0.316212	0.285	0.0393619
0.351346	0.285	0.0384374
0.386481	0.285	0.0373738
0.421616	0.285	0.0361711
0.45675	0.285	0.0348341
0.491885	0.285	0.0333726
0.52702	0.285	0.0318008
0.562154	0.285	0.0301365
0.597289	0.285	0.0283992
0.632423	0.285	0.0266095
0.667558	0.285	0.0247875
0.702693	0.285	0.0229525
0.737827	0.285	0.0211222
0.772962	0.285	0.0193127
0.808097	0.285	0.0175383
0.843231	0.285	0.0158115
0.878366	0.285	0.0141431
0.913501	0.285	0.0125425
0.948635	0.285	0.0110178
0.98377	0.285	0.0095756
1.0189	0.285	0.00822166
1.05404	0.285	0.00696062
1.08917	0.285	0.00579625
1.12431	0.285	0.00473164
1.15944	0.285	0.00376922
1.19458	0.285	0.00291092
1.22971	0.285	0.00215826
1.26485	0.285	0.00151245
1.29998	0.285	0.000974319
1.33512	0.285	0.000544116
1.37025	0.285	0.000220757
1.40539	0.285	0
0	0.2925	0.0428092
0.0357961	0.2925	0.0427726
0.0715922	0.2925	0.0426625
0.107388	0.2925	0.0424754
0.143184	0.2925	0.0422055
0.17898	0.2925	0.0418449
0.214776	0.2925	0.041384
0.250573	0.2925	0.0408118
0.286369	0.2925	0.0401173
0.322165	0.2925	0.0392901
0.357961	0.2925	0.0383224
0.393757	0.2925	0.0372103
0.429553	0.2925	0.0359546
0.465349	0.2925	0.0345618
0.501145	0.2925	0.0330434
0.536941	0.2925	0.0314155
0.572737	0.2925	0.0296973
0.608533	0.2925	0.0279099
0.644329	0.2925	0.0260749
0.680125	0.2925	0.0242133
0.715922	0.2925	0.0223449
0.751718	0.2925	0.0204879
0.787514	0.2925	0.0186583
0.82331	0.2925	0.0168706
0.859106	0.2925	0.0151372
0.894902	0.2925	0.013469
0.930698	0.2925	0.0118752
0.966494	0.2925	0.0103635
1.00229	0.2925	0.00894058
1.03809	0.2925	0.00761182
1.07388	0.2925	0.00638166
1.10968	0.2925	0.00525367
1.14547	0.2925	0.0042307
1.18127	0.2925	0.00331501
1.21707	0.2925	0.00250839
1.25286	0.2925	0.00181227
1.28866	0.2925	0.0012278
1.32445	0.2925	0.000755719
1.36025	0.2925	0.000395972
1.39605	0.2925	0.000146442
1.43184	0.2925	0
0	0.3	0.0428357
0.0364575	0.3	0.0427977
0.072915	0.3	0.0426835
0.109373	0.3	0.0424891
0.14583	0.3	0.0422084
0.182288	0.3	0.0418329
0.218745	0.3	0.0413523
0.255203	0.3	0.040755
0.29166	0.3	0.0400291
0.328118	0.3	0.0391641
0.364575	0.3	0.0381525
0.401033	0.3	0.0369908
0.43749	0.3	0.0356812
0.473948	0.3	0.0342318
0.510405	0.3	0.0326559
0.546863	0.3	0.0309715
0.58332	0.3	0.0291995
0.619778	0.3	0.0273625
0.656235	0.3	0.0254831
0.692693	0.3	0.0235832
0.72915	0.3	0.021683
0.765608	0.3	0.0198009
0.802065	0.3	0.0179534
0.838523	0.3	0.0161547
0.87498	0.3	0.0144173
0.911438	0.3	0.0127518
0.947895	0.3	0.0111674
0.984353	0.3	0.00967159
1.02081	0.3	0.00827073
1.05727	0.3	0.00697001
1.09373	0.3	0.00577361
1.13018	0.3	0.00468487
1.16664	0.3	0.00370645
1.2031	0.3	0.00284043
1.23956	0.3	0.0020885
1.27601	0.3	0.00145205
1.31247	0.3	0.000932212
1.34893	0.3	0.000529672
1.38539	0.3	0.000243923
1.42184	0.3	7.12535e-05
1.4583	0.3	0
