0	0	0
0.01125	0	0
0.0225	0	0
0.03375	0	0
0.045	0	0
0.05625	0	0
0.0675	0	0
0.07875	0	0
0.09	0	0
0.10125	0	0
0.1125	0	0
0.12375	0	0
0.135	0	0
0.14625	0	0
0.1575	0	0
0.16875	0	0
0.18	0	0
0.19125	0	0
0.2025	0	0
0.21375	0	0
0.225	0	0
0.23625	0	0
0.2475	0	0
0.25875	0	0
0.27	0	0
0.28125	0	0
0.2925	0	0
0.30375	0	0
0.315	0	0
0.32625	0	0
0.3375	0	0
0.34875	0	0
0.36	0	0
0.37125	0	0
0.3825	0	0
0.39375	0	0
0.405	0	0
0.41625	0	0
0.4275	0	0
0.43875	0	0
0.45	0	0
0	0.005	0.000978783
0.0118942	0.005	0.000978761
0.0237885	0.005	0.000978682
0.0356827	0.005	0.000978547
0.0475769	0.005	0.000978356
0.0594712	0.005	0.000978107
0.0713654	0.005	0.000977797
0.0832596	0.005	0.000977424
0.0951539	0.005	0.000976984
0.107048	0.005	0.000976474
0.118942	0.005	0.000975889
0.130837	0.005	0.000975224
0.142731	0.005	0.000974473
0.154625	0.005	0.000973629
0.166519	0.005	0.000972685
0.178414	0.005	0.000971631
0.190308	0.005	0.00097046
0.202202	0.005	0.00096916
0.214096	0.005	0.000967722
0.22599	0.005	0.000966136
0.237885	0.005	0.000964392
0.249779	0.005	0.000962483
0.261673	0.005	0.000960404
0.273567	0.005	0.000958152
0.285462	0.005	0.000955727
0.297356	0.005	0.000953125
0.30925	0.005	0.000950333
0.321144	0.005	0.000947309
0.333039	0.005	0.000943951
0.344933	0.005	0.000940047
0.356827	0.005	0.00093519
0.368721	0.005	0.000928655
0.380616	0.005	0.000919194
0.39251	0.005	0.000904752
0.404404	0.005	0.000882029
0.416298	0.005	0.000845855
0.428192	0.005	0.000788291
0.440087	0.005	0.000697338
0.451981	0.005	0.000555135
0.463875	0.005	0.000335416
0.475769	0.005	0
0	0.01	0.00193258
0.0125385	0.01	0.00193253
0.0250769	0.01	0.00193236
0.0376154	0.01	0.00193206
0.0501539	0.01	0.00193163
0.0626924	0.01	0.00193108
0.0752308	0.01	0.00193038
0.0877693	0.01	0.00192955
0.100308	0.01	0.00192856
0.112846	0.01	0.00192742
0.125385	0.01	0.0019261
0.137923	0.01	0.00192459
0.150462	0.01	0.00192289
0.163	0.01	0.00192097
0.175539	0.01	0.00191881
0.188077	0.01	0.00191639
0.200616	0.01	0.0019137
0.213154	0.01	0.00191069
0.225692	0.01	0.00190736
0.238231	0.01	0.00190368
0.250769	0.01	0.00189963
0.263308	0.01	0.00189518
0.275846	0.01	0.00189031
0.288385	0.01	0.001885
0.300923	0.01	0.00187919
0.313462	0.01	0.00187276
0.326	0.01	0.00186548
0.338539	0.01	0.00185693
0.351077	0.01	0.00184635
0.363616	0.01	0.00183251
0.376154	0.01	0.00181342
0.388693	0.01	0.00178609
0.401231	0.01	0.00174618
0.41377	0.01	0.00168765
0.426308	0.01	0.00160252
0.438846	0.01	0.00148084
0.451385	0.01	0.00131117
0.463923	0.01	0.00108189
0.476462	0.01	0.000784233
0.489	0.01	0.000417753
0.501539	0.01	0
0	0.015	0.00286142
0.0131827	0.015	0.00286133
0.0263654	0.015	0.00286104
0.0395481	0.015	0.00286054
0.0527308	0.015	0.00285984
0.0659135	0.015	0.00285891
0.0790962	0.015	0.00285776
0.0922789	0.015	0.00285636
0.105462	0.015	0.00285471
0.118644	0.015	0.00285279
0.131827	0.015	0.00285057
0.14501	0.015	0.00284804
0.158192	0.015	0.00284515
0.171375	0.015	0.00284188
0.184558	0.015	0.0028382
0.197741	0.015	0.00283406
0.210923	0.015	0.00282943
0.224106	0.015	0.00282426
0.237289	0.015	0.0028185
0.250471	0.015	0.00281211
0.263654	0.015	0.00280504
0.276837	0.015	0.00279722
0.29002	0.015	0.00278856
0.303202	0.015	0.00277889
0.316385	0.015	0.0027679
0.329568	0.015	0.00275505
0.34275	0.015	0.00273945
0.355933	0.015	0.00271965
0.369116	0.015	0.00269343
0.382298	0.015	0.00265756
0.395481	0.015	0.00260757
0.408664	0.015	0.00253759
0.421847	0.015	0.00244039
0.435029	0.015	0.0023076
0.448212	0.015	0.00213054
0.461395	0.015	0.00190136
0.474577	0.015	0.00161497
0.48776	0.015	0.00127125
0.500943	0.015	0.000877155
0.514126	0.015	0.000447232
0.527308	0.015	0
0	0.02	0.0037653
0.0138269	0.02	0.00376517
0.0276539	0.02	0.00376474
0.0414808	0.02	0.00376401
0.0553078	0.02	0.00376297
0.0691347	0.02	0.00376161
0.0829616	0.02	0.00375991
0.0967886	0.02	0.00375786
0.110616	0.02	0.00375542
0.124442	0.02	0.00375256
0.138269	0.02	0.00374926
0.152096	0.02	0.00374547
0.165923	0.02	0.00374114
0.17975	0.02	0.00373623
0.193577	0.02	0.00373067
0.207404	0.02	0.0037244
0.221231	0.02	0.00371735
0.235058	0.02	0.00370945
0.248885	0.02	0.00370062
0.262712	0.02	0.00369075
0.276539	0.02	0.00367972
0.290366	0.02	0.00366734
0.304193	0.02	0.00365327
0.31802	0.02	0.00363697
0.331847	0.02	0.00361755
0.345674	0.02	0.00359358
0.3595	0.02	0.00356292
0.373327	0.02	0.00352247
0.387154	0.02	0.00346801
0.400981	0.02	0.00339409
0.414808	0.02	0.00329413
0.428635	0.02	0.00316074
0.442462	0.02	0.00298637
0.456289	0.02	0.00276437
0.470116	0.02	0.00249026
0.483943	0.02	0.00216315
0.49777	0.02	0.0017868
0.511597	0.02	0.0013699
0.525424	0.02	0.000924835
0.539251	0.02	0.000464793
0.553078	0.02	0
0	0.025	0.00464424
0.0144712	0.025	0.00464406
0.0289424	0.025	0.00464347
0.0434135	0.025	0.00464247
0.0578847	0.025	0.00464105
0.0723559	0.025	0.00463918
0.0868271	0.025	0.00463685
0.101298	0.025	0.00463401
0.115769	0.025	0.00463064
0.130241	0.025	0.00462669
0.144712	0.025	0.0046221
0.159183	0.025	0.00461682
0.173654	0.025	0.00461076
0.188125	0.025	0.00460386
0.202596	0.025	0.00459602
0.217068	0.025	0.00458714
0.231539	0.025	0.00457712
0.24601	0.025	0.00456582
0.260481	0.025	0.00455309
0.274952	0.025	0.00453872
0.289424	0.025	0.0045224
0.303895	0.025	0.00450363
0.318366	0.025	0.00448161
0.332837	0.025	0.00445509
0.347308	0.025	0.00442217
0.361779	0.025	0.00438009
0.376251	0.025	0.00432505
0.390722	0.025	0.00425216
0.405193	0.025	0.00415542
0.419664	0.025	0.00402805
0.434135	0.025	0.00386305
0.448606	0.025	0.00365399
0.463078	0.025	0.00339612
0.477549	0.025	0.00308742
0.49202	0.025	0.00272949
0.506491	0.025	0.00232785
0.520962	0.025	0.00189146
0.535434	0.025	0.00143117
0.549905	0.025	0.000957574
0.564376	0.025	0.000478906
0.578847	0.025	0
0	0.03	0.00549825
0.0151154	0.03	0.00549802
0.0302308	0.03	0.00549725
0.0453462	0.03	0.00549594
0.0604616	0.03	0.00549407
0.0755771	0.03	0.00549163
0.0906925	0.03	0.00548856
0.105808	0.03	0.00548483
0.120923	0.03	0.00548038
0.136039	0.03	0.00547514
0.151154	0.03	0.00546904
0.16627	0.03	0.00546199
0.181385	0.03	0.00545389
0.1965	0.03	0.00544461
0.211616	0.03	0.00543403
0.226731	0.03	0.00542198
0.241847	0.03	0.00540831
0.256962	0.03	0.00539278
0.272077	0.03	0.0053751
0.287193	0.03	0.00535484
0.302308	0.03	0.00533133
0.317424	0.03	0.00530354
0.332539	0.03	0.0052699
0.347654	0.03	0.00522812
0.36277	0.03	0.00517495
0.377885	0.03	0.00510611
0.393001	0.03	0.00501624
0.408116	0.03	0.00489911
0.423232	0.03	0.00474802
0.438347	0.03	0.0045565
0.453462	0.03	0.00431918
0.468578	0.03	0.00403278
0.483693	0.03	0.00369694
0.498809	0.03	0.00331473
0.513924	0.03	0.00289245
0.529039	0.03	0.00243891
0.544155	0.03	0.00196392
0.55927	0.03	0.00147665
0.574386	0.03	0.000984227
0.589501	0.03	0.000491223
0.604616	0.03	0
0	0.035	0.00632735
0.0157596	0.035	0.00632705
0.0315193	0.035	0.00632607
0.0472789	0.035	0.00632442
0.0630386	0.035	0.00632205
0.0787982	0.035	0.00631894
0.0945579	0.035	0.00631504
0.110318	0.035	0.00631028
0.126077	0.035	0.00630459
0.141837	0.035	0.00629787
0.157596	0.035	0.00629002
0.173356	0.035	0.00628091
0.189116	0.035	0.00627039
0.204875	0.035	0.0062583
0.220635	0.035	0.00624444
0.236395	0.035	0.00622859
0.252154	0.035	0.00621045
0.267914	0.035	0.00618964
0.283674	0.035	0.00616563
0.299433	0.035	0.00613759
0.315193	0.035	0.00610432
0.330953	0.035	0.00606398
0.346712	0.035	0.00601396
0.362472	0.035	0.00595069
0.378232	0.035	0.00586955
0.393991	0.035	0.00576492
0.409751	0.035	0.00563047
0.42551	0.035	0.00545967
0.44127	0.035	0.00524658
0.45703	0.035	0.00498664
0.472789	0.035	0.00467763
0.488549	0.035	0.00432027
0.504309	0.035	0.00391843
0.520068	0.035	0.0034788
0.535828	0.035	0.00300991
0.551588	0.035	0.00252088
0.567347	0.035	0.00202006
0.583107	0.035	0.001514
0.598867	0.035	0.00100712
0.614626	0.035	0.000501982
0.630386	0.035	0
0	0.04	0.00713154
0.0164039	0.04	0.00713117
0.0328078	0.04	0.00712997
0.0492116	0.04	0.00712792
0.0656155	0.04	0.007125
0.0820194	0.04	0.00712114
0.0984233	0.04	0.0071163
0.114827	0.04	0.00711037
0.131231	0.04	0.00710326
0.147635	0.04	0.00709485
0.164039	0.04	0.00708498
0.180443	0.04	0.00707348
0.196847	0.04	0.00706015
0.21325	0.04	0.00704475
0.229654	0.04	0.007027
0.246058	0.04	0.00700655
0.262462	0.04	0.00698295
0.278866	0.04	0.00695555
0.29527	0.04	0.00692342
0.311674	0.04	0.0068852
0.328078	0.04	0.00683888
0.344482	0.04	0.00678164
0.360885	0.04	0.00670968
0.377289	0.04	0.00661816
0.393693	0.04	0.00650132
0.410097	0.04	0.00635283
0.426501	0.04	0.00616632
0.442905	0.04	0.00593623
0.459309	0.04	0.00565859
0.475713	0.04	0.00533187
0.492116	0.04	0.00495742
0.50852	0.04	0.00453957
0.524924	0.04	0.0040851
0.541328	0.04	0.00360235
0.557732	0.04	0.00309999
0.574136	0.04	0.00258589
0.59054	0.04	0.00206632
0.606944	0.04	0.00154568
0.623348	0.04	0.00102674
0.639751	0.04	0.00051116
0.656155	0.04	0
0	0.045	0.00791085
0.0170481	0.045	0.0079104
0.0340962	0.045	0.00790894
0.0511444	0.045	0.00790646
0.0681925	0.045	0.00790291
0.0852406	0.045	0.00789822
0.102289	0.045	0.00789232
0.119337	0.045	0.00788508
0.136385	0.045	0.00787637
0.153433	0.045	0.00786603
0.170481	0.045	0.00785385
0.187529	0.045	0.00783959
0.204577	0.045	0.007823
0.221626	0.045	0.00780373
0.238674	0.045	0.00778138
0.255722	0.045	0.00775542
0.27277	0.045	0.00772513
0.289818	0.045	0.00768951
0.306866	0.045	0.00764708
0.323914	0.045	0.00759572
0.340962	0.045	0.00753248
0.35801	0.045	0.00745345
0.375059	0.045	0.00735366
0.392107	0.045	0.00722729
0.409155	0.045	0.00706801
0.426203	0.045	0.0068696
0.443251	0.045	0.0066267
0.460299	0.045	0.0063357
0.477347	0.045	0.00599544
0.494395	0.045	0.00560762
0.511444	0.045	0.00517673
0.528492	0.045	0.00470957
0.54554	0.045	0.00421431
0.562588	0.045	0.00369934
0.579636	0.045	0.0031723
0.596684	0.045	0.00263938
0.613732	0.045	0.00210508
0.63078	0.045	0.00157237
0.647828	0.045	0.00104316
0.664877	0.045	0.000518714
0.681925	0.045	0
0	0.05	0.00866529
0.0176924	0.05	0.00866474
0.0353847	0.05	0.008663
0.0530771	0.05	0.00866004
0.0707694	0.05	0.0086558
0.0884618	0.05	0.00865019
0.106154	0.05	0.00864311
0.123846	0.05	0.0086344
0.141539	0.05	0.0086239
0.159231	0.05	0.00861137
0.176924	0.05	0.00859656
0.194616	0.05	0.00857916
0.212308	0.05	0.0085588
0.230001	0.05	0.00853501
0.247693	0.05	0.00850723
0.265385	0.05	0.00847466
0.283078	0.05	0.00843625
0.30077	0.05	0.00839045
0.318462	0.05	0.0083351
0.336155	0.05	0.00826721
0.353847	0.05	0.0081828
0.371539	0.05	0.00807689
0.389232	0.05	0.00794362
0.406924	0.05	0.00777669
0.424616	0.05	0.00756991
0.442309	0.05	0.00731804
0.460001	0.05	0.00701758
0.477694	0.05	0.0066675
0.495386	0.05	0.00626956
0.513078	0.05	0.0058283
0.530771	0.05	0.00535042
0.548463	0.05	0.00484394
0.566155	0.05	0.00431714
0.583848	0.05	0.00377759
0.60154	0.05	0.00323153
0.619232	0.05	0.00268363
0.636925	0.05	0.00213714
0.654617	0.05	0.00159421
0.672309	0.05	0.00105634
0.690002	0.05	0.000524623
0.707694	0.05	0
0	0.055	0.00939486
0.0183366	0.055	0.00939421
0.0366732	0.055	0.00939216
0.0550098	0.055	0.00938868
0.0733464	0.055	0.00938368
0.0916829	0.055	0.00937706
0.11002	0.055	0.00936867
0.128356	0.055	0.00935833
0.146693	0.055	0.00934581
0.165029	0.055	0.00933083
0.183366	0.055	0.00931305
0.201702	0.055	0.00929206
0.220039	0.055	0.00926737
0.238376	0.055	0.00923834
0.256712	0.055	0.00920417
0.275049	0.055	0.00916372
0.293385	0.055	0.00911547
0.311722	0.055	0.00905724
0.330059	0.055	0.00898605
0.348395	0.055	0.00889794
0.366732	0.055	0.00878798
0.385068	0.055	0.00865033
0.403405	0.055	0.00847867
0.421742	0.055	0.00826683
0.440078	0.055	0.0080095
0.458415	0.055	0.00770315
0.476751	0.055	0.00734663
0.495088	0.055	0.00694162
0.513424	0.055	0.00649249
0.531761	0.055	0.00600581
0.550098	0.055	0.00548948
0.568434	0.055	0.00495172
0.586771	0.055	0.00440017
0.605107	0.055	0.00384122
0.623444	0.055	0.00327983
0.641781	0.055	0.00271952
0.660117	0.055	0.00216275
0.678454	0.055	0.00161124
0.69679	0.055	0.00106627
0.715127	0.055	0.000528884
0.733464	0.055	0
0	0.06	0.0100996
0.0189808	0.06	0.0100988
0.0379616	0.06	0.0100964
0.0569425	0.06	0.0100924
0.0759233	0.06	0.0100865
0.0949041	0.06	0.0100788
0.113885	0.06	0.010069
0.132866	0.06	0.0100569
0.151847	0.06	0.0100421
0.170827	0.06	0.0100244
0.189808	0.06	0.0100033
0.208789	0.06	0.00997819
0.22777	0.06	0.00994854
0.246751	0.06	0.00991345
0.265732	0.06	0.00987178
0.284712	0.06	0.00982201
0.303693	0.06	0.00976199
0.322674	0.06	0.00968881
0.341655	0.06	0.00959862
0.360636	0.06	0.00948654
0.379616	0.06	0.00934682
0.398597	0.06	0.00917314
0.417578	0.06	0.00895926
0.436559	0.06	0.00869973
0.45554	0.06	0.00839081
0.474521	0.06	0.00803107
0.493501	0.06	0.0076219
0.512482	0.06	0.00716739
0.531463	0.06	0.00667388
0.550444	0.06	0.00614916
0.569425	0.06	0.00560146
0.588406	0.06	0.00503854
0.607386	0.06	0.00446707
0.626367	0.06	0.00389231
0.645348	0.06	0.00331816
0.664329	0.06	0.00274739
0.68331	0.06	0.00218199
0.70229	0.06	0.00162345
0.721271	0.06	0.00107295
0.740252	0.06	0.000531509
0.759233	0.06	0
0	0.065	0.0107795
0.0196251	0.065	0.0107786
0.0392501	0.065	0.0107758
0.0588752	0.065	0.0107712
0.0785002	0.065	0.0107644
0.0981253	0.065	0.0107555
0.11775	0.065	0.0107441
0.137375	0.065	0.01073
0.157	0.065	0.0107127
0.176626	0.065	0.010692
0.196251	0.065	0.0106671
0.215876	0.065	0.0106374
0.235501	0.065	0.0106021
0.255126	0.065	0.01056
0.274751	0.065	0.0105097
0.294376	0.065	0.0104489
0.314001	0.065	0.010375
0.333626	0.065	0.0102842
0.353251	0.065	0.0101718
0.372876	0.065	0.0100321
0.392501	0.065	0.00985883
0.412126	0.065	0.00964567
0.431751	0.065	0.00938697
0.451376	0.065	0.00907859
0.471001	0.065	0.00871873
0.490626	0.065	0.00830828
0.510252	0.065	0.00785092
0.529877	0.065	0.0073527
0.549502	0.065	0.00682123
0.569127	0.065	0.00626478
0.588752	0.065	0.00569129
0.608377	0.065	0.00510775
0.628002	0.065	0.00451984
0.647627	0.065	0.00393185
0.667252	0.065	0.00334693
0.686877	0.065	0.00276738
0.706502	0.065	0.00219492
0.726127	0.065	0.00163089
0.745752	0.065	0.00107643
0.765377	0.065	0.000532517
0.785002	0.065	0
0	0.07	0.0114345
0.0202693	0.07	0.0114335
0.0405386	0.07	0.0114304
0.0608079	0.07	0.011425
0.0810772	0.07	0.0114173
0.101346	0.07	0.0114071
0.121616	0.07	0.011394
0.141885	0.07	0.0113777
0.162154	0.07	0.0113577
0.182424	0.07	0.0113336
0.202693	0.07	0.0113045
0.222962	0.07	0.0112697
0.243232	0.07	0.0112279
0.263501	0.07	0.0111778
0.28377	0.07	0.0111173
0.304039	0.07	0.0110439
0.324309	0.07	0.0109538
0.344578	0.07	0.0108426
0.364847	0.07	0.0107048
0.385117	0.07	0.0105342
0.405386	0.07	0.0103242
0.425655	0.07	0.0100691
0.445924	0.07	0.00976426
0.466194	0.07	0.00940726
0.486463	0.07	0.00899842
0.506732	0.07	0.00854087
0.527002	0.07	0.00804022
0.547271	0.07	0.00750387
0.56754	0.07	0.00694008
0.58781	0.07	0.00635701
0.608079	0.07	0.00576204
0.628348	0.07	0.00516128
0.648617	0.07	0.00455952
0.668887	0.07	0.00396033
0.689156	0.07	0.00336636
0.709425	0.07	0.00277959
0.729695	0.07	0.00220157
0.749964	0.07	0.00163359
0.770233	0.07	0.00107673
0.790502	0.07	0.000531935
0.810772	0.07	0
0	0.075	0.0120647
0.0209135	0.075	0.0120636
0.0418271	0.075	0.01206
0.0627406	0.075	0.012054
0.0836541	0.075	0.0120452
0.104568	0.075	0.0120335
0.125481	0.075	0.0120186
0.146395	0.075	0.0119999
0.167308	0.075	0.011977
0.188222	0.075	0.0119491
0.209135	0.075	0.0119154
0.230049	0.075	0.0118747
0.250962	0.075	0.0118257
0.271876	0.075	0.0117665
0.292789	0.075	0.0116945
0.313703	0.075	0.0116063
0.334616	0.075	0.0114978
0.35553	0.075	0.0113635
0.376444	0.075	0.0111974
0.397357	0.075	0.0109929
0.418271	0.075	0.0107439
0.439184	0.075	0.0104453
0.460098	0.075	0.0100941
0.481011	0.075	0.0096898
0.501925	0.075	0.00923484
0.522838	0.075	0.00873426
0.543752	0.075	0.00819514
0.564665	0.075	0.0076257
0.585579	0.075	0.00703431
0.606492	0.075	0.00642873
0.627406	0.075	0.0058156
0.648319	0.075	0.00520023
0.669233	0.075	0.0045867
0.690146	0.075	0.00397804
0.71106	0.075	0.00337657
0.731974	0.075	0.00278408
0.752887	0.075	0.00220202
0.773801	0.075	0.00163162
0.794714	0.075	0.00107391
0.815628	0.075	0.000529788
0.836541	0.075	0
0	0.08	0.0126702
0.0215578	0.08	0.0126689
0.0431155	0.08	0.0126649
0.0646733	0.08	0.012658
0.0862311	0.08	0.0126482
0.107789	0.08	0.012635
0.129347	0.08	0.012618
0.150904	0.08	0.0125968
0.172462	0.08	0.0125706
0.19402	0.08	0.0125386
0.215578	0.08	0.0124997
0.237135	0.08	0.0124525
0.258693	0.08	0.0123954
0.280251	0.08	0.0123258
0.301809	0.08	0.0122406
0.323366	0.08	0.0121359
0.344924	0.08	0.0120065
0.366482	0.08	0.0118465
0.38804	0.08	0.0116495
0.409598	0.08	0.0114088
0.431155	0.08	0.0111191
0.452713	0.08	0.0107765
0.474271	0.08	0.0103797
0.495829	0.08	0.00993022
0.517386	0.08	0.00943244
0.538944	0.08	0.00889297
0.560502	0.08	0.00831988
0.58206	0.08	0.0077217
0.603617	0.08	0.0071066
0.625175	0.08	0.00648177
0.646733	0.08	0.0058531
0.668291	0.08	0.00522524
0.689848	0.08	0.00460169
0.711406	0.08	0.00398515
0.732964	0.08	0.00337768
0.754522	0.08	0.00278096
0.77608	0.08	0.00219636
0.797637	0.08	0.00162505
0.819195	0.08	0.00106802
0.840753	0.08	0.000526107
0.862311	0.08	0
0	0.085	0.0132508
0.022202	0.085	0.0132494
0.044404	0.085	0.0132449
0.066606	0.085	0.0132372
0.088808	0.085	0.0132262
0.11101	0.085	0.0132113
0.133212	0.085	0.0131922
0.155414	0.085	0.0131682
0.177616	0.085	0.0131384
0.199818	0.085	0.0131019
0.22202	0.085	0.0130573
0.244222	0.085	0.013003
0.266424	0.085	0.0129366
0.288626	0.085	0.0128554
0.310828	0.085	0.0127555
0.33303	0.085	0.0126322
0.355232	0.085	0.0124798
0.377434	0.085	0.0122917
0.399636	0.085	0.0120614
0.421838	0.085	0.0117829
0.44404	0.085	0.0114516
0.466242	0.085	0.0110652
0.488444	0.085	0.0106242
0.510646	0.085	0.0101322
0.532848	0.085	0.00959509
0.55505	0.085	0.00902068
0.577252	0.085	0.0084176
0.599454	0.085	0.00779437
0.621656	0.085	0.00715876
0.643858	0.085	0.0065173
0.66606	0.085	0.00587525
0.688262	0.085	0.00523669
0.710464	0.085	0.00460473
0.732666	0.085	0.00398179
0.754868	0.085	0.00336979
0.77707	0.085	0.00277032
0.799272	0.085	0.00218467
0.821474	0.085	0.00161396
0.843676	0.085	0.00105912
0.865878	0.085	0.000520919
0.88808	0.085	0
0	0.09	0.0138066
0.0228462	0.09	0.013805
0.0456925	0.09	0.0138001
0.0685387	0.09	0.0137915
0.0913849	0.09	0.0137792
0.114231	0.09	0.0137626
0.137077	0.09	0.0137412
0.159924	0.09	0.0137141
0.18277	0.09	0.0136805
0.205616	0.09	0.0136391
0.228462	0.09	0.0135882
0.251309	0.09	0.0135259
0.274155	0.09	0.0134494
0.297001	0.09	0.0133552
0.319847	0.09	0.0132389
0.342694	0.09	0.0130951
0.36554	0.09	0.0129174
0.388386	0.09	0.0126991
0.411232	0.09	0.0124339
0.434078	0.09	0.0121163
0.456925	0.09	0.0117432
0.479771	0.09	0.0113138
0.502617	0.09	0.0108307
0.525463	0.09	0.010299
0.54831	0.09	0.00972596
0.571156	0.09	0.00912024
0.594002	0.09	0.00849065
0.616848	0.09	0.00784549
0.639695	0.09	0.00719199
0.662541	0.09	0.00653609
0.685387	0.09	0.0058825
0.708233	0.09	0.00523486
0.73108	0.09	0.00459598
0.753926	0.09	0.00396811
0.776772	0.09	0.00335304
0.799618	0.09	0.00275228
0.822464	0.09	0.00216706
0.845311	0.09	0.00159843
0.868157	0.09	0.00104726
0.891003	0.09	0.000514252
0.913849	0.09	0
0	0.095	0.0143377
0.0234905	0.095	0.0143359
0.0469809	0.095	0.0143304
0.0704714	0.095	0.014321
0.0939619	0.095	0.0143073
0.117452	0.095	0.0142889
0.140943	0.095	0.014265
0.164433	0.095	0.0142347
0.187924	0.095	0.0141969
0.211414	0.095	0.0141501
0.234905	0.095	0.0140924
0.258395	0.095	0.0140212
0.281886	0.095	0.0139335
0.305376	0.095	0.013825
0.328867	0.095	0.0136906
0.352357	0.095	0.0135244
0.375848	0.095	0.0133195
0.399338	0.095	0.0130692
0.422828	0.095	0.0127677
0.446319	0.095	0.0124105
0.469809	0.095	0.0119958
0.4933	0.095	0.0115249
0.51679	0.095	0.0110018
0.540281	0.095	0.0104333
0.563771	0.095	0.00982764
0.587262	0.095	0.00919386
0.610752	0.095	0.00854076
0.634243	0.095	0.00787627
0.657733	0.095	0.0072071
0.681224	0.095	0.00653864
0.704714	0.095	0.00587516
0.728205	0.095	0.00521994
0.751695	0.095	0.00457561
0.775186	0.095	0.00394424
0.798676	0.095	0.00332755
0.822166	0.095	0.00272695
0.845657	0.095	0.00214362
0.869147	0.095	0.00157853
0.892638	0.095	0.00103248
0.916128	0.095	0.000506133
0.939619	0.095	0
0	0.1	0.014844
0.0241347	0.1	0.0148421
0.0482694	0.1	0.014836
0.0724041	0.1	0.0148256
0.0965388	0.1	0.0148105
0.120674	0.1	0.0147901
0.144808	0.1	0.0147635
0.168943	0.1	0.0147298
0.193078	0.1	0.0146875
0.217212	0.1	0.0146349
0.241347	0.1	0.0145697
0.265482	0.1	0.0144889
0.289616	0.1	0.0143888
0.313751	0.1	0.0142645
0.337886	0.1	0.0141105
0.362021	0.1	0.01392
0.386155	0.1	0.0136862
0.41029	0.1	0.0134026
0.434425	0.1	0.0130638
0.458559	0.1	0.0126668
0.482694	0.1	0.0122114
0.506829	0.1	0.0117005
0.530964	0.1	0.01114
0.555098	0.1	0.0105375
0.579233	0.1	0.00990215
0.603368	0.1	0.00924317
0.627502	0.1	0.00856915
0.651637	0.1	0.00788758
0.675772	0.1	0.00720466
0.699906	0.1	0.00652532
0.724041	0.1	0.00585347
0.748176	0.1	0.00519214
0.772311	0.1	0.00454377
0.796445	0.1	0.00391033
0.82058	0.1	0.00329345
0.844715	0.1	0.00269445
0.868849	0.1	0.00211444
0.892984	0.1	0.00155433
0.917119	0.1	0.00101485
0.941253	0.1	0.000496587
0.965388	0.1	0
0	0.105	0.0153256
0.0247789	0.105	0.0153234
0.0495579	0.105	0.0153168
0.0743368	0.105	0.0153054
0.0991158	0.105	0.0152888
0.123895	0.105	0.0152663
0.148674	0.105	0.0152369
0.173453	0.105	0.0151995
0.198232	0.105	0.0151524
0.22301	0.105	0.0150935
0.247789	0.105	0.0150201
0.272568	0.105	0.0149288
0.297347	0.105	0.0148151
0.322126	0.105	0.0146738
0.346905	0.105	0.0144985
0.371684	0.105	0.0142822
0.396463	0.105	0.014018
0.421242	0.105	0.0136998
0.446021	0.105	0.0133232
0.4708	0.105	0.0128867
0.495579	0.105	0.0123917
0.520358	0.105	0.0118428
0.545137	0.105	0.0112471
0.569916	0.105	0.0106134
0.594695	0.105	0.00995108
0.619474	0.105	0.00926943
0.644252	0.105	0.00857673
0.669031	0.105	0.00788003
0.69381	0.105	0.00718507
0.718589	0.105	0.00649641
0.743368	0.105	0.00581764
0.768147	0.105	0.00515162
0.792926	0.105	0.00450063
0.817705	0.105	0.00386653
0.842484	0.105	0.00325087
0.867263	0.105	0.00265489
0.892042	0.105	0.00207963
0.916821	0.105	0.00152592
0.9416	0.105	0.000994409
0.966379	0.105	0.000485635
0.991158	0.105	0
0	0.11	0.0157824
0.0254232	0.11	0.01578
0.0508464	0.11	0.0157728
0.0762695	0.11	0.0157603
0.101693	0.11	0.0157422
0.127116	0.11	0.0157175
0.152539	0.11	0.0156851
0.177962	0.11	0.0156438
0.203385	0.11	0.0155914
0.228809	0.11	0.0155257
0.254232	0.11	0.0154435
0.279655	0.11	0.0153408
0.305078	0.11	0.0152126
0.330501	0.11	0.0150528
0.355924	0.11	0.0148547
0.381348	0.11	0.0146111
0.406771	0.11	0.0143152
0.432194	0.11	0.0139616
0.457617	0.11	0.0135472
0.48304	0.11	0.0130718
0.508464	0.11	0.0125385
0.533887	0.11	0.0119535
0.55931	0.11	0.011325
0.584733	0.11	0.0106625
0.610156	0.11	0.00997565
0.635579	0.11	0.00927355
0.661003	0.11	0.00856415
0.686426	0.11	0.00785407
0.711849	0.11	0.00714866
0.737272	0.11	0.00645214
0.762695	0.11	0.00576788
0.788118	0.11	0.00509856
0.813542	0.11	0.00444634
0.838965	0.11	0.00381299
0.864388	0.11	0.00319995
0.889811	0.11	0.0026084
0.915234	0.11	0.00203927
0.940657	0.11	0.00149334
0.966081	0.11	0.000971198
0.991504	0.11	0.0004733
1.01693	0.11	0
0	0.115	0.0162145
0.0260674	0.115	0.0162119
0.0521348	0.115	0.016204
0.0782022	0.115	0.0161905
0.10427	0.115	0.0161706
0.130337	0.115	0.0161436
0.156404	0.115	0.0161082
0.182472	0.115	0.0160626
0.208539	0.115	0.0160048
0.234607	0.115	0.0159318
0.260674	0.115	0.01584
0.286742	0.115	0.015725
0.312809	0.115	0.015581
0.338876	0.115	0.0154015
0.364944	0.115	0.0151792
0.391011	0.115	0.014907
0.417079	0.115	0.0145784
0.443146	0.115	0.0141889
0.469213	0.115	0.0137367
0.495281	0.115	0.0132232
0.521348	0.115	0.0126532
0.547416	0.115	0.0120341
0.573483	0.115	0.011375
0.59955	0.115	0.010686
0.625618	0.115	0.0099768
0.651685	0.115	0.00925624
0.677753	0.115	0.00853192
0.70382	0.115	0.00781007
0.729888	0.115	0.00709568
0.755955	0.115	0.00639273
0.782022	0.115	0.00570437
0.80809	0.115	0.00503313
0.834157	0.115	0.00438107
0.860225	0.115	0.00374985
0.886292	0.115	0.00314081
0.912359	0.115	0.00255506
0.938427	0.115	0.00199345
0.964494	0.115	0.00145668
0.990562	0.115	0.000945257
1.01663	0.115	0.000459598
1.0427	0.115	0
0	0.12	0.0166218
0.0267116	0.12	0.016619
0.0534233	0.12	0.0166105
0.0801349	0.12	0.0165958
0.106847	0.12	0.0165743
0.133558	0.12	0.0165448
0.16027	0.12	0.0165061
0.186982	0.12	0.0164561
0.213693	0.12	0.0163923
0.240405	0.12	0.0163115
0.267116	0.12	0.0162096
0.293828	0.12	0.0160813
0.32054	0.12	0.0159204
0.347251	0.12	0.0157199
0.373963	0.12	0.0154722
0.400675	0.12	0.0151702
0.427386	0.12	0.0148081
0.454098	0.12	0.0143824
0.48081	0.12	0.0138928
0.507521	0.12	0.0133423
0.534233	0.12	0.0127371
0.560945	0.12	0.0120858
0.587656	0.12	0.0113983
0.614368	0.12	0.0106849
0.64108	0.12	0.00995525
0.667791	0.12	0.00921803
0.694503	0.12	0.00848043
0.721214	0.12	0.00774831
0.747926	0.12	0.00702639
0.774638	0.12	0.00631839
0.801349	0.12	0.0056273
0.828061	0.12	0.00495551
0.854773	0.12	0.00430498
0.881484	0.12	0.00367725
0.908196	0.12	0.00307359
0.934908	0.12	0.00249499
0.961619	0.12	0.00194225
0.988331	0.12	0.00141597
1.01504	0.12	0.000916621
1.04175	0.12	0.000444546
1.06847	0.12	0
0	0.125	0.0170044
0.0273559	0.125	0.0170014
0.0547118	0.125	0.0169922
0.0820676	0.125	0.0169763
0.109424	0.125	0.016953
0.136779	0.125	0.0169211
0.164135	0.125	0.0168789
0.191491	0.125	0.0168242
0.218847	0.125	0.0167541
0.246203	0.125	0.016665
0.273559	0.125	0.0165521
0.300915	0.125	0.0164096
0.328271	0.125	0.0162308
0.355626	0.125	0.0160081
0.382982	0.125	0.0157338
0.410338	0.125	0.0154011
0.437694	0.125	0.0150049
0.46505	0.125	0.014543
0.492406	0.125	0.0140166
0.519762	0.125	0.0134302
0.547118	0.125	0.0127914
0.574474	0.125	0.0121097
0.601829	0.125	0.0113957
0.629185	0.125	0.0106598
0.656541	0.125	0.00991159
0.683897	0.125	0.00915936
0.711253	0.125	0.00841
0.738609	0.125	0.00766906
0.765965	0.125	0.00694099
0.793321	0.125	0.00622931
0.820676	0.125	0.00553685
0.848032	0.125	0.00486587
0.875388	0.125	0.00421822
0.902744	0.125	0.00359533
0.9301	0.125	0.00299838
0.957456	0.125	0.00242828
0.984812	0.125	0.00188573
1.01217	0.125	0.00137127
1.03952	0.125	0.00088532
1.06688	0.125	0.000428158
1.09424	0.125	0
0	0.13	0.0173623
0.0280001	0.13	0.0173591
0.0560002	0.13	0.0173492
0.0840003	0.13	0.0173321
0.112	0.13	0.0173069
0.140001	0.13	0.0172724
0.168001	0.13	0.0172265
0.196001	0.13	0.0171669
0.224001	0.13	0.0170902
0.252001	0.13	0.0169922
0.280001	0.13	0.0168677
0.308001	0.13	0.0167102
0.336001	0.13	0.0165123
0.364002	0.13	0.0162662
0.392002	0.13	0.0159643
0.420002	0.13	0.0156
0.448002	0.13	0.0151694
0.476002	0.13	0.0146715
0.504002	0.13	0.0141089
0.532002	0.13	0.0134878
0.560002	0.13	0.0128169
0.588002	0.13	0.0121067
0.616003	0.13	0.011368
0.644003	0.13	0.0106114
0.672003	0.13	0.00984626
0.700003	0.13	0.00908058
0.728003	0.13	0.00832092
0.756003	0.13	0.00757256
0.784003	0.13	0.00683969
0.812003	0.13	0.00612568
0.840003	0.13	0.0054332
0.868004	0.13	0.00476438
0.896004	0.13	0.00412093
0.924004	0.13	0.00350422
0.952004	0.13	0.0029153
0.980004	0.13	0.002355
1.008	0.13	0.00182396
1.036	0.13	0.00132263
1.064	0.13	0.000851379
1.092	0.13	0.000410445
1.12	0.13	0
0	0.135	0.0176955
0.0286444	0.135	0.017692
0.0572887	0.135	0.0176814
0.0859331	0.135	0.0176631
0.114577	0.135	0.017636
0.143222	0.135	0.0175988
0.171866	0.135	0.0175491
0.20051	0.135	0.0174843
0.229155	0.135	0.0174006
0.257799	0.135	0.0172932
0.286444	0.135	0.0171563
0.315088	0.135	0.0169828
0.343732	0.135	0.0167649
0.372377	0.135	0.0164944
0.401021	0.135	0.0161639
0.429665	0.135	0.0157675
0.45831	0.135	0.0153021
0.486954	0.135	0.0147684
0.515598	0.135	0.0141705
0.544243	0.135	0.0135159
0.572887	0.135	0.0128145
0.601531	0.135	0.0120774
0.630176	0.135	0.0113158
0.65882	0.135	0.0105402
0.687464	0.135	0.00975965
0.716109	0.135	0.00898199
0.744753	0.135	0.00821344
0.773398	0.135	0.00745902
0.802042	0.135	0.00672272
0.830686	0.135	0.00600771
0.859331	0.135	0.00531653
0.887975	0.135	0.00465119
0.916619	0.135	0.00401327
0.945264	0.135	0.00340404
0.973908	0.135	0.00282445
1.00255	0.135	0.00227524
1.0312	0.135	0.00175699
1.05984	0.135	0.00127008
1.08849	0.135	0.000814822
1.11713	0.135	0.000391417
1.14577	0.135	0
0	0.14	0.018004
0.0292886	0.14	0.0180003
0.0585772	0.14	0.0179889
0.0878658	0.14	0.0179693
0.117154	0.14	0.0179403
0.146443	0.14	0.0179002
0.175732	0.14	0.0178466
0.20502	0.14	0.0177764
0.234309	0.14	0.0176853
0.263597	0.14	0.017568
0.292886	0.14	0.017418
0.322174	0.14	0.0172277
0.351463	0.14	0.0169888
0.380752	0.14	0.0166929
0.41004	0.14	0.0163329
0.439329	0.14	0.0159038
0.468617	0.14	0.0154036
0.497906	0.14	0.0148346
0.527195	0.14	0.0142022
0.556483	0.14	0.0135154
0.585772	0.14	0.012785
0.61506	0.14	0.0120226
0.644349	0.14	0.0112396
0.673638	0.14	0.0104465
0.702926	0.14	0.0096521
0.732215	0.14	0.00886387
0.761503	0.14	0.0080878
0.790792	0.14	0.00732866
0.82008	0.14	0.00659025
0.849369	0.14	0.00587558
0.878658	0.14	0.00518702
0.907946	0.14	0.00452645
0.937235	0.14	0.00389536
0.966523	0.14	0.00329489
0.995812	0.14	0.0027259
1.0251	0.14	0.00218907
1.05439	0.14	0.00168487
1.08368	0.14	0.00121365
1.11297	0.14	0.000775668
1.14225	0.14	0.000371084
1.17154	0.14	0
0	0.145	0.0182877
0.0299328	0.145	0.0182838
0.0598656	0.145	0.0182717
0.0897985	0.145	0.0182508
0.119731	0.145	0.0182198
0.149664	0.145	0.0181768
0.179597	0.145	0.0181191
0.20953	0.145	0.0180432
0.239463	0.145	0.0179443
0.269395	0.145	0.0178165
0.299328	0.145	0.0176528
0.329261	0.145	0.0174448
0.359194	0.145	0.0171839
0.389127	0.145	0.0168618
0.41906	0.145	0.0164716
0.448992	0.145	0.0160093
0.478925	0.145	0.0154745
0.508858	0.145	0.0148705
0.538791	0.145	0.0142046
0.568724	0.145	0.0134868
0.598656	0.145	0.0127288
0.628589	0.145	0.0119426
0.658522	0.145	0.0111399
0.688455	0.145	0.0103307
0.718388	0.145	0.00952388
0.748321	0.145	0.00872647
0.778253	0.145	0.00794423
0.808186	0.145	0.00718171
0.838119	0.145	0.0064425
0.868052	0.145	0.00572946
0.897985	0.145	0.00504482
0.927917	0.145	0.00439032
0.95785	0.145	0.00376733
0.987783	0.145	0.00317688
1.01772	0.145	0.00261975
1.04765	0.145	0.00209654
1.07758	0.145	0.00160764
1.10751	0.145	0.00115337
1.13745	0.145	0.000733933
1.16738	0.145	0.000349452
1.19731	0.145	0
0	0.15	0.0185468
0.0305771	0.15	0.0185427
0.0611541	0.15	0.0185298
0.0917312	0.15	0.0185076
0.122308	0.15	0.0184745
0.152885	0.15	0.0184285
0.183462	0.15	0.0183665
0.214039	0.15	0.0182847
0.244616	0.15	0.0181777
0.275194	0.15	0.0180389
0.305771	0.15	0.0178607
0.336348	0.15	0.0176342
0.366925	0.15	0.0173505
0.397502	0.15	0.0170012
0.428079	0.15	0.0165803
0.458656	0.15	0.0160846
0.489233	0.15	0.015515
0.51981	0.15	0.0148767
0.550387	0.15	0.0141782
0.580964	0.15	0.0134307
0.611541	0.15	0.0126465
0.642118	0.15	0.011838
0.672695	0.15	0.0110169
0.703272	0.15	0.0101932
0.733849	0.15	0.00937526
0.764426	0.15	0.00857002
0.795003	0.15	0.00778294
0.825581	0.15	0.00701835
0.856158	0.15	0.00627966
0.886735	0.15	0.00556954
0.917312	0.15	0.00489009
0.947889	0.15	0.00424292
0.978466	0.15	0.00362928
1.00904	0.15	0.00305009
1.03962	0.15	0.00250607
1.0702	0.15	0.0019977
1.10077	0.15	0.00152535
1.13135	0.15	0.00108927
1.16193	0.15	0.000689632
1.19251	0.15	0.000326529
1.22308	0.15	0
0	0.155	0.0187812
0.0312213	0.155	0.0187768
0.0624426	0.155	0.0187632
0.0936639	0.155	0.0187396
0.124885	0.155	0.0187044
0.156106	0.155	0.0186553
0.187328	0.155	0.018589
0.218549	0.155	0.018501
0.24977	0.155	0.0183855
0.280992	0.155	0.0182352
0.312213	0.155	0.0180419
0.343434	0.155	0.0177961
0.374656	0.155	0.0174886
0.405877	0.155	0.0171115
0.437098	0.155	0.0166591
0.468319	0.155	0.0161298
0.499541	0.155	0.0155258
0.530762	0.155	0.0148537
0.561983	0.155	0.0141236
0.593205	0.155	0.0133475
0.624426	0.155	0.0125384
0.655647	0.155	0.0117091
0.686868	0.155	0.0108711
0.71809	0.155	0.0100341
0.749311	0.155	0.0092065
0.780532	0.155	0.00839476
0.811754	0.155	0.00760416
0.842975	0.155	0.0068388
0.874196	0.155	0.0061019
0.905417	0.155	0.00539598
0.936639	0.155	0.00472297
0.96786	0.155	0.00408438
0.999081	0.155	0.00348131
1.0303	0.155	0.00291461
1.06152	0.155	0.0023849
1.09275	0.155	0.0018926
1.12397	0.155	0.00143802
1.15519	0.155	0.00102137
1.18641	0.155	0.000642779
1.21763	0.155	0.000302326
1.24885	0.155	0
0	0.16	0.018991
0.0318655	0.16	0.0189863
0.0637311	0.16	0.0189719
0.0955966	0.16	0.0189469
0.127462	0.16	0.0189096
0.159328	0.16	0.0188574
0.191193	0.16	0.0187865
0.223059	0.16	0.0186921
0.254924	0.16	0.0185677
0.28679	0.16	0.0184055
0.318655	0.16	0.0181963
0.350521	0.16	0.0179304
0.382386	0.16	0.0175984
0.414252	0.16	0.0171926
0.446117	0.16	0.0167084
0.477983	0.16	0.0161453
0.509848	0.16	0.0155071
0.541714	0.16	0.0148019
0.57358	0.16	0.0140411
0.605445	0.16	0.0132376
0.637311	0.16	0.012405
0.669176	0.16	0.0115562
0.701042	0.16	0.0107026
0.732907	0.16	0.00985384
0.764773	0.16	0.00901783
0.796638	0.16	0.00820092
0.828504	0.16	0.00740809
0.860369	0.16	0.00664324
0.892235	0.16	0.0059094
0.9241	0.16	0.00520892
0.955966	0.16	0.0045436
0.987831	0.16	0.0039148
1.0197	0.16	0.00332352
1.05156	0.16	0.00277051
1.08343	0.16	0.0022563
1.11529	0.16	0.00178127
1.14716	0.16	0.00134567
1.17902	0.16	0.000949675
1.21089	0.16	0.000593388
1.24276	0.16	0.000276852
1.27462	0.16	0
0	0.165	0.019176
0.0325098	0.165	0.0191711
0.0650195	0.165	0.0191559
0.0975293	0.165	0.0191296
0.130039	0.165	0.0190901
0.162549	0.165	0.0190346
0.195059	0.165	0.0189591
0.227568	0.165	0.0188581
0.260078	0.165	0.0187245
0.292588	0.165	0.0185497
0.325098	0.165	0.0183241
0.357607	0.165	0.0180373
0.390117	0.165	0.01768
0.422627	0.165	0.0172449
0.455137	0.165	0.0167284
0.487646	0.165	0.0161314
0.520156	0.165	0.0154593
0.552666	0.165	0.0147217
0.585176	0.165	0.0139311
0.617686	0.165	0.0131014
0.650195	0.165	0.0122466
0.682705	0.165	0.0113797
0.715215	0.165	0.0105118
0.747725	0.165	0.00965255
0.780234	0.165	0.00880949
0.812744	0.165	0.0079887
0.845254	0.165	0.00719493
0.877764	0.165	0.00643185
0.910273	0.165	0.00570233
0.942783	0.165	0.00500853
0.975293	0.165	0.00435211
1.0078	0.165	0.00373429
1.04031	0.165	0.00315599
1.07282	0.165	0.00261785
1.10533	0.165	0.00212033
1.13784	0.165	0.00166376
1.17035	0.165	0.00124834
1.20286	0.165	0.000874219
1.23537	0.165	0.000541479
1.26788	0.165	0.000250124
1.30039	0.165	0
0	0.17	0.0193364
0.033154	0.17	0.0193312
0.066308	0.17	0.0193153
0.099462	0.17	0.0192875
0.132616	0.17	0.0192458
0.16577	0.17	0.0191871
0.198924	0.17	0.0191068
0.232078	0.17	0.0189989
0.265232	0.17	0.0188558
0.298386	0.17	0.018668
0.33154	0.17	0.0184253
0.364694	0.17	0.0181169
0.397848	0.17	0.0177335
0.431002	0.17	0.0172684
0.464156	0.17	0.0167193
0.49731	0.17	0.0160883
0.530464	0.17	0.0153826
0.563618	0.17	0.0146133
0.596772	0.17	0.0137939
0.629926	0.17	0.0129392
0.66308	0.17	0.0120635
0.696234	0.17	0.0111797
0.729388	0.17	0.010299
0.762542	0.17	0.00943051
0.795696	0.17	0.0085817
0.82885	0.17	0.00775832
0.862004	0.17	0.00696487
0.895158	0.17	0.00620483
0.928312	0.17	0.00548084
0.961466	0.17	0.00479493
0.99462	0.17	0.00414859
1.02777	0.17	0.00354294
1.06093	0.17	0.00297878
1.09408	0.17	0.00245667
1.12724	0.17	0.00197702
1.16039	0.17	0.00154008
1.19354	0.17	0.00114604
1.2267	0.17	0.00079502
1.25985	0.17	0.000487078
1.29301	0.17	0.000222167
1.32616	0.17	0
0	0.175	0.0194721
0.0337982	0.175	0.0194666
0.0675965	0.175	0.0194499
0.101395	0.175	0.0194208
0.135193	0.175	0.0193769
0.168991	0.175	0.0193148
0.202789	0.175	0.0192296
0.236588	0.175	0.0191147
0.270386	0.175	0.0189617
0.304184	0.175	0.0187604
0.337982	0.175	0.0184999
0.371781	0.175	0.0181691
0.405579	0.175	0.0177589
0.439377	0.175	0.0172634
0.473175	0.175	0.0166812
0.506974	0.175	0.0160163
0.540772	0.175	0.0152774
0.57457	0.175	0.014477
0.608368	0.175	0.0136299
0.642166	0.175	0.0127513
0.675965	0.175	0.0118559
0.709763	0.175	0.0109565
0.743561	0.175	0.0100643
0.777359	0.175	0.00918794
0.811158	0.175	0.00833468
0.844956	0.175	0.00750999
0.878754	0.175	0.00671811
0.912552	0.175	0.00596232
0.946351	0.175	0.00524508
0.980149	0.175	0.00456823
1.01395	0.175	0.00393315
1.04775	0.175	0.00334082
1.08154	0.175	0.00279195
1.11534	0.175	0.00228703
1.14914	0.175	0.00182639
1.18294	0.175	0.00141026
1.21674	0.175	0.0010388
1.25053	0.175	0.000712111
1.28433	0.175	0.000430223
1.31813	0.175	0.000193019
1.35193	0.175	0
0	0.18	0.0195831
0.0344425	0.18	0.0195774
0.0688849	0.18	0.0195599
0.103327	0.18	0.0195294
0.13777	0.18	0.0194833
0.172212	0.18	0.0194178
0.206655	0.18	0.0193277
0.241097	0.18	0.0192055
0.27554	0.18	0.0190423
0.309982	0.18	0.018827
0.344425	0.18	0.0185481
0.378867	0.18	0.0181942
0.41331	0.18	0.0177565
0.447752	0.18	0.0172298
0.482195	0.18	0.0166143
0.516637	0.18	0.0159155
0.55108	0.18	0.0151438
0.585522	0.18	0.0143131
0.619964	0.18	0.0134392
0.654407	0.18	0.0125379
0.688849	0.18	0.011624
0.723292	0.18	0.0107105
0.757734	0.18	0.00980795
0.792177	0.18	0.00892507
0.826619	0.18	0.00806864
0.861062	0.18	0.00724389
0.895504	0.18	0.00645482
0.929947	0.18	0.0057045
0.964389	0.18	0.00499518
0.998832	0.18	0.00432857
1.03327	0.18	0.00370589
1.06772	0.18	0.00312802
1.10216	0.18	0.00259557
1.1366	0.18	0.00210897
1.17104	0.18	0.00166849
1.20549	0.18	0.00127434
1.23993	0.18	0.000926659
1.27437	0.18	0.000625535
1.30881	0.18	0.000370972
1.34326	0.18	0.000162739
1.3777	0.18	0
0	0.185	0.0196694
0.0350867	0.185	0.0196635
0.0701734	0.185	0.0196453
0.10526	0.185	0.0196133
0.140347	0.185	0.019565
0.175434	0.185	0.0194962
0.21052	0.185	0.0194009
0.245607	0.185	0.0192714
0.280694	0.185	0.0190976
0.31578	0.185	0.0188679
0.350867	0.185	0.0185699
0.385954	0.185	0.0181922
0.42104	0.185	0.0177263
0.456127	0.185	0.0171679
0.491214	0.185	0.0165188
0.526301	0.185	0.0157862
0.561387	0.185	0.0149821
0.596474	0.185	0.0141218
0.631561	0.185	0.0132221
0.666647	0.185	0.0122993
0.701734	0.185	0.0113682
0.736821	0.185	0.0104418
0.771907	0.185	0.00953027
0.806994	0.185	0.00864213
0.842081	0.185	0.00778379
0.877168	0.185	0.00696021
0.912254	0.185	0.00617517
0.947341	0.185	0.00543149
0.982428	0.185	0.00473126
1.01751	0.185	0.00407602
1.0526	0.185	0.00346687
1.08769	0.185	0.00290458
1.12277	0.185	0.00238967
1.15786	0.185	0.00192251
1.19295	0.185	0.00150335
1.22803	0.185	0.00113235
1.26312	0.185	0.000809656
1.29821	0.185	0.000535358
1.33329	0.185	0.000309415
1.36838	0.185	0.000131417
1.40347	0.185	0
0	0.19	0.0197311
0.0357309	0.19	0.0197249
0.0714619	0.19	0.019706
0.107193	0.19	0.0196727
0.142924	0.19	0.0196221
0.178655	0.19	0.0195498
0.214386	0.19	0.0194494
0.250117	0.19	0.0193123
0.285848	0.19	0.0191277
0.321578	0.19	0.018883
0.357309	0.19	0.0185654
0.39304	0.19	0.0181631
0.428771	0.19	0.0176682
0.464502	0.19	0.0170777
0.500233	0.19	0.0163947
0.535964	0.19	0.0156283
0.571695	0.19	0.0147923
0.607426	0.19	0.0139033
0.643157	0.19	0.0129788
0.678888	0.19	0.0120356
0.714619	0.19	0.0110887
0.75035	0.19	0.0101506
0.786081	0.19	0.00923146
0.821812	0.19	0.00833932
0.857543	0.19	0.00748032
0.893273	0.19	0.00665914
0.929004	0.19	0.00587931
0.964735	0.19	0.00514344
1.00047	0.19	0.00445343
1.0362	0.19	0.00381069
1.07193	0.19	0.00321617
1.10766	0.19	0.00267056
1.14339	0.19	0.0021743
1.17912	0.19	0.0017277
1.21485	0.19	0.00133099
1.25058	0.19	0.000984324
1.28631	0.19	0.000687858
1.32204	0.19	0.000441681
1.35778	0.19	0.000245687
1.39351	0.19	9.91887e-05
1.42924	0.19	0
0	0.195	0.0197681
0.0363752	0.195	0.0197617
0.0727503	0.195	0.019742
0.109126	0.195	0.0197073
0.145501	0.195	0.0196546
0.181876	0.195	0.0195789
0.218251	0.195	0.0194733
0.254626	0.195	0.0193284
0.291001	0.195	0.0191326
0.327377	0.195	0.0188725
0.363752	0.195	0.0185346
0.400127	0.195	0.0181071
0.436502	0.195	0.0175825
0.472877	0.195	0.0169593
0.509252	0.195	0.0162422
0.545628	0.195	0.0154422
0.582003	0.195	0.0145747
0.618378	0.195	0.0136578
0.654753	0.195	0.0127096
0.691128	0.195	0.0117472
0.727503	0.195	0.0107857
0.763879	0.195	0.00983722
0.800254	0.195	0.00891173
0.836629	0.195	0.00801685
0.873004	0.195	0.00715842
0.909379	0.195	0.00634084
0.945755	0.195	0.00556739
0.98213	0.195	0.00484046
1.0185	0.195	0.0041618
1.05488	0.195	0.00353265
1.09126	0.195	0.00295386
1.12763	0.195	0.00242601
1.16401	0.195	0.00194949
1.20038	0.195	0.00152457
1.23676	0.195	0.00115146
1.27313	0.195	0.000830331
1.30951	0.195	0.000561366
1.34588	0.195	0.000344657
1.38226	0.195	0.000179994
1.41863	0.195	6.6259e-05
1.45501	0.195	0
0	0.2	0.0197805
0.0370194	0.2	0.0197738
0.0740388	0.2	0.0197534
0.111058	0.2	0.0197174
0.148078	0.2	0.0196625
0.185097	0.2	0.0195833
0.222116	0.2	0.0194725
0.259136	0.2	0.0193198
0.296155	0.2	0.0191125
0.333175	0.2	0.0188365
0.370194	0.2	0.0184775
0.407214	0.2	0.018024
0.444233	0.2	0.0174692
0.481252	0.2	0.0168126
0.518272	0.2	0.0160612
0.555291	0.2	0.0152278
0.592311	0.2	0.0143294
0.62933	0.2	0.0133854
0.666349	0.2	0.0124145
0.703369	0.2	0.0114343
0.740388	0.2	0.0104594
0.777408	0.2	0.00950187
0.814427	0.2	0.00857129
0.851446	0.2	0.00767492
0.888466	0.2	0.00681828
0.925485	0.2	0.00600547
0.962505	0.2	0.00523954
0.999524	0.2	0.00452267
1.03654	0.2	0.00385645
1.07356	0.2	0.00324197
1.11058	0.2	0.00267998
1.1476	0.2	0.00217097
1.18462	0.2	0.00171528
1.22164	0.2	0.00131316
1.25866	0.2	0.000964813
1.29568	0.2	0.000670463
1.3327	0.2	0.000430328
1.36972	0.2	0.000244513
1.40674	0.2	0.000112643
1.44376	0.2	3.29316e-05
1.48078	0.2	0
