0	0	0
0.00125	0	0
0.0025	0	0
0.00375	0	0
0.005	0	0
0.00625	0	0
0.0075	0	0
0.00875	0	0
0.01	0	0
0.01125	0	0
0.0125	0	0
0.01375	0	0
0.015	0	0
0.01625	0	0
0.0175	0	0
0.01875	0	0
0.02	0	0
0.02125	0	0
0.0225	0	0
0.02375	0	0
0.025	0	0
0.02625	0	0
0.0275	0	0
0.02875	0	0
0.03	0	0
0.03125	0	0
0.0325	0	0
0.03375	0	0
0.035	0	0
0.03625	0	0
0.0375	0	0
0.03875	0	0
0.04	0	0
0.04125	0	0
0.0425	0	0
0.04375	0	0
0.045	0	0
0.04625	0	0
0.0475	0	0
0.04875	0	0
0.05	0	0
0	0.02	0.00476492
0.00200584	0.02	0.00476305
0.00401167	0.02	0.00475742
0.00601751	0.02	0.004748
0.00802335	0.02	0.00473475
0.0100292	0.02	0.00471759
0.012035	0.02	0.00469644
0.0140409	0.02	0.0046712
0.0160467	0.02	0.00464173
0.0180525	0.02	0.00460791
0.0200584	0.02	0.00456957
0.0220642	0.02	0.00452652
0.02407	0.02	0.00447857
0.0260759	0.02	0.00442551
0.0280817	0.02	0.00436711
0.0300875	0.02	0.00430311
0.0320934	0.02	0.00423327
0.0340992	0.02	0.00415729
0.0361051	0.02	0.00407491
0.0381109	0.02	0.00398581
0.0401167	0.02	0.00388971
0.0421226	0.02	0.00378626
0.0441284	0.02	0.00367517
0.0461342	0.02	0.0035561
0.0481401	0.02	0.00342873
0.0501459	0.02	0.00329271
0.0521518	0.02	0.00314773
0.0541576	0.02	0.00299345
0.0561634	0.02	0.00282954
0.0581693	0.02	0.00265567
0.0601751	0.02	0.00247154
0.0621809	0.02	0.00227681
0.0641868	0.02	0.0020712
0.0661926	0.02	0.00185439
0.0681984	0.02	0.00162609
0.0702043	0.02	0.00138603
0.0722101	0.02	0.00113392
0.074216	0.02	0.000869516
0.0762218	0.02	0.000592553
0.0782276	0.02	0.000302791
0.0802335	0.02	0
0	0.04	0.00950341
0.00276167	0.04	0.00949854
0.00552335	0.04	0.00948389
0.00828502	0.04	0.0094594
0.0110467	0.04	0.009425
0.0138084	0.04	0.00938058
0.01657	0.04	0.00932599
0.0193317	0.04	0.00926106
0.0220934	0.04	0.00918559
0.0248551	0.04	0.00909937
0.0276167	0.04	0.00900216
0.0303784	0.04	0.00889369
0.0331401	0.04	0.0087737
0.0359018	0.04	0.0086419
0.0386634	0.04	0.00849802
0.0414251	0.04	0.00834176
0.0441868	0.04	0.00817283
0.0469484	0.04	0.00799096
0.0497101	0.04	0.00779589
0.0524718	0.04	0.00758737
0.0552335	0.04	0.00736516
0.0579951	0.04	0.00712908
0.0607568	0.04	0.00687893
0.0635185	0.04	0.00661457
0.0662802	0.04	0.00633591
0.0690418	0.04	0.00604285
0.0718035	0.04	0.00573538
0.0745652	0.04	0.00541349
0.0773269	0.04	0.00507725
0.0800885	0.04	0.00472673
0.0828502	0.04	0.00436209
0.0856119	0.04	0.0039835
0.0883735	0.04	0.00359118
0.0911352	0.04	0.00318542
0.0938969	0.04	0.00276652
0.0966586	0.04	0.00233484
0.0994202	0.04	0.00189078
0.102182	0.04	0.00143477
0.104944	0.04	0.000967285
0.107705	0.04	0.000488848
0.110467	0.04	0
0	0.06	0.0143548
0.00351751	0.06	0.0143464
0.00703502	0.06	0.0143212
0.0105525	0.06	0.0142791
0.01407	0.06	0.01422
0.0175875	0.06	0.0141439
0.0211051	0.06	0.0140506
0.0246226	0.06	0.0139399
0.0281401	0.06	0.0138116
0.0316576	0.06	0.0136655
0.0351751	0.06	0.0135015
0.0386926	0.06	0.0133193
0.0422101	0.06	0.0131186
0.0457276	0.06	0.0128994
0.0492451	0.06	0.0126613
0.0527626	0.06	0.0124043
0.0562802	0.06	0.0121281
0.0597977	0.06	0.0118327
0.0633152	0.06	0.0115179
0.0668327	0.06	0.0111838
0.0703502	0.06	0.0108303
0.0738677	0.06	0.0104574
0.0773852	0.06	0.0100652
0.0809027	0.06	0.00965392
0.0844202	0.06	0.0092236
0.0879377	0.06	0.00877448
0.0914553	0.06	0.00830679
0.0949728	0.06	0.00782083
0.0984903	0.06	0.00731687
0.102008	0.06	0.00679527
0.105525	0.06	0.00625638
0.109043	0.06	0.00570056
0.11256	0.06	0.0051282
0.116078	0.06	0.00453971
0.119595	0.06	0.00393546
0.123113	0.06	0.00331585
0.12663	0.06	0.00268126
0.130148	0.06	0.00203205
0.133665	0.06	0.00136857
0.137183	0.06	0.000691123
0.1407	0.06	0
0	0.08	0.01935
0.00427335	0.08	0.0193379
0.00854669	0.08	0.0193014
0.01282	0.08	0.0192405
0.0170934	0.08	0.0191552
0.0213667	0.08	0.0190454
0.0256401	0.08	0.0189109
0.0299134	0.08	0.0187517
0.0341868	0.08	0.0185676
0.0384601	0.08	0.0183586
0.0427335	0.08	0.0181244
0.0470068	0.08	0.017865
0.0512802	0.08	0.0175803
0.0555535	0.08	0.0172702
0.0598269	0.08	0.0169347
0.0641002	0.08	0.0165738
0.0683735	0.08	0.0161875
0.0726469	0.08	0.015776
0.0769202	0.08	0.0153392
0.0811936	0.08	0.0148774
0.0854669	0.08	0.0143908
0.0897403	0.08	0.0138797
0.0940136	0.08	0.0133442
0.098287	0.08	0.0127848
0.10256	0.08	0.0122017
0.106834	0.08	0.0115955
0.111107	0.08	0.0109663
0.11538	0.08	0.0103148
0.119654	0.08	0.00964129
0.123927	0.08	0.00894622
0.1282	0.08	0.00823005
0.132474	0.08	0.00749321
0.136747	0.08	0.00673615
0.14102	0.08	0.00595929
0.145294	0.08	0.00516305
0.149567	0.08	0.00434782
0.15384	0.08	0.003514
0.158114	0.08	0.00266196
0.162387	0.08	0.00179205
0.166661	0.08	0.00090462
0.170934	0.08	0
0	0.1	0.0244786
0.00502918	0.1	0.0244626
0.0100584	0.1	0.0244145
0.0150875	0.1	0.0243342
0.0201167	0.1	0.0242218
0.0251459	0.1	0.0240771
0.0301751	0.1	0.0239002
0.0352043	0.1	0.0236911
0.0402335	0.1	0.0234496
0.0452626	0.1	0.0231758
0.0502918	0.1	0.0228697
0.055321	0.1	0.0225312
0.0603502	0.1	0.0221606
0.0653794	0.1	0.0217578
0.0704086	0.1	0.0213229
0.0754377	0.1	0.0208563
0.0804669	0.1	0.020358
0.0854961	0.1	0.0198284
0.0905253	0.1	0.0192677
0.0955545	0.1	0.0186763
0.100584	0.1	0.0180546
0.105613	0.1	0.0174029
0.110642	0.1	0.0167219
0.115671	0.1	0.0160118
0.1207	0.1	0.0152732
0.12573	0.1	0.0145067
0.130759	0.1	0.0137127
0.135788	0.1	0.0128918
0.140817	0.1	0.0120444
0.145846	0.1	0.0111712
0.150875	0.1	0.0102726
0.155905	0.1	0.00934922
0.160934	0.1	0.00840147
0.165963	0.1	0.00742988
0.170992	0.1	0.00643492
0.176021	0.1	0.00541707
0.181051	0.1	0.00437679
0.18608	0.1	0.00331451
0.191109	0.1	0.00223067
0.196138	0.1	0.0011257
0.201167	0.1	0
0	0.12	0.0297155
0.00578502	0.12	0.0296956
0.01157	0.12	0.0296355
0.0173551	0.12	0.0295354
0.0231401	0.12	0.0293953
0.0289251	0.12	0.0292151
0.0347101	0.12	0.028995
0.0404951	0.12	0.0287349
0.0462802	0.12	0.0284349
0.0520652	0.12	0.0280952
0.0578502	0.12	0.0277159
0.0636352	0.12	0.0272971
0.0694202	0.12	0.026839
0.0752053	0.12	0.026342
0.0809903	0.12	0.0258062
0.0867753	0.12	0.0252321
0.0925603	0.12	0.0246201
0.0983453	0.12	0.0239706
0.10413	0.12	0.0232839
0.109915	0.12	0.0225608
0.1157	0.12	0.0218017
0.121485	0.12	0.0210071
0.12727	0.12	0.0201777
0.133055	0.12	0.0193142
0.13884	0.12	0.018417
0.144625	0.12	0.0174868
0.150411	0.12	0.0165244
0.156196	0.12	0.0155303
0.161981	0.12	0.0145051
0.167766	0.12	0.0134495
0.173551	0.12	0.0123641
0.179336	0.12	0.0112495
0.185121	0.12	0.0101063
0.190906	0.12	0.00893517
0.196691	0.12	0.00773658
0.202476	0.12	0.00651114
0.208261	0.12	0.00525939
0.214046	0.12	0.00398188
0.219831	0.12	0.00267913
0.225616	0.12	0.00135167
0.231401	0.12	0
0	0.14	0.0350317
0.00654086	0.14	0.0350077
0.0130817	0.14	0.0349356
0.0196226	0.14	0.0348153
0.0261634	0.14	0.0346471
0.0327043	0.14	0.0344308
0.0392451	0.14	0.0341668
0.045786	0.14	0.033855
0.0523269	0.14	0.0334958
0.0588677	0.14	0.0330892
0.0654086	0.14	0.0326356
0.0719494	0.14	0.0321353
0.0784903	0.14	0.0315887
0.0850311	0.14	0.0309961
0.091572	0.14	0.0303581
0.0981128	0.14	0.0296751
0.104654	0.14	0.0289477
0.111195	0.14	0.0281765
0.117735	0.14	0.0273621
0.124276	0.14	0.0265053
0.130817	0.14	0.0256066
0.137358	0.14	0.0246669
0.143899	0.14	0.0236869
0.15044	0.14	0.0226673
0.156981	0.14	0.0216088
0.163521	0.14	0.0205124
0.170062	0.14	0.0193786
0.176603	0.14	0.0182083
0.183144	0.14	0.0170022
0.189685	0.14	0.0157611
0.196226	0.14	0.0144857
0.202767	0.14	0.0131767
0.209307	0.14	0.0118349
0.215848	0.14	0.010461
0.222389	0.14	0.00905563
0.22893	0.14	0.00761948
0.235471	0.14	0.00615323
0.242012	0.14	0.00465752
0.248553	0.14	0.003133
0.255093	0.14	0.00158029
0.261634	0.14	0
0	0.16	0.0403983
0.00729669	0.16	0.0403702
0.0145934	0.16	0.0402858
0.0218901	0.16	0.0401452
0.0291868	0.16	0.0399485
0.0364835	0.16	0.0396958
0.0437802	0.16	0.0393873
0.0510769	0.16	0.0390233
0.0583735	0.16	0.038604
0.0656702	0.16	0.0381299
0.0729669	0.16	0.0376012
0.0802636	0.16	0.0370185
0.0875603	0.16	0.0363822
0.094857	0.16	0.0356931
0.102154	0.16	0.0349516
0.10945	0.16	0.0341584
0.116747	0.16	0.0333143
0.124044	0.16	0.03242
0.13134	0.16	0.0314764
0.138637	0.16	0.0304843
0.145934	0.16	0.0294444
0.153231	0.16	0.0283578
0.160527	0.16	0.0272253
0.167824	0.16	0.0260477
0.175121	0.16	0.0248261
0.182417	0.16	0.0235613
0.189714	0.16	0.0222542
0.197011	0.16	0.0209057
0.204307	0.16	0.0195167
0.211604	0.16	0.0180881
0.218901	0.16	0.0166208
0.226197	0.16	0.0151156
0.233494	0.16	0.0135734
0.240791	0.16	0.011995
0.248088	0.16	0.0103812
0.255384	0.16	0.00873292
0.262681	0.16	0.00705082
0.269978	0.16	0.00533572
0.277274	0.16	0.00358839
0.284571	0.16	0.00180958
0.291868	0.16	0
0	0.18	0.0457882
0.00805253	0.18	0.045756
0.0161051	0.18	0.0456593
0.0241576	0.18	0.0454981
0.0322101	0.18	0.0452727
0.0402626	0.18	0.0449832
0.0483152	0.18	0.0446299
0.0563677	0.18	0.0442131
0.0644202	0.18	0.0437333
0.0724728	0.18	0.0431909
0.0805253	0.18	0.0425865
0.0885778	0.18	0.0419206
0.0966304	0.18	0.041194
0.104683	0.18	0.0404073
0.112735	0.18	0.0395614
0.120788	0.18	0.0386571
0.12884	0.18	0.0376952
0.136893	0.18	0.0366768
0.144946	0.18	0.0356028
0.152998	0.18	0.0344742
0.161051	0.18	0.033292
0.169103	0.18	0.0320572
0.177156	0.18	0.030771
0.185208	0.18	0.0294343
0.193261	0.18	0.0280483
0.201313	0.18	0.0266139
0.209366	0.18	0.0251323
0.217418	0.18	0.0236046
0.225471	0.18	0.0220317
0.233523	0.18	0.0204148
0.241576	0.18	0.0187547
0.249628	0.18	0.0170526
0.257681	0.18	0.0153094
0.265733	0.18	0.0135262
0.273786	0.18	0.0117038
0.281839	0.18	0.00984328
0.289891	0.18	0.00794549
0.297944	0.18	0.00601138
0.305996	0.18	0.00404184
0.314049	0.18	0.00203776
0.322101	0.18	0
0	0.2	0.0511766
0.00880837	0.2	0.0511403
0.0176167	0.2	0.0510311
0.0264251	0.2	0.0508493
0.0352335	0.2	0.0505949
0.0440418	0.2	0.0502683
0.0528502	0.2	0.0498699
0.0616586	0.2	0.0494
0.0704669	0.2	0.0488592
0.0792753	0.2	0.0482481
0.0880837	0.2	0.0475674
0.096892	0.2	0.0468178
0.1057	0.2	0.0460001
0.114509	0.2	0.0451153
0.123317	0.2	0.0441643
0.132125	0.2	0.0431482
0.140934	0.2	0.0420679
0.149742	0.2	0.0409246
0.158551	0.2	0.0397195
0.167359	0.2	0.0384536
0.176167	0.2	0.0371283
0.184976	0.2	0.0357447
0.193784	0.2	0.0343041
0.202592	0.2	0.0328077
0.211401	0.2	0.0312567
0.220209	0.2	0.0296524
0.229018	0.2	0.0279961
0.237826	0.2	0.0262888
0.246634	0.2	0.024532
0.255443	0.2	0.0227266
0.264251	0.2	0.0208741
0.273059	0.2	0.0189755
0.281868	0.2	0.0170319
0.290676	0.2	0.0150446
0.299484	0.2	0.0130146
0.308293	0.2	0.0109431
0.317101	0.2	0.00883118
0.32591	0.2	0.00667984
0.334718	0.2	0.00449018
0.343526	0.2	0.00226323
0.352335	0.2	0
0	0.22	0.056541
0.0095642	0.22	0.0565005
0.0191284	0.22	0.0563788
0.0286926	0.22	0.0561761
0.0382568	0.22	0.0558926
0.047821	0.22	0.0555288
0.0573852	0.22	0.0550849
0.0669494	0.22	0.0545616
0.0765136	0.22	0.0539595
0.0860778	0.22	0.0532794
0.095642	0.22	0.052522
0.105206	0.22	0.0516883
0.11477	0.22	0.0507792
0.124335	0.22	0.0497959
0.133899	0.22	0.0487394
0.143463	0.22	0.0476109
0.153027	0.22	0.0464117
0.162591	0.22	0.0451432
0.172156	0.22	0.0438065
0.18172	0.22	0.0424031
0.191284	0.22	0.0409344
0.200848	0.22	0.0394018
0.210412	0.22	0.0378067
0.219977	0.22	0.0361505
0.229541	0.22	0.0344347
0.239105	0.22	0.0326607
0.248669	0.22	0.0308298
0.258233	0.22	0.0289436
0.267798	0.22	0.0270035
0.277362	0.22	0.0250107
0.286926	0.22	0.0229668
0.29649	0.22	0.0208729
0.306055	0.22	0.0187306
0.315619	0.22	0.0165411
0.325183	0.22	0.0143056
0.334747	0.22	0.0120256
0.344311	0.22	0.00970226
0.353876	0.22	0.0073368
0.36344	0.22	0.00493047
0.373004	0.22	0.00248447
0.382568	0.22	0
0	0.24	0.0618607
0.01032	0.24	0.061816
0.0206401	0.24	0.0616818
0.0309601	0.24	0.0614582
0.0412802	0.24	0.0611455
0.0516002	0.24	0.0607442
0.0619202	0.24	0.0602547
0.0722403	0.24	0.0596779
0.0825603	0.24	0.0590142
0.0928804	0.24	0.0582648
0.1032	0.24	0.0574305
0.11352	0.24	0.0565124
0.12384	0.24	0.0555116
0.134161	0.24	0.0544294
0.144481	0.24	0.0532672
0.154801	0.24	0.0520262
0.165121	0.24	0.050708
0.175441	0.24	0.049314
0.185761	0.24	0.0478458
0.196081	0.24	0.0463049
0.206401	0.24	0.0446929
0.216721	0.24	0.0430115
0.227041	0.24	0.0412622
0.237361	0.24	0.0394467
0.247681	0.24	0.0375667
0.258001	0.24	0.0356237
0.268321	0.24	0.0336194
0.278641	0.24	0.0315555
0.288961	0.24	0.0294334
0.299281	0.24	0.0272549
0.309601	0.24	0.0250214
0.319921	0.24	0.0227346
0.330241	0.24	0.020396
0.340561	0.24	0.0180071
0.350881	0.24	0.0155694
0.361201	0.24	0.0130843
0.371521	0.24	0.0105535
0.381841	0.24	0.0079782
0.392162	0.24	0.00535993
0.402482	0.24	0.00270007
0.412802	0.24	0
0	0.26	0.0671172
0.0110759	0.26	0.0670683
0.0221518	0.26	0.0669215
0.0332276	0.26	0.0666769
0.0443035	0.26	0.0663349
0.0553794	0.26	0.065896
0.0664553	0.26	0.0653609
0.0775311	0.26	0.0647302
0.088607	0.26	0.0640049
0.0996829	0.26	0.063186
0.110759	0.26	0.0622746
0.121835	0.26	0.061272
0.132911	0.26	0.0601794
0.143986	0.26	0.0589983
0.155062	0.26	0.0577302
0.166138	0.26	0.0563768
0.177214	0.26	0.0549395
0.18829	0.26	0.0534202
0.199366	0.26	0.0518207
0.210442	0.26	0.0501426
0.221518	0.26	0.0483877
0.232593	0.26	0.0465581
0.243669	0.26	0.0446554
0.254745	0.26	0.0426815
0.265821	0.26	0.0406383
0.276897	0.26	0.0385277
0.287973	0.26	0.0363515
0.299049	0.26	0.0341116
0.310125	0.26	0.0318097
0.3212	0.26	0.0294477
0.332276	0.26	0.0270274
0.343352	0.26	0.0245506
0.354428	0.26	0.0220191
0.365504	0.26	0.0194345
0.37658	0.26	0.0167986
0.387656	0.26	0.0141132
0.398732	0.26	0.0113798
0.409807	0.26	0.00860015
0.420883	0.26	0.00577591
0.431959	0.26	0.00290866
0.443035	0.26	0
0	0.28	0.0722936
0.0118317	0.28	0.0722405
0.0236634	0.28	0.072081
0.0354951	0.28	0.0718153
0.0473269	0.28	0.071444
0.0591586	0.28	0.0709675
0.0709903	0.28	0.0703865
0.082822	0.28	0.069702
0.0946537	0.28	0.0689149
0.106485	0.28	0.0680264
0.118317	0.28	0.0670379
0.130149	0.28	0.0659506
0.141981	0.28	0.0647662
0.153812	0.28	0.0634862
0.165644	0.28	0.0621124
0.177476	0.28	0.0606465
0.189307	0.28	0.0590905
0.201139	0.28	0.0574462
0.212971	0.28	0.0557157
0.224803	0.28	0.053901
0.236634	0.28	0.0520041
0.248466	0.28	0.050027
0.260298	0.28	0.047972
0.272129	0.28	0.045841
0.283961	0.28	0.0436362
0.295793	0.28	0.0413597
0.307625	0.28	0.0390136
0.319456	0.28	0.0366
0.331288	0.28	0.0341209
0.34312	0.28	0.0315785
0.354951	0.28	0.0289747
0.366783	0.28	0.0263116
0.378615	0.28	0.0235912
0.390447	0.28	0.0208156
0.402278	0.28	0.0179866
0.41411	0.28	0.0151062
0.425942	0.28	0.0121763
0.437773	0.28	0.0091989
0.449605	0.28	0.0061758
0.461437	0.28	0.00310889
0.473269	0.28	0
0	0.3	0.0773743
0.0125875	0.3	0.077317
0.0251751	0.3	0.0771449
0.0377626	0.3	0.0768582
0.0503502	0.3	0.0764574
0.0629377	0.3	0.0759431
0.0755253	0.3	0.0753163
0.0881128	0.3	0.0745778
0.1007	0.3	0.0737288
0.113288	0.3	0.0727708
0.125875	0.3	0.071705
0.138463	0.3	0.0705331
0.151051	0.3	0.0692568
0.163638	0.3	0.067878
0.176226	0.3	0.0663986
0.188813	0.3	0.0648207
0.201401	0.3	0.0631462
0.213988	0.3	0.0613775
0.226576	0.3	0.0595167
0.239163	0.3	0.0575661
0.251751	0.3	0.055528
0.264339	0.3	0.0534047
0.276926	0.3	0.0511986
0.289514	0.3	0.0489122
0.302101	0.3	0.0465476
0.314689	0.3	0.0441074
0.327276	0.3	0.0415938
0.339864	0.3	0.0390093
0.352451	0.3	0.0363562
0.365039	0.3	0.0336368
0.377626	0.3	0.0308535
0.390214	0.3	0.0280085
0.402802	0.3	0.0251042
0.415389	0.3	0.0221428
0.427977	0.3	0.0191265
0.440564	0.3	0.0160576
0.453152	0.3	0.0129383
0.465739	0.3	0.00977074
0.478327	0.3	0.00655708
0.490914	0.3	0.00329946
0.503502	0.3	0
0	0.32	0.0823455
0.0133434	0.32	0.0822839
0.0266868	0.32	0.082099
0.0400302	0.32	0.0817912
0.0533735	0.32	0.0813609
0.0667169	0.32	0.0808089
0.0800603	0.32	0.080136
0.0934037	0.32	0.0793435
0.106747	0.32	0.0784327
0.12009	0.32	0.0774049
0.133434	0.32	0.0762619
0.146777	0.32	0.0750054
0.160121	0.32	0.0736374
0.173464	0.32	0.0721599
0.186807	0.32	0.0705752
0.200151	0.32	0.0688854
0.213494	0.32	0.067093
0.226838	0.32	0.0652003
0.240181	0.32	0.06321
0.253524	0.32	0.0611244
0.266868	0.32	0.0589462
0.280211	0.32	0.0566781
0.293555	0.32	0.0543226
0.306898	0.32	0.0518825
0.320241	0.32	0.0493603
0.333585	0.32	0.0467589
0.346928	0.32	0.0440807
0.360271	0.32	0.0413285
0.373615	0.32	0.038505
0.386958	0.32	0.0356127
0.400302	0.32	0.0326544
0.413645	0.32	0.0296325
0.426988	0.32	0.0265498
0.440332	0.32	0.0234088
0.453675	0.32	0.0202119
0.467019	0.32	0.0169619
0.480362	0.32	0.0136611
0.493705	0.32	0.010312
0.507049	0.32	0.0069172
0.520392	0.32	0.00347905
0.533735	0.32	0
0	0.34	0.087194
0.0140992	0.34	0.0871282
0.0281984	0.34	0.0869306
0.0422977	0.34	0.0866016
0.0563969	0.34	0.0861417
0.0704961	0.34	0.0855518
0.0845953	0.34	0.0848329
0.0986946	0.34	0.0839863
0.112794	0.34	0.0830134
0.126893	0.34	0.0819159
0.140992	0.34	0.0806956
0.155091	0.34	0.0793545
0.169191	0.34	0.0778948
0.18329	0.34	0.0763189
0.197389	0.34	0.074629
0.211488	0.34	0.0728278
0.225588	0.34	0.0709179
0.239687	0.34	0.068902
0.253786	0.34	0.0667829
0.267885	0.34	0.0645634
0.281984	0.34	0.0622464
0.296084	0.34	0.0598349
0.310183	0.34	0.0573318
0.324282	0.34	0.0547401
0.338381	0.34	0.0520627
0.352481	0.34	0.0493028
0.36658	0.34	0.0464631
0.380679	0.34	0.0435469
0.394778	0.34	0.040557
0.408877	0.34	0.0374964
0.422977	0.34	0.0343681
0.437076	0.34	0.031175
0.451175	0.34	0.02792
0.465274	0.34	0.0246062
0.479374	0.34	0.0212363
0.493473	0.34	0.0178132
0.507572	0.34	0.0143399
0.521671	0.34	0.0108191
0.53577	0.34	0.00725363
0.54987	0.34	0.00364635
0.563969	0.34	0
0	0.36	0.0919082
0.0148551	0.36	0.0918382
0.0297101	0.36	0.0916278
0.0445652	0.36	0.0912775
0.0594202	0.36	0.0907879
0.0742753	0.36	0.09016
0.0891304	0.36	0.0893949
0.103985	0.36	0.088494
0.11884	0.36	0.087459
0.133696	0.36	0.0862916
0.148551	0.36	0.084994
0.163406	0.36	0.0835684
0.178261	0.36	0.0820171
0.193116	0.36	0.0803427
0.207971	0.36	0.078548
0.222826	0.36	0.0766357
0.237681	0.36	0.0746088
0.252536	0.36	0.0724703
0.267391	0.36	0.0702233
0.282246	0.36	0.0678709
0.297101	0.36	0.0654165
0.311956	0.36	0.0628632
0.326811	0.36	0.0602144
0.341666	0.36	0.0574733
0.356521	0.36	0.0546434
0.371376	0.36	0.051728
0.386232	0.36	0.0487303
0.401087	0.36	0.0456539
0.415942	0.36	0.0425021
0.430797	0.36	0.0392781
0.445652	0.36	0.0359854
0.460507	0.36	0.0326272
0.475362	0.36	0.0292069
0.490217	0.36	0.0257277
0.505072	0.36	0.022193
0.519927	0.36	0.0186061
0.534782	0.36	0.01497
0.549637	0.36	0.0112882
0.564492	0.36	0.00756381
0.579347	0.36	0.00380001
0.594202	0.36	0
0	0.38	0.0964772
0.0156109	0.38	0.0964029
0.0312218	0.38	0.0961796
0.0468327	0.38	0.095808
0.0624436	0.38	0.0952886
0.0780545	0.38	0.0946226
0.0936654	0.38	0.0938111
0.109276	0.38	0.0928558
0.124887	0.38	0.0917584
0.140498	0.38	0.090521
0.156109	0.38	0.0891459
0.17172	0.38	0.0876356
0.187331	0.38	0.0859926
0.202942	0.38	0.08422
0.218553	0.38	0.0823205
0.234163	0.38	0.0802975
0.249774	0.38	0.078154
0.265385	0.38	0.0758936
0.280996	0.38	0.0735195
0.296607	0.38	0.0710354
0.312218	0.38	0.0684449
0.327829	0.38	0.0657515
0.34344	0.38	0.0629589
0.359051	0.38	0.060071
0.374662	0.38	0.0570912
0.390272	0.38	0.0540235
0.405883	0.38	0.0508716
0.421494	0.38	0.0476393
0.437105	0.38	0.0443303
0.452716	0.38	0.0409483
0.468327	0.38	0.0374972
0.483938	0.38	0.0339806
0.499549	0.38	0.0304023
0.51516	0.38	0.0267661
0.53077	0.38	0.0230757
0.546381	0.38	0.0193346
0.561992	0.38	0.0155468
0.577603	0.38	0.0117157
0.593214	0.38	0.00784513
0.608825	0.38	0.00393868
0.624436	0.38	0
0	0.4	0.100891
0.0163667	0.4	0.100812
0.0327335	0.4	0.100576
0.0491002	0.4	0.100183
0.0654669	0.4	0.0996337
0.0818337	0.4	0.0989292
0.0982004	0.4	0.0980712
0.114567	0.4	0.0970611
0.130934	0.4	0.0959012
0.147301	0.4	0.0945935
0.163667	0.4	0.0931407
0.180034	0.4	0.0915455
0.196401	0.4	0.0898108
0.212768	0.4	0.0879398
0.229134	0.4	0.0859357
0.245501	0.4	0.0838021
0.261868	0.4	0.0815425
0.278234	0.4	0.0791607
0.294601	0.4	0.0766605
0.310968	0.4	0.0740457
0.327335	0.4	0.0713204
0.343701	0.4	0.0684886
0.360068	0.4	0.0655544
0.376435	0.4	0.0625219
0.392802	0.4	0.0593953
0.409168	0.4	0.0561788
0.425535	0.4	0.0528765
0.441902	0.4	0.0494927
0.458269	0.4	0.0460316
0.474635	0.4	0.0424973
0.491002	0.4	0.0388943
0.507369	0.4	0.0352265
0.523735	0.4	0.0314984
0.540102	0.4	0.0277139
0.556469	0.4	0.0238775
0.572836	0.4	0.0199932
0.589202	0.4	0.0160652
0.605569	0.4	0.0120977
0.621936	0.4	0.00809494
0.638303	0.4	0.00406098
0.654669	0.4	0
0	0.42	0.10514
0.0171226	0.42	0.105057
0.0342451	0.42	0.104808
0.0513677	0.42	0.104393
0.0684903	0.42	0.103814
0.0856128	0.42	0.103071
0.102735	0.42	0.102166
0.119858	0.42	0.101101
0.136981	0.42	0.0998777
0.154103	0.42	0.0984994
0.171226	0.42	0.0969686
0.188348	0.42	0.0952881
0.205471	0.42	0.0934614
0.222593	0.42	0.0914919
0.239716	0.42	0.0893832
0.256839	0.42	0.0871391
0.273961	0.42	0.0847637
0.291084	0.42	0.082261
0.308206	0.42	0.0796352
0.325329	0.42	0.0768908
0.342451	0.42	0.0740321
0.359574	0.42	0.0710635
0.376697	0.42	0.0679897
0.393819	0.42	0.0648153
0.410942	0.42	0.0615448
0.428064	0.42	0.0581829
0.445187	0.42	0.0547343
0.462309	0.42	0.0512038
0.479432	0.42	0.047596
0.496555	0.42	0.0439156
0.513677	0.42	0.0401675
0.5308	0.42	0.0363563
0.547922	0.42	0.0324868
0.565045	0.42	0.0285637
0.582167	0.42	0.0245918
0.59929	0.42	0.0205758
0.616413	0.42	0.0165204
0.633535	0.42	0.0124304
0.650658	0.42	0.00831051
0.66778	0.42	0.00416546
0.684903	0.42	0
0	0.44	0.109217
0.0178784	0.44	0.10913
0.0357568	0.44	0.108867
0.0536352	0.44	0.10843
0.0715136	0.44	0.10782
0.089392	0.44	0.107038
0.10727	0.44	0.106086
0.125149	0.44	0.104965
0.143027	0.44	0.103679
0.160906	0.44	0.102229
0.178784	0.44	0.10062
0.196662	0.44	0.098854
0.214541	0.44	0.0969348
0.232419	0.44	0.0948665
0.250298	0.44	0.0926529
0.268176	0.44	0.0902983
0.286055	0.44	0.0878071
0.303933	0.44	0.0851839
0.321811	0.44	0.0824333
0.33969	0.44	0.07956
0.357568	0.44	0.0765691
0.375447	0.44	0.0734655
0.393325	0.44	0.0702541
0.411203	0.44	0.0669402
0.429082	0.44	0.0635289
0.44696	0.44	0.0600253
0.464839	0.44	0.0564346
0.482717	0.44	0.0527623
0.500595	0.44	0.0490134
0.518474	0.44	0.0451934
0.536352	0.44	0.0413075
0.554231	0.44	0.037361
0.572109	0.44	0.0333593
0.589987	0.44	0.0293077
0.607866	0.44	0.0252116
0.625744	0.44	0.0210764
0.643623	0.44	0.0169072
0.661501	0.44	0.0127097
0.679379	0.44	0.00848903
0.697258	0.44	0.00425067
0.715136	0.44	0
0	0.46	0.113113
0.0186342	0.46	0.113021
0.0372685	0.46	0.112745
0.0559027	0.46	0.112286
0.074537	0.46	0.111645
0.0931712	0.46	0.110824
0.111805	0.46	0.109824
0.13044	0.46	0.108647
0.149074	0.46	0.107296
0.167708	0.46	0.105775
0.186342	0.46	0.104086
0.204977	0.46	0.102234
0.223611	0.46	0.100222
0.242245	0.46	0.098054
0.260879	0.46	0.0957352
0.279514	0.46	0.0932698
0.298148	0.46	0.0906629
0.316782	0.46	0.0879192
0.335416	0.46	0.0850442
0.354051	0.46	0.0820429
0.372685	0.46	0.078921
0.391319	0.46	0.0756837
0.409953	0.46	0.0723368
0.428588	0.46	0.0688859
0.447222	0.46	0.0653368
0.465856	0.46	0.0616951
0.48449	0.46	0.0579668
0.503125	0.46	0.0541577
0.521759	0.46	0.0502737
0.540393	0.46	0.0463207
0.559027	0.46	0.0423047
0.577662	0.46	0.0382316
0.596296	0.46	0.0341075
0.61493	0.46	0.0299383
0.633564	0.46	0.02573
0.652199	0.46	0.0214888
0.670833	0.46	0.0172206
0.689467	0.46	0.0129315
0.708101	0.46	0.00862762
0.726735	0.46	0.00431508
0.74537	0.46	0
0	0.48	0.116821
0.0193901	0.48	0.116725
0.0387802	0.48	0.116435
0.0581702	0.48	0.115954
0.0775603	0.48	0.115282
0.0969504	0.48	0.11442
0.11634	0.48	0.113371
0.135731	0.48	0.112137
0.155121	0.48	0.110722
0.174511	0.48	0.109128
0.193901	0.48	0.107359
0.213291	0.48	0.105419
0.232681	0.48	0.103313
0.252071	0.48	0.101046
0.271461	0.48	0.0986208
0.290851	0.48	0.0960442
0.310241	0.48	0.0933211
0.329631	0.48	0.0904571
0.349021	0.48	0.0874578
0.368412	0.48	0.0843291
0.387802	0.48	0.081077
0.407192	0.48	0.0777076
0.426582	0.48	0.074227
0.445972	0.48	0.0706416
0.465362	0.48	0.0669577
0.484752	0.48	0.0631817
0.504142	0.48	0.0593202
0.523532	0.48	0.0553796
0.542922	0.48	0.0513665
0.562312	0.48	0.0472876
0.581702	0.48	0.0431496
0.601092	0.48	0.038959
0.620483	0.48	0.0347226
0.639873	0.48	0.0304473
0.659263	0.48	0.0261396
0.678653	0.48	0.0218066
0.698043	0.48	0.0174549
0.717433	0.48	0.0130915
0.736823	0.48	0.00872328
0.756213	0.48	0.00435712
0.775603	0.48	0
0	0.5	0.120335
0.0201459	0.5	0.120234
0.0402918	0.5	0.119931
0.0604377	0.5	0.119426
0.0805837	0.5	0.118722
0.10073	0.5	0.11782
0.120875	0.5	0.116721
0.141021	0.5	0.11543
0.161167	0.5	0.113948
0.181313	0.5	0.11228
0.201459	0.5	0.11043
0.221605	0.5	0.108402
0.241751	0.5	0.106201
0.261897	0.5	0.103832
0.282043	0.5	0.101301
0.302189	0.5	0.0986121
0.322335	0.5	0.0957724
0.342481	0.5	0.0927876
0.362626	0.5	0.0896641
0.382772	0.5	0.0864083
0.402918	0.5	0.0830268
0.423064	0.5	0.0795264
0.44321	0.5	0.075914
0.463356	0.5	0.0721964
0.483502	0.5	0.0683807
0.503648	0.5	0.0644741
0.523794	0.5	0.0604839
0.54394	0.5	0.0564172
0.564086	0.5	0.0522814
0.584232	0.5	0.0480839
0.604377	0.5	0.0438321
0.624523	0.5	0.0395336
0.644669	0.5	0.0351959
0.664815	0.5	0.0308265
0.684961	0.5	0.026433
0.705107	0.5	0.0220232
0.725253	0.5	0.0176048
0.745399	0.5	0.0131854
0.765545	0.5	0.00877291
0.785691	0.5	0.00437515
0.805837	0.5	0
0	0.52	0.123648
0.0209018	0.52	0.123542
0.0418035	0.52	0.123225
0.0627053	0.52	0.122697
0.083607	0.52	0.121961
0.104509	0.52	0.121016
0.125411	0.52	0.119867
0.146312	0.52	0.118517
0.167214	0.52	0.116968
0.188116	0.52	0.115225
0.209018	0.52	0.113292
0.229919	0.52	0.111175
0.250821	0.52	0.108877
0.271723	0.52	0.106406
0.292625	0.52	0.103766
0.313526	0.52	0.100964
0.334428	0.52	0.0980072
0.35533	0.52	0.0949011
0.376232	0.52	0.0916531
0.397133	0.52	0.0882703
0.418035	0.52	0.08476
0.438937	0.52	0.0811296
0.459839	0.52	0.0773868
0.48074	0.52	0.0735392
0.501642	0.52	0.0695948
0.522544	0.52	0.0655613
0.543446	0.52	0.0614468
0.564347	0.52	0.0572595
0.585249	0.52	0.0530075
0.606151	0.52	0.0486989
0.627053	0.52	0.0443423
0.647954	0.52	0.0399458
0.668856	0.52	0.0355181
0.689758	0.52	0.0310674
0.71066	0.52	0.0266025
0.731561	0.52	0.0221319
0.752463	0.52	0.0176644
0.773365	0.52	0.0132086
0.794267	0.52	0.0087733
0.815168	0.52	0.00436746
0.83607	0.52	0
0	0.54	0.126755
0.0216576	0.54	0.126645
0.0433152	0.54	0.126313
0.0649728	0.54	0.125762
0.0866304	0.54	0.124991
0.108288	0.54	0.124004
0.129946	0.54	0.122804
0.151603	0.54	0.121393
0.173261	0.54	0.119775
0.194918	0.54	0.117955
0.216576	0.54	0.115938
0.238233	0.54	0.113729
0.259891	0.54	0.111333
0.281549	0.54	0.108758
0.303206	0.54	0.106008
0.324864	0.54	0.103092
0.346521	0.54	0.100016
0.368179	0.54	0.0967879
0.389837	0.54	0.0934147
0.411494	0.54	0.0899047
0.433152	0.54	0.0862658
0.454809	0.54	0.0825063
0.476467	0.54	0.0786346
0.498125	0.54	0.0746592
0.519782	0.54	0.0705887
0.54144	0.54	0.066432
0.563097	0.54	0.0621979
0.584755	0.54	0.0578955
0.606413	0.54	0.0535339
0.62807	0.54	0.0491222
0.649728	0.54	0.0446697
0.671385	0.54	0.0401857
0.693043	0.54	0.0356798
0.7147	0.54	0.0311614
0.736358	0.54	0.0266401
0.758016	0.54	0.0221257
0.779673	0.54	0.0176278
0.801331	0.54	0.0131563
0.822988	0.54	0.00872109
0.844646	0.54	0.0043323
0.866304	0.54	0
0	0.56	0.129652
0.0224134	0.56	0.129536
0.0448269	0.56	0.12919
0.0672403	0.56	0.128613
0.0896537	0.56	0.127808
0.112067	0.56	0.126778
0.134481	0.56	0.125524
0.156894	0.56	0.124051
0.179307	0.56	0.122363
0.201721	0.56	0.120464
0.224134	0.56	0.11836
0.246548	0.56	0.116058
0.268961	0.56	0.113562
0.291375	0.56	0.11088
0.313788	0.56	0.108019
0.336201	0.56	0.104987
0.358615	0.56	0.10179
0.381028	0.56	0.0984384
0.403442	0.56	0.0949393
0.425855	0.56	0.0913015
0.448269	0.56	0.087534
0.470682	0.56	0.0836458
0.493095	0.56	0.0796463
0.515509	0.56	0.0755449
0.537922	0.56	0.0713511
0.560336	0.56	0.0670747
0.582749	0.56	0.0627256
0.605163	0.56	0.0583138
0.627576	0.56	0.0538493
0.649989	0.56	0.0493425
0.672403	0.56	0.0448036
0.694816	0.56	0.040243
0.71723	0.56	0.0356714
0.739643	0.56	0.0310994
0.762057	0.56	0.0265376
0.78447	0.56	0.0219971
0.806883	0.56	0.0174887
0.829297	0.56	0.0130235
0.85171	0.56	0.0086128
0.874124	0.56	0.00426781
0.896537	0.56	0
0	0.58	0.132332
0.0231693	0.58	0.132212
0.0463385	0.58	0.13185
0.0695078	0.58	0.131248
0.0926771	0.58	0.130408
0.115846	0.58	0.129331
0.139016	0.58	0.128023
0.162185	0.58	0.126486
0.185354	0.58	0.124725
0.208523	0.58	0.122745
0.231693	0.58	0.120553
0.254862	0.58	0.118154
0.278031	0.58	0.115556
0.3012	0.58	0.112765
0.32437	0.58	0.10979
0.347539	0.58	0.106639
0.370708	0.58	0.10332
0.393877	0.58	0.0998432
0.417047	0.58	0.0962167
0.440216	0.58	0.0924502
0.463385	0.58	0.0885537
0.486555	0.58	0.0845372
0.509724	0.58	0.0804108
0.532893	0.58	0.076185
0.556062	0.58	0.0718705
0.579232	0.58	0.0674779
0.602401	0.58	0.0630183
0.62557	0.58	0.0585027
0.648739	0.58	0.0539423
0.671909	0.58	0.0493486
0.695078	0.58	0.044733
0.718247	0.58	0.0401072
0.741416	0.58	0.0354828
0.764586	0.58	0.030872
0.787755	0.58	0.0262865
0.810924	0.58	0.0217387
0.834093	0.58	0.0172408
0.857263	0.58	0.0128053
0.880432	0.58	0.00844477
0.903601	0.58	0.00417203
0.926771	0.58	0
0	0.6	0.134793
0.0239251	0.6	0.134668
0.0478502	0.6	0.13429
0.0717753	0.6	0.133661
0.0957004	0.6	0.132784
0.119625	0.6	0.131661
0.143551	0.6	0.130295
0.167476	0.6	0.128692
0.191401	0.6	0.126856
0.215326	0.6	0.124793
0.239251	0.6	0.122509
0.263176	0.6	0.120011
0.287101	0.6	0.117307
0.311026	0.6	0.114405
0.334951	0.6	0.111313
0.358876	0.6	0.108041
0.382802	0.6	0.104597
0.406727	0.6	0.100993
0.430652	0.6	0.0972369
0.454577	0.6	0.0933406
0.478502	0.6	0.0893143
0.502427	0.6	0.0851692
0.526352	0.6	0.0809166
0.550277	0.6	0.0765679
0.574202	0.6	0.0721349
0.598127	0.6	0.0676295
0.622053	0.6	0.0630639
0.645978	0.6	0.0584502
0.669903	0.6	0.053801
0.693828	0.6	0.0491289
0.717753	0.6	0.0444467
0.741678	0.6	0.0397672
0.765603	0.6	0.0351038
0.789528	0.6	0.0304695
0.813453	0.6	0.0258778
0.837378	0.6	0.0213425
0.861304	0.6	0.0168772
0.885229	0.6	0.0124961
0.909154	0.6	0.00821316
0.933079	0.6	0.00404293
0.957004	0.6	0
0	0.62	0.137031
0.0246809	0.62	0.1369
0.0493619	0.62	0.136505
0.0740428	0.62	0.135849
0.0987237	0.62	0.134933
0.123405	0.62	0.133761
0.148086	0.62	0.132337
0.172767	0.62	0.130665
0.197447	0.62	0.128751
0.222128	0.62	0.126601
0.246809	0.62	0.124222
0.27149	0.62	0.121622
0.296171	0.62	0.118809
0.320852	0.62	0.115791
0.345533	0.62	0.11258
0.370214	0.62	0.109183
0.394895	0.62	0.105612
0.419576	0.62	0.101877
0.444257	0.62	0.0979901
0.468938	0.62	0.093962
0.493619	0.62	0.0898049
0.5183	0.62	0.0855308
0.542981	0.62	0.0811521
0.567662	0.62	0.0766817
0.592342	0.62	0.0721325
0.617023	0.62	0.0675175
0.641704	0.62	0.0628502
0.666385	0.62	0.0581442
0.691066	0.62	0.0534133
0.715747	0.62	0.0486714
0.740428	0.62	0.0439329
0.765109	0.62	0.039212
0.78979	0.62	0.0345234
0.814471	0.62	0.0298819
0.839152	0.62	0.0253024
0.863833	0.62	0.0208003
0.888514	0.62	0.016391
0.913195	0.62	0.0120902
0.937876	0.62	0.00791393
0.962557	0.62	0.00387835
0.987237	0.62	0
0	0.64	0.139042
0.0254368	0.64	0.138904
0.0508735	0.64	0.138493
0.0763103	0.64	0.137808
0.101747	0.64	0.136852
0.127184	0.64	0.135629
0.152621	0.64	0.134143
0.178057	0.64	0.1324
0.203494	0.64	0.130404
0.228931	0.64	0.128164
0.254368	0.64	0.125686
0.279805	0.64	0.12298
0.305241	0.64	0.120054
0.330678	0.64	0.116918
0.356115	0.64	0.113582
0.381552	0.64	0.110057
0.406988	0.64	0.106355
0.432425	0.64	0.102487
0.457862	0.64	0.098466
0.483299	0.64	0.094304
0.508735	0.64	0.0900143
0.534172	0.64	0.0856104
0.559609	0.64	0.0811057
0.585046	0.64	0.0765144
0.610483	0.64	0.0718508
0.635919	0.64	0.0671292
0.661356	0.64	0.0623646
0.686793	0.64	0.057572
0.71223	0.64	0.0527665
0.737666	0.64	0.0479638
0.763103	0.64	0.0431796
0.78854	0.64	0.0384298
0.813977	0.64	0.0337306
0.839414	0.64	0.0290987
0.86485	0.64	0.0245507
0.890287	0.64	0.0201036
0.915724	0.64	0.0157748
0.941161	0.64	0.0115819
0.966597	0.64	0.00754282
0.992034	0.64	0.00367598
1.01747	0.64	0
0	0.66	0.140822
0.0261926	0.66	0.140679
0.0523852	0.66	0.140249
0.0785778	0.66	0.139534
0.10477	0.66	0.138537
0.130963	0.66	0.13726
0.157156	0.66	0.13571
0.183348	0.66	0.133891
0.209541	0.66	0.131811
0.235733	0.66	0.129476
0.261926	0.66	0.126896
0.288119	0.66	0.124079
0.314311	0.66	0.121036
0.340504	0.66	0.117776
0.366697	0.66	0.114312
0.392889	0.66	0.110655
0.419082	0.66	0.106818
0.445274	0.66	0.102813
0.471467	0.66	0.0986543
0.49766	0.66	0.0943558
0.523852	0.66	0.0899316
0.550045	0.66	0.0853964
0.576237	0.66	0.0807653
0.60243	0.66	0.0760537
0.628623	0.66	0.0712772
0.654815	0.66	0.066452
0.681008	0.66	0.0615943
0.7072	0.66	0.0567206
0.733393	0.66	0.0518479
0.759586	0.66	0.0469933
0.785778	0.66	0.0421742
0.811971	0.66	0.0374084
0.838164	0.66	0.0327139
0.864356	0.66	0.028109
0.890549	0.66	0.0236124
0.916741	0.66	0.0192432
0.942934	0.66	0.0150206
0.969127	0.66	0.0109646
0.995319	0.66	0.00709529
1.02151	0.66	0.0034334
1.0477	0.66	0
0	0.68	0.142371
0.0269484	0.68	0.142221
0.0538969	0.68	0.141772
0.0808453	0.68	0.141025
0.107794	0.68	0.139984
0.134742	0.68	0.138651
0.161691	0.68	0.137033
0.188639	0.68	0.135136
0.215588	0.68	0.132967
0.242536	0.68	0.130534
0.269484	0.68	0.127846
0.296433	0.68	0.124913
0.323381	0.68	0.121747
0.35033	0.68	0.118359
0.377278	0.68	0.114762
0.404227	0.68	0.110968
0.431175	0.68	0.10699
0.458124	0.68	0.102845
0.485072	0.68	0.0985448
0.51202	0.68	0.0941064
0.538969	0.68	0.0895451
0.565917	0.68	0.084877
0.592866	0.68	0.0801186
0.619814	0.68	0.0752868
0.646763	0.68	0.070399
0.673711	0.68	0.0654727
0.70066	0.68	0.0605259
0.727608	0.68	0.0555768
0.754557	0.68	0.0506441
0.781505	0.68	0.0457467
0.808453	0.68	0.040904
0.835402	0.68	0.0361354
0.86235	0.68	0.0314612
0.889299	0.68	0.0269015
0.916247	0.68	0.0224772
0.943196	0.68	0.0182096
0.970144	0.68	0.0141204
0.997093	0.68	0.0102317
1.02404	0.68	0.0065665
1.05099	0.68	0.003148
1.07794	0.68	0
0	0.7	0.143685
0.0277043	0.7	0.143528
0.0554086	0.7	0.143059
0.0831128	0.7	0.142279
0.110817	0.7	0.141191
0.138521	0.7	0.139799
0.166226	0.7	0.13811
0.19393	0.7	0.13613
0.221634	0.7	0.133867
0.249339	0.7	0.13133
0.277043	0.7	0.12853
0.304747	0.7	0.125476
0.332451	0.7	0.122182
0.360156	0.7	0.11866
0.38786	0.7	0.114923
0.415564	0.7	0.110986
0.443269	0.7	0.106864
0.470973	0.7	0.102572
0.498677	0.7	0.0981269
0.526381	0.7	0.0935449
0.554086	0.7	0.0888434
0.58179	0.7	0.0840401
0.609494	0.7	0.0791532
0.637199	0.7	0.0742011
0.664903	0.7	0.0692028
0.692607	0.7	0.0641778
0.720311	0.7	0.0591458
0.748016	0.7	0.0541268
0.77572	0.7	0.0491414
0.803424	0.7	0.0442105
0.831128	0.7	0.0393554
0.858833	0.7	0.0345978
0.886537	0.7	0.0299598
0.914241	0.7	0.0254641
0.941946	0.7	0.0211339
0.96965	0.7	0.0169928
0.997354	0.7	0.0130652
1.02506	0.7	0.00937616
1.05276	0.7	0.00595133
1.08047	0.7	0.00281708
1.10817	0.7	0
0	0.72	0.144762
0.0284601	0.72	0.144599
0.0569202	0.72	0.144108
0.0853804	0.72	0.143292
0.11384	0.72	0.142155
0.142301	0.72	0.140701
0.170761	0.72	0.138937
0.199221	0.72	0.136869
0.227681	0.72	0.134508
0.256141	0.72	0.131862
0.284601	0.72	0.128942
0.313061	0.72	0.125762
0.341521	0.72	0.122333
0.369982	0.72	0.11867
0.398442	0.72	0.114788
0.426902	0.72	0.110702
0.455362	0.72	0.106429
0.483822	0.72	0.101986
0.512282	0.72	0.09739
0.540742	0.72	0.09266
0.569202	0.72	0.0878147
0.597663	0.72	0.0828735
0.626123	0.72	0.0778562
0.654583	0.72	0.0727832
0.683043	0.72	0.0676752
0.711503	0.72	0.0625536
0.739963	0.72	0.05744
0.768423	0.72	0.0523565
0.796883	0.72	0.0473257
0.825343	0.72	0.0423705
0.853804	0.72	0.0375146
0.882264	0.72	0.0327817
0.910724	0.72	0.0281966
0.939184	0.72	0.0237844
0.967644	0.72	0.0195707
0.996104	0.72	0.015582
1.02456	0.72	0.0118458
1.05302	0.72	0.00839025
1.08148	0.72	0.00524439
1.10994	0.72	0.0024379
1.1384	0.72	0
0	0.74	0.145602
0.029216	0.74	0.145431
0.0584319	0.74	0.144917
0.0876479	0.74	0.144064
0.116864	0.74	0.142875
0.14608	0.74	0.141355
0.175296	0.74	0.13951
0.204512	0.74	0.13735
0.233728	0.74	0.134884
0.262944	0.74	0.132123
0.29216	0.74	0.129078
0.321376	0.74	0.125764
0.350591	0.74	0.122194
0.379807	0.74	0.118383
0.409023	0.74	0.114349
0.438239	0.74	0.110107
0.467455	0.74	0.105676
0.496671	0.74	0.101075
0.525887	0.74	0.0963232
0.555103	0.74	0.0914402
0.584319	0.74	0.0864469
0.613535	0.74	0.0813645
0.642751	0.74	0.0762146
0.671967	0.74	0.0710197
0.701183	0.74	0.0658023
0.730399	0.74	0.0605859
0.759615	0.74	0.0553942
0.788831	0.74	0.0502514
0.818047	0.74	0.0451823
0.847263	0.74	0.0402122
0.876479	0.74	0.035367
0.905695	0.74	0.0306732
0.934911	0.74	0.0261579
0.964127	0.74	0.0218489
0.993343	0.74	0.0177751
1.02256	0.74	0.0139659
1.05177	0.74	0.0104522
1.08099	0.74	0.00726603
1.11021	0.74	0.00444029
1.13942	0.74	0.00200809
1.16864	0.74	0
0	0.76	0.146202
0.0299718	0.76	0.146023
0.0599436	0.76	0.145486
0.0899154	0.76	0.144592
0.119887	0.76	0.143348
0.149859	0.76	0.141757
0.179831	0.76	0.139828
0.209803	0.76	0.13757
0.239774	0.76	0.134993
0.269746	0.76	0.13211
0.299718	0.76	0.128933
0.32969	0.76	0.125477
0.359662	0.76	0.121757
0.389633	0.76	0.117791
0.419605	0.76	0.113596
0.449577	0.76	0.109191
0.479549	0.76	0.104596
0.50952	0.76	0.0998301
0.539492	0.76	0.0949155
0.569464	0.76	0.0898739
0.599436	0.76	0.0847278
0.629408	0.76	0.0795003
0.659379	0.76	0.0742152
0.689351	0.76	0.0688968
0.719323	0.76	0.0635699
0.749295	0.76	0.0582602
0.779267	0.76	0.0529934
0.809238	0.76	0.0477964
0.83921	0.76	0.0426961
0.869182	0.76	0.0377203
0.899154	0.76	0.0328977
0.929126	0.76	0.0282572
0.959097	0.76	0.0238289
0.989069	0.76	0.0196438
1.01904	0.76	0.0157337
1.04901	0.76	0.0121321
1.07898	0.76	0.00887387
1.10896	0.76	0.00599544
1.13893	0.76	0.00353428
1.1689	0.76	0.0015264
1.19887	0.76	0
0	0.78	0.146563
0.0307276	0.78	0.146375
0.0614553	0.78	0.145812
0.0921829	0.78	0.144876
0.122911	0.78	0.143572
0.153638	0.78	0.141907
0.184366	0.78	0.139888
0.215093	0.78	0.137525
0.245821	0.78	0.134831
0.276549	0.78	0.131818
0.307276	0.78	0.1285
0.338004	0.78	0.124895
0.368732	0.78	0.121017
0.399459	0.78	0.116887
0.430187	0.78	0.112523
0.460914	0.78	0.107946
0.491642	0.78	0.103178
0.52237	0.78	0.09824
0.553097	0.78	0.0931559
0.583825	0.78	0.0879493
0.614553	0.78	0.0826449
0.64528	0.78	0.0772679
0.676008	0.78	0.0718442
0.706735	0.78	0.0664003
0.737463	0.78	0.0609635
0.768191	0.78	0.0555614
0.798918	0.78	0.0502226
0.829646	0.78	0.044976
0.860374	0.78	0.0398514
0.891101	0.78	0.0348792
0.921829	0.78	0.0300907
0.952557	0.78	0.0255181
0.983284	0.78	0.0211943
1.01401	0.78	0.0171538
1.04474	0.78	0.0134324
1.07547	0.78	0.0100678
1.10619	0.78	0.00710003
1.13692	0.78	0.00457121
1.16765	0.78	0.0025238
1.19838	0.78	0.000994688
1.22911	0.78	0
0	0.8	0.146683
0.0314835	0.8	0.146486
0.0629669	0.8	0.145895
0.0944504	0.8	0.144914
0.125934	0.8	0.143547
0.157417	0.8	0.141802
0.188901	0.8	0.139687
0.220384	0.8	0.137213
0.251868	0.8	0.134394
0.283351	0.8	0.131243
0.314835	0.8	0.127776
0.346318	0.8	0.124011
0.377802	0.8	0.119967
0.409285	0.8	0.115663
0.440769	0.8	0.111121
0.472252	0.8	0.106363
0.503735	0.8	0.101413
0.535219	0.8	0.0962943
0.566702	0.8	0.0910328
0.598186	0.8	0.0856542
0.629669	0.8	0.0801855
0.661153	0.8	0.0746539
0.692636	0.8	0.0690878
0.72412	0.8	0.063516
0.755603	0.8	0.0579681
0.787087	0.8	0.0524744
0.81857	0.8	0.0470659
0.850054	0.8	0.0417742
0.881537	0.8	0.0366319
0.913021	0.8	0.0316723
0.944504	0.8	0.0269297
0.975987	0.8	0.0224393
1.00747	0.8	0.0182376
1.03895	0.8	0.014363
1.07044	0.8	0.0108558
1.10192	0.8	0.00775947
1.1334	0.8	0.00512067
1.16489	0.8	0.00298898
1.19637	0.8	0.00141219
1.22786	0.8	0.000422174
1.25934	0.8	0
