0	0	0
0.0025	0	0
0.005	0	0
0.0075	0	0
0.01	0	0
0.0125	0	0
0.015	0	0
0.0175	0	0
0.02	0	0
0.0225	0	0
0.025	0	0
0.0275	0	0
0.03	0	0
0.0325	0	0
0.035	0	0
0.0375	0	0
0.04	0	0
0.0425	0	0
0.045	0	0
0.0475	0	0
0.05	0	0
0.0525	0	0
0.055	0	0
0.0575	0	0
0.06	0	0
0.0625	0	0
0.065	0	0
0.0675	0	0
0.07	0	0
0.0725	0	0
0.075	0	0
0.0775	0	0
0.08	0	0
0.0825	0	0
0.085	0	0
0.0875	0	0
0.09	0	0
0.0925	0	0
0.095	0	0
0.0975	0	0
0.1	0	0
0	0.0175	0.00588112
0.00325777	0.0175	0.00587981
0.00651554	0.0175	0.00587586
0.00977332	0.0175	0.00586925
0.0130311	0.0175	0.00585993
0.0162889	0.0175	0.00584784
0.0195466	0.0175	0.0058329
0.0228044	0.0175	0.005815
0.0260622	0.0175	0.00579401
0.02932	0.0175	0.00576979
0.0325777	0.0175	0.00574213
0.0358355	0.0175	0.00571081
0.0390933	0.0175	0.00567558
0.042351	0.0175	0.00563613
0.0456088	0.0175	0.00559211
0.0488666	0.0175	0.0055431
0.0521244	0.0175	0.00548865
0.0553821	0.0175	0.00542822
0.0586399	0.0175	0.00536122
0.0618977	0.0175	0.00528698
0.0651554	0.0175	0.00520474
0.0684132	0.0175	0.0051137
0.071671	0.0175	0.00501292
0.0749288	0.0175	0.00490143
0.0781865	0.0175	0.00477813
0.0814443	0.0175	0.00464185
0.0847021	0.0175	0.00449135
0.0879599	0.0175	0.00432527
0.0912176	0.0175	0.00414219
0.0944754	0.0175	0.0039406
0.0977332	0.0175	0.00371891
0.100991	0.0175	0.00347546
0.104249	0.0175	0.00320852
0.107506	0.0175	0.00291629
0.110764	0.0175	0.00259691
0.114022	0.0175	0.00224847
0.11728	0.0175	0.001869
0.120538	0.0175	0.00145649
0.123795	0.0175	0.00100888
0.127053	0.0175	0.000524089
0.130311	0.0175	0
0	0.035	0.0115321
0.00401554	0.035	0.0115284
0.00803109	0.035	0.0115174
0.0120466	0.035	0.0114989
0.0160622	0.035	0.0114729
0.0200777	0.035	0.0114392
0.0240933	0.035	0.0113974
0.0281088	0.035	0.0113474
0.0321244	0.035	0.0112887
0.0361399	0.035	0.0112209
0.0401554	0.035	0.0111435
0.044171	0.035	0.0110559
0.0481865	0.035	0.0109575
0.0522021	0.035	0.0108476
0.0562176	0.035	0.0107252
0.0602332	0.035	0.0105896
0.0642487	0.035	0.0104398
0.0682643	0.035	0.0102746
0.0722798	0.035	0.0100931
0.0762953	0.035	0.00989399
0.0803109	0.035	0.00967613
0.0843264	0.035	0.00943825
0.088342	0.035	0.00917913
0.0923575	0.035	0.00889751
0.0963731	0.035	0.00859218
0.100389	0.035	0.00826198
0.104404	0.035	0.00790584
0.10842	0.035	0.00752276
0.112435	0.035	0.0071119
0.116451	0.035	0.00667258
0.120466	0.035	0.00620428
0.124482	0.035	0.0057067
0.128497	0.035	0.0051798
0.132513	0.035	0.00462378
0.136529	0.035	0.00403915
0.140544	0.035	0.00342669
0.14456	0.035	0.00278757
0.148575	0.035	0.00212328
0.152591	0.035	0.00143568
0.156606	0.035	0.00072703
0.160622	0.035	0
0	0.0525	0.0170162
0.00477332	0.0525	0.0170094
0.00954663	0.0525	0.0169889
0.01432	0.0525	0.0169545
0.0190933	0.0525	0.0169061
0.0238666	0.0525	0.0168434
0.0286399	0.0525	0.0167658
0.0334132	0.0525	0.016673
0.0381865	0.0525	0.0165643
0.0429599	0.0525	0.0164391
0.0477332	0.0525	0.0162965
0.0525065	0.0525	0.0161357
0.0572798	0.0525	0.0159557
0.0620531	0.0525	0.0157556
0.0668264	0.0525	0.0155343
0.0715998	0.0525	0.0152905
0.0763731	0.0525	0.0150232
0.0811464	0.0525	0.0147312
0.0859197	0.0525	0.0144133
0.090693	0.0525	0.0140683
0.0954663	0.0525	0.0136953
0.10024	0.0525	0.0132932
0.105013	0.0525	0.0128611
0.109786	0.0525	0.0123983
0.11456	0.0525	0.0119042
0.119333	0.0525	0.0113784
0.124106	0.0525	0.0108207
0.12888	0.0525	0.0102311
0.133653	0.0525	0.0096098
0.138426	0.0525	0.00895722
0.1432	0.0525	0.008274
0.147973	0.0525	0.00756097
0.152746	0.0525	0.00681913
0.157519	0.0525	0.00604965
0.162293	0.0525	0.00525379
0.167066	0.0525	0.00443292
0.171839	0.0525	0.00358842
0.176613	0.0525	0.00272167
0.181386	0.0525	0.00183394
0.186159	0.0525	0.000926409
0.190933	0.0525	0
0	0.07	0.0223778
0.00553109	0.07	0.0223673
0.0110622	0.07	0.0223356
0.0165933	0.07	0.0222827
0.0221244	0.07	0.0222081
0.0276554	0.07	0.0221116
0.0331865	0.07	0.0219925
0.0387176	0.07	0.0218502
0.0442487	0.07	0.0216839
0.0497798	0.07	0.0214929
0.0553109	0.07	0.0212762
0.060842	0.07	0.0210329
0.0663731	0.07	0.0207618
0.0719042	0.07	0.0204618
0.0774352	0.07	0.020132
0.0829663	0.07	0.0197711
0.0884974	0.07	0.0193782
0.0940285	0.07	0.0189523
0.0995596	0.07	0.0184925
0.105091	0.07	0.0179981
0.110622	0.07	0.0174684
0.116153	0.07	0.016903
0.121684	0.07	0.0163016
0.127215	0.07	0.0156641
0.132746	0.07	0.0149908
0.138277	0.07	0.0142819
0.143808	0.07	0.013538
0.149339	0.07	0.0127597
0.15487	0.07	0.0119479
0.160402	0.07	0.0111036
0.165933	0.07	0.0102279
0.171464	0.07	0.00932202
0.176995	0.07	0.00838712
0.182526	0.07	0.00742443
0.188057	0.07	0.00643517
0.193588	0.07	0.00542047
0.199119	0.07	0.00438142
0.20465	0.07	0.003319
0.210181	0.07	0.00223411
0.215712	0.07	0.00112754
0.221244	0.07	0
0	0.0875	0.0276442
0.00628886	0.0875	0.0276297
0.0125777	0.0875	0.0275859
0.0188666	0.0875	0.0275127
0.0251554	0.0875	0.0274097
0.0314443	0.0875	0.0272766
0.0377332	0.0875	0.0271126
0.044022	0.0875	0.0269171
0.0503109	0.0875	0.0266892
0.0565998	0.0875	0.0264282
0.0628886	0.0875	0.0261331
0.0691775	0.0875	0.0258029
0.0754663	0.0875	0.0254366
0.0817552	0.0875	0.0250333
0.0880441	0.0875	0.0245921
0.0943329	0.0875	0.0241121
0.100622	0.0875	0.0235925
0.106911	0.0875	0.0230328
0.1132	0.0875	0.0224326
0.119488	0.0875	0.0217915
0.125777	0.0875	0.0211095
0.132066	0.0875	0.0203867
0.138355	0.0875	0.0196233
0.144644	0.0875	0.0188199
0.150933	0.0875	0.0179772
0.157222	0.0875	0.0170959
0.16351	0.0875	0.016177
0.169799	0.0875	0.0152216
0.176088	0.0875	0.0142308
0.182377	0.0875	0.0132058
0.188666	0.0875	0.0121478
0.194955	0.0875	0.0110581
0.201244	0.0875	0.00993781
0.207532	0.0875	0.00878809
0.213821	0.0875	0.00761004
0.22011	0.0875	0.00640468
0.226399	0.0875	0.00517298
0.232688	0.0875	0.00391583
0.238977	0.0875	0.0026341
0.245266	0.0875	0.00132857
0.251554	0.0875	0
0	0.105	0.0328303
0.00704663	0.105	0.0328115
0.0140933	0.105	0.0327551
0.0211399	0.105	0.0326607
0.0281865	0.105	0.0325281
0.0352332	0.105	0.0323569
0.0422798	0.105	0.0321463
0.0493264	0.105	0.0318957
0.0563731	0.105	0.0316045
0.0634197	0.105	0.0312717
0.0704663	0.105	0.0308965
0.077513	0.105	0.0304781
0.0845596	0.105	0.0300157
0.0916062	0.105	0.0295086
0.0986529	0.105	0.0289561
0.1057	0.105	0.0283578
0.112746	0.105	0.0277133
0.119793	0.105	0.0270224
0.126839	0.105	0.026285
0.133886	0.105	0.0255015
0.140933	0.105	0.0246722
0.147979	0.105	0.0237976
0.155026	0.105	0.0228784
0.162073	0.105	0.0219157
0.169119	0.105	0.0209103
0.176166	0.105	0.0198633
0.183212	0.105	0.0187761
0.190259	0.105	0.0176498
0.197306	0.105	0.0164857
0.204352	0.105	0.0152852
0.211399	0.105	0.0140493
0.218446	0.105	0.0127795
0.225492	0.105	0.0114768
0.232539	0.105	0.0101424
0.239586	0.105	0.00877738
0.246632	0.105	0.00738283
0.253679	0.105	0.00595971
0.260725	0.105	0.00450898
0.267772	0.105	0.00303153
0.274819	0.105	0.00152826
0.281865	0.105	0
0	0.1225	0.0379423
0.00780441	0.1225	0.0379191
0.0156088	0.1225	0.0378497
0.0234132	0.1225	0.0377338
0.0312176	0.1225	0.037571
0.039022	0.1225	0.037361
0.0468264	0.1225	0.0371031
0.0546308	0.1225	0.0367969
0.0624352	0.1225	0.0364416
0.0702397	0.1225	0.0360365
0.0780441	0.1225	0.035581
0.0858485	0.1225	0.0350745
0.0936529	0.1225	0.0345165
0.101457	0.1225	0.0339065
0.109262	0.1225	0.0332442
0.117066	0.1225	0.0325294
0.12487	0.1225	0.0317623
0.132675	0.1225	0.030943
0.140479	0.1225	0.030072
0.148284	0.1225	0.0291498
0.156088	0.1225	0.0281772
0.163893	0.1225	0.0271551
0.171697	0.1225	0.0260846
0.179501	0.1225	0.0249668
0.187306	0.1225	0.0238031
0.19511	0.1225	0.0225947
0.202915	0.1225	0.021343
0.210719	0.1225	0.0200493
0.218523	0.1225	0.0187152
0.226328	0.1225	0.0173418
0.234132	0.1225	0.0159306
0.241937	0.1225	0.0144828
0.249741	0.1225	0.0129997
0.257545	0.1225	0.0114825
0.26535	0.1225	0.00993241
0.273154	0.1225	0.00835045
0.280959	0.1225	0.00673776
0.288763	0.1225	0.00509538
0.296567	0.1225	0.00342431
0.304372	0.1225	0.00172554
0.312176	0.1225	0
0	0.14	0.0429807
0.00856218	0.14	0.0429532
0.0171244	0.14	0.0428708
0.0256865	0.14	0.0427331
0.0342487	0.14	0.0425399
0.0428109	0.14	0.042291
0.0513731	0.14	0.0419857
0.0599352	0.14	0.0416236
0.0684974	0.14	0.0412043
0.0770596	0.14	0.0407272
0.0856218	0.14	0.0401919
0.094184	0.14	0.0395981
0.102746	0.14	0.0389454
0.111308	0.14	0.0382338
0.11987	0.14	0.0374633
0.128433	0.14	0.0366342
0.136995	0.14	0.0357468
0.145557	0.14	0.0348017
0.154119	0.14	0.0337998
0.162681	0.14	0.0327419
0.171244	0.14	0.0316291
0.179806	0.14	0.0304627
0.188368	0.14	0.0292439
0.19693	0.14	0.0279742
0.205492	0.14	0.0266551
0.214054	0.14	0.025288
0.222617	0.14	0.0238744
0.231179	0.14	0.0224159
0.239741	0.14	0.020914
0.248303	0.14	0.0193701
0.256865	0.14	0.0177857
0.265428	0.14	0.0161621
0.27399	0.14	0.0145007
0.282552	0.14	0.0128029
0.291114	0.14	0.0110699
0.299676	0.14	0.00930297
0.308238	0.14	0.0075033
0.316801	0.14	0.00567205
0.325363	0.14	0.00381036
0.333925	0.14	0.00191932
0.342487	0.14	0
0	0.1575	0.0479427
0.00931995	0.1575	0.0479109
0.0186399	0.1575	0.0478153
0.0279599	0.1575	0.0476559
0.0372798	0.1575	0.0474324
0.0465998	0.1575	0.0471446
0.0559197	0.1575	0.046792
0.0652397	0.1575	0.0463744
0.0745596	0.1575	0.0458915
0.0838796	0.1575	0.0453429
0.0931995	0.1575	0.0447285
0.102519	0.1575	0.0440483
0.111839	0.1575	0.0433021
0.121159	0.1575	0.0424904
0.130479	0.1575	0.0416133
0.139799	0.1575	0.0406716
0.149119	0.1575	0.039666
0.158439	0.1575	0.0385973
0.167759	0.1575	0.0374667
0.177079	0.1575	0.0362754
0.186399	0.1575	0.0350249
0.195719	0.1575	0.0337165
0.205039	0.1575	0.0323519
0.214359	0.1575	0.0309326
0.223679	0.1575	0.0294604
0.232999	0.1575	0.0279368
0.242319	0.1575	0.0263636
0.251639	0.1575	0.0247425
0.260959	0.1575	0.023075
0.270279	0.1575	0.0213627
0.279599	0.1575	0.0196074
0.288918	0.1575	0.0178104
0.298238	0.1575	0.0159733
0.307558	0.1575	0.0140976
0.316878	0.1575	0.0121846
0.326198	0.1575	0.0102358
0.335518	0.1575	0.00825256
0.344838	0.1575	0.00623607
0.354158	0.1575	0.00418766
0.363478	0.1575	0.00210857
0.372798	0.1575	0
0	0.175	0.0528231
0.0100777	0.175	0.052787
0.0201554	0.175	0.0526784
0.0302332	0.175	0.0524974
0.0403109	0.175	0.0522437
0.0503886	0.175	0.0519171
0.0604663	0.175	0.0515176
0.0705441	0.175	0.0510448
0.0806218	0.175	0.0504988
0.0906995	0.175	0.0498794
0.100777	0.175	0.0491868
0.110855	0.175	0.048421
0.120933	0.175	0.0475826
0.13101	0.175	0.0466719
0.141088	0.175	0.0456898
0.151166	0.175	0.0446371
0.161244	0.175	0.0435149
0.171321	0.175	0.0423245
0.181399	0.175	0.0410671
0.191477	0.175	0.0397445
0.201554	0.175	0.0383581
0.211632	0.175	0.0369098
0.22171	0.175	0.0354014
0.231788	0.175	0.0338345
0.241865	0.175	0.0322112
0.251943	0.175	0.0305333
0.262021	0.175	0.0288026
0.272099	0.175	0.027021
0.282176	0.175	0.0251903
0.292254	0.175	0.0233122
0.302332	0.175	0.0213885
0.312409	0.175	0.019421
0.322487	0.175	0.0174112
0.332565	0.175	0.0153608
0.342643	0.175	0.0132714
0.35272	0.175	0.0111446
0.362798	0.175	0.00898181
0.372876	0.175	0.00678454
0.382953	0.175	0.00455422
0.393031	0.175	0.00229225
0.403109	0.175	0
0	0.1925	0.0576158
0.0108355	0.1925	0.0575753
0.021671	0.1925	0.0574538
0.0325065	0.1925	0.0572512
0.043342	0.1925	0.0569675
0.0541775	0.1925	0.0566025
0.065013	0.1925	0.0561563
0.0758485	0.1925	0.0556289
0.086684	0.1925	0.0550203
0.0975195	0.1925	0.0543307
0.108355	0.1925	0.0535606
0.11919	0.1925	0.0527103
0.130026	0.1925	0.0517806
0.140861	0.1925	0.0507723
0.151697	0.1925	0.0496863
0.162532	0.1925	0.048524
0.173368	0.1925	0.0472867
0.184203	0.1925	0.045976
0.195039	0.1925	0.0445936
0.205874	0.1925	0.0431412
0.21671	0.1925	0.0416208
0.227545	0.1925	0.0400344
0.238381	0.1925	0.0383839
0.249216	0.1925	0.0366715
0.260052	0.1925	0.0348991
0.270887	0.1925	0.033069
0.281723	0.1925	0.031183
0.292558	0.1925	0.0292434
0.303394	0.1925	0.027252
0.314229	0.1925	0.0252108
0.325065	0.1925	0.0231219
0.3359	0.1925	0.020987
0.346736	0.1925	0.0188081
0.357571	0.1925	0.0165869
0.368407	0.1925	0.0143252
0.379242	0.1925	0.0120249
0.390078	0.1925	0.00968744
0.400913	0.1925	0.00731464
0.411749	0.1925	0.00490809
0.422584	0.1925	0.00246936
0.43342	0.1925	0
0	0.21	0.0623138
0.0115933	0.21	0.062269
0.0231865	0.21	0.0621347
0.0347798	0.21	0.0619107
0.0463731	0.21	0.0615971
0.0579663	0.21	0.0611939
0.0695596	0.21	0.0607014
0.0811529	0.21	0.0601197
0.0927461	0.21	0.059449
0.104339	0.21	0.0586899
0.115933	0.21	0.057843
0.127526	0.21	0.056909
0.139119	0.21	0.055889
0.150712	0.21	0.0547839
0.162306	0.21	0.0535953
0.173899	0.21	0.0523246
0.185492	0.21	0.0509736
0.197086	0.21	0.049544
0.208679	0.21	0.0480379
0.220272	0.21	0.0464573
0.231865	0.21	0.0448045
0.243459	0.21	0.0430816
0.255052	0.21	0.0412909
0.266645	0.21	0.0394348
0.278238	0.21	0.0375155
0.289832	0.21	0.0355353
0.301425	0.21	0.0334966
0.313018	0.21	0.0314015
0.324611	0.21	0.0292523
0.336205	0.21	0.0270512
0.347798	0.21	0.0248003
0.359391	0.21	0.0225018
0.370985	0.21	0.0201578
0.382578	0.21	0.0177702
0.394171	0.21	0.015341
0.405764	0.21	0.0128723
0.417358	0.21	0.0103659
0.428951	0.21	0.0078236
0.440544	0.21	0.00524735
0.452137	0.21	0.00263889
0.463731	0.21	0
0	0.2275	0.0669099
0.012351	0.2275	0.0668609
0.0247021	0.2275	0.0667138
0.0370531	0.2275	0.0664685
0.0494042	0.2275	0.0661252
0.0617552	0.2275	0.0656842
0.0741062	0.2275	0.0651456
0.0864573	0.2275	0.0645099
0.0988083	0.2275	0.0637777
0.111159	0.2275	0.0629496
0.12351	0.2275	0.0620266
0.135861	0.2275	0.0610096
0.148212	0.2275	0.0599
0.160564	0.2275	0.0586991
0.172915	0.2275	0.0574088
0.185266	0.2275	0.0560308
0.197617	0.2275	0.0545671
0.209968	0.2275	0.0530199
0.222319	0.2275	0.0513915
0.23467	0.2275	0.0496842
0.247021	0.2275	0.0479004
0.259372	0.2275	0.0460428
0.271723	0.2275	0.0441138
0.284074	0.2275	0.0421159
0.296425	0.2275	0.0400518
0.308776	0.2275	0.037924
0.321127	0.2275	0.035735
0.333478	0.2275	0.0334874
0.345829	0.2275	0.0311835
0.35818	0.2275	0.0288259
0.370531	0.2275	0.026417
0.382882	0.2275	0.023959
0.395233	0.2275	0.0214543
0.407584	0.2275	0.0189053
0.419935	0.2275	0.016314
0.432286	0.2275	0.0136827
0.444637	0.2275	0.0110136
0.456988	0.2275	0.00830868
0.469339	0.2275	0.00557011
0.481691	0.2275	0.00279988
0.494042	0.2275	0
0	0.245	0.0713972
0.0131088	0.245	0.0713439
0.0262176	0.245	0.071184
0.0393264	0.245	0.0709175
0.0524352	0.245	0.0705448
0.0655441	0.245	0.070066
0.0786529	0.245	0.0694817
0.0917617	0.245	0.0687924
0.10487	0.245	0.067999
0.117979	0.245	0.0671024
0.131088	0.245	0.0661037
0.144197	0.245	0.0650043
0.157306	0.245	0.0638058
0.170415	0.245	0.06251
0.183523	0.245	0.0611188
0.196632	0.245	0.0596344
0.209741	0.245	0.0580591
0.22285	0.245	0.0563954
0.235959	0.245	0.0546459
0.249067	0.245	0.0528132
0.262176	0.245	0.0509001
0.275285	0.245	0.0489094
0.288394	0.245	0.0468438
0.301503	0.245	0.0447063
0.314611	0.245	0.0424997
0.32772	0.245	0.0402268
0.340829	0.245	0.0378904
0.353938	0.245	0.0354933
0.367047	0.245	0.0330382
0.380156	0.245	0.0305279
0.393264	0.245	0.027965
0.406373	0.245	0.0253521
0.419482	0.245	0.0226918
0.432591	0.245	0.0199867
0.4457	0.245	0.0172393
0.458808	0.245	0.0144519
0.471917	0.245	0.0116271
0.485026	0.245	0.00876718
0.498135	0.245	0.0058745
0.511244	0.245	0.00295135
0.524352	0.245	0
0	0.2625	0.0757685
0.0138666	0.2625	0.075711
0.0277332	0.2625	0.0755384
0.0415998	0.2625	0.0752508
0.0554663	0.2625	0.0748486
0.0693329	0.2625	0.0743323
0.0831995	0.2625	0.0737024
0.0970661	0.2625	0.0729598
0.110933	0.2625	0.0721055
0.124799	0.2625	0.0711407
0.138666	0.2625	0.0700669
0.152532	0.2625	0.0688856
0.166399	0.2625	0.0675988
0.180266	0.2625	0.0662086
0.194132	0.2625	0.0647173
0.207999	0.2625	0.0631273
0.221865	0.2625	0.0614414
0.235732	0.2625	0.0596622
0.249599	0.2625	0.0577928
0.263465	0.2625	0.055836
0.277332	0.2625	0.053795
0.291198	0.2625	0.0516729
0.305065	0.2625	0.0494727
0.318931	0.2625	0.0471977
0.332798	0.2625	0.044851
0.346665	0.2625	0.0424356
0.360531	0.2625	0.0399548
0.374398	0.2625	0.0374115
0.388264	0.2625	0.0348089
0.402131	0.2625	0.0321499
0.415998	0.2625	0.0294376
0.429864	0.2625	0.0266747
0.443731	0.2625	0.0238643
0.457597	0.2625	0.0210092
0.471464	0.2625	0.0181121
0.48533	0.2625	0.0151758
0.499197	0.2625	0.012203
0.513064	0.2625	0.00919641
0.52693	0.2625	0.00615866
0.540797	0.2625	0.00309233
0.554663	0.2625	0
0	0.28	0.0800171
0.0146244	0.28	0.0799555
0.0292487	0.28	0.0797702
0.0438731	0.28	0.0794616
0.0584974	0.28	0.0790301
0.0731218	0.28	0.0784763
0.0877461	0.28	0.077801
0.10237	0.28	0.0770052
0.116995	0.28	0.0760902
0.131619	0.28	0.0750575
0.146244	0.28	0.0739088
0.160868	0.28	0.072646
0.175492	0.28	0.0712713
0.190117	0.28	0.0697873
0.204741	0.28	0.0681964
0.219365	0.28	0.0665016
0.23399	0.28	0.0647059
0.248614	0.28	0.0628122
0.263238	0.28	0.060824
0.277863	0.28	0.0587445
0.292487	0.28	0.056577
0.307111	0.28	0.0543252
0.321736	0.28	0.0519923
0.33636	0.28	0.0495819
0.350985	0.28	0.0470975
0.365609	0.28	0.0445425
0.380233	0.28	0.0419204
0.394858	0.28	0.0392345
0.409482	0.28	0.0364883
0.424106	0.28	0.033685
0.438731	0.28	0.0308281
0.453355	0.28	0.0279207
0.467979	0.28	0.024966
0.482604	0.28	0.0219673
0.497228	0.28	0.0189277
0.511852	0.28	0.0158501
0.526477	0.28	0.0127378
0.541101	0.28	0.00959367
0.555726	0.28	0.00642071
0.57035	0.28	0.00322185
0.584974	0.28	0
0	0.2975	0.0841368
0.0153821	0.2975	0.0840709
0.0307643	0.2975	0.083873
0.0461464	0.2975	0.0835434
0.0615285	0.2975	0.0830825
0.0769106	0.2975	0.0824913
0.0922928	0.2975	0.0817707
0.107675	0.2975	0.0809218
0.123057	0.2975	0.0799463
0.138439	0.2975	0.0788458
0.153821	0.2975	0.0776223
0.169203	0.2975	0.0762783
0.184586	0.2975	0.0748161
0.199968	0.2975	0.0732386
0.21535	0.2975	0.0715487
0.230732	0.2975	0.0697497
0.246114	0.2975	0.0678448
0.261496	0.2975	0.0658375
0.276878	0.2975	0.0637315
0.29226	0.2975	0.0615304
0.307643	0.2975	0.059238
0.323025	0.2975	0.0568581
0.338407	0.2975	0.0543944
0.353789	0.2975	0.0518509
0.369171	0.2975	0.0492314
0.384553	0.2975	0.0465397
0.399935	0.2975	0.0437795
0.415317	0.2975	0.0409548
0.4307	0.2975	0.0380691
0.446082	0.2975	0.0351263
0.461464	0.2975	0.03213
0.476846	0.2975	0.0290837
0.492228	0.2975	0.0259912
0.50761	0.2975	0.0228559
0.522992	0.2975	0.0196813
0.538374	0.2975	0.0164709
0.553757	0.2975	0.0132281
0.569139	0.2975	0.00995628
0.584521	0.2975	0.00665879
0.599903	0.2975	0.00333894
0.615285	0.2975	0
0	0.315	0.0881214
0.0161399	0.315	0.0880513
0.0322798	0.315	0.0878407
0.0484197	0.315	0.08749
0.0645596	0.315	0.0869999
0.0806995	0.315	0.0863712
0.0968394	0.315	0.0856051
0.112979	0.315	0.0847031
0.129119	0.315	0.083667
0.145259	0.315	0.0824988
0.161399	0.315	0.0812008
0.177539	0.315	0.0797756
0.193679	0.315	0.0782261
0.209819	0.315	0.0765554
0.225959	0.315	0.0747668
0.242099	0.315	0.072864
0.258238	0.315	0.0708506
0.274378	0.315	0.0687305
0.290518	0.315	0.0665076
0.306658	0.315	0.0641861
0.322798	0.315	0.06177
0.338938	0.315	0.0592637
0.355078	0.315	0.0566712
0.371218	0.315	0.0539968
0.387358	0.315	0.0512448
0.403498	0.315	0.0484194
0.419637	0.315	0.0455247
0.435777	0.315	0.0425649
0.451917	0.315	0.0395443
0.468057	0.315	0.0364668
0.484197	0.315	0.0333366
0.500337	0.315	0.0301576
0.516477	0.315	0.026934
0.532617	0.315	0.0236695
0.548757	0.315	0.0203682
0.564897	0.315	0.0170339
0.581036	0.315	0.0136704
0.597176	0.315	0.0102815
0.613316	0.315	0.00687102
0.629456	0.315	0.00344261
0.645596	0.315	0
0	0.3325	0.0919652
0.0168977	0.3325	0.0918908
0.0337953	0.3325	0.0916675
0.050693	0.3325	0.0912957
0.0675907	0.3325	0.0907761
0.0844884	0.3325	0.0901099
0.101386	0.3325	0.0892983
0.118284	0.3325	0.0883431
0.135181	0.3325	0.0872463
0.152079	0.3325	0.0860102
0.168977	0.3325	0.0846376
0.185874	0.3325	0.0831312
0.202772	0.3325	0.0814944
0.21967	0.3325	0.0797306
0.236567	0.3325	0.0778436
0.253465	0.3325	0.0758373
0.270363	0.3325	0.0737159
0.28726	0.3325	0.0714835
0.304158	0.3325	0.0691446
0.321056	0.3325	0.0667038
0.337953	0.3325	0.0641654
0.354851	0.3325	0.0615342
0.371749	0.3325	0.0588148
0.388646	0.3325	0.0560119
0.405544	0.3325	0.05313
0.422442	0.3325	0.050174
0.439339	0.3325	0.0471483
0.456237	0.3325	0.0440576
0.473135	0.3325	0.0409066
0.490032	0.3325	0.0376996
0.50693	0.3325	0.0344413
0.523828	0.3325	0.0311362
0.540726	0.3325	0.0277886
0.557623	0.3325	0.024403
0.574521	0.3325	0.0209837
0.591419	0.3325	0.017535
0.608316	0.3325	0.0140613
0.625214	0.3325	0.0105667
0.642112	0.3325	0.0070555
0.659009	0.3325	0.00353189
0.675907	0.3325	0
0	0.35	0.0956628
0.0176554	0.35	0.0955842
0.0353109	0.35	0.0953481
0.0529663	0.35	0.094955
0.0706218	0.35	0.0944059
0.0882772	0.35	0.0937018
0.105933	0.35	0.0928445
0.123588	0.35	0.0918359
0.141244	0.35	0.0906781
0.158899	0.35	0.089374
0.176554	0.35	0.0879264
0.19421	0.35	0.0863387
0.211865	0.35	0.0846144
0.229521	0.35	0.0827575
0.247176	0.35	0.0807721
0.264832	0.35	0.0786626
0.282487	0.35	0.0764334
0.300143	0.35	0.0740893
0.317798	0.35	0.0716352
0.335453	0.35	0.0690759
0.353109	0.35	0.0664165
0.370764	0.35	0.063662
0.38842	0.35	0.0608176
0.406075	0.35	0.0578883
0.423731	0.35	0.0548794
0.441386	0.35	0.0517958
0.459042	0.35	0.0486428
0.476697	0.35	0.0454255
0.494352	0.35	0.0421488
0.512008	0.35	0.0388179
0.529663	0.35	0.0354377
0.547319	0.35	0.0320132
0.564974	0.35	0.0285493
0.58263	0.35	0.0250509
0.600285	0.35	0.0215229
0.617941	0.35	0.01797
0.635596	0.35	0.0143972
0.653251	0.35	0.010809
0.670907	0.35	0.00721032
0.688562	0.35	0.00360576
0.706218	0.35	0
0	0.3675	0.0992092
0.0184132	0.3675	0.0991263
0.0368264	0.3675	0.0988773
0.0552397	0.3675	0.0984628
0.0736529	0.3675	0.0978838
0.0920661	0.3675	0.0971417
0.110479	0.3675	0.0962384
0.128893	0.3675	0.0951759
0.147306	0.3675	0.0939568
0.165719	0.3675	0.0925842
0.184132	0.3675	0.0910614
0.202545	0.3675	0.0893919
0.220959	0.3675	0.0875799
0.239372	0.3675	0.0856297
0.257785	0.3675	0.0835457
0.276198	0.3675	0.0813329
0.294611	0.3675	0.0789962
0.313025	0.3675	0.0765407
0.331438	0.3675	0.0739719
0.349851	0.3675	0.071295
0.368264	0.3675	0.0685156
0.386678	0.3675	0.0656394
0.405091	0.3675	0.0626718
0.423504	0.3675	0.0596185
0.441917	0.3675	0.0564851
0.46033	0.3675	0.0532774
0.478744	0.3675	0.0500009
0.497157	0.3675	0.0466612
0.51557	0.3675	0.0432639
0.533983	0.3675	0.0398147
0.552397	0.3675	0.036319
0.57081	0.3675	0.0327823
0.589223	0.3675	0.0292101
0.607636	0.3675	0.0256079
0.626049	0.3675	0.0219809
0.644463	0.3675	0.0183347
0.662876	0.3675	0.0146746
0.681289	0.3675	0.0110057
0.699702	0.3675	0.00733355
0.718115	0.3675	0.00366323
0.736529	0.3675	0
0	0.385	0.1026
0.019171	0.385	0.102512
0.038342	0.385	0.10225
0.057513	0.385	0.101814
0.076684	0.385	0.101205
0.0958549	0.385	0.100425
0.115026	0.385	0.0994747
0.134197	0.385	0.0983579
0.153368	0.385	0.097077
0.172539	0.385	0.0956353
0.19171	0.385	0.0940366
0.210881	0.385	0.092285
0.230052	0.385	0.0903847
0.249223	0.385	0.0883407
0.268394	0.385	0.0861579
0.287565	0.385	0.0838416
0.306736	0.385	0.0813973
0.325907	0.385	0.0788306
0.345078	0.385	0.0761475
0.364249	0.385	0.0733538
0.38342	0.385	0.0704555
0.402591	0.385	0.0674588
0.421762	0.385	0.0643698
0.440933	0.385	0.0611947
0.460104	0.385	0.0579397
0.479275	0.385	0.054611
0.498446	0.385	0.0512148
0.517617	0.385	0.0477573
0.536788	0.385	0.0442447
0.555959	0.385	0.0406831
0.57513	0.385	0.0370785
0.594301	0.385	0.0334372
0.613472	0.385	0.0297652
0.632643	0.385	0.0260685
0.651814	0.385	0.0223531
0.670985	0.385	0.0186249
0.690156	0.385	0.0148899
0.709327	0.385	0.0111541
0.728498	0.385	0.00742326
0.747669	0.385	0.00370328
0.76684	0.385	0
0	0.4025	0.10583
0.0199288	0.4025	0.105738
0.0398575	0.4025	0.105463
0.0597863	0.4025	0.105005
0.079715	0.4025	0.104365
0.0996438	0.4025	0.103546
0.119573	0.4025	0.102549
0.139501	0.4025	0.101377
0.15943	0.4025	0.100033
0.179359	0.4025	0.0985221
0.199288	0.4025	0.0968467
0.219216	0.4025	0.0950121
0.239145	0.4025	0.0930229
0.259074	0.4025	0.0908845
0.279003	0.4025	0.0886023
0.298931	0.4025	0.0861821
0.31886	0.4025	0.08363
0.338789	0.4025	0.0809522
0.358718	0.4025	0.0781549
0.378646	0.4025	0.0752449
0.398575	0.4025	0.0722286
0.418504	0.4025	0.0691127
0.438433	0.4025	0.0659041
0.458362	0.4025	0.0626094
0.47829	0.4025	0.0592355
0.498219	0.4025	0.0557891
0.518148	0.4025	0.0522772
0.538077	0.4025	0.0487065
0.558005	0.4025	0.0450839
0.577934	0.4025	0.041416
0.597863	0.4025	0.0377097
0.617792	0.4025	0.0339717
0.63772	0.4025	0.0302087
0.657649	0.4025	0.0264273
0.677578	0.4025	0.0226343
0.697507	0.4025	0.0188362
0.717435	0.4025	0.0150397
0.737364	0.4025	0.0112512
0.757293	0.4025	0.00747748
0.777222	0.4025	0.00372489
0.79715	0.4025	0
0	0.42	0.108896
0.0206865	0.42	0.1088
0.0413731	0.42	0.108511
0.0620596	0.42	0.108031
0.0827461	0.42	0.10736
0.103433	0.42	0.106501
0.124119	0.42	0.105456
0.144806	0.42	0.104228
0.165492	0.42	0.102821
0.186179	0.42	0.101239
0.206865	0.42	0.0994864
0.227552	0.42	0.0975677
0.248238	0.42	0.0954887
0.268925	0.42	0.093255
0.289611	0.42	0.0908726
0.310298	0.42	0.088348
0.330985	0.42	0.0856876
0.351671	0.42	0.0828984
0.372358	0.42	0.0799872
0.393044	0.42	0.0769612
0.413731	0.42	0.0738276
0.434417	0.42	0.0705937
0.455104	0.42	0.067267
0.47579	0.42	0.0638549
0.496477	0.42	0.0603647
0.517163	0.42	0.0568041
0.53785	0.42	0.0531805
0.558536	0.42	0.0495014
0.579223	0.42	0.0457742
0.599909	0.42	0.0420065
0.620596	0.42	0.0382057
0.641283	0.42	0.0343793
0.661969	0.42	0.0305345
0.682656	0.42	0.0266789
0.703342	0.42	0.0228197
0.724029	0.42	0.0189644
0.744715	0.42	0.0151202
0.765402	0.42	0.0112943
0.786088	0.42	0.00749422
0.806775	0.42	0.00372703
0.827461	0.42	0
0	0.4375	0.111793
0.0214443	0.4375	0.111693
0.0428886	0.4375	0.11139
0.0643329	0.4375	0.110887
0.0857772	0.4375	0.110185
0.107222	0.4375	0.109286
0.128666	0.4375	0.108192
0.15011	0.4375	0.106908
0.171554	0.4375	0.105436
0.192999	0.4375	0.103782
0.214443	0.4375	0.10195
0.235887	0.4375	0.0999466
0.257332	0.4375	0.0977765
0.278776	0.4375	0.0954464
0.30022	0.4375	0.0929628
0.321665	0.4375	0.0903328
0.343109	0.4375	0.0875636
0.364553	0.4375	0.0846625
0.385998	0.4375	0.0816372
0.407442	0.4375	0.0784954
0.428886	0.4375	0.0752451
0.45033	0.4375	0.0718943
0.471775	0.4375	0.068451
0.493219	0.4375	0.0649235
0.514663	0.4375	0.0613198
0.536108	0.4375	0.0576483
0.557552	0.4375	0.053917
0.578996	0.4375	0.0501344
0.600441	0.4375	0.0463084
0.621885	0.4375	0.0424475
0.643329	0.4375	0.0385598
0.664773	0.4375	0.0346535
0.686218	0.4375	0.0307367
0.707662	0.4375	0.0268176
0.729106	0.4375	0.0229043
0.750551	0.4375	0.019005
0.771995	0.4375	0.0151277
0.793439	0.4375	0.0112806
0.814884	0.4375	0.00747151
0.836328	0.4375	0.00370866
0.857772	0.4375	0
0	0.455	0.11452
0.0222021	0.455	0.114414
0.0444042	0.455	0.114098
0.0666062	0.455	0.113571
0.0888083	0.455	0.112837
0.11101	0.455	0.111896
0.133212	0.455	0.110753
0.155415	0.455	0.10941
0.177617	0.455	0.107873
0.199819	0.455	0.106146
0.222021	0.455	0.104234
0.244223	0.455	0.102143
0.266425	0.455	0.0998808
0.288627	0.455	0.0974529
0.310829	0.455	0.094867
0.333031	0.455	0.0921305
0.355233	0.455	0.0892514
0.377435	0.455	0.0862377
0.399637	0.455	0.0830979
0.421839	0.455	0.0798404
0.444042	0.455	0.0764738
0.466244	0.455	0.0730069
0.488446	0.455	0.0694485
0.510648	0.455	0.0658076
0.53285	0.455	0.0620931
0.555052	0.455	0.0583139
0.577254	0.455	0.0544792
0.599456	0.455	0.0505979
0.621658	0.455	0.0466792
0.64386	0.455	0.0427319
0.666062	0.455	0.0387651
0.688264	0.455	0.0347878
0.710466	0.455	0.0308091
0.732669	0.455	0.0268379
0.754871	0.455	0.0228831
0.777073	0.455	0.0189538
0.799275	0.455	0.0150587
0.821477	0.455	0.011207
0.843679	0.455	0.00740734
0.865881	0.455	0.00366873
0.888083	0.455	0
0	0.4725	0.117071
0.0229599	0.4725	0.116961
0.0459197	0.4725	0.11663
0.0688796	0.4725	0.11608
0.0918394	0.4725	0.115312
0.114799	0.4725	0.114329
0.137759	0.4725	0.113135
0.160719	0.4725	0.111733
0.183679	0.4725	0.110128
0.206639	0.4725	0.108326
0.229599	0.4725	0.106332
0.252558	0.4725	0.104153
0.275518	0.4725	0.101796
0.298478	0.4725	0.0992691
0.321438	0.4725	0.0965791
0.344398	0.4725	0.0937347
0.367358	0.4725	0.0907445
0.390317	0.4725	0.0876174
0.413277	0.4725	0.0843625
0.436237	0.4725	0.0809889
0.459197	0.4725	0.0775063
0.482157	0.4725	0.073924
0.505117	0.4725	0.0702518
0.528077	0.4725	0.0664994
0.551036	0.4725	0.0626766
0.573996	0.4725	0.0587933
0.596956	0.4725	0.0548593
0.619916	0.4725	0.0508846
0.642876	0.4725	0.0468789
0.665836	0.4725	0.0428523
0.688796	0.4725	0.0388146
0.711755	0.4725	0.0347758
0.734715	0.4725	0.0307457
0.757675	0.4725	0.0267341
0.780635	0.4725	0.022751
0.803595	0.4725	0.0188062
0.826555	0.4725	0.0149095
0.849514	0.4725	0.0110707
0.872474	0.4725	0.00729969
0.895434	0.4725	0.00360619
0.918394	0.4725	0
0	0.49	0.119444
0.0237176	0.49	0.119329
0.0474352	0.49	0.118984
0.0711529	0.49	0.118409
0.0948705	0.49	0.117607
0.118588	0.49	0.116581
0.142306	0.49	0.115334
0.166023	0.49	0.113871
0.189741	0.49	0.112197
0.213459	0.49	0.110318
0.237176	0.49	0.10824
0.260894	0.49	0.105971
0.284611	0.49	0.103518
0.308329	0.49	0.100889
0.332047	0.49	0.0980933
0.355764	0.49	0.0951393
0.379482	0.49	0.0920366
0.4032	0.49	0.0887949
0.426917	0.49	0.0854239
0.450635	0.49	0.0819339
0.474352	0.49	0.0783351
0.49807	0.49	0.0746381
0.521788	0.49	0.0708532
0.545505	0.49	0.0669912
0.569223	0.49	0.0630627
0.592941	0.49	0.0590786
0.616658	0.49	0.0550496
0.640376	0.49	0.0509865
0.664093	0.49	0.0469003
0.687811	0.49	0.0428017
0.711529	0.49	0.0387016
0.735246	0.49	0.0346108
0.758964	0.49	0.0305402
0.782682	0.49	0.0265006
0.806399	0.49	0.0225029
0.830117	0.49	0.0185578
0.853834	0.49	0.0146762
0.877552	0.49	0.0108689
0.90127	0.49	0.00714654
0.924987	0.49	0.00351999
0.948705	0.49	0
0	0.5075	0.121638
0.0244754	0.5075	0.121517
0.0489508	0.5075	0.121156
0.0734262	0.5075	0.120556
0.0979016	0.5075	0.119719
0.122377	0.5075	0.118648
0.146852	0.5075	0.117347
0.171328	0.5075	0.115822
0.195803	0.5075	0.114076
0.220279	0.5075	0.112118
0.244754	0.5075	0.109954
0.269229	0.5075	0.107592
0.293705	0.5075	0.105041
0.31818	0.5075	0.102308
0.342656	0.5075	0.099404
0.367131	0.5075	0.0963383
0.391606	0.5075	0.0931213
0.416082	0.5075	0.0897633
0.440557	0.5075	0.0862752
0.465032	0.5075	0.0826681
0.489508	0.5075	0.078953
0.513983	0.5075	0.0751415
0.538459	0.5075	0.071245
0.562934	0.5075	0.067275
0.587409	0.5075	0.0632434
0.611885	0.5075	0.0591619
0.63636	0.5075	0.0550422
0.660836	0.5075	0.0508962
0.685311	0.5075	0.0467357
0.709786	0.5075	0.0425726
0.734262	0.5075	0.0384188
0.758737	0.5075	0.0342861
0.783213	0.5075	0.0301865
0.807688	0.5075	0.0261317
0.832163	0.5075	0.0221337
0.856639	0.5075	0.0182043
0.881114	0.5075	0.0143553
0.90559	0.5075	0.0105985
0.930065	0.5075	0.00694584
0.95454	0.5075	0.00340907
0.979016	0.5075	0
0	0.525	0.123648
0.0252332	0.525	0.123522
0.0504663	0.525	0.123146
0.0756995	0.525	0.122519
0.100933	0.525	0.121646
0.126166	0.525	0.120528
0.151399	0.525	0.119172
0.176632	0.525	0.117581
0.201865	0.525	0.115762
0.227099	0.525	0.113722
0.252332	0.525	0.11147
0.277565	0.525	0.109012
0.302798	0.525	0.106359
0.328031	0.525	0.10352
0.353264	0.525	0.100505
0.378498	0.525	0.0973256
0.403731	0.525	0.093992
0.428964	0.525	0.0905161
0.454197	0.525	0.0869095
0.47943	0.525	0.0831842
0.504663	0.525	0.0793524
0.529897	0.525	0.0754266
0.55513	0.525	0.0714193
0.580363	0.525	0.0673432
0.605596	0.525	0.0632109
0.630829	0.525	0.0590353
0.656062	0.525	0.0548293
0.681296	0.525	0.0506057
0.706529	0.525	0.0463776
0.731762	0.525	0.0421578
0.756995	0.525	0.0379593
0.782228	0.525	0.0337952
0.807461	0.525	0.0296783
0.832695	0.525	0.0256217
0.857928	0.525	0.0216382
0.883161	0.525	0.0177409
0.908394	0.525	0.0139428
0.933627	0.525	0.0102567
0.95886	0.525	0.00669556
0.984094	0.525	0.00327237
1.00933	0.525	0
0	0.5425	0.125473
0.0259909	0.5425	0.125342
0.0519819	0.5425	0.124949
0.0779728	0.5425	0.124295
0.103964	0.5425	0.123384
0.129955	0.5425	0.122218
0.155946	0.5425	0.120804
0.181937	0.5425	0.119145
0.207928	0.5425	0.11725
0.233918	0.5425	0.115126
0.259909	0.5425	0.112782
0.2859	0.5425	0.110226
0.311891	0.5425	0.107468
0.337882	0.5425	0.10452
0.363873	0.5425	0.101391
0.389864	0.5425	0.098095
0.415855	0.5425	0.0946425
0.441846	0.5425	0.0910465
0.467837	0.5425	0.0873196
0.493828	0.5425	0.0834749
0.519819	0.5425	0.0795259
0.54581	0.5425	0.0754858
0.571801	0.5425	0.0713685
0.597792	0.5425	0.0671876
0.623783	0.5425	0.062957
0.649773	0.5425	0.0586908
0.675764	0.5425	0.0544029
0.701755	0.5425	0.0501073
0.727746	0.5425	0.0458182
0.753737	0.5425	0.0415498
0.779728	0.5425	0.037316
0.805719	0.5425	0.0331312
0.83171	0.5425	0.0290094
0.857701	0.5425	0.0249647
0.883692	0.5425	0.0210113
0.909683	0.5425	0.0171634
0.935674	0.5425	0.0134351
0.961665	0.5425	0.00984045
0.987656	0.5425	0.00639367
1.01365	0.5425	0.00310882
1.03964	0.5425	0
0	0.56	0.127111
0.0267487	0.56	0.126975
0.0534974	0.56	0.126564
0.0802461	0.56	0.125882
0.106995	0.56	0.124931
0.133744	0.56	0.123716
0.160492	0.56	0.122241
0.187241	0.56	0.120512
0.21399	0.56	0.118538
0.240738	0.56	0.116327
0.267487	0.56	0.113887
0.294236	0.56	0.111229
0.320985	0.56	0.108363
0.347733	0.56	0.105302
0.374482	0.56	0.102057
0.401231	0.56	0.0986406
0.427979	0.56	0.0950663
0.454728	0.56	0.0913477
0.481477	0.56	0.0874985
0.508226	0.56	0.0835331
0.534974	0.56	0.0794657
0.561723	0.56	0.0753113
0.588472	0.56	0.0710844
0.61522	0.56	0.0668003
0.641969	0.56	0.0624738
0.668718	0.56	0.0581203
0.695466	0.56	0.053755
0.722215	0.56	0.0493931
0.748964	0.56	0.0450501
0.775713	0.56	0.0407412
0.802461	0.56	0.0364818
0.82921	0.56	0.0322874
0.855959	0.56	0.0281733
0.882707	0.56	0.024155
0.909456	0.56	0.0202478
0.936205	0.56	0.0164671
0.962954	0.56	0.0128283
0.989702	0.56	0.00934688
1.01645	0.56	0.00603811
1.0432	0.56	0.00291738
1.06995	0.56	0
0	0.5775	0.128561
0.0275065	0.5775	0.128418
0.055013	0.5775	0.12799
0.0825195	0.5775	0.127278
0.110026	0.5775	0.126286
0.137532	0.5775	0.125018
0.165039	0.5775	0.12348
0.192545	0.5775	0.121679
0.220052	0.5775	0.119622
0.247558	0.5775	0.117319
0.275065	0.5775	0.114781
0.302571	0.5775	0.112017
0.330078	0.5775	0.10904
0.357584	0.5775	0.105862
0.385091	0.5775	0.102496
0.412597	0.5775	0.0989562
0.440104	0.5775	0.095257
0.46761	0.5775	0.091413
0.495117	0.5775	0.0874392
0.522623	0.5775	0.0833511
0.55013	0.5775	0.0791645
0.577636	0.5775	0.0748951
0.605143	0.5775	0.0705593
0.632649	0.5775	0.0661731
0.660156	0.5775	0.0617532
0.687662	0.5775	0.0573158
0.715169	0.5775	0.0528776
0.742675	0.5775	0.0484552
0.770182	0.5775	0.0440652
0.797688	0.5775	0.0397244
0.825195	0.5775	0.0354495
0.852701	0.5775	0.0312571
0.880207	0.5775	0.0271639
0.907714	0.5775	0.0231868
0.93522	0.5775	0.0193424
0.962727	0.5775	0.0156475
0.990233	0.5775	0.0121188
1.01774	0.5775	0.00877302
1.04525	0.5775	0.00562687
1.07275	0.5775	0.00269702
1.10026	0.5775	0
0	0.595	0.12982
0.0282643	0.595	0.129671
0.0565285	0.595	0.129224
0.0847928	0.595	0.128481
0.113057	0.595	0.127446
0.141321	0.595	0.126123
0.169586	0.595	0.124519
0.19785	0.595	0.122641
0.226114	0.595	0.120499
0.254378	0.595	0.118101
0.282643	0.595	0.115459
0.310907	0.595	0.112585
0.339171	0.595	0.109492
0.367435	0.595	0.106193
0.3957	0.595	0.102703
0.423964	0.595	0.0990358
0.452228	0.595	0.0952081
0.480492	0.595	0.0912355
0.508757	0.595	0.0871345
0.537021	0.595	0.0829217
0.565285	0.595	0.0786143
0.593549	0.595	0.0742295
0.621814	0.595	0.0697849
0.650078	0.595	0.0652981
0.678342	0.595	0.0607868
0.706606	0.595	0.056269
0.734871	0.595	0.0517626
0.763135	0.595	0.0472856
0.791399	0.595	0.042856
0.819663	0.595	0.0384921
0.847928	0.595	0.0342118
0.876192	0.595	0.0300333
0.904456	0.595	0.0259748
0.93272	0.595	0.0220543
0.960985	0.595	0.01829
0.989249	0.595	0.0147001
1.01751	0.595	0.0113027
1.04578	0.595	0.00811595
1.07404	0.595	0.00515797
1.10231	0.595	0.00244676
1.13057	0.595	0
0	0.6125	0.130888
0.029022	0.6125	0.130732
0.0580441	0.6125	0.130265
0.0870661	0.6125	0.12949
0.116088	0.6125	0.128409
0.14511	0.6125	0.127029
0.174132	0.6125	0.125356
0.203154	0.6125	0.123398
0.232176	0.6125	0.121165
0.261198	0.6125	0.118668
0.29022	0.6125	0.115919
0.319242	0.6125	0.11293
0.348264	0.6125	0.109716
0.377286	0.6125	0.106291
0.406308	0.6125	0.102672
0.43533	0.6125	0.0988732
0.464352	0.6125	0.094913
0.493374	0.6125	0.0908084
0.522397	0.6125	0.0865771
0.551419	0.6125	0.0822373
0.580441	0.6125	0.0778076
0.609463	0.6125	0.0733066
0.638485	0.6125	0.0687533
0.667507	0.6125	0.0641669
0.696529	0.6125	0.0595666
0.725551	0.6125	0.0549717
0.754573	0.6125	0.0504018
0.783595	0.6125	0.0458762
0.812617	0.6125	0.0414146
0.841639	0.6125	0.0370365
0.870661	0.6125	0.0327616
0.899683	0.6125	0.0286094
0.928705	0.6125	0.0245995
0.957727	0.6125	0.0207517
0.986749	0.6125	0.0170854
1.01577	0.6125	0.0136204
1.04479	0.6125	0.0103763
1.07382	0.6125	0.00737284
1.10284	0.6125	0.00462954
1.13186	0.6125	0.00216576
1.16088	0.6125	0
0	0.63	0.131763
0.0297798	0.63	0.1316
0.0595596	0.63	0.131113
0.0893394	0.63	0.130302
0.119119	0.63	0.129174
0.148899	0.63	0.127733
0.178679	0.63	0.125987
0.208459	0.63	0.123946
0.238238	0.63	0.121618
0.268018	0.63	0.119017
0.297798	0.63	0.116155
0.327578	0.63	0.113046
0.357358	0.63	0.109706
0.387137	0.63	0.106151
0.416917	0.63	0.102397
0.446697	0.63	0.0984623
0.476477	0.63	0.0943653
0.506257	0.63	0.0901247
0.536036	0.63	0.0857598
0.565816	0.63	0.0812904
0.595596	0.63	0.0767364
0.625376	0.63	0.0721182
0.655156	0.63	0.0674563
0.684935	0.63	0.0627713
0.714715	0.63	0.0580842
0.744495	0.63	0.0534157
0.774275	0.63	0.048787
0.804055	0.63	0.0442191
0.833834	0.63	0.0397332
0.863614	0.63	0.0353503
0.893394	0.63	0.0310916
0.923174	0.63	0.0269784
0.952954	0.63	0.0230318
0.982733	0.63	0.019273
1.01251	0.63	0.0157233
1.04229	0.63	0.0124038
1.07207	0.63	0.00933597
1.10185	0.63	0.00654097
1.13163	0.63	0.00403997
1.16141	0.63	0.00185343
1.19119	0.63	0
0	0.6475	0.132444
0.0305376	0.6475	0.132274
0.0610751	0.6475	0.131765
0.0916127	0.6475	0.130918
0.12215	0.6475	0.129739
0.152688	0.6475	0.128235
0.183225	0.6475	0.126412
0.213763	0.6475	0.124282
0.244301	0.6475	0.121855
0.274838	0.6475	0.119145
0.305376	0.6475	0.116165
0.335913	0.6475	0.11293
0.366451	0.6475	0.109458
0.396988	0.6475	0.105767
0.427526	0.6475	0.101873
0.458064	0.6475	0.0977969
0.488601	0.6475	0.0935582
0.519139	0.6475	0.0891773
0.549676	0.6475	0.0846752
0.580214	0.6475	0.0800732
0.610751	0.6475	0.0753929
0.641289	0.6475	0.0706563
0.671827	0.6475	0.0658856
0.702364	0.6475	0.0611031
0.732902	0.6475	0.0563312
0.763439	0.6475	0.0515927
0.793977	0.6475	0.0469101
0.824514	0.6475	0.0423062
0.855052	0.6475	0.0378038
0.88559	0.6475	0.0334256
0.916127	0.6475	0.0291946
0.946665	0.6475	0.0251335
0.977202	0.6475	0.0212652
1.00774	0.6475	0.0176126
1.03828	0.6475	0.0141985
1.06882	0.6475	0.011046
1.09935	0.6475	0.00817818
1.12989	0.6475	0.00561799
1.16043	0.6475	0.00338813
1.19097	0.6475	0.00150977
1.2215	0.6475	0
0	0.665	0.132931
0.0312953	0.665	0.132754
0.0625907	0.665	0.132221
0.093886	0.665	0.131336
0.125181	0.665	0.130104
0.156477	0.665	0.128532
0.187772	0.665	0.126628
0.219067	0.665	0.124405
0.250363	0.665	0.121873
0.281658	0.665	0.119047
0.312953	0.665	0.115943
0.344249	0.665	0.112577
0.375544	0.665	0.108967
0.406839	0.665	0.105133
0.438135	0.665	0.101094
0.46943	0.665	0.0968706
0.500726	0.665	0.0924851
0.532021	0.665	0.0879594
0.563316	0.665	0.083316
0.594612	0.665	0.0785782
0.625907	0.665	0.0737692
0.657202	0.665	0.0689129
0.688498	0.665	0.064033
0.719793	0.665	0.0591538
0.751088	0.665	0.0542994
0.782384	0.665	0.0494942
0.813679	0.665	0.0447627
0.844974	0.665	0.0401293
0.87627	0.665	0.0356186
0.907565	0.665	0.0312551
0.93886	0.665	0.0270633
0.970156	0.665	0.0230679
1.00145	0.665	0.0192934
1.03275	0.665	0.0157646
1.06404	0.665	0.012506
1.09534	0.665	0.0095428
1.12663	0.665	0.00689985
1.15793	0.665	0.00460222
1.18922	0.665	0.00267398
1.22052	0.665	0.00113594
1.25181	0.665	0
0	0.6825	0.133224
0.0320531	0.6825	0.133038
0.0641062	0.6825	0.13248
0.0961594	0.6825	0.131555
0.128212	0.6825	0.130266
0.160266	0.6825	0.128623
0.192319	0.6825	0.126634
0.224372	0.6825	0.124312
0.256425	0.6825	0.121669
0.288478	0.6825	0.118722
0.320531	0.6825	0.115487
0.352584	0.6825	0.111983
0.384637	0.6825	0.108228
0.416691	0.6825	0.104245
0.448744	0.6825	0.100053
0.480797	0.6825	0.0956772
0.51285	0.6825	0.0911392
0.544903	0.6825	0.0864636
0.576956	0.6825	0.0816747
0.609009	0.6825	0.0767975
0.641062	0.6825	0.0718573
0.673115	0.6825	0.0668796
0.705169	0.6825	0.0618902
0.737222	0.6825	0.056915
0.769275	0.6825	0.0519802
0.801328	0.6825	0.047112
0.833381	0.6825	0.0423366
0.865434	0.6825	0.0376804
0.897487	0.6825	0.0331697
0.92954	0.6825	0.0288309
0.961594	0.6825	0.0246904
0.993647	0.6825	0.0207746
1.0257	0.6825	0.01711
1.05775	0.6825	0.0137232
1.08981	0.6825	0.0106409
1.12186	0.6825	0.00789023
1.15391	0.6825	0.00549866
1.18597	0.6825	0.00349341
1.21802	0.6825	0.00189967
1.25007	0.6825	0.000735511
1.28212	0.6825	0
0	0.7	0.133321
0.0328109	0.7	0.133127
0.0656218	0.7	0.132543
0.0984327	0.7	0.131574
0.131244	0.7	0.130225
0.164054	0.7	0.128506
0.196865	0.7	0.126427
0.229676	0.7	0.124
0.262487	0.7	0.121241
0.295298	0.7	0.118166
0.328109	0.7	0.114793
0.36092	0.7	0.111143
0.393731	0.7	0.107237
0.426542	0.7	0.103096
0.459352	0.7	0.0987462
0.492163	0.7	0.0942102
0.524974	0.7	0.0895138
0.557785	0.7	0.0846828
0.590596	0.7	0.0797437
0.623407	0.7	0.0747234
0.656218	0.7	0.0696491
0.689029	0.7	0.0645483
0.72184	0.7	0.0594487
0.75465	0.7	0.0543784
0.787461	0.7	0.0493653
0.820272	0.7	0.0444376
0.853083	0.7	0.0396235
0.885894	0.7	0.0349513
0.918705	0.7	0.0304492
0.951516	0.7	0.0261455
0.984327	0.7	0.0220687
1.01714	0.7	0.0182469
1.04995	0.7	0.0147087
1.08276	0.7	0.0114828
1.11557	0.7	0.00859839
1.14838	0.7	0.00608526
1.18119	0.7	0.00397387
1.214	0.7	0.00229419
1.24681	0.7	0.00107168
1.27962	0.7	0.000316741
1.31244	0.7	0
