0	0	0
0.00625	0	0
0.0125	0	0
0.01875	0	0
0.025	0	0
0.03125	0	0
0.0375	0	0
0.04375	0	0
0.05	0	0
0.05625	0	0
0.0625	0	0
0.06875	0	0
0.075	0	0
0.08125	0	0
0.0875	0	0
0.09375	0	0
0.1	0	0
0.10625	0	0
0.1125	0	0
0.11875	0	0
0.125	0	0
0.13125	0	0
0.1375	0	0
0.14375	0	0
0.15	0	0
0.15625	0	0
0.1625	0	0
0.16875	0	0
0.175	0	0
0.18125	0	0
0.1875	0	0
0.19375	0	0
0.2	0	0
0.20625	0	0
0.2125	0	0
0.21875	0	0
0.225	0	0
0.23125	0	0
0.2375	0	0
0.24375	0	0
0.25	0	0
0	0.0025	0.000243837
0.00702875	0.0025	0.000243837
0.0140575	0.0025	0.000243828
0.0210862	0.0025	0.00024381
0.028115	0.0025	0.000243786
0.0351437	0.0025	0.000243753
0.0421725	0.0025	0.000243713
0.0492012	0.0025	0.000243665
0.05623	0.0025	0.000243608
0.0632587	0.0025	0.000243542
0.0702875	0.0025	0.000243468
0.0773162	0.0025	0.000243386
0.084345	0.0025	0.000243299
0.0913737	0.0025	0.000243212
0.0984024	0.0025	0.00024313
0.105431	0.0025	0.000243059
0.11246	0.0025	0.000243009
0.119489	0.0025	0.000242987
0.126517	0.0025	0.000242999
0.133546	0.0025	0.000243045
0.140575	0.0025	0.000243122
0.147604	0.0025	0.000243212
0.154632	0.0025	0.000243288
0.161661	0.0025	0.000243304
0.16869	0.0025	0.000243192
0.175719	0.0025	0.000242859
0.182747	0.0025	0.000242181
0.189776	0.0025	0.000240999
0.196805	0.0025	0.000239112
0.203834	0.0025	0.00023627
0.210862	0.0025	0.000232172
0.217891	0.0025	0.000226454
0.22492	0.0025	0.000218682
0.231949	0.0025	0.000208346
0.238977	0.0025	0.000194848
0.246006	0.0025	0.000177489
0.253035	0.0025	0.000155466
0.260064	0.0025	0.000127848
0.267092	0.0025	9.35706e-05
0.274121	0.0025	5.14165e-05
0.28115	0.0025	0
0	0.005	0.000481433
0.00780749	0.005	0.000481433
0.015615	0.005	0.000481408
0.0234225	0.005	0.000481366
0.03123	0.005	0.000481304
0.0390375	0.005	0.000481224
0.046845	0.005	0.000481125
0.0546524	0.005	0.000481005
0.0624599	0.005	0.000480864
0.0702674	0.005	0.000480703
0.0780749	0.005	0.000480525
0.0858824	0.005	0.000480335
0.0936899	0.005	0.000480143
0.101497	0.005	0.000479961
0.109305	0.005	0.0004798
0.117112	0.005	0.000479673
0.12492	0.005	0.000479583
0.132727	0.005	0.000479524
0.140535	0.005	0.000479472
0.148342	0.005	0.000479377
0.15615	0.005	0.000479158
0.163957	0.005	0.000478696
0.171765	0.005	0.000477826
0.179572	0.005	0.000476333
0.18738	0.005	0.00047395
0.195187	0.005	0.000470354
0.202995	0.005	0.00046517
0.210802	0.005	0.000457972
0.21861	0.005	0.00044829
0.226417	0.005	0.000435622
0.234225	0.005	0.000419452
0.242032	0.005	0.000399263
0.24984	0.005	0.000374572
0.257647	0.005	0.000344953
0.265455	0.005	0.000310086
0.273262	0.005	0.000269801
0.28107	0.005	0.000224135
0.288877	0.005	0.000173407
0.296685	0.005	0.000118292
0.304492	0.005	5.99238e-05
0.3123	0.005	0
0	0.0075	0.000712794
0.00858624	0.0075	0.000712791
0.0171725	0.0075	0.000712746
0.0257587	0.0075	0.000712669
0.034345	0.0075	0.000712558
0.0429312	0.0075	0.000712413
0.0515174	0.0075	0.000712232
0.0601037	0.0075	0.000712014
0.0686899	0.0075	0.000711761
0.0772761	0.0075	0.000711475
0.0858624	0.0075	0.000711166
0.0944486	0.0075	0.000710845
0.103035	0.0075	0.000710527
0.111621	0.0075	0.000710225
0.120207	0.0075	0.000709944
0.128794	0.0075	0.00070967
0.13738	0.0075	0.000709364
0.145966	0.0075	0.000708946
0.154552	0.0075	0.000708288
0.163139	0.0075	0.000707201
0.171725	0.0075	0.000705433
0.180311	0.0075	0.000702663
0.188897	0.0075	0.000698502
0.197483	0.0075	0.000692501
0.20607	0.0075	0.000684162
0.214656	0.0075	0.000672953
0.223242	0.0075	0.000658332
0.231828	0.0075	0.000639771
0.240415	0.0075	0.000616788
0.249001	0.0075	0.000588977
0.257587	0.0075	0.00055604
0.266173	0.0075	0.000517825
0.27476	0.0075	0.000474347
0.283346	0.0075	0.000425818
0.291932	0.0075	0.000372652
0.300518	0.0075	0.000315468
0.309105	0.0075	0.000255066
0.317691	0.0075	0.000192379
0.326277	0.0075	0.000128397
0.334863	0.0075	6.40423e-05
0.34345	0.0075	0
0	0.01	0.000937925
0.00936498	0.01	0.000937917
0.01873	0.01	0.000937846
0.028095	0.01	0.000937723
0.0374599	0.01	0.000937548
0.0468249	0.01	0.000937318
0.0561899	0.01	0.000937032
0.0655549	0.01	0.000936689
0.0749199	0.01	0.000936292
0.0842849	0.01	0.00093585
0.0936498	0.01	0.000935376
0.103015	0.01	0.000934883
0.11238	0.01	0.00093438
0.121745	0.01	0.000933856
0.13111	0.01	0.00093327
0.140475	0.01	0.000932531
0.14984	0.01	0.000931487
0.159205	0.01	0.000929906
0.16857	0.01	0.000927474
0.177935	0.01	0.00092379
0.1873	0.01	0.000918371
0.196665	0.01	0.000910669
0.20603	0.01	0.000900089
0.215395	0.01	0.000886018
0.22476	0.01	0.000867864
0.234125	0.01	0.000845086
0.24349	0.01	0.000817234
0.252855	0.01	0.000783987
0.26222	0.01	0.000745183
0.271585	0.01	0.00070084
0.28095	0.01	0.000651168
0.290315	0.01	0.000596569
0.299679	0.01	0.000537621
0.309044	0.01	0.000475044
0.318409	0.01	0.000409654
0.327774	0.01	0.000342301
0.337139	0.01	0.000273804
0.346504	0.01	0.000204877
0.355869	0.01	0.000136069
0.365234	0.01	6.77272e-05
0.374599	0.01	0
0	0.0125	0.00115683
0.0101437	0.0125	0.00115681
0.0202875	0.0125	0.00115671
0.0304312	0.0125	0.00115653
0.0405749	0.0125	0.00115628
0.0507186	0.0125	0.00115594
0.0608624	0.0125	0.00115552
0.0710061	0.0125	0.00115502
0.0811498	0.0125	0.00115445
0.0912936	0.0125	0.00115381
0.101437	0.0125	0.00115311
0.111581	0.0125	0.00115236
0.121725	0.0125	0.00115153
0.131868	0.0125	0.00115053
0.142012	0.0125	0.00114923
0.152156	0.0125	0.00114739
0.1623	0.0125	0.00114467
0.172443	0.0125	0.00114062
0.182587	0.0125	0.0011347
0.192731	0.0125	0.00112627
0.202875	0.0125	0.00111466
0.213018	0.0125	0.00109916
0.223162	0.0125	0.00107911
0.233306	0.0125	0.00105394
0.24345	0.0125	0.00102316
0.253593	0.0125	0.000986496
0.263737	0.0125	0.000943835
0.273881	0.0125	0.000895284
0.284024	0.0125	0.000841158
0.294168	0.0125	0.000781964
0.304312	0.0125	0.000718371
0.314456	0.0125	0.00065116
0.324599	0.0125	0.000581173
0.334743	0.0125	0.000509249
0.344887	0.0125	0.000436164
0.355031	0.0125	0.000362584
0.365174	0.0125	0.000289025
0.375318	0.0125	0.000215842
0.385462	0.0125	0.000143237
0.395605	0.0125	7.12886e-05
0.405749	0.0125	0
0	0.015	0.00136951
0.0109225	0.015	0.00136949
0.021845	0.015	0.00136934
0.0327674	0.015	0.0013691
0.0436899	0.015	0.00136874
0.0546124	0.015	0.00136828
0.0655349	0.015	0.0013677
0.0764573	0.015	0.00136701
0.0873798	0.015	0.00136621
0.0983023	0.015	0.0013653
0.109225	0.015	0.00136429
0.120147	0.015	0.00136312
0.13107	0.015	0.00136168
0.141992	0.015	0.00135977
0.152915	0.015	0.00135708
0.163837	0.015	0.00135317
0.17476	0.015	0.00134746
0.185682	0.015	0.00133927
0.196605	0.015	0.00132784
0.207527	0.015	0.00131237
0.21845	0.015	0.0012921
0.229372	0.015	0.00126635
0.240294	0.015	0.00123458
0.251217	0.015	0.00119644
0.262139	0.015	0.00115181
0.273062	0.015	0.00110081
0.283984	0.015	0.00104379
0.294907	0.015	0.000981304
0.305829	0.015	0.000914084
0.316752	0.015	0.000842969
0.327674	0.015	0.000768848
0.338597	0.015	0.000692593
0.349519	0.015	0.00061501
0.360442	0.015	0.000536785
0.371364	0.015	0.000458462
0.382287	0.015	0.000380433
0.393209	0.015	0.000302944
0.404132	0.015	0.000226129
0.415054	0.015	0.000150035
0.425977	0.015	7.46643e-05
0.436899	0.015	0
0	0.0175	0.00157598
0.0117012	0.0175	0.00157594
0.0234024	0.0175	0.00157575
0.0351037	0.0175	0.00157542
0.0468049	0.0175	0.00157495
0.0585061	0.0175	0.00157433
0.0702073	0.0175	0.00157355
0.0819086	0.0175	0.00157262
0.0936098	0.0175	0.00157154
0.105311	0.0175	0.00157027
0.117012	0.0175	0.00156878
0.128713	0.0175	0.00156691
0.140415	0.0175	0.00156443
0.152116	0.0175	0.00156097
0.163817	0.0175	0.00155597
0.175518	0.0175	0.00154875
0.18722	0.0175	0.00153851
0.198921	0.0175	0.00152436
0.210622	0.0175	0.00150541
0.222323	0.0175	0.00148084
0.234024	0.0175	0.00144997
0.245726	0.0175	0.00141231
0.257427	0.0175	0.00136764
0.269128	0.0175	0.001316
0.280829	0.0175	0.00125772
0.292531	0.0175	0.00119334
0.304232	0.0175	0.00112363
0.315933	0.0175	0.00104947
0.327634	0.0175	0.000971827
0.339335	0.0175	0.000891636
0.351037	0.0175	0.000809776
0.362738	0.0175	0.000727008
0.374439	0.0175	0.000643946
0.38614	0.0175	0.000561052
0.397842	0.0175	0.000478637
0.409543	0.0175	0.000396892
0.421244	0.0175	0.000315914
0.432945	0.0175	0.000235736
0.444646	0.0175	0.000156363
0.456348	0.0175	7.77872e-05
0.468049	0.0175	0
0	0.02	0.00177624
0.01248	0.02	0.00177618
0.0249599	0.02	0.00177593
0.0374399	0.02	0.00177551
0.0499199	0.02	0.0017749
0.0623998	0.02	0.00177409
0.0748798	0.02	0.00177308
0.0873598	0.02	0.00177186
0.0998397	0.02	0.00177039
0.11232	0.02	0.00176862
0.1248	0.02	0.0017664
0.13728	0.02	0.00176345
0.14976	0.02	0.00175935
0.16224	0.02	0.00175348
0.17472	0.02	0.00174505
0.1872	0.02	0.00173315
0.199679	0.02	0.00171676
0.212159	0.02	0.00169492
0.224639	0.02	0.00166673
0.237119	0.02	0.0016315
0.249599	0.02	0.0015888
0.262079	0.02	0.00153851
0.274559	0.02	0.00148082
0.287039	0.02	0.00141621
0.299519	0.02	0.00134541
0.311999	0.02	0.00126935
0.324479	0.02	0.00118905
0.336959	0.02	0.00110554
0.349439	0.02	0.00101981
0.361919	0.02	0.000932737
0.374399	0.02	0.000845047
0.386879	0.02	0.000757307
0.399359	0.02	0.000669926
0.411839	0.02	0.000583169
0.424319	0.02	0.000497196
0.436799	0.02	0.000412086
0.449279	0.02	0.000327869
0.461759	0.02	0.000244553
0.474239	0.02	0.000162136
0.486719	0.02	8.06173e-05
0.499199	0.02	0
0	0.0225	0.00197028
0.0132587	0.0225	0.00197021
0.0265174	0.0225	0.0019699
0.0397761	0.0225	0.00196936
0.0530349	0.0225	0.00196859
0.0662936	0.0225	0.00196757
0.0795523	0.0225	0.00196627
0.092811	0.0225	0.00196467
0.10607	0.0225	0.00196271
0.119328	0.0225	0.00196022
0.132587	0.0225	0.00195694
0.145846	0.0225	0.0019524
0.159105	0.0225	0.00194594
0.172363	0.0225	0.00193669
0.185622	0.0225	0.00192362
0.198881	0.0225	0.00190562
0.212139	0.0225	0.0018816
0.225398	0.0225	0.0018506
0.238657	0.0225	0.00181189
0.251916	0.0225	0.00176508
0.265174	0.0225	0.00171009
0.278433	0.0225	0.00164725
0.291692	0.0225	0.00157718
0.30495	0.0225	0.00150076
0.318209	0.0225	0.00141905
0.331468	0.0225	0.00133319
0.344727	0.0225	0.00124428
0.357985	0.0225	0.00115336
0.371244	0.0225	0.00106131
0.384503	0.0225	0.00096884
0.397761	0.0225	0.000876501
0.41102	0.0225	0.000784667
0.424279	0.0225	0.000693582
0.437538	0.0225	0.00060339
0.450796	0.0225	0.000514162
0.464055	0.0225	0.000425931
0.477314	0.0225	0.000338708
0.490572	0.0225	0.000252497
0.503831	0.0225	0.000167304
0.51709	0.0225	8.31348e-05
0.530349	0.0225	0
0	0.025	0.00215813
0.0140375	0.025	0.00215803
0.0280749	0.025	0.00215764
0.0421124	0.025	0.00215698
0.0561498	0.025	0.00215602
0.0701873	0.025	0.00215474
0.0842248	0.025	0.0021531
0.0982622	0.025	0.00215104
0.1123	0.025	0.0021484
0.126337	0.025	0.00214494
0.140375	0.025	0.00214017
0.154412	0.025	0.00213343
0.16845	0.025	0.00212377
0.182487	0.025	0.00211009
0.196524	0.025	0.00209115
0.210562	0.025	0.00206575
0.224599	0.025	0.00203283
0.238637	0.025	0.00199159
0.252674	0.025	0.00194162
0.266712	0.025	0.00188288
0.280749	0.025	0.00181578
0.294787	0.025	0.00174105
0.308824	0.025	0.00165971
0.322862	0.025	0.00157293
0.336899	0.025	0.00148197
0.350936	0.025	0.001388
0.364974	0.025	0.00129213
0.379011	0.025	0.00119525
0.393049	0.025	0.00109808
0.407086	0.025	0.00100117
0.421124	0.025	0.000904891
0.435161	0.025	0.000809468
0.449199	0.025	0.000715046
0.463236	0.025	0.000621697
0.477274	0.025	0.000529456
0.491311	0.025	0.000438341
0.505349	0.025	0.00034836
0.519386	0.025	0.000259525
0.533423	0.025	0.000171844
0.547461	0.025	8.53314e-05
0.561498	0.025	0
0	0.0275	0.00233977
0.0148162	0.0275	0.00233965
0.0296324	0.0275	0.00233918
0.0444486	0.0275	0.00233837
0.0592648	0.0275	0.0023372
0.074081	0.0275	0.00233562
0.0888972	0.0275	0.00233356
0.103713	0.0275	0.0023309
0.11853	0.0275	0.00232739
0.133346	0.0275	0.00232261
0.148162	0.0275	0.00231586
0.162978	0.0275	0.00230621
0.177794	0.0275	0.00229246
0.192611	0.0275	0.00227328
0.207427	0.0275	0.00224733
0.222243	0.0275	0.00221342
0.237059	0.0275	0.00217065
0.251875	0.0275	0.00211852
0.266692	0.0275	0.002057
0.281508	0.0275	0.00198653
0.296324	0.0275	0.00190793
0.31114	0.0275	0.00182232
0.325957	0.0275	0.001731
0.340773	0.0275	0.00163532
0.355589	0.0275	0.00153658
0.370405	0.0275	0.00143592
0.385221	0.0275	0.00133431
0.400038	0.0275	0.00123248
0.414854	0.0275	0.00113101
0.42967	0.0275	0.00103025
0.444486	0.0275	0.000930464
0.459302	0.0275	0.000831784
0.474119	0.0275	0.00073429
0.488935	0.0275	0.000638024
0.503751	0.0275	0.000543009
0.518567	0.0275	0.00044926
0.533383	0.0275	0.00035679
0.5482	0.0275	0.000265614
0.563016	0.0275	0.000175748
0.577832	0.0275	8.72046e-05
0.592648	0.0275	0
0	0.03	0.00251522
0.015595	0.03	0.00251507
0.0311899	0.03	0.0025145
0.0467849	0.03	0.00251353
0.0623798	0.03	0.00251211
0.0779748	0.03	0.00251018
0.0935697	0.03	0.00250762
0.109165	0.03	0.00250421
0.12476	0.03	0.00249958
0.140355	0.03	0.00249309
0.15595	0.03	0.00248379
0.171544	0.03	0.00247048
0.187139	0.03	0.00245172
0.202734	0.03	0.00242605
0.218329	0.03	0.00239209
0.233924	0.03	0.0023488
0.249519	0.03	0.00229556
0.265114	0.03	0.00223227
0.280709	0.03	0.00215935
0.296304	0.03	0.00207767
0.311899	0.03	0.00198846
0.327494	0.03	0.00189311
0.343089	0.03	0.0017931
0.358684	0.03	0.00168983
0.374279	0.03	0.00158454
0.389874	0.03	0.00147825
0.405469	0.03	0.00137179
0.421064	0.03	0.00126572
0.436659	0.03	0.00116046
0.452254	0.03	0.00105626
0.467849	0.03	0.000953269
0.483444	0.03	0.000851588
0.499038	0.03	0.000751261
0.514633	0.03	0.000652317
0.530228	0.03	0.000554778
0.545823	0.03	0.00045866
0.561418	0.03	0.000363982
0.577013	0.03	0.000270761
0.592608	0.03	0.000179013
0.608203	0.03	8.87547e-05
0.623798	0.03	0
0	0.0325	0.00268447
0.0163737	0.0325	0.0026843
0.0327474	0.0325	0.00268362
0.0491211	0.0325	0.00268247
0.0654948	0.0325	0.00268077
0.0818685	0.0325	0.00267842
0.0982422	0.0325	0.00267525
0.114616	0.0325	0.00267092
0.13099	0.0325	0.00266487
0.147363	0.0325	0.00265621
0.163737	0.0325	0.00264376
0.180111	0.0325	0.00262601
0.196484	0.0325	0.00260137
0.212858	0.0325	0.0025683
0.229232	0.0325	0.00252552
0.245605	0.0325	0.00247226
0.261979	0.0325	0.00240825
0.278353	0.0325	0.00233387
0.294727	0.0325	0.00224998
0.3111	0.0325	0.00215786
0.327474	0.0325	0.00205903
0.343848	0.0325	0.00195507
0.360221	0.0325	0.00184753
0.376595	0.0325	0.00173775
0.392969	0.0325	0.00162687
0.409342	0.0325	0.00151577
0.425716	0.0325	0.00140508
0.44209	0.0325	0.00129525
0.458464	0.0325	0.00118657
0.474837	0.0325	0.00107922
0.491211	0.0325	0.000973288
0.507585	0.0325	0.000868843
0.523958	0.0325	0.00076592
0.540332	0.0325	0.000664546
0.556706	0.0325	0.000564744
0.573079	0.0325	0.000466533
0.589453	0.0325	0.000369933
0.605827	0.0325	0.000274964
0.622201	0.0325	0.000181642
0.638574	0.0325	8.99831e-05
0.654948	0.0325	0
0	0.035	0.00284754
0.0171524	0.035	0.00284733
0.0343049	0.035	0.00284654
0.0514573	0.035	0.00284518
0.0686098	0.035	0.00284317
0.0857622	0.035	0.00284034
0.102915	0.035	0.00283643
0.120067	0.035	0.00283096
0.13722	0.035	0.00282315
0.154372	0.035	0.00281186
0.171524	0.035	0.0027956
0.188677	0.035	0.00277266
0.205829	0.035	0.00274132
0.222982	0.035	0.00270009
0.240134	0.035	0.0026479
0.257287	0.035	0.00258431
0.274439	0.035	0.00250952
0.291592	0.035	0.00242437
0.308744	0.035	0.00233013
0.325896	0.035	0.00222843
0.343049	0.035	0.00212098
0.360201	0.035	0.00200947
0.377354	0.035	0.00189538
0.394506	0.035	0.00177997
0.411659	0.035	0.00166423
0.428811	0.035	0.00154889
0.445964	0.035	0.00143443
0.463116	0.035	0.0013212
0.480268	0.035	0.00120939
0.497421	0.035	0.00109913
0.514573	0.035	0.000990492
0.531726	0.035	0.000883519
0.548878	0.035	0.000778245
0.566031	0.035	0.000674698
0.583183	0.035	0.000572901
0.600336	0.035	0.000472877
0.617488	0.035	0.000374646
0.63464	0.035	0.000278228
0.651793	0.035	0.000183638
0.668945	0.035	9.08913e-05
0.686098	0.035	0
0	0.0375	0.00300443
0.0179312	0.0375	0.00300417
0.0358624	0.0375	0.00300326
0.0537936	0.0375	0.00300167
0.0717248	0.0375	0.0029993
0.0896559	0.0375	0.00299591
0.107587	0.0375	0.00299112
0.125518	0.0375	0.00298427
0.14345	0.0375	0.00297434
0.161381	0.0375	0.0029599
0.179312	0.0375	0.0029392
0.197243	0.0375	0.00291034
0.215174	0.0375	0.00287159
0.233105	0.0375	0.00282158
0.251037	0.0375	0.00275957
0.268968	0.0375	0.00268555
0.286899	0.0375	0.00260018
0.30483	0.0375	0.00250475
0.322761	0.0375	0.0024009
0.340693	0.0375	0.0022905
0.358624	0.0375	0.00217537
0.376555	0.0375	0.00205719
0.394486	0.0375	0.00193737
0.412417	0.0375	0.00181702
0.430349	0.0375	0.00169698
0.44828	0.0375	0.00157783
0.466211	0.0375	0.00145996
0.484142	0.0375	0.0013436
0.502073	0.0375	0.00122891
0.520005	0.0375	0.00111598
0.537936	0.0375	0.00100486
0.555867	0.0375	0.000895602
0.573798	0.0375	0.000788228
0.591729	0.0375	0.000682769
0.60966	0.0375	0.000579251
0.627592	0.0375	0.000477697
0.645523	0.0375	0.000378125
0.663454	0.0375	0.000280556
0.681385	0.0375	0.000185003
0.699316	0.0375	9.14808e-05
0.717248	0.0375	0
0	0.04	0.00315513
0.0187099	0.04	0.00315484
0.0374199	0.04	0.00315378
0.0561298	0.04	0.00315195
0.0748397	0.04	0.00314916
0.0935497	0.04	0.00314512
0.11226	0.04	0.00313929
0.13097	0.04	0.00313081
0.149679	0.04	0.00311836
0.168389	0.04	0.00310025
0.187099	0.04	0.00307447
0.205809	0.04	0.00303904
0.224519	0.04	0.00299226
0.243229	0.04	0.00293303
0.261939	0.04	0.002861
0.280649	0.04	0.00277661
0.299359	0.04	0.00268102
0.318069	0.04	0.00257591
0.336779	0.04	0.00246322
0.355489	0.04	0.00234495
0.374199	0.04	0.00222298
0.392909	0.04	0.00209889
0.411619	0.04	0.00197399
0.430329	0.04	0.00184924
0.449038	0.04	0.00172533
0.467748	0.04	0.00160271
0.486458	0.04	0.0014817
0.505168	0.04	0.00136247
0.523878	0.04	0.00124513
0.542588	0.04	0.00112975
0.561298	0.04	0.00101639
0.580008	0.04	0.000905089
0.598718	0.04	0.000795871
0.617428	0.04	0.000688766
0.636138	0.04	0.000583801
0.654848	0.04	0.000480998
0.673558	0.04	0.000380376
0.692268	0.04	0.000281952
0.710978	0.04	0.00018574
0.729687	0.04	9.17529e-05
0.748397	0.04	0
0	0.0425	0.00329966
0.0194887	0.0425	0.00329932
0.0389774	0.0425	0.00329811
0.058466	0.0425	0.003296
0.0779547	0.0425	0.00329275
0.0974434	0.0425	0.00328796
0.116932	0.0425	0.00328092
0.136421	0.0425	0.00327051
0.155909	0.0425	0.00325515
0.175398	0.0425	0.00323282
0.194887	0.0425	0.00320137
0.214375	0.0425	0.00315877
0.233864	0.0425	0.00310348
0.253353	0.0425	0.00303473
0.272842	0.0425	0.00295263
0.29233	0.0425	0.00285811
0.311819	0.0425	0.00275277
0.331308	0.0425	0.00263862
0.350796	0.0425	0.00251783
0.370285	0.0425	0.00239247
0.389774	0.0425	0.00226436
0.409262	0.0425	0.002135
0.428751	0.0425	0.00200555
0.44824	0.0425	0.00187682
0.467728	0.0425	0.00174937
0.487217	0.0425	0.00162358
0.506706	0.0425	0.00149967
0.526194	0.0425	0.00137779
0.545683	0.0425	0.00125803
0.565172	0.0425	0.00114044
0.58466	0.0425	0.00102508
0.604149	0.0425	0.000911983
0.623638	0.0425	0.000801177
0.643126	0.0425	0.000692693
0.662615	0.0425	0.000586556
0.682104	0.0425	0.000482786
0.701593	0.0425	0.000381402
0.721081	0.0425	0.00028242
0.74057	0.0425	0.000185851
0.760059	0.0425	9.17086e-05
0.779547	0.0425	0
0	0.045	0.00343801
0.0202674	0.045	0.00343762
0.0405349	0.045	0.00343625
0.0608023	0.045	0.00343384
0.0810697	0.045	0.00343007
0.101337	0.045	0.00342442
0.121605	0.045	0.00341598
0.141872	0.045	0.00340334
0.162139	0.045	0.00338463
0.182407	0.045	0.00335759
0.202674	0.045	0.00331991
0.222942	0.045	0.00326962
0.243209	0.045	0.00320545
0.263477	0.045	0.00312703
0.283744	0.045	0.00303495
0.304011	0.045	0.00293062
0.324279	0.045	0.00281605
0.344546	0.045	0.00269353
0.364814	0.045	0.00256534
0.385081	0.045	0.00243356
0.405349	0.045	0.00229993
0.425616	0.045	0.00216582
0.445883	0.045	0.00203224
0.466151	0.045	0.00189987
0.486418	0.045	0.00176918
0.506686	0.045	0.00164046
0.526953	0.045	0.00151389
0.547221	0.045	0.00138958
0.567488	0.045	0.00126762
0.587755	0.045	0.00114806
0.608023	0.045	0.00103093
0.62829	0.045	0.000916289
0.648558	0.045	0.000804155
0.668825	0.045	0.000694558
0.689093	0.045	0.000587522
0.70936	0.045	0.000483066
0.729627	0.045	0.000381208
0.749895	0.045	0.000281962
0.770162	0.045	0.000185339
0.79043	0.045	9.13489e-05
0.810697	0.045	0
0	0.0475	0.0035702
0.0210462	0.0475	0.00356975
0.0420923	0.0475	0.0035682
0.0631385	0.0475	0.00356546
0.0841847	0.0475	0.00356112
0.105231	0.0475	0.00355449
0.126277	0.0475	0.00354443
0.147323	0.0475	0.00352926
0.168369	0.0475	0.00350678
0.189416	0.0475	0.00347451
0.210462	0.0475	0.0034301
0.231508	0.0475	0.00337172
0.252554	0.0475	0.00329841
0.2736	0.0475	0.00321027
0.294646	0.0475	0.0031084
0.315693	0.0475	0.00299467
0.336739	0.0475	0.00287143
0.357785	0.0475	0.00274116
0.378831	0.0475	0.00260621
0.399877	0.0475	0.0024686
0.420923	0.0475	0.00232997
0.44197	0.0475	0.00219154
0.463016	0.0475	0.00205418
0.484062	0.0475	0.00191847
0.505108	0.0475	0.00178479
0.526154	0.0475	0.00165336
0.547201	0.0475	0.00152435
0.568247	0.0475	0.00139784
0.589293	0.0475	0.0012739
0.610339	0.0475	0.00115259
0.631385	0.0475	0.00103395
0.652431	0.0475	0.000918015
0.673478	0.0475	0.000804811
0.694524	0.0475	0.000694367
0.71557	0.0475	0.000586705
0.736616	0.0475	0.000481844
0.757662	0.0475	0.000379798
0.778708	0.0475	0.000280581
0.799755	0.0475	0.000184204
0.820801	0.0475	9.06744e-05
0.841847	0.0475	0
0	0.05	0.00369621
0.0218249	0.05	0.0036957
0.0436498	0.05	0.00369397
0.0654748	0.05	0.00369086
0.0872997	0.05	0.00368588
0.109125	0.05	0.00367815
0.13095	0.05	0.00366626
0.152774	0.05	0.00364823
0.174599	0.05	0.00362156
0.196424	0.05	0.0035836
0.218249	0.05	0.00353202
0.240074	0.05	0.00346519
0.261899	0.05	0.00338258
0.283724	0.05	0.00328479
0.305549	0.05	0.0031734
0.327374	0.05	0.00305072
0.349199	0.05	0.00291937
0.371024	0.05	0.00278194
0.392849	0.05	0.0026408
0.414673	0.05	0.00249788
0.436498	0.05	0.00235468
0.458323	0.05	0.00221229
0.480148	0.05	0.00207146
0.501973	0.05	0.00193266
0.523798	0.05	0.00179621
0.545623	0.05	0.0016623
0.567448	0.05	0.00153106
0.589273	0.05	0.00140256
0.611098	0.05	0.00127688
0.632923	0.05	0.00115407
0.654748	0.05	0.00103415
0.676573	0.05	0.000917168
0.698397	0.05	0.000803152
0.720222	0.05	0.000692126
0.742047	0.05	0.00058411
0.763872	0.05	0.000479122
0.785697	0.05	0.000377174
0.807522	0.05	0.00027828
0.829347	0.05	0.000182448
0.851172	0.05	8.9686e-05
0.872997	0.05	0
0	0.0525	0.00381607
0.0226037	0.0525	0.00381549
0.0452073	0.0525	0.00381356
0.067811	0.0525	0.00381006
0.0904147	0.0525	0.00380437
0.113018	0.0525	0.0037954
0.135622	0.0525	0.00378145
0.158226	0.0525	0.00376022
0.180829	0.0525	0.00372895
0.203433	0.0525	0.00368487
0.226037	0.0525	0.00362572
0.24864	0.0525	0.0035502
0.271244	0.0525	0.00345823
0.293848	0.0525	0.00335092
0.316451	0.0525	0.00323035
0.339055	0.0525	0.00309918
0.361659	0.0525	0.00296024
0.384262	0.0525	0.0028162
0.406866	0.0525	0.00266937
0.42947	0.0525	0.00252158
0.452073	0.0525	0.00237419
0.474677	0.0525	0.00222816
0.497281	0.0525	0.00208411
0.519884	0.0525	0.00194246
0.542488	0.0525	0.00180346
0.565092	0.0525	0.00166728
0.587695	0.0525	0.00153403
0.610299	0.0525	0.00140377
0.632903	0.0525	0.00127657
0.655506	0.0525	0.00115248
0.67811	0.0525	0.00103153
0.700714	0.0525	0.000913755
0.723317	0.0525	0.000799185
0.745921	0.0525	0.000687841
0.768525	0.0525	0.000579742
0.791128	0.0525	0.000474904
0.813732	0.0525	0.00037334
0.836336	0.0525	0.00027506
0.858939	0.0525	0.000180073
0.881543	0.0525	8.83843e-05
0.904147	0.0525	0
0	0.055	0.00392976
0.0233824	0.055	0.00392912
0.0467648	0.055	0.00392697
0.0701472	0.055	0.00392305
0.0935296	0.055	0.00391657
0.116912	0.055	0.00390621
0.140294	0.055	0.00388998
0.163677	0.055	0.00386523
0.187059	0.055	0.00382896
0.210442	0.055	0.00377836
0.233824	0.055	0.00371132
0.257207	0.055	0.00362692
0.280589	0.055	0.00352559
0.303971	0.055	0.00340897
0.327354	0.055	0.00327958
0.350736	0.055	0.00314038
0.374119	0.055	0.00299437
0.397501	0.055	0.00284421
0.420883	0.055	0.00269214
0.444266	0.055	0.00253987
0.467648	0.055	0.00238861
0.491031	0.055	0.00223919
0.514413	0.055	0.00209217
0.537795	0.055	0.00194789
0.561178	0.055	0.00180656
0.58456	0.055	0.00166831
0.607943	0.055	0.00153326
0.631325	0.055	0.00140146
0.654708	0.055	0.00127297
0.67809	0.055	0.00114784
0.701472	0.055	0.0010261
0.724855	0.055	0.000907784
0.748237	0.055	0.000792915
0.77162	0.055	0.000681516
0.795002	0.055	0.000573604
0.818384	0.055	0.000469194
0.841767	0.055	0.000368298
0.865149	0.055	0.000270924
0.888532	0.055	0.000177079
0.911914	0.055	8.67698e-05
0.935296	0.055	0
0	0.0575	0.00403729
0.0241612	0.0575	0.00403658
0.0483223	0.0575	0.00403421
0.0724835	0.0575	0.00402982
0.0966446	0.0575	0.00402248
0.120806	0.0575	0.0040106
0.144967	0.0575	0.00399183
0.169128	0.0575	0.00396323
0.193289	0.0575	0.0039216
0.21745	0.0575	0.00386411
0.241612	0.0575	0.00378891
0.265773	0.0575	0.00369552
0.289934	0.0575	0.0035849
0.314095	0.0575	0.00345921
0.338256	0.0575	0.00332138
0.362417	0.0575	0.00317462
0.386579	0.0575	0.003022
0.41074	0.0575	0.00286617
0.434901	0.0575	0.00270926
0.459062	0.0575	0.00255283
0.483223	0.0575	0.00239799
0.507384	0.0575	0.00224545
0.531545	0.0575	0.00209567
0.555707	0.0575	0.00194896
0.579868	0.0575	0.0018055
0.604029	0.0575	0.00166541
0.62819	0.0575	0.00152877
0.652351	0.0575	0.00139565
0.676512	0.0575	0.0012661
0.700674	0.0575	0.00114016
0.724835	0.0575	0.00101787
0.748996	0.0575	0.000899258
0.773157	0.0575	0.000784347
0.797318	0.0575	0.000673155
0.821479	0.0575	0.0005657
0.845641	0.0575	0.000461995
0.869802	0.0575	0.000362049
0.893963	0.0575	0.000265872
0.918124	0.0575	0.000173468
0.942285	0.0575	8.4843e-05
0.966446	0.0575	0
0	0.06	0.00413867
0.0249399	0.06	0.00413788
0.0498798	0.06	0.00413527
0.0748197	0.06	0.0041304
0.0997596	0.06	0.00412211
0.1247	0.06	0.00410854
0.149639	0.06	0.004087
0.174579	0.06	0.00405423
0.199519	0.06	0.00400687
0.224459	0.06	0.00394217
0.249399	0.06	0.0038586
0.274339	0.06	0.00375617
0.299279	0.06	0.00363639
0.324219	0.06	0.00350191
0.349159	0.06	0.00335602
0.374099	0.06	0.00320212
0.399038	0.06	0.00304333
0.423978	0.06	0.00288224
0.448918	0.06	0.00272084
0.473858	0.06	0.00256056
0.498798	0.06	0.00240239
0.523738	0.06	0.00224694
0.548678	0.06	0.00209463
0.573618	0.06	0.0019457
0.598558	0.06	0.00180031
0.623498	0.06	0.00165857
0.648437	0.06	0.00152056
0.673377	0.06	0.00138634
0.698317	0.06	0.00125595
0.723257	0.06	0.00112944
0.748197	0.06	0.00100684
0.773137	0.06	0.000888185
0.798077	0.06	0.000773485
0.823017	0.06	0.000662763
0.847957	0.06	0.000556034
0.872897	0.06	0.000453309
0.897837	0.06	0.000354597
0.922776	0.06	0.000259906
0.947716	0.06	0.000169241
0.972656	0.06	8.26044e-05
0.997596	0.06	0
0	0.0625	0.0042339
0.0257186	0.0625	0.00423302
0.0514373	0.0625	0.00423017
0.0771559	0.0625	0.00422476
0.102875	0.0625	0.00421546
0.128593	0.0625	0.00420004
0.154312	0.0625	0.00417548
0.180031	0.0625	0.00413822
0.205749	0.0625	0.0040848
0.231468	0.0625	0.00401261
0.257186	0.0625	0.00392051
0.282905	0.0625	0.00380904
0.308624	0.0625	0.00368025
0.334342	0.0625	0.00353728
0.360061	0.0625	0.00338372
0.38578	0.0625	0.0032231
0.411498	0.0625	0.00305854
0.437217	0.0625	0.00289254
0.462936	0.0625	0.00272696
0.488654	0.0625	0.00256311
0.514373	0.0625	0.00240184
0.540092	0.0625	0.00224371
0.56581	0.0625	0.00208906
0.591529	0.0625	0.00193811
0.617248	0.0625	0.00179099
0.642966	0.0625	0.00164781
0.668685	0.0625	0.00150864
0.694404	0.0625	0.00137353
0.720122	0.0625	0.00124254
0.745841	0.0625	0.00111569
0.771559	0.0625	0.000993028
0.797278	0.0625	0.000874567
0.822997	0.0625	0.000760333
0.848715	0.0625	0.000650342
0.874434	0.0625	0.000544607
0.900153	0.0625	0.000443138
0.925871	0.0625	0.000345943
0.95159	0.0625	0.000253028
0.977309	0.0625	0.000164398
1.00303	0.0625	8.00542e-05
1.02875	0.0625	0
0	0.065	0.00432297
0.0264974	0.065	0.00432202
0.0529948	0.065	0.0043189
0.0794922	0.065	0.00431293
0.10599	0.065	0.00430251
0.132487	0.065	0.00428509
0.158984	0.065	0.00425727
0.185482	0.065	0.00421522
0.211979	0.065	0.00415543
0.238477	0.065	0.0040755
0.264974	0.065	0.00397475
0.291471	0.065	0.00385427
0.317969	0.065	0.00371668
0.344466	0.065	0.00356552
0.370964	0.065	0.00340466
0.397461	0.065	0.00323771
0.423958	0.065	0.00306776
0.450456	0.065	0.00289718
0.476953	0.065	0.00272771
0.503451	0.065	0.00256052
0.529948	0.065	0.00239638
0.556445	0.065	0.00223577
0.582943	0.065	0.00207897
0.60944	0.065	0.00192619
0.635937	0.065	0.00177755
0.662435	0.065	0.00163314
0.688932	0.065	0.00149302
0.71543	0.065	0.00135725
0.741927	0.065	0.00122587
0.768424	0.065	0.00109892
0.794922	0.065	0.000976425
0.821419	0.065	0.000858411
0.847917	0.065	0.000744896
0.874414	0.065	0.000635896
0.900911	0.065	0.000531423
0.927409	0.065	0.000431484
0.953906	0.065	0.000336088
0.980404	0.065	0.000245239
1.0069	0.065	0.000158939
1.0334	0.065	7.71927e-05
1.0599	0.065	0
0	0.0675	0.0044059
0.0272761	0.0675	0.00440485
0.0545523	0.0675	0.00440146
0.0818284	0.0675	0.0043949
0.109105	0.0675	0.00438328
0.136381	0.0675	0.00436369
0.163657	0.0675	0.00433236
0.190933	0.0675	0.00428523
0.218209	0.0675	0.00421878
0.245485	0.0675	0.00413091
0.272761	0.0675	0.00402142
0.300038	0.0675	0.00389202
0.327314	0.0675	0.00374583
0.35459	0.0675	0.00358681
0.381866	0.0675	0.00341901
0.409142	0.0675	0.0032461
0.436418	0.0675	0.00307108
0.463694	0.0675	0.00289622
0.490971	0.0675	0.00272312
0.518247	0.0675	0.00255283
0.545523	0.0675	0.00238603
0.572799	0.0675	0.00222312
0.600075	0.0675	0.00206439
0.627351	0.0675	0.00190997
0.654627	0.0675	0.00176001
0.681904	0.0675	0.00161456
0.70918	0.0675	0.00147371
0.736456	0.0675	0.00133749
0.763732	0.0675	0.00120595
0.791008	0.0675	0.00107912
0.818284	0.0675	0.00095704
0.84556	0.0675	0.000839718
0.872837	0.0675	0.000727176
0.900113	0.0675	0.000619428
0.927389	0.0675	0.000516484
0.954665	0.0675	0.00041835
0.981941	0.0675	0.000325034
1.00922	0.0675	0.000236539
1.03649	0.0675	0.000152867
1.06377	0.0675	7.402e-05
1.09105	0.0675	0
0	0.07	0.00448268
0.0280549	0.07	0.00448154
0.0561098	0.07	0.00447787
0.0841647	0.07	0.00447067
0.11222	0.07	0.00445776
0.140274	0.07	0.00443584
0.168329	0.07	0.00440076
0.196384	0.07	0.00434826
0.224439	0.07	0.00427489
0.252494	0.07	0.0041789
0.280549	0.07	0.00406064
0.308604	0.07	0.00392241
0.336659	0.07	0.00376787
0.364714	0.07	0.00360129
0.392768	0.07	0.00342689
0.420823	0.07	0.00324836
0.448878	0.07	0.0030686
0.476933	0.07	0.00288974
0.504988	0.07	0.00271325
0.533043	0.07	0.00254007
0.561098	0.07	0.0023708
0.589153	0.07	0.0022058
0.617208	0.07	0.0020453
0.645262	0.07	0.00188946
0.673317	0.07	0.00173836
0.701372	0.07	0.00159209
0.729427	0.07	0.0014507
0.757482	0.07	0.00131426
0.785537	0.07	0.00118278
0.813592	0.07	0.00105631
0.841647	0.07	0.000934879
0.869702	0.07	0.000818494
0.897756	0.07	0.000707178
0.925811	0.07	0.000600941
0.953866	0.07	0.000499792
0.981921	0.07	0.000403737
1.00998	0.07	0.000312782
1.03803	0.07	0.000226928
1.06609	0.07	0.000146179
1.09414	0.07	7.05363e-05
1.1222	0.07	0
0	0.0725	0.00455332
0.0288336	0.0725	0.00455208
0.0576673	0.0725	0.00454812
0.0865009	0.0725	0.00454025
0.115335	0.0725	0.00452596
0.144168	0.0725	0.00450154
0.173002	0.0725	0.00446247
0.201835	0.0725	0.00440433
0.230669	0.0725	0.0043238
0.259503	0.0725	0.00421954
0.288336	0.0725	0.00409251
0.31717	0.0725	0.00394558
0.346004	0.0725	0.00378291
0.374837	0.0725	0.00360909
0.403671	0.0725	0.00342844
0.432505	0.0725	0.0032446
0.461338	0.0725	0.00306039
0.490172	0.0725	0.00287778
0.519005	0.0725	0.00269813
0.547839	0.0725	0.00252226
0.576673	0.0725	0.00235072
0.605506	0.0725	0.00218381
0.63434	0.0725	0.00202174
0.663174	0.0725	0.00186464
0.692007	0.0725	0.00171261
0.720841	0.0725	0.00156572
0.749674	0.0725	0.00142402
0.778508	0.0725	0.00128756
0.807342	0.0725	0.00115637
0.836175	0.0725	0.00103049
0.865009	0.0725	0.000909944
0.893843	0.0725	0.000794742
0.922676	0.0725	0.000684903
0.95151	0.0725	0.000580436
0.980344	0.0725	0.000481348
1.00918	0.0725	0.000387646
1.03801	0.0725	0.000299332
1.06684	0.0725	0.000216408
1.09568	0.0725	0.000138878
1.12451	0.0725	6.67416e-05
1.15335	0.0725	0
0	0.075	0.00461781
0.0296124	0.075	0.00461648
0.0592248	0.075	0.00461221
0.0888371	0.075	0.00460363
0.11845	0.075	0.00458787
0.148062	0.075	0.00456079
0.177674	0.075	0.0045175
0.207287	0.075	0.00445346
0.236899	0.075	0.00436554
0.266511	0.075	0.00425291
0.296124	0.075	0.00411711
0.325736	0.075	0.00396163
0.355349	0.075	0.0037911
0.384961	0.075	0.00361033
0.414573	0.075	0.00342374
0.444186	0.075	0.0032349
0.473798	0.075	0.0030465
0.50341	0.075	0.00286039
0.533023	0.075	0.00267778
0.562635	0.075	0.00249943
0.592248	0.075	0.0023258
0.62186	0.075	0.00215716
0.651472	0.075	0.00199371
0.681085	0.075	0.00183555
0.710697	0.075	0.00168278
0.740309	0.075	0.00153546
0.769922	0.075	0.00139365
0.799534	0.075	0.0012574
0.829147	0.075	0.00112672
0.858759	0.075	0.00100166
0.888371	0.075	0.000882239
0.917984	0.075	0.000768465
0.947596	0.075	0.000660354
0.977209	0.075	0.000557915
1.00682	0.075	0.000461155
1.03643	0.075	0.000370077
1.06605	0.075	0.000284684
1.09566	0.075	0.000204979
1.12527	0.075	0.000130962
1.15488	0.075	6.26362e-05
1.1845	0.075	0
0	0.0775	0.00467616
0.0303911	0.0775	0.00467473
0.0607823	0.0775	0.00467016
0.0911734	0.0775	0.00466084
0.121565	0.0775	0.00464351
0.151956	0.0775	0.00461359
0.182347	0.0775	0.00456585
0.212738	0.0775	0.00449566
0.243129	0.0775	0.00440017
0.27352	0.0775	0.00427906
0.303911	0.0775	0.00413453
0.334302	0.0775	0.00397068
0.364694	0.0775	0.00379252
0.395085	0.0775	0.00360511
0.425476	0.0775	0.00341288
0.455867	0.0775	0.00321932
0.486258	0.0775	0.00302699
0.516649	0.0775	0.0028376
0.54704	0.0775	0.00265224
0.577431	0.0775	0.00247158
0.607823	0.0775	0.00229604
0.638214	0.0775	0.00212586
0.668605	0.0775	0.0019612
0.698996	0.0775	0.00180218
0.729387	0.0775	0.00164886
0.759778	0.0775	0.00150133
0.790169	0.0775	0.00135962
0.82056	0.0775	0.00122378
0.850952	0.0775	0.00109384
0.881343	0.0775	0.000969831
0.911734	0.0775	0.000851767
0.942125	0.0775	0.000739664
0.972516	0.0775	0.000633533
1.00291	0.0775	0.000533381
1.0333	0.0775	0.000439213
1.06369	0.0775	0.000351031
1.09408	0.0775	0.00026884
1.12447	0.0775	0.000192639
1.15486	0.0775	0.000122433
1.18525	0.0775	5.82205e-05
1.21565	0.0775	0
0	0.08	0.00472837
0.0311699	0.08	0.00472684
0.0623397	0.08	0.00472195
0.0935096	0.08	0.00471185
0.124679	0.08	0.00469287
0.155849	0.08	0.00465995
0.187019	0.08	0.00460753
0.218189	0.08	0.00453096
0.249359	0.08	0.00442771
0.280529	0.08	0.00429806
0.311699	0.08	0.00414486
0.342869	0.08	0.0039728
0.374038	0.08	0.00378728
0.405208	0.08	0.00359351
0.436378	0.08	0.00339593
0.467548	0.08	0.00319793
0.498718	0.08	0.0030019
0.529888	0.08	0.00280944
0.561058	0.08	0.00262152
0.592228	0.08	0.00243874
0.623397	0.08	0.00226147
0.654567	0.08	0.00208992
0.685737	0.08	0.00192424
0.716907	0.08	0.00176453
0.748077	0.08	0.00161087
0.779247	0.08	0.00146331
0.810417	0.08	0.00132192
0.841587	0.08	0.00118671
0.872756	0.08	0.00105773
0.903926	0.08	0.000934998
0.935096	0.08	0.000818532
0.966266	0.08	0.000708343
0.997436	0.08	0.000604442
1.02861	0.08	0.000506834
1.05978	0.08	0.000415522
1.09095	0.08	0.000330509
1.12212	0.08	0.000251798
1.15329	0.08	0.000179391
1.18446	0.08	0.00011329
1.21562	0.08	5.34955e-05
1.24679	0.08	0
0	0.0825	0.00477445
0.0319486	0.0825	0.0047728
0.0638972	0.0825	0.0047676
0.0958459	0.0825	0.00475669
0.127794	0.0825	0.00473596
0.159743	0.0825	0.00469987
0.191692	0.0825	0.00464255
0.22364	0.0825	0.00455937
0.255589	0.0825	0.00444821
0.287538	0.0825	0.00430995
0.319486	0.0825	0.00414817
0.351435	0.0825	0.00396809
0.383383	0.0825	0.00377545
0.415332	0.0825	0.00357561
0.447281	0.0825	0.00337296
0.479229	0.0825	0.00317076
0.511178	0.0825	0.00297127
0.543126	0.0825	0.00277593
0.575075	0.0825	0.00258564
0.607024	0.0825	0.00240092
0.638972	0.0825	0.00222209
0.670921	0.0825	0.00204935
0.70287	0.0825	0.00188283
0.734818	0.0825	0.00172262
0.766767	0.0825	0.0015688
0.798715	0.0825	0.00142143
0.830664	0.0825	0.00128055
0.862613	0.0825	0.00114619
0.894561	0.0825	0.00101839
0.92651	0.0825	0.000897168
0.958459	0.0825	0.000782535
0.990407	0.0825	0.000674504
1.02236	0.0825	0.000573082
1.0543	0.0825	0.000478274
1.08625	0.0825	0.000390083
1.1182	0.0825	0.000308511
1.15015	0.0825	0.000233561
1.1821	0.0825	0.000165235
1.21405	0.0825	0.000103537
1.246	0.0825	4.84633e-05
1.27794	0.0825	0
0	0.085	0.00481438
0.0327274	0.085	0.00481263
0.0654547	0.085	0.00480711
0.0981821	0.085	0.00479536
0.130909	0.085	0.00477279
0.163637	0.085	0.00473336
0.196364	0.085	0.00467092
0.229092	0.085	0.00458092
0.261819	0.085	0.00446169
0.294546	0.085	0.00431481
0.327274	0.085	0.00414453
0.360001	0.085	0.00395662
0.392728	0.085	0.00375713
0.425456	0.085	0.00355148
0.458183	0.085	0.00334402
0.49091	0.085	0.00313786
0.523638	0.085	0.00293511
0.556365	0.085	0.0027371
0.589093	0.085	0.00254461
0.62182	0.085	0.00235812
0.654547	0.085	0.00217791
0.687275	0.085	0.00200415
0.720002	0.085	0.00183697
0.752729	0.085	0.00167645
0.785457	0.085	0.00152267
0.818184	0.085	0.00137568
0.850911	0.085	0.00123552
0.883639	0.085	0.00110223
0.916366	0.085	0.000975831
0.949094	0.085	0.000856343
0.981821	0.085	0.000743779
1.01455	0.085	0.000638147
1.04728	0.085	0.000539454
1.08	0.085	0.000447702
1.11273	0.085	0.000362896
1.14546	0.085	0.000285036
1.17819	0.085	0.000214127
1.21091	0.085	0.000150173
1.24364	0.085	9.3175e-05
1.27637	0.085	4.31274e-05
1.30909	0.085	0
0	0.0875	0.00484818
0.0335061	0.0875	0.00484632
0.0670122	0.0875	0.00484047
0.100518	0.0875	0.00482785
0.134024	0.0875	0.00480335
0.167531	0.0875	0.00476041
0.201037	0.0875	0.00469264
0.234543	0.0875	0.00459562
0.268049	0.0875	0.00446819
0.301555	0.0875	0.00431267
0.335061	0.0875	0.004134
0.368567	0.0875	0.00393846
0.402073	0.0875	0.00373236
0.435579	0.0875	0.00352118
0.469086	0.0875	0.00330916
0.502592	0.0875	0.00309927
0.536098	0.0875	0.00289347
0.569604	0.0875	0.00269297
0.60311	0.0875	0.00249846
0.636616	0.0875	0.00231036
0.670122	0.0875	0.00212893
0.703628	0.0875	0.00195433
0.737134	0.0875	0.00178667
0.770641	0.0875	0.00162603
0.804147	0.0875	0.00147248
0.837653	0.0875	0.00132607
0.871159	0.0875	0.00118684
0.904665	0.0875	0.00105483
0.938171	0.0875	0.000930051
0.971677	0.0875	0.000812526
1.00518	0.0875	0.000702265
1.03869	0.0875	0.000599274
1.0722	0.0875	0.000503558
1.1057	0.0875	0.000415119
1.13921	0.0875	0.000333961
1.17271	0.0875	0.000260087
1.20622	0.0875	0.000193501
1.23973	0.0875	0.000134209
1.27323	0.0875	8.22112e-05
1.30674	0.0875	3.74942e-05
1.34024	0.0875	0
0	0.09	0.00487584
0.0342849	0.09	0.00487387
0.0685697	0.09	0.0048677
0.102855	0.09	0.00485417
0.137139	0.09	0.00482764
0.171424	0.09	0.00478104
0.205709	0.09	0.00470773
0.239994	0.09	0.00460348
0.274279	0.09	0.00446775
0.308564	0.09	0.00430358
0.342849	0.09	0.00411664
0.377133	0.09	0.00391367
0.411418	0.09	0.00370121
0.445703	0.09	0.00348476
0.479988	0.09	0.00326842
0.514273	0.09	0.00305502
0.548558	0.09	0.00284637
0.582843	0.09	0.00264354
0.617127	0.09	0.00244718
0.651412	0.09	0.00225765
0.685697	0.09	0.00207517
0.719982	0.09	0.00189989
0.754267	0.09	0.00173193
0.788552	0.09	0.00157135
0.822837	0.09	0.00141822
0.857121	0.09	0.00127259
0.891406	0.09	0.00113451
0.925691	0.09	0.00100399
0.959976	0.09	0.000881052
0.994261	0.09	0.000765719
1.02855	0.09	0.000657995
1.06283	0.09	0.000557886
1.09712	0.09	0.000465395
1.1314	0.09	0.000380525
1.16569	0.09	0.00030328
1.19997	0.09	0.000233665
1.23425	0.09	0.000171686
1.26854	0.09	0.00011735
1.30282	0.09	7.06559e-05
1.33711	0.09	3.15744e-05
1.37139	0.09	0
0	0.0925	0.00489736
0.0350636	0.0925	0.00489529
0.0701272	0.0925	0.0048888
0.105191	0.0925	0.00487433
0.140254	0.0925	0.00484569
0.175318	0.0925	0.00479525
0.210382	0.0925	0.00471619
0.245445	0.0925	0.00460453
0.280509	0.0925	0.00446038
0.315572	0.0925	0.00428759
0.350636	0.0925	0.00409249
0.3857	0.0925	0.00388231
0.420763	0.0925	0.00366374
0.455827	0.0925	0.00344226
0.49089	0.0925	0.00322184
0.525954	0.0925	0.00300514
0.561018	0.0925	0.00279382
0.596081	0.0925	0.00258885
0.631145	0.0925	0.00239079
0.666208	0.0925	0.00219998
0.701272	0.0925	0.00201662
0.736336	0.0925	0.00184085
0.771399	0.0925	0.00167275
0.806463	0.0925	0.00151242
0.841526	0.0925	0.00135991
0.87659	0.0925	0.00121527
0.911654	0.0925	0.00107853
0.946717	0.0925	0.00094971
0.981781	0.0925	0.000828838
1.01684	0.0925	0.000715922
1.05191	0.0925	0.000610969
1.08697	0.0925	0.000513982
1.12204	0.0925	0.000424965
1.1571	0.0925	0.000343921
1.19216	0.0925	0.000270854
1.22723	0.0925	0.000205774
1.26229	0.0925	0.000148689
1.29735	0.0925	9.96093e-05
1.33242	0.0925	5.85268e-05
1.36748	0.0925	2.53858e-05
1.40254	0.0925	0
0	0.095	0.00491275
0.0358423	0.095	0.00491057
0.0716847	0.095	0.00490376
0.107527	0.095	0.00488834
0.143369	0.095	0.00485748
0.179212	0.095	0.00480305
0.215054	0.095	0.00471802
0.250896	0.095	0.00459878
0.286739	0.095	0.00444612
0.322581	0.095	0.00426472
0.358423	0.095	0.00406162
0.394266	0.095	0.00384443
0.430108	0.095	0.00362
0.465951	0.095	0.00339374
0.501793	0.095	0.00316946
0.537635	0.095	0.00294966
0.573478	0.095	0.00273584
0.60932	0.095	0.00252889
0.645162	0.095	0.0023293
0.681005	0.095	0.00213738
0.716847	0.095	0.0019533
0.752689	0.095	0.00177719
0.788532	0.095	0.00160915
0.824374	0.095	0.00144925
0.860216	0.095	0.00129755
0.896059	0.095	0.00115409
0.931901	0.095	0.0010189
0.967743	0.095	0.000892001
1.00359	0.095	0.000773411
1.03943	0.095	0.000663138
1.07527	0.095	0.000561188
1.11111	0.095	0.000467564
1.14696	0.095	0.000382269
1.1828	0.095	0.000305308
1.21864	0.095	0.000236688
1.25448	0.095	0.000176423
1.29032	0.095	0.000124526
1.32617	0.095	8.10088e-05
1.36201	0.095	4.5853e-05
1.39785	0.095	1.89571e-05
1.43369	0.095	0
0	0.0975	0.004922
0.0366211	0.0975	0.00491972
0.0732422	0.0975	0.00491259
0.109863	0.0975	0.00489619
0.146484	0.0975	0.00486303
0.183105	0.0975	0.00480444
0.219727	0.0975	0.00471325
0.256348	0.0975	0.00458624
0.292969	0.0975	0.00442499
0.32959	0.0975	0.00423503
0.366211	0.0975	0.00402407
0.402832	0.0975	0.00380009
0.439453	0.0975	0.00357004
0.476074	0.0975	0.00333923
0.512695	0.0975	0.00311131
0.549316	0.0975	0.00288859
0.585937	0.0975	0.00267245
0.622559	0.0975	0.00246368
0.65918	0.0975	0.00226272
0.695801	0.0975	0.00206984
0.732422	0.0975	0.0018852
0.769043	0.0975	0.00170894
0.805664	0.0975	0.00154113
0.842285	0.0975	0.00138185
0.878906	0.0975	0.00123115
0.915527	0.0975	0.00108906
0.952148	0.0975	0.000955629
0.98877	0.0975	0.00083086
1.02539	0.0975	0.00071477
1.06201	0.0975	0.000607366
1.09863	0.0975	0.000508652
1.13525	0.0975	0.000418632
1.17187	0.0975	0.000337308
1.2085	0.0975	0.00026469
1.24512	0.0975	0.000200789
1.28174	0.0975	0.000145625
1.31836	0.0975	9.92197e-05
1.35498	0.0975	6.15837e-05
1.3916	0.0975	3.26812e-05
1.42822	0.0975	1.2334e-05
1.46484	0.0975	0
0	0.1	0.00492511
0.0373998	0.1	0.00492273
0.0747997	0.1	0.0049153
0.1122	0.1	0.00489789
0.149599	0.1	0.00486234
0.186999	0.1	0.00479941
0.224399	0.1	0.00470186
0.261799	0.1	0.00456693
0.299199	0.1	0.00439702
0.336599	0.1	0.00419855
0.373998	0.1	0.00397987
0.411398	0.1	0.00374933
0.448798	0.1	0.0035139
0.486198	0.1	0.00327877
0.523598	0.1	0.0030474
0.560998	0.1	0.00282196
0.598397	0.1	0.00260366
0.635797	0.1	0.00239323
0.673197	0.1	0.00219105
0.710597	0.1	0.00199737
0.747997	0.1	0.00181234
0.785397	0.1	0.00163609
0.822796	0.1	0.00146869
0.860196	0.1	0.00131021
0.897596	0.1	0.0011607
0.934996	0.1	0.00102019
0.972396	0.1	0.000888718
1.0098	0.1	0.00076629
1.0472	0.1	0.000652919
1.0846	0.1	0.000548609
1.122	0.1	0.000453363
1.1594	0.1	0.000367187
1.19679	0.1	0.000290087
1.23419	0.1	0.000222075
1.27159	0.1	0.000163171
1.30899	0.1	0.000113405
1.34639	0.1	7.28073e-05
1.38379	0.1	4.13903e-05
1.42119	0.1	1.90852e-05
1.45859	0.1	5.58828e-06
1.49599	0.1	0
