0	0	0
0.00625	0	0
0.0125	0	0
0.01875	0	0
0.025	0	0
0.03125	0	0
0.0375	0	0
0.04375	0	0
0.05	0	0
0.05625	0	0
0.0625	0	0
0.06875	0	0
0.075	0	0
0.08125	0	0
0.0875	0	0
0.09375	0	0
0.1	0	0
0.10625	0	0
0.1125	0	0
0.11875	0	0
0.125	0	0
0.13125	0	0
0.1375	0	0
0.14375	0	0
0.15	0	0
0.15625	0	0
0.1625	0	0
0.16875	0	0
0.175	0	0
0.18125	0	0
0.1875	0	0
0.19375	0	0
0.2	0	0
0.20625	0	0
0.2125	0	0
0.21875	0	0
0.225	0	0
0.23125	0	0
0.2375	0	0
0.24375	0	0
0.25	0	0
0	0.01	0.00341105
0.00699017	0.01	0.00341076
0.0139803	0.01	0.00340987
0.0209705	0.01	0.00340838
0.0279607	0.01	0.00340629
0.0349508	0.01	0.00340358
0.041941	0.01	0.00340025
0.0489312	0.01	0.00339628
0.0559214	0.01	0.00339165
0.0629115	0.01	0.00338635
0.0699017	0.01	0.00338036
0.0768919	0.01	0.00337364
0.083882	0.01	0.00336617
0.0908722	0.01	0.00335792
0.0978624	0.01	0.00334884
0.104853	0.01	0.0033389
0.111843	0.01	0.00332804
0.118833	0.01	0.0033162
0.125823	0.01	0.00330329
0.132813	0.01	0.00328921
0.139803	0.01	0.0032738
0.146794	0.01	0.00325686
0.153784	0.01	0.00323807
0.160774	0.01	0.00321702
0.167764	0.01	0.00319312
0.174754	0.01	0.00316556
0.181744	0.01	0.00313324
0.188735	0.01	0.00309471
0.195725	0.01	0.00304807
0.202715	0.01	0.00299085
0.209705	0.01	0.00291993
0.216695	0.01	0.0028314
0.223685	0.01	0.00272043
0.230676	0.01	0.00258106
0.237666	0.01	0.00240614
0.244656	0.01	0.00218704
0.251646	0.01	0.00191351
0.258636	0.01	0.00157343
0.265626	0.01	0.00115262
0.272617	0.01	0.000634536
0.279607	0.01	0
0	0.02	0.00672335
0.00773034	0.02	0.00672263
0.0154607	0.02	0.00672046
0.023191	0.02	0.00671681
0.0309214	0.02	0.00671169
0.0386517	0.02	0.00670505
0.046382	0.02	0.00669687
0.0541124	0.02	0.0066871
0.0618427	0.02	0.00667569
0.0695731	0.02	0.00666258
0.0773034	0.02	0.0066477
0.0850337	0.02	0.00663096
0.0927641	0.02	0.00661225
0.100494	0.02	0.00659145
0.108225	0.02	0.00656841
0.115955	0.02	0.00654292
0.123685	0.02	0.00651476
0.131416	0.02	0.00648359
0.139146	0.02	0.006449
0.146876	0.02	0.00641042
0.154607	0.02	0.00636709
0.162337	0.02	0.006318
0.170067	0.02	0.00626183
0.177798	0.02	0.00619686
0.185528	0.02	0.00612094
0.193258	0.02	0.00603133
0.200989	0.02	0.00592475
0.208719	0.02	0.00579724
0.21645	0.02	0.00564423
0.22418	0.02	0.00546052
0.23191	0.02	0.00524037
0.239641	0.02	0.00497767
0.247371	0.02	0.00466616
0.255101	0.02	0.00429976
0.262832	0.02	0.00387303
0.270562	0.02	0.00338172
0.278292	0.02	0.00282353
0.286023	0.02	0.00219899
0.293753	0.02	0.00151259
0.301483	0.02	0.000774065
0.309214	0.02	0
0	0.03	0.0099381
0.00847051	0.03	0.00993682
0.016941	0.03	0.00993291
0.0254115	0.03	0.00992638
0.033882	0.03	0.00991717
0.0423525	0.03	0.00990522
0.0508231	0.03	0.00989048
0.0592936	0.03	0.00987283
0.0677641	0.03	0.00985217
0.0762346	0.03	0.00982835
0.0847051	0.03	0.0098012
0.0931756	0.03	0.00977049
0.101646	0.03	0.00973598
0.110117	0.03	0.00969733
0.118587	0.03	0.00965413
0.127058	0.03	0.00960585
0.135528	0.03	0.0095518
0.143999	0.03	0.00949112
0.152469	0.03	0.00942264
0.16094	0.03	0.00934491
0.16941	0.03	0.00925605
0.177881	0.03	0.00915373
0.186351	0.03	0.0090351
0.194822	0.03	0.00889675
0.203292	0.03	0.00873471
0.211763	0.03	0.00854447
0.220233	0.03	0.00832108
0.228704	0.03	0.00805932
0.237174	0.03	0.00775386
0.245645	0.03	0.0073996
0.254115	0.03	0.00699192
0.262586	0.03	0.00652716
0.271056	0.03	0.00600289
0.279527	0.03	0.00541841
0.287997	0.03	0.00477497
0.296468	0.03	0.00407605
0.304938	0.03	0.00332732
0.313409	0.03	0.00253643
0.321879	0.03	0.00171237
0.33035	0.03	0.000864342
0.33882	0.03	0
0	0.04	0.0130565
0.00921068	0.04	0.0130545
0.0184214	0.04	0.0130484
0.027632	0.04	0.0130382
0.0368427	0.04	0.0130237
0.0460534	0.04	0.013005
0.0552641	0.04	0.0129818
0.0644748	0.04	0.012954
0.0736854	0.04	0.0129213
0.0828961	0.04	0.0128835
0.0921068	0.04	0.0128402
0.101317	0.04	0.0127911
0.110528	0.04	0.0127354
0.119739	0.04	0.0126727
0.12895	0.04	0.012602
0.13816	0.04	0.0125222
0.147371	0.04	0.0124319
0.156582	0.04	0.0123295
0.165792	0.04	0.0122127
0.175003	0.04	0.0120788
0.184214	0.04	0.0119248
0.193424	0.04	0.0117468
0.202635	0.04	0.0115407
0.211846	0.04	0.0113018
0.221056	0.04	0.0110252
0.230267	0.04	0.010706
0.239478	0.04	0.0103392
0.248688	0.04	0.00992069
0.257899	0.04	0.00944682
0.26711	0.04	0.00891526
0.27632	0.04	0.00832506
0.285531	0.04	0.00767687
0.294742	0.04	0.00697307
0.303952	0.04	0.00621767
0.313163	0.04	0.00541615
0.322374	0.04	0.004575
0.331584	0.04	0.00370121
0.340795	0.04	0.00280157
0.350006	0.04	0.00188205
0.359217	0.04	0.000947197
0.368427	0.04	0
0	0.05	0.0160798
0.00995085	0.05	0.0160769
0.0199017	0.05	0.0160681
0.0298525	0.05	0.0160533
0.0398034	0.05	0.0160324
0.0497542	0.05	0.0160052
0.0597051	0.05	0.0159716
0.0696559	0.05	0.0159311
0.0796068	0.05	0.0158835
0.0895576	0.05	0.0158282
0.0995085	0.05	0.0157646
0.109459	0.05	0.015692
0.11941	0.05	0.0156094
0.129361	0.05	0.0155157
0.139312	0.05	0.0154094
0.149263	0.05	0.0152885
0.159214	0.05	0.0151509
0.169164	0.05	0.0149938
0.179115	0.05	0.014814
0.189066	0.05	0.0146076
0.199017	0.05	0.0143704
0.208968	0.05	0.0140978
0.218919	0.05	0.013785
0.22887	0.05	0.0134272
0.23882	0.05	0.0130198
0.248771	0.05	0.0125589
0.258722	0.05	0.0120416
0.268673	0.05	0.0114659
0.278624	0.05	0.0108315
0.288575	0.05	0.0101394
0.298525	0.05	0.00939219
0.308476	0.05	0.00859385
0.318427	0.05	0.0077495
0.328378	0.05	0.006865
0.338329	0.05	0.00594648
0.34828	0.05	0.00499989
0.358231	0.05	0.00403059
0.368181	0.05	0.00304302
0.378132	0.05	0.00204055
0.388083	0.05	0.00102564
0.398034	0.05	0
0	0.06	0.0190091
0.010691	0.06	0.0190051
0.021382	0.06	0.018993
0.0320731	0.06	0.0189728
0.0427641	0.06	0.0189442
0.0534551	0.06	0.018907
0.0641461	0.06	0.0188608
0.0748371	0.06	0.0188051
0.0855282	0.06	0.0187394
0.0962192	0.06	0.0186629
0.10691	0.06	0.0185746
0.117601	0.06	0.0184733
0.128292	0.06	0.0183577
0.138983	0.06	0.0182259
0.149674	0.06	0.0180756
0.160365	0.06	0.0179042
0.171056	0.06	0.0177085
0.181747	0.06	0.0174848
0.192438	0.06	0.017229
0.203129	0.06	0.0169365
0.21382	0.06	0.0166026
0.224511	0.06	0.0162227
0.235202	0.06	0.0157921
0.245893	0.06	0.0153072
0.256584	0.06	0.0147648
0.267275	0.06	0.0141633
0.277967	0.06	0.013502
0.288658	0.06	0.0127819
0.299349	0.06	0.0120055
0.31004	0.06	0.0111764
0.320731	0.06	0.0102994
0.331422	0.06	0.00937995
0.342113	0.06	0.00842372
0.352804	0.06	0.00743637
0.363495	0.06	0.00642312
0.374186	0.06	0.00538848
0.384877	0.06	0.00433616
0.395568	0.06	0.00326911
0.406259	0.06	0.00218958
0.41695	0.06	0.00109938
0.427641	0.06	0
0	0.07	0.0218454
0.0114312	0.07	0.0218401
0.0228624	0.07	0.0218243
0.0342936	0.07	0.0217977
0.0457248	0.07	0.0217602
0.0571559	0.07	0.0217112
0.0685871	0.07	0.0216503
0.0800183	0.07	0.0215768
0.0914495	0.07	0.0214899
0.102881	0.07	0.0213884
0.114312	0.07	0.0212709
0.125743	0.07	0.0211359
0.137174	0.07	0.0209812
0.148605	0.07	0.0208043
0.160037	0.07	0.0206022
0.171468	0.07	0.0203715
0.182899	0.07	0.0201083
0.19433	0.07	0.0198081
0.205761	0.07	0.0194664
0.217193	0.07	0.0190784
0.228624	0.07	0.0186396
0.240055	0.07	0.0181461
0.251486	0.07	0.0175945
0.262917	0.07	0.0169827
0.274349	0.07	0.0163098
0.28578	0.07	0.0155763
0.297211	0.07	0.0147842
0.308642	0.07	0.0139365
0.320073	0.07	0.0130377
0.331505	0.07	0.0120928
0.342936	0.07	0.0111073
0.354367	0.07	0.0100867
0.365798	0.07	0.00903631
0.377229	0.07	0.00796088
0.38866	0.07	0.00686449
0.400092	0.07	0.00575055
0.411523	0.07	0.00462185
0.422954	0.07	0.00348066
0.434385	0.07	0.00232888
0.445816	0.07	0.00116816
0.457248	0.07	0
0	0.08	0.0245899
0.0121714	0.08	0.0245832
0.0243427	0.08	0.024563
0.0365141	0.08	0.0245292
0.0486854	0.08	0.0244814
0.0608568	0.08	0.024419
0.0730282	0.08	0.0243413
0.0851995	0.08	0.0242474
0.0973709	0.08	0.0241361
0.109542	0.08	0.0240059
0.121714	0.08	0.023855
0.133885	0.08	0.0236811
0.146056	0.08	0.0234817
0.158228	0.08	0.0232534
0.170399	0.08	0.0229926
0.18257	0.08	0.0226953
0.194742	0.08	0.022357
0.206913	0.08	0.021973
0.219084	0.08	0.0215388
0.231256	0.08	0.0210501
0.243427	0.08	0.0205032
0.255599	0.08	0.0198954
0.26777	0.08	0.019225
0.279941	0.08	0.018492
0.292113	0.08	0.0176974
0.304284	0.08	0.0168438
0.316455	0.08	0.0159349
0.328627	0.08	0.0149753
0.340798	0.08	0.0139704
0.352969	0.08	0.0129255
0.365141	0.08	0.0118461
0.377312	0.08	0.0107371
0.389484	0.08	0.00960325
0.401655	0.08	0.00844833
0.413826	0.08	0.00727569
0.425998	0.08	0.00608814
0.438169	0.08	0.00488804
0.45034	0.08	0.00367743
0.462512	0.08	0.00245814
0.474683	0.08	0.00123182
0.486854	0.08	0
0	0.09	0.0272434
0.0129115	0.09	0.0272351
0.0258231	0.09	0.0272102
0.0387346	0.09	0.0271683
0.0516461	0.09	0.0271089
0.0645576	0.09	0.0270314
0.0774692	0.09	0.0269349
0.0903807	0.09	0.0268181
0.103292	0.09	0.0266794
0.116204	0.09	0.026517
0.129115	0.09	0.0263286
0.142027	0.09	0.0261113
0.154938	0.09	0.0258619
0.16785	0.09	0.0255767
0.180761	0.09	0.0252515
0.193673	0.09	0.0248818
0.206584	0.09	0.0244631
0.219496	0.09	0.0239907
0.232408	0.09	0.0234607
0.245319	0.09	0.0228696
0.258231	0.09	0.0222151
0.271142	0.09	0.0214959
0.284054	0.09	0.0207123
0.296965	0.09	0.019866
0.309877	0.09	0.0189597
0.322788	0.09	0.0179977
0.3357	0.09	0.0169846
0.348611	0.09	0.0159259
0.361523	0.09	0.014827
0.374434	0.09	0.0136933
0.387346	0.09	0.0125297
0.400257	0.09	0.0113407
0.413169	0.09	0.0101302
0.42608	0.09	0.00890162
0.438992	0.09	0.00765785
0.451904	0.09	0.00640139
0.464815	0.09	0.00513449
0.477727	0.09	0.00385913
0.490638	0.09	0.00257715
0.50355	0.09	0.00129025
0.516461	0.09	0
0	0.1	0.029807
0.0136517	0.1	0.0297969
0.0273034	0.1	0.0297666
0.0409551	0.1	0.0297158
0.0546068	0.1	0.0296437
0.0682585	0.1	0.0295496
0.0819102	0.1	0.0294322
0.0955619	0.1	0.02929
0.109214	0.1	0.0291212
0.122865	0.1	0.0289233
0.136517	0.1	0.0286937
0.150169	0.1	0.0284289
0.16382	0.1	0.0281253
0.177472	0.1	0.0277787
0.191124	0.1	0.0273846
0.204775	0.1	0.0269385
0.218427	0.1	0.0264359
0.232079	0.1	0.0258729
0.245731	0.1	0.0252462
0.259382	0.1	0.0245538
0.273034	0.1	0.0237945
0.286686	0.1	0.022969
0.300337	0.1	0.022079
0.313989	0.1	0.0211278
0.327641	0.1	0.0201195
0.341292	0.1	0.0190591
0.354944	0.1	0.0179521
0.368596	0.1	0.0168038
0.382248	0.1	0.0156198
0.395899	0.1	0.0144051
0.409551	0.1	0.013164
0.423203	0.1	0.0119008
0.436854	0.1	0.0106189
0.450506	0.1	0.00932136
0.464158	0.1	0.00801092
0.477809	0.1	0.00669002
0.491461	0.1	0.00536086
0.505113	0.1	0.00402546
0.518765	0.1	0.0026857
0.532416	0.1	0.00134333
0.546068	0.1	0
0	0.11	0.0322814
0.0143919	0.11	0.0322694
0.0287837	0.11	0.0322333
0.0431756	0.11	0.0321727
0.0575675	0.11	0.0320867
0.0719593	0.11	0.0319744
0.0863512	0.11	0.0318344
0.100743	0.11	0.0316646
0.115135	0.11	0.031463
0.129527	0.11	0.0312268
0.143919	0.11	0.0309526
0.158311	0.11	0.0306369
0.172702	0.11	0.0302755
0.187094	0.11	0.0298639
0.201486	0.11	0.0293978
0.215878	0.11	0.0288726
0.23027	0.11	0.0282846
0.244662	0.11	0.0276305
0.259054	0.11	0.0269082
0.273446	0.11	0.026117
0.287837	0.11	0.0252573
0.302229	0.11	0.0243311
0.316621	0.11	0.0233418
0.331013	0.11	0.0222935
0.345405	0.11	0.0211914
0.359797	0.11	0.0200409
0.374189	0.11	0.0188477
0.38858	0.11	0.0176173
0.402972	0.11	0.0163547
0.417364	0.11	0.0150646
0.431756	0.11	0.0137513
0.446148	0.11	0.0124186
0.46054	0.11	0.0110696
0.474932	0.11	0.00970735
0.489324	0.11	0.00833455
0.503715	0.11	0.0069536
0.518107	0.11	0.00556675
0.532499	0.11	0.00417608
0.546891	0.11	0.00278354
0.561283	0.11	0.00139094
0.575675	0.11	0
0	0.12	0.0346674
0.015132	0.12	0.0346534
0.0302641	0.12	0.034611
0.0453961	0.12	0.0345398
0.0605282	0.12	0.0344389
0.0756602	0.12	0.0343071
0.0907922	0.12	0.0341426
0.105924	0.12	0.0339432
0.121056	0.12	0.0337065
0.136188	0.12	0.0334292
0.15132	0.12	0.0331078
0.166452	0.12	0.0327382
0.181584	0.12	0.0323161
0.196717	0.12	0.0318371
0.211849	0.12	0.0312968
0.226981	0.12	0.0306913
0.242113	0.12	0.0300175
0.257245	0.12	0.0292732
0.272377	0.12	0.0284575
0.287509	0.12	0.027571
0.302641	0.12	0.0266156
0.317773	0.12	0.0255946
0.332905	0.12	0.0245123
0.348037	0.12	0.0233738
0.363169	0.12	0.0221847
0.378301	0.12	0.0209507
0.393433	0.12	0.0196775
0.408565	0.12	0.0183703
0.423697	0.12	0.0170341
0.438829	0.12	0.0156734
0.453961	0.12	0.0142922
0.469093	0.12	0.0128939
0.484225	0.12	0.0114819
0.499357	0.12	0.0100591
0.514489	0.12	0.00862822
0.529621	0.12	0.00719165
0.544753	0.12	0.00575175
0.559885	0.12	0.00431066
0.575017	0.12	0.00287043
0.59015	0.12	0.00143294
0.605282	0.12	0
0	0.13	0.0369658
0.0158722	0.13	0.0369495
0.0317444	0.13	0.0369005
0.0476166	0.13	0.036818
0.0634888	0.13	0.0367012
0.079361	0.13	0.0365484
0.0952333	0.13	0.0363579
0.111105	0.13	0.0361271
0.126978	0.13	0.0358531
0.14285	0.13	0.0355325
0.158722	0.13	0.0351614
0.174594	0.13	0.0347357
0.190467	0.13	0.0342508
0.206339	0.13	0.0337025
0.222211	0.13	0.033087
0.238083	0.13	0.0324008
0.253955	0.13	0.0316419
0.269828	0.13	0.0308091
0.2857	0.13	0.0299028
0.301572	0.13	0.0289249
0.317444	0.13	0.0278786
0.333316	0.13	0.026768
0.349189	0.13	0.0255984
0.365061	0.13	0.0243753
0.380933	0.13	0.0231047
0.396805	0.13	0.0217925
0.412677	0.13	0.0204441
0.42855	0.13	0.0190647
0.444422	0.13	0.0176592
0.460294	0.13	0.0162318
0.476166	0.13	0.0147864
0.492038	0.13	0.0133265
0.507911	0.13	0.0118555
0.523783	0.13	0.0103761
0.539655	0.13	0.00889136
0.555527	0.13	0.00740363
0.5714	0.13	0.00591538
0.587272	0.13	0.00442883
0.603144	0.13	0.00294611
0.619016	0.13	0.00146921
0.634888	0.13	0
0	0.14	0.0391773
0.0166124	0.14	0.0391586
0.0332248	0.14	0.0391024
0.0498371	0.14	0.039008
0.0664495	0.14	0.0388742
0.0830619	0.14	0.0386994
0.0996743	0.14	0.0384814
0.116287	0.14	0.0382175
0.132899	0.14	0.0379044
0.149511	0.14	0.0375386
0.166124	0.14	0.0371159
0.182736	0.14	0.0366321
0.199349	0.14	0.0360829
0.215961	0.14	0.0354644
0.232573	0.14	0.0347732
0.249186	0.14	0.0340067
0.265798	0.14	0.0331639
0.28241	0.14	0.0322448
0.299023	0.14	0.0312511
0.315635	0.14	0.0301856
0.332248	0.14	0.0290526
0.34886	0.14	0.0278571
0.365472	0.14	0.026605
0.382085	0.14	0.0253021
0.398697	0.14	0.0239547
0.415309	0.14	0.0225684
0.431922	0.14	0.0211488
0.448534	0.14	0.0197011
0.465147	0.14	0.0182298
0.481759	0.14	0.0167393
0.498371	0.14	0.0152334
0.514984	0.14	0.0137157
0.531596	0.14	0.0121894
0.548209	0.14	0.0106577
0.564821	0.14	0.00912333
0.581433	0.14	0.007589
0.598046	0.14	0.00605718
0.614658	0.14	0.00453022
0.63127	0.14	0.00301033
0.647883	0.14	0.0014996
0.664495	0.14	0
0	0.15	0.0413023
0.0173525	0.15	0.0412811
0.0347051	0.15	0.0412174
0.0520576	0.15	0.0411104
0.0694102	0.15	0.0409589
0.0867627	0.15	0.0407609
0.104115	0.15	0.0405141
0.121468	0.15	0.0402155
0.13882	0.15	0.0398618
0.156173	0.15	0.0394491
0.173525	0.15	0.0389733
0.190878	0.15	0.0384301
0.208231	0.15	0.0378156
0.225583	0.15	0.0371263
0.242936	0.15	0.0363595
0.260288	0.15	0.0355136
0.277641	0.15	0.0345885
0.294993	0.15	0.0335855
0.312346	0.15	0.0325073
0.329698	0.15	0.0313577
0.347051	0.15	0.030142
0.364404	0.15	0.0288657
0.381756	0.15	0.0275351
0.399109	0.15	0.0261565
0.416461	0.15	0.0247359
0.433814	0.15	0.0232792
0.451166	0.15	0.021792
0.468519	0.15	0.0202792
0.485871	0.15	0.0187456
0.503224	0.15	0.0171954
0.520576	0.15	0.0156325
0.537929	0.15	0.0140606
0.555282	0.15	0.0124831
0.572634	0.15	0.0109031
0.589987	0.15	0.00932351
0.607339	0.15	0.00774718
0.624692	0.15	0.00617669
0.642044	0.15	0.00461447
0.659397	0.15	0.00306285
0.676749	0.15	0.001524
0.694102	0.15	0
0	0.16	0.0433414
0.0180927	0.16	0.0433176
0.0361854	0.16	0.0432461
0.0542782	0.16	0.0431259
0.0723709	0.16	0.0429558
0.0904636	0.16	0.0427336
0.108556	0.16	0.0424568
0.126649	0.16	0.0421223
0.144742	0.16	0.0417266
0.162834	0.16	0.0412656
0.180927	0.16	0.0407354
0.19902	0.16	0.0401319
0.217113	0.16	0.0394514
0.235205	0.16	0.0386912
0.253298	0.16	0.0378492
0.271391	0.16	0.0369251
0.289484	0.16	0.0359196
0.307576	0.16	0.034835
0.325669	0.16	0.0336751
0.343762	0.16	0.0324448
0.361854	0.16	0.0311497
0.379947	0.16	0.0297962
0.39804	0.16	0.0283906
0.416133	0.16	0.0269395
0.434225	0.16	0.025449
0.452318	0.16	0.0239251
0.470411	0.16	0.0223733
0.488503	0.16	0.0207987
0.506596	0.16	0.0192059
0.524689	0.16	0.0175993
0.542782	0.16	0.015983
0.560874	0.16	0.0143606
0.578967	0.16	0.0127357
0.59706	0.16	0.0111116
0.615152	0.16	0.00949126
0.633245	0.16	0.00787765
0.651338	0.16	0.00627346
0.669431	0.16	0.00468125
0.687523	0.16	0.00310343
0.705616	0.16	0.0015423
0.723709	0.16	0
0	0.17	0.0452951
0.0188329	0.17	0.0452686
0.0376658	0.17	0.0451889
0.0564987	0.17	0.045055
0.0753316	0.17	0.0448655
0.0941644	0.17	0.0446182
0.112997	0.17	0.0443104
0.13183	0.17	0.0439388
0.150663	0.17	0.0434998
0.169496	0.17	0.0429895
0.188329	0.17	0.0424039
0.207162	0.17	0.0417393
0.225995	0.17	0.0409926
0.244828	0.17	0.0401616
0.26366	0.17	0.0392453
0.282493	0.17	0.0382441
0.301326	0.17	0.0371599
0.320159	0.17	0.0359961
0.338992	0.17	0.0347572
0.357825	0.17	0.0334489
0.376658	0.17	0.0320775
0.395491	0.17	0.0306496
0.414324	0.17	0.029172
0.433156	0.17	0.0276513
0.451989	0.17	0.0260939
0.470822	0.17	0.0245056
0.489655	0.17	0.0228922
0.508488	0.17	0.0212586
0.527321	0.17	0.0196098
0.546154	0.17	0.0179502
0.564987	0.17	0.0162839
0.58382	0.17	0.0146148
0.602652	0.17	0.0129465
0.621485	0.17	0.0112825
0.640318	0.17	0.00962598
0.659151	0.17	0.00797988
0.677984	0.17	0.00634708
0.696817	0.17	0.00473024
0.71565	0.17	0.00313188
0.734483	0.17	0.00155439
0.753316	0.17	0
0	0.18	0.0471638
0.0195731	0.18	0.0471344
0.0391461	0.18	0.0470462
0.0587192	0.18	0.0468982
0.0782922	0.18	0.0466887
0.0978653	0.18	0.0464154
0.117438	0.18	0.0460756
0.137011	0.18	0.0456659
0.156584	0.18	0.0451827
0.176158	0.18	0.0446221
0.195731	0.18	0.0439803
0.215304	0.18	0.0432542
0.234877	0.18	0.0424411
0.25445	0.18	0.0415397
0.274023	0.18	0.0405498
0.293596	0.18	0.0394729
0.313169	0.18	0.0383118
0.332742	0.18	0.0370707
0.352315	0.18	0.0357552
0.371888	0.18	0.0343714
0.391461	0.18	0.0329263
0.411034	0.18	0.0314267
0.430607	0.18	0.0298796
0.45018	0.18	0.028292
0.469753	0.18	0.0266701
0.489326	0.18	0.0250202
0.5089	0.18	0.0233478
0.528473	0.18	0.0216582
0.548046	0.18	0.0199564
0.567619	0.18	0.0182471
0.587192	0.18	0.0165343
0.606765	0.18	0.0148223
0.626338	0.18	0.0131148
0.645911	0.18	0.0114152
0.665484	0.18	0.00972707
0.685057	0.18	0.00805339
0.70463	0.18	0.00639717
0.724203	0.18	0.00476117
0.743776	0.18	0.00314802
0.763349	0.18	0.00156019
0.782922	0.18	0
0	0.19	0.0489478
0.0203132	0.19	0.0489156
0.0406265	0.19	0.0488186
0.0609397	0.19	0.0486559
0.0812529	0.19	0.0484257
0.101566	0.19	0.0481257
0.121879	0.19	0.0477531
0.142193	0.19	0.0473043
0.162506	0.19	0.046776
0.182819	0.19	0.0461643
0.203132	0.19	0.0454658
0.223446	0.19	0.0446778
0.243759	0.19	0.0437985
0.264072	0.19	0.0428271
0.284385	0.19	0.0417645
0.304698	0.19	0.040613
0.325012	0.19	0.0393766
0.345325	0.19	0.0380602
0.365638	0.19	0.0366701
0.385951	0.19	0.035213
0.406265	0.19	0.0336963
0.426578	0.19	0.0321273
0.446891	0.19	0.0305131
0.467204	0.19	0.0288608
0.487517	0.19	0.027177
0.507831	0.19	0.0254679
0.528144	0.19	0.0237392
0.548457	0.19	0.0219966
0.56877	0.19	0.0202449
0.589084	0.19	0.0184891
0.609397	0.19	0.0167336
0.62971	0.19	0.0149825
0.650023	0.19	0.0132397
0.670337	0.19	0.0115091
0.69065	0.19	0.00979403
0.710963	0.19	0.00809776
0.731276	0.19	0.00642339
0.751589	0.19	0.00477379
0.771903	0.19	0.00315169
0.792216	0.19	0.00155963
0.812529	0.19	0
0	0.2	0.0506476
0.0210534	0.2	0.0506123
0.0421068	0.2	0.0505063
0.0631602	0.2	0.0503285
0.0842136	0.2	0.050077
0.105267	0.2	0.0497496
0.12632	0.2	0.0493433
0.147374	0.2	0.0488548
0.168427	0.2	0.0482805
0.189481	0.2	0.047617
0.210534	0.2	0.0468614
0.231587	0.2	0.0460114
0.252641	0.2	0.0450658
0.273694	0.2	0.0440249
0.294748	0.2	0.0428904
0.315801	0.2	0.0416656
0.336854	0.2	0.0403553
0.357908	0.2	0.0389652
0.378961	0.2	0.0375023
0.400015	0.2	0.0359739
0.421068	0.2	0.0343876
0.442121	0.2	0.0327511
0.463175	0.2	0.0310719
0.484228	0.2	0.0293572
0.505282	0.2	0.0276137
0.526335	0.2	0.0258478
0.547388	0.2	0.0240656
0.568442	0.2	0.0222727
0.589495	0.2	0.0204743
0.610549	0.2	0.0186754
0.631602	0.2	0.0168807
0.652655	0.2	0.0150944
0.673709	0.2	0.0133208
0.694762	0.2	0.0115635
0.715816	0.2	0.00982635
0.736869	0.2	0.00811259
0.757922	0.2	0.00642545
0.778976	0.2	0.00476791
0.800029	0.2	0.00314277
0.821083	0.2	0.00155265
0.842136	0.2	0
0	0.21	0.0522633
0.0217936	0.21	0.0522249
0.0435871	0.21	0.0521096
0.0653807	0.21	0.0519163
0.0871743	0.21	0.051643
0.108968	0.21	0.0512876
0.130761	0.21	0.0508469
0.152555	0.21	0.0503177
0.174349	0.21	0.0496968
0.196142	0.21	0.0489811
0.217936	0.21	0.0481679
0.239729	0.21	0.0472556
0.261523	0.21	0.046244
0.283316	0.21	0.0451341
0.30511	0.21	0.0439285
0.326904	0.21	0.0426314
0.348697	0.21	0.0412484
0.370491	0.21	0.0397861
0.392284	0.21	0.0382519
0.414078	0.21	0.0366538
0.435871	0.21	0.0349997
0.457665	0.21	0.0332976
0.479459	0.21	0.0315553
0.501252	0.21	0.0297802
0.523046	0.21	0.0279792
0.544839	0.21	0.0261591
0.566633	0.21	0.0243259
0.588426	0.21	0.0224856
0.61022	0.21	0.0206437
0.632014	0.21	0.0188052
0.653807	0.21	0.0169749
0.675601	0.21	0.0151576
0.697394	0.21	0.0133573
0.719188	0.21	0.011578
0.740981	0.21	0.00982364
0.762775	0.21	0.00809756
0.784568	0.21	0.00640311
0.806362	0.21	0.00474335
0.828156	0.21	0.00312115
0.849949	0.21	0.00153921
0.871743	0.21	0
0	0.22	0.0537952
0.0225337	0.22	0.0537537
0.0450675	0.22	0.0536288
0.0676012	0.22	0.0534196
0.090135	0.22	0.053124
0.112669	0.22	0.0527398
0.135202	0.22	0.0522641
0.157736	0.22	0.0516937
0.18027	0.22	0.0510256
0.202804	0.22	0.0502569
0.225337	0.22	0.0493858
0.247871	0.22	0.0484113
0.270405	0.22	0.0473338
0.292939	0.22	0.0461552
0.315472	0.22	0.0448791
0.338006	0.22	0.0435106
0.36054	0.22	0.042056
0.383074	0.22	0.0405227
0.405607	0.22	0.0389187
0.428141	0.22	0.0372523
0.450675	0.22	0.035532
0.473209	0.22	0.033766
0.495742	0.22	0.0319624
0.518276	0.22	0.0301289
0.54081	0.22	0.0282726
0.563343	0.22	0.0264006
0.585877	0.22	0.0245192
0.608411	0.22	0.0226345
0.630945	0.22	0.0207521
0.653478	0.22	0.0188775
0.676012	0.22	0.0170156
0.698546	0.22	0.0151712
0.72108	0.22	0.0133487
0.743613	0.22	0.0115521
0.766147	0.22	0.00978551
0.788681	0.22	0.00805239
0.811215	0.22	0.00635616
0.833748	0.22	0.00469998
0.856282	0.22	0.00308678
0.878816	0.22	0.00151928
0.90135	0.22	0
0	0.23	0.0552436
0.0232739	0.23	0.0551988
0.0465478	0.23	0.0550642
0.0698217	0.23	0.0548386
0.0930956	0.23	0.0545203
0.11637	0.23	0.0541068
0.139643	0.23	0.0535953
0.162917	0.23	0.052983
0.186191	0.23	0.0522671
0.209465	0.23	0.0514451
0.232739	0.23	0.0505158
0.256013	0.23	0.0494788
0.279287	0.23	0.0483355
0.302561	0.23	0.0470886
0.325835	0.23	0.0457426
0.349109	0.23	0.0443035
0.372383	0.23	0.0427782
0.395656	0.23	0.041175
0.41893	0.23	0.0395023
0.442204	0.23	0.0377689
0.465478	0.23	0.0359837
0.488752	0.23	0.0341554
0.512026	0.23	0.0322923
0.5353	0.23	0.0304023
0.558574	0.23	0.028493
0.581848	0.23	0.0265715
0.605122	0.23	0.0246445
0.628396	0.23	0.0227183
0.651669	0.23	0.0207988
0.674943	0.23	0.0188917
0.698217	0.23	0.017002
0.721491	0.23	0.0151348
0.744765	0.23	0.0132945
0.768039	0.23	0.0114855
0.791313	0.23	0.00971168
0.814587	0.23	0.00797686
0.837861	0.23	0.00628447
0.861135	0.23	0.00463772
0.884409	0.23	0.0030396
0.907682	0.23	0.00149285
0.930956	0.23	0
0	0.24	0.0566086
0.0240141	0.24	0.0565604
0.0480282	0.24	0.0564158
0.0720422	0.24	0.0561736
0.0960563	0.24	0.055832
0.12007	0.24	0.0553886
0.144084	0.24	0.0548409
0.168099	0.24	0.0541861
0.192113	0.24	0.0534217
0.216127	0.24	0.0525459
0.240141	0.24	0.051558
0.264155	0.24	0.0504585
0.288169	0.24	0.0492494
0.312183	0.24	0.0479344
0.336197	0.24	0.046519
0.360211	0.24	0.0450098
0.384225	0.24	0.0434146
0.408239	0.24	0.0417423
0.432253	0.24	0.0400019
0.456267	0.24	0.0382027
0.480282	0.24	0.0363541
0.504296	0.24	0.0344649
0.52831	0.24	0.0325439
0.552324	0.24	0.0305994
0.576338	0.24	0.0286392
0.600352	0.24	0.0266707
0.624366	0.24	0.0247008
0.64838	0.24	0.0227362
0.672394	0.24	0.0207831
0.696408	0.24	0.018847
0.720422	0.24	0.0169336
0.744436	0.24	0.0150478
0.768451	0.24	0.0131944
0.792465	0.24	0.0113777
0.816479	0.24	0.00960191
0.840493	0.24	0.00787081
0.864507	0.24	0.00618792
0.888521	0.24	0.00455651
0.912535	0.24	0.00297959
0.936549	0.24	0.00145991
0.960563	0.24	0
0	0.25	0.0578903
0.0247542	0.25	0.0578388
0.0495085	0.25	0.0576839
0.0742627	0.25	0.0574247
0.099017	0.25	0.0570593
0.123771	0.25	0.0565856
0.148525	0.25	0.0560009
0.17328	0.25	0.0553029
0.198034	0.25	0.0544896
0.222788	0.25	0.0535596
0.247542	0.25	0.0525127
0.272297	0.25	0.0513504
0.297051	0.25	0.0500755
0.321805	0.25	0.0486926
0.346559	0.25	0.047208
0.371314	0.25	0.0456292
0.396068	0.25	0.0439648
0.420822	0.25	0.0422241
0.445576	0.25	0.0404169
0.470331	0.25	0.038553
0.495085	0.25	0.0366421
0.519839	0.25	0.0346935
0.544593	0.25	0.0327163
0.569348	0.25	0.0307192
0.594102	0.25	0.0287103
0.618856	0.25	0.0266973
0.64361	0.25	0.0246874
0.668365	0.25	0.0226876
0.693119	0.25	0.0207041
0.717873	0.25	0.018743
0.742627	0.25	0.0168098
0.767382	0.25	0.0149098
0.792136	0.25	0.0130479
0.81689	0.25	0.0112286
0.841644	0.25	0.00945602
0.866399	0.25	0.00773412
0.891153	0.25	0.00606647
0.915907	0.25	0.00445634
0.940661	0.25	0.00290677
0.965416	0.25	0.00142049
0.99017	0.25	0
0	0.26	0.0590889
0.0254944	0.26	0.0590339
0.0509888	0.26	0.0588687
0.0764833	0.26	0.0585921
0.101978	0.26	0.0582025
0.127472	0.26	0.0576977
0.152967	0.26	0.0570756
0.178461	0.26	0.0563339
0.203955	0.26	0.0554709
0.22945	0.26	0.0544861
0.254944	0.26	0.0533799
0.280439	0.26	0.0521545
0.305933	0.26	0.0508137
0.331427	0.26	0.0493629
0.356922	0.26	0.0478093
0.382416	0.26	0.0461612
0.407911	0.26	0.044428
0.433405	0.26	0.0426197
0.4589	0.26	0.0407465
0.484394	0.26	0.0388188
0.509888	0.26	0.0368467
0.535383	0.26	0.0348402
0.560877	0.26	0.0328085
0.586372	0.26	0.0307607
0.611866	0.26	0.0287054
0.63736	0.26	0.0266504
0.662855	0.26	0.0246034
0.688349	0.26	0.0225715
0.713844	0.26	0.0205613
0.739338	0.26	0.0185789
0.764833	0.26	0.0166302
0.790327	0.26	0.0147205
0.815821	0.26	0.0128549
0.841316	0.26	0.0110379
0.86681	0.26	0.00927389
0.892305	0.26	0.00756674
0.917799	0.26	0.00592009
0.943293	0.26	0.00433722
0.968788	0.26	0.00282115
0.994282	0.26	0.00137459
1.01978	0.26	0
0	0.27	0.0602045
0.0262346	0.27	0.060146
0.0524692	0.27	0.0599701
0.0787038	0.27	0.0596758
0.104938	0.27	0.0592615
0.131173	0.27	0.0587253
0.157408	0.27	0.058065
0.183642	0.27	0.0572789
0.209877	0.27	0.0563658
0.236111	0.27	0.0553256
0.262346	0.27	0.0541596
0.28858	0.27	0.0528708
0.314815	0.27	0.0514638
0.34105	0.27	0.049945
0.367284	0.27	0.0483225
0.393519	0.27	0.0466053
0.419753	0.27	0.0448036
0.445988	0.27	0.0429281
0.472223	0.27	0.0409897
0.498457	0.27	0.0389991
0.524692	0.27	0.0369671
0.550926	0.27	0.0349039
0.577161	0.27	0.0328194
0.603396	0.27	0.030723
0.62963	0.27	0.0286235
0.655865	0.27	0.0265293
0.682099	0.27	0.0244481
0.708334	0.27	0.0223874
0.734568	0.27	0.020354
0.760803	0.27	0.0183544
0.787038	0.27	0.0163944
0.813272	0.27	0.0144796
0.839507	0.27	0.0126151
0.865741	0.27	0.0108056
0.891976	0.27	0.00905547
0.918211	0.27	0.00736867
0.944445	0.27	0.00574881
0.97068	0.27	0.00419919
0.996914	0.27	0.00272279
1.02315	0.27	0.00132226
1.04938	0.27	0
0	0.28	0.0612373
0.0269748	0.28	0.0611751
0.0539495	0.28	0.0609884
0.0809243	0.28	0.060676
0.107899	0.28	0.0602366
0.134874	0.28	0.0596683
0.161849	0.28	0.0589693
0.188823	0.28	0.0581381
0.215798	0.28	0.0571742
0.242773	0.28	0.056078
0.269748	0.28	0.0548517
0.296722	0.28	0.053499
0.323697	0.28	0.0520255
0.350672	0.28	0.0504385
0.377647	0.28	0.0487469
0.404621	0.28	0.0469608
0.431596	0.28	0.0450909
0.458571	0.28	0.0431486
0.485546	0.28	0.0411455
0.51252	0.28	0.0390929
0.539495	0.28	0.0370021
0.56647	0.28	0.0348837
0.593445	0.28	0.0327482
0.620419	0.28	0.0306051
0.647394	0.28	0.0284639
0.674369	0.28	0.026333
0.701344	0.28	0.0242208
0.728318	0.28	0.0221347
0.755293	0.28	0.0200819
0.782268	0.28	0.018069
0.809243	0.28	0.0161021
0.836218	0.28	0.0141868
0.863192	0.28	0.0123284
0.890167	0.28	0.0105316
0.917142	0.28	0.00880075
0.944117	0.28	0.00713992
0.971091	0.28	0.0055527
0.998066	0.28	0.00404233
1.02504	0.28	0.00261174
1.05202	0.28	0.00126353
1.07899	0.28	0
0	0.29	0.0621872
0.0277149	0.29	0.0621213
0.0554299	0.29	0.0619235
0.0831448	0.29	0.0615928
0.11086	0.29	0.0611278
0.138575	0.29	0.0605268
0.16629	0.29	0.0597884
0.194005	0.29	0.0589115
0.221719	0.29	0.057896
0.249434	0.29	0.0567432
0.277149	0.29	0.0554559
0.304864	0.29	0.0540387
0.332579	0.29	0.0524983
0.360294	0.29	0.0508428
0.388009	0.29	0.049082
0.415724	0.29	0.0472268
0.443439	0.29	0.0452889
0.471154	0.29	0.0432802
0.498869	0.29	0.041213
0.526584	0.29	0.0390993
0.554299	0.29	0.0369507
0.582014	0.29	0.0347786
0.609728	0.29	0.0325937
0.637443	0.29	0.0304062
0.665158	0.29	0.0282256
0.692873	0.29	0.026061
0.720588	0.29	0.0239208
0.748303	0.29	0.0218129
0.776018	0.29	0.0197445
0.803733	0.29	0.0177225
0.831448	0.29	0.0157531
0.859163	0.29	0.0138421
0.886878	0.29	0.0119947
0.914593	0.29	0.0102158
0.942308	0.29	0.00850977
0.970023	0.29	0.0068806
0.997737	0.29	0.00533185
1.02545	0.29	0.00386674
1.05317	0.29	0.0024881
1.08088	0.29	0.00119846
1.1086	0.29	0
0	0.3	0.0630543
0.0284551	0.3	0.0629847
0.0569102	0.3	0.0627756
0.0853653	0.3	0.0624261
0.11382	0.3	0.061935
0.142275	0.3	0.0613008
0.170731	0.3	0.0605223
0.199186	0.3	0.059599
0.227641	0.3	0.0585312
0.256096	0.3	0.057321
0.284551	0.3	0.055972
0.313006	0.3	0.0544897
0.341461	0.3	0.0528818
0.369916	0.3	0.0511573
0.398371	0.3	0.049327
0.426826	0.3	0.0474026
0.455282	0.3	0.0453967
0.483737	0.3	0.0433219
0.512192	0.3	0.0411912
0.540647	0.3	0.0390171
0.569102	0.3	0.036812
0.597557	0.3	0.0345877
0.626012	0.3	0.0323553
0.654467	0.3	0.0301254
0.682922	0.3	0.0279081
0.711377	0.3	0.0257126
0.739833	0.3	0.0235477
0.768288	0.3	0.0214215
0.796743	0.3	0.0193415
0.825198	0.3	0.0173146
0.853653	0.3	0.0153473
0.882108	0.3	0.0134453
0.910563	0.3	0.0116141
0.939018	0.3	0.00985838
0.967473	0.3	0.00818264
0.995928	0.3	0.00659081
1.02438	0.3	0.00508639
1.05284	0.3	0.00367253
1.08129	0.3	0.00235196
1.10975	0.3	0.0011271
1.1382	0.3	0
0	0.31	0.0638388
0.0291953	0.31	0.0637653
0.0583905	0.31	0.0635447
0.0875858	0.31	0.0631761
0.116781	0.31	0.0626584
0.145976	0.31	0.0619903
0.175172	0.31	0.0611711
0.204367	0.31	0.0602005
0.233562	0.31	0.0590796
0.262757	0.31	0.0578111
0.291953	0.31	0.0563996
0.321148	0.31	0.0548515
0.350343	0.31	0.0531753
0.379538	0.31	0.0513813
0.408734	0.31	0.0494811
0.437929	0.31	0.0474874
0.467124	0.31	0.0454134
0.49632	0.31	0.0432727
0.525515	0.31	0.041079
0.55471	0.31	0.0388455
0.583905	0.31	0.036585
0.613101	0.31	0.0343099
0.642296	0.31	0.0320319
0.671491	0.31	0.029762
0.700686	0.31	0.0275105
0.729882	0.31	0.0252872
0.759077	0.31	0.0231009
0.788272	0.31	0.0209602
0.817468	0.31	0.0188725
0.846663	0.31	0.0168452
0.875858	0.31	0.0148845
0.905053	0.31	0.0129965
0.934249	0.31	0.0111865
0.963444	0.31	0.0094594
0.992639	0.31	0.0078195
1.02183	0.31	0.00627071
1.05103	0.31	0.00481648
1.08022	0.31	0.00345984
1.10942	0.31	0.00220344
1.13862	0.31	0.00104953
1.16781	0.31	0
0	0.32	0.0645405
0.0299354	0.32	0.0644632
0.0598709	0.32	0.0642308
0.0898063	0.32	0.0638427
0.119742	0.32	0.0632979
0.149677	0.32	0.0625954
0.179613	0.32	0.0617346
0.209548	0.32	0.0607158
0.239484	0.32	0.0595409
0.269419	0.32	0.0582133
0.299354	0.32	0.0567383
0.32929	0.32	0.0551235
0.359225	0.32	0.0533784
0.389161	0.32	0.0515142
0.419096	0.32	0.0495435
0.449032	0.32	0.0474801
0.478967	0.32	0.045338
0.508902	0.32	0.0431317
0.538838	0.32	0.0408755
0.568773	0.32	0.0385833
0.598709	0.32	0.0362687
0.628644	0.32	0.0339445
0.65858	0.32	0.0316228
0.688515	0.32	0.0293152
0.718451	0.32	0.0270323
0.748386	0.32	0.0247842
0.778321	0.32	0.0225801
0.808257	0.32	0.0204286
0.838192	0.32	0.0183375
0.868128	0.32	0.0163141
0.898063	0.32	0.0143648
0.927999	0.32	0.0124957
0.957934	0.32	0.0107122
0.987869	0.32	0.00901901
1.0178	0.32	0.0074205
1.04774	0.32	0.00592048
1.07768	0.32	0.00452229
1.10761	0.32	0.00322885
1.13755	0.32	0.00204265
1.16748	0.32	0.000965809
1.19742	0.32	0
0	0.33	0.0651597
0.0306756	0.33	0.0650784
0.0613512	0.33	0.064834
0.0920268	0.33	0.0644261
0.122702	0.33	0.0638536
0.153378	0.33	0.0631159
0.184054	0.33	0.0622127
0.214729	0.33	0.061145
0.245405	0.33	0.0599151
0.27608	0.33	0.0585272
0.306756	0.33	0.0569877
0.337432	0.33	0.0553052
0.368107	0.33	0.0534902
0.398783	0.33	0.051555
0.429459	0.33	0.0495134
0.460134	0.33	0.0473798
0.49081	0.33	0.0451696
0.521485	0.33	0.0428978
0.552161	0.33	0.0405796
0.582837	0.33	0.0382297
0.613512	0.33	0.0358622
0.644188	0.33	0.0334905
0.674863	0.33	0.0311273
0.705539	0.33	0.0287845
0.736215	0.33	0.0264731
0.76689	0.33	0.0242034
0.797566	0.33	0.021985
0.828241	0.33	0.0198267
0.858917	0.33	0.0177363
0.889593	0.33	0.0157213
0.920268	0.33	0.0137882
0.950944	0.33	0.0119431
0.981619	0.33	0.0101912
1.0123	0.33	0.00853741
1.04297	0.33	0.00698588
1.07365	0.33	0.00554035
1.10432	0.33	0.00420404
1.135	0.33	0.00297972
1.16567	0.33	0.00186975
1.19635	0.33	0.000876044
1.22702	0.33	0
0	0.34	0.0656962
0.0314158	0.34	0.0656108
0.0628316	0.34	0.0653543
0.0942473	0.34	0.0649261
0.125663	0.34	0.0643254
0.157079	0.34	0.0635518
0.188495	0.34	0.0626054
0.21991	0.34	0.0614877
0.251326	0.34	0.0602017
0.282742	0.34	0.0587525
0.314158	0.34	0.0571474
0.345574	0.34	0.055396
0.376989	0.34	0.0535101
0.408405	0.34	0.051503
0.439821	0.34	0.0493897
0.471237	0.34	0.0471856
0.502652	0.34	0.044907
0.534068	0.34	0.04257
0.565484	0.34	0.0401905
0.5969	0.34	0.0377838
0.628316	0.34	0.0353648
0.659731	0.34	0.0329473
0.691147	0.34	0.0305447
0.722563	0.34	0.0281692
0.753979	0.34	0.0258322
0.785394	0.34	0.0235443
0.81681	0.34	0.0213154
0.848226	0.34	0.0191541
0.879642	0.34	0.0170689
0.911058	0.34	0.0150669
0.942473	0.34	0.0131548
0.973889	0.34	0.0113387
1.0053	0.34	0.00962381
1.03672	0.34	0.00801483
1.06814	0.34	0.00651588
1.09955	0.34	0.00513055
1.13097	0.34	0.00386194
1.16238	0.34	0.00271267
1.1938	0.34	0.00168491
1.22522	0.34	0.000780357
1.25663	0.34	0
0	0.35	0.0661502
0.0321559	0.35	0.0660607
0.0643119	0.35	0.0657917
0.0964678	0.35	0.0653428
0.128624	0.35	0.0647133
0.16078	0.35	0.0639031
0.192936	0.35	0.0629126
0.225092	0.35	0.0617438
0.257248	0.35	0.0604005
0.289404	0.35	0.0588887
0.321559	0.35	0.0572167
0.353715	0.35	0.0553952
0.385871	0.35	0.0534373
0.418027	0.35	0.0513574
0.450183	0.35	0.0491715
0.482339	0.35	0.0468965
0.514495	0.35	0.0445494
0.546651	0.35	0.0421473
0.578807	0.35	0.039707
0.610963	0.35	0.0372446
0.643119	0.35	0.0347754
0.675275	0.35	0.0323142
0.707431	0.35	0.0298744
0.739587	0.35	0.0274689
0.771743	0.35	0.0251094
0.803899	0.35	0.0228067
0.836055	0.35	0.0205709
0.868211	0.35	0.018411
0.900367	0.35	0.0163352
0.932523	0.35	0.0143509
0.964678	0.35	0.0124648
0.996834	0.35	0.0106829
1.02899	0.35	0.00901024
1.06115	0.35	0.00745154
1.0933	0.35	0.00601076
1.12546	0.35	0.00469135
1.15761	0.35	0.00349626
1.18977	0.35	0.00242794
1.22193	0.35	0.00148837
1.25408	0.35	0.000678918
1.28624	0.35	0
0	0.36	0.0665216
0.0328961	0.36	0.0664278
0.0657922	0.36	0.0661462
0.0986884	0.36	0.0656762
0.131584	0.36	0.0650173
0.164481	0.36	0.0641697
0.197377	0.36	0.0631341
0.230273	0.36	0.0619131
0.263169	0.36	0.0605112
0.296065	0.36	0.0589354
0.328961	0.36	0.0571951
0.361857	0.36	0.0553022
0.394753	0.36	0.0532709
0.42765	0.36	0.0511171
0.460546	0.36	0.048858
0.493442	0.36	0.0465115
0.526338	0.36	0.0440957
0.559234	0.36	0.0416288
0.59213	0.36	0.0391284
0.625026	0.36	0.0366112
0.657922	0.36	0.0340935
0.690818	0.36	0.0315903
0.723715	0.36	0.0291158
0.756611	0.36	0.0266831
0.789507	0.36	0.0243043
0.822403	0.36	0.0219904
0.855299	0.36	0.0197517
0.888195	0.36	0.0175973
0.921091	0.36	0.0155354
0.953987	0.36	0.0135736
0.986884	0.36	0.0117185
1.01978	0.36	0.00997581
1.05268	0.36	0.00835078
1.08557	0.36	0.00684784
1.11847	0.36	0.00547083
1.15136	0.36	0.00422306
1.18426	0.36	0.0031073
1.21716	0.36	0.00212583
1.25005	0.36	0.00128041
1.28295	0.36	0.00057198
1.31584	0.36	0
0	0.37	0.0668105
0.0336363	0.37	0.0667124
0.0672726	0.37	0.0664178
0.100909	0.37	0.0659262
0.134545	0.37	0.0652374
0.168181	0.37	0.0643515
0.201818	0.37	0.0632698
0.235454	0.37	0.0619953
0.26909	0.37	0.0605335
0.302727	0.37	0.0588922
0.336363	0.37	0.057082
0.369999	0.37	0.0551162
0.403635	0.37	0.0530103
0.437272	0.37	0.0507814
0.470908	0.37	0.0484481
0.504544	0.37	0.0460296
0.538181	0.37	0.043545
0.571817	0.37	0.0410135
0.605453	0.37	0.0384536
0.639089	0.37	0.0358829
0.672726	0.37	0.0333183
0.706362	0.37	0.0307752
0.739998	0.37	0.0282685
0.773635	0.37	0.0258115
0.807271	0.37	0.0234166
0.840907	0.37	0.0210952
0.874543	0.37	0.0188576
0.90818	0.37	0.0167129
0.941816	0.37	0.0146697
0.975452	0.37	0.0127351
1.00909	0.37	0.0109159
1.04272	0.37	0.00921781
1.07636	0.37	0.00764575
1.11	0.37	0.00620406
1.14363	0.37	0.00489644
1.17727	0.37	0.00372601
1.21091	0.37	0.00269541
1.24454	0.37	0.00180675
1.27818	0.37	0.00106149
1.31182	0.37	0.000459935
1.34545	0.37	0
0	0.38	0.0670168
0.0343765	0.38	0.0669143
0.0687529	0.38	0.0666065
0.103129	0.38	0.066093
0.137506	0.38	0.0653735
0.171882	0.38	0.0644484
0.206259	0.38	0.0633195
0.240635	0.38	0.0619903
0.275012	0.38	0.060467
0.309388	0.38	0.0587585
0.343765	0.38	0.0568769
0.378141	0.38	0.0548365
0.412517	0.38	0.0526544
0.446894	0.38	0.0503492
0.48127	0.38	0.0479409
0.515647	0.38	0.0454497
0.550023	0.38	0.0428962
0.5844	0.38	0.0403005
0.618776	0.38	0.0376819
0.653153	0.38	0.035059
0.687529	0.38	0.0324491
0.721906	0.38	0.0298684
0.756282	0.38	0.027332
0.790659	0.38	0.0248537
0.825035	0.38	0.0224462
0.859411	0.38	0.0201211
0.893788	0.38	0.0178886
0.928164	0.38	0.0157582
0.962541	0.38	0.0137381
0.996917	0.38	0.0118358
1.03129	0.38	0.0100576
1.06567	0.38	0.00840923
1.10005	0.38	0.0068955
1.13442	0.38	0.00552057
1.1688	0.38	0.00428795
1.20318	0.38	0.00320062
1.23755	0.38	0.00226108
1.27193	0.38	0.00147127
1.30631	0.38	0.000832274
1.34068	0.38	0.000343411
1.37506	0.38	0
0	0.39	0.0671406
0.0351166	0.39	0.0670336
0.0702333	0.39	0.0667124
0.10535	0.39	0.0661764
0.140467	0.39	0.0654256
0.175583	0.39	0.0644604
0.2107	0.39	0.063283
0.245816	0.39	0.0618976
0.280933	0.39	0.0603112
0.31605	0.39	0.0585339
0.351166	0.39	0.0565789
0.386283	0.39	0.0544623
0.4214	0.39	0.0522025
0.456516	0.39	0.0498197
0.491633	0.39	0.0473353
0.526749	0.39	0.044771
0.561866	0.39	0.0421484
0.596983	0.39	0.0394889
0.632099	0.39	0.0368125
0.667216	0.39	0.0341386
0.702333	0.39	0.0314853
0.737449	0.39	0.0288693
0.772566	0.39	0.026306
0.807682	0.39	0.0238096
0.842799	0.39	0.021393
0.877916	0.39	0.019068
0.913032	0.39	0.0168449
0.948149	0.39	0.0147332
0.983266	0.39	0.012741
1.01838	0.39	0.0108758
1.0535	0.39	0.00914376
1.08862	0.39	0.00755042
1.12373	0.39	0.00610043
1.15885	0.39	0.00479777
1.19397	0.39	0.0036458
1.22908	0.39	0.00264739
1.2642	0.39	0.00180495
1.29932	0.39	0.00112023
1.33443	0.39	0.000593814
1.36955	0.39	0.000223421
1.40467	0.39	0
0	0.4	0.0671819
0.0358568	0.4	0.0670703
0.0717136	0.4	0.0667353
0.10757	0.4	0.0661765
0.143427	0.4	0.0653936
0.179284	0.4	0.0643874
0.215141	0.4	0.0631603
0.250998	0.4	0.0617171
0.286854	0.4	0.0600659
0.322711	0.4	0.0582177
0.358568	0.4	0.0561875
0.394425	0.4	0.0539927
0.430282	0.4	0.0516535
0.466138	0.4	0.0491917
0.501995	0.4	0.0466303
0.537852	0.4	0.0439923
0.573709	0.4	0.0413007
0.609566	0.4	0.0385777
0.645422	0.4	0.0358446
0.681279	0.4	0.0331213
0.717136	0.4	0.0304265
0.752993	0.4	0.0277775
0.78885	0.4	0.0251902
0.824706	0.4	0.022679
0.860563	0.4	0.020257
0.89642	0.4	0.0179361
0.932277	0.4	0.0157266
0.968134	0.4	0.0136381
1.00399	0.4	0.0116787
1.03985	0.4	0.00985556
1.0757	0.4	0.00817483
1.11156	0.4	0.0066418
1.14742	0.4	0.00526096
1.18327	0.4	0.00403611
1.21913	0.4	0.00297053
1.25499	0.4	0.00206701
1.29084	0.4	0.00132794
1.3267	0.4	0.000754931
1.36256	0.4	0.000347793
1.39842	0.4	0.000101617
1.43427	0.4	0
