0	0	0
0.00375	0	0
0.0075	0	0
0.01125	0	0
0.015	0	0
0.01875	0	0
0.0225	0	0
0.02625	0	0
0.03	0	0
0.03375	0	0
0.0375	0	0
0.04125	0	0
0.045	0	0
0.04875	0	0
0.0525	0	0
0.05625	0	0
0.06	0	0
0.06375	0	0
0.0675	0	0
0.07125	0	0
0.075	0	0
0.07875	0	0
0.0825	0	0
0.08625	0	0
0.09	0	0
0.09375	0	0
0.0975	0	0
0.10125	0	0
0.105	0	0
0.10875	0	0
0.1125	0	0
0.11625	0	0
0.12	0	0
0.12375	0	0
0.1275	0	0
0.13125	0	0
0.135	0	0
0.13875	0	0
0.1425	0	0
0.14625	0	0
0.15	0	0
0	0.0075	0.00194466
0.00457265	0.0075	0.00194453
0.00914531	0.0075	0.00194412
0.013718	0.0075	0.00194343
0.0182906	0.0075	0.00194245
0.0228633	0.0075	0.0019412
0.0274359	0.0075	0.00193966
0.0320086	0.0075	0.00193784
0.0365812	0.0075	0.00193573
0.0411539	0.0075	0.00193333
0.0457265	0.0075	0.00193063
0.0502992	0.0075	0.00192764
0.0548718	0.0075	0.00192432
0.0594445	0.0075	0.00192065
0.0640171	0.0075	0.00191658
0.0685898	0.0075	0.00191203
0.0731624	0.0075	0.00190687
0.0777351	0.0075	0.00190094
0.0823078	0.0075	0.00189402
0.0868804	0.0075	0.00188581
0.0914531	0.0075	0.00187595
0.0960257	0.0075	0.001864
0.100598	0.0075	0.00184942
0.105171	0.0075	0.00183161
0.109744	0.0075	0.00180985
0.114316	0.0075	0.00178334
0.118889	0.0075	0.00175118
0.123462	0.0075	0.00171239
0.128034	0.0075	0.0016659
0.132607	0.0075	0.00161053
0.13718	0.0075	0.00154503
0.141752	0.0075	0.00146806
0.146325	0.0075	0.00137821
0.150898	0.0075	0.00127398
0.15547	0.0075	0.00115378
0.160043	0.0075	0.00101598
0.164616	0.0075	0.000858847
0.169188	0.0075	0.000680583
0.173761	0.0075	0.000479323
0.178333	0.0075	0.000253131
0.182906	0.0075	0
0	0.015	0.00383384
0.00539531	0.015	0.00383347
0.0107906	0.015	0.00383231
0.0161859	0.015	0.00383036
0.0215812	0.015	0.00382761
0.0269765	0.015	0.00382405
0.0323718	0.015	0.00381965
0.0377671	0.015	0.0038144
0.0431624	0.015	0.00380824
0.0485578	0.015	0.00380112
0.0539531	0.015	0.00379297
0.0593484	0.015	0.00378364
0.0647437	0.015	0.00377298
0.070139	0.015	0.00376072
0.0755343	0.015	0.00374653
0.0809296	0.015	0.00372997
0.0863249	0.015	0.00371049
0.0917202	0.015	0.0036874
0.0971155	0.015	0.00365989
0.102511	0.015	0.00362704
0.107906	0.015	0.00358779
0.113301	0.015	0.003541
0.118697	0.015	0.00348544
0.124092	0.015	0.00341984
0.129487	0.015	0.00334289
0.134883	0.015	0.00325332
0.140278	0.015	0.00314987
0.145673	0.015	0.00303141
0.151069	0.015	0.0028969
0.156464	0.015	0.00274547
0.161859	0.015	0.00257647
0.167254	0.015	0.00238949
0.17265	0.015	0.0021844
0.178045	0.015	0.00196138
0.18344	0.015	0.001721
0.188836	0.015	0.0014642
0.194231	0.015	0.00119238
0.199626	0.015	0.000907395
0.205022	0.015	0.000611628
0.210417	0.015	0.000307995
0.215812	0.015	0
0	0.0225	0.00566832
0.00621796	0.0225	0.00566756
0.0124359	0.0225	0.00566523
0.0186539	0.0225	0.00566133
0.0248718	0.0225	0.00565581
0.0310898	0.0225	0.00564861
0.0373078	0.0225	0.00563967
0.0435257	0.0225	0.00562887
0.0497437	0.0225	0.00561607
0.0559616	0.0225	0.00560104
0.0621796	0.0225	0.00558349
0.0683975	0.0225	0.00556302
0.0746155	0.0225	0.0055391
0.0808335	0.0225	0.00551105
0.0870514	0.0225	0.00547804
0.0932694	0.0225	0.00543905
0.0994873	0.0225	0.00539292
0.105705	0.0225	0.00533836
0.111923	0.0225	0.00527395
0.118141	0.0225	0.00519822
0.124359	0.0225	0.00510966
0.130577	0.0225	0.00500683
0.136795	0.0225	0.00488836
0.143013	0.0225	0.00475302
0.149231	0.0225	0.0045998
0.155449	0.0225	0.00442794
0.161667	0.0225	0.00423695
0.167885	0.0225	0.00402667
0.174103	0.0225	0.00379728
0.180321	0.0225	0.00354929
0.186539	0.0225	0.00328355
0.192757	0.0225	0.00300124
0.198975	0.0225	0.00270381
0.205193	0.0225	0.00239296
0.211411	0.0225	0.00207057
0.217629	0.0225	0.00173862
0.223847	0.0225	0.00139911
0.230064	0.0225	0.00105395
0.236282	0.0225	0.000704865
0.2425	0.0225	0.00035324
0.248718	0.0225	0
0	0.03	0.00744885
0.00704061	0.03	0.00744755
0.0140812	0.03	0.00744359
0.0211218	0.03	0.00743693
0.0281624	0.03	0.00742748
0.0352031	0.03	0.00741511
0.0422437	0.03	0.00739964
0.0492843	0.03	0.00738079
0.0563249	0.03	0.00735821
0.0633655	0.03	0.00733141
0.0704061	0.03	0.00729974
0.0774467	0.03	0.00726239
0.0844873	0.03	0.00721832
0.091528	0.03	0.00716632
0.0985686	0.03	0.00710499
0.105609	0.03	0.00703276
0.11265	0.03	0.00694797
0.11969	0.03	0.00684891
0.126731	0.03	0.00673392
0.133772	0.03	0.00660143
0.140812	0.03	0.00645008
0.147853	0.03	0.00627875
0.154893	0.03	0.00608666
0.161934	0.03	0.00587337
0.168975	0.03	0.00563885
0.176015	0.03	0.00538344
0.183056	0.03	0.00510788
0.190097	0.03	0.00481327
0.197137	0.03	0.004501
0.204178	0.03	0.00417271
0.211218	0.03	0.00383022
0.218259	0.03	0.00347544
0.2253	0.03	0.00311031
0.23234	0.03	0.0027367
0.239381	0.03	0.00235634
0.246421	0.03	0.00197076
0.253462	0.03	0.00158124
0.260503	0.03	0.00118881
0.267543	0.03	0.00079418
0.274584	0.03	0.000397821
0.281624	0.03	0
0	0.0375	0.00917617
0.00786326	0.0375	0.00917416
0.0157265	0.0375	0.00916806
0.0235898	0.0375	0.00915778
0.0314531	0.0375	0.00914316
0.0393163	0.0375	0.00912393
0.0471796	0.0375	0.00909975
0.0550429	0.0375	0.00907012
0.0629061	0.0375	0.00903437
0.0707694	0.0375	0.00899164
0.0786326	0.0375	0.00894085
0.0864959	0.0375	0.00888068
0.0943592	0.0375	0.00880959
0.102222	0.0375	0.00872586
0.110086	0.0375	0.00862764
0.117949	0.0375	0.00851301
0.125812	0.0375	0.00838014
0.133675	0.0375	0.00822732
0.141539	0.0375	0.0080531
0.149402	0.0375	0.00785637
0.157265	0.0375	0.00763642
0.165129	0.0375	0.00739299
0.172992	0.0375	0.00712628
0.180855	0.0375	0.00683695
0.188718	0.0375	0.00652608
0.196582	0.0375	0.00619509
0.204445	0.0375	0.00584572
0.212308	0.0375	0.00547987
0.220171	0.0375	0.00509957
0.228035	0.0375	0.00470688
0.235898	0.0375	0.00430378
0.243761	0.0375	0.00389211
0.251624	0.0375	0.00347354
0.259488	0.0375	0.00304949
0.267351	0.0375	0.00262115
0.275214	0.0375	0.00218946
0.283078	0.0375	0.00175513
0.290941	0.0375	0.00131868
0.298804	0.0375	0.000880499
0.306667	0.0375	0.000440862
0.314531	0.0375	0
0	0.045	0.010851
0.00868592	0.045	0.0108481
0.0173718	0.045	0.0108393
0.0260578	0.045	0.0108245
0.0347437	0.045	0.0108034
0.0434296	0.045	0.0107756
0.0521155	0.045	0.0107405
0.0608014	0.045	0.0106973
0.0694873	0.045	0.0106449
0.0781733	0.045	0.0105822
0.0868592	0.045	0.0105075
0.0955451	0.045	0.010419
0.104231	0.045	0.0103148
0.112917	0.045	0.0101928
0.121603	0.045	0.010051
0.130289	0.045	0.00988746
0.138975	0.045	0.00970049
0.147661	0.045	0.00948883
0.156347	0.045	0.00925168
0.165032	0.045	0.00898872
0.173718	0.045	0.00870021
0.182404	0.045	0.0083869
0.19109	0.045	0.00805004
0.199776	0.045	0.00769124
0.208462	0.045	0.00731246
0.217148	0.045	0.0069158
0.225834	0.045	0.0065035
0.23452	0.045	0.00607775
0.243206	0.045	0.00564066
0.251892	0.045	0.00519418
0.260578	0.045	0.00474003
0.269263	0.045	0.0042797
0.277949	0.045	0.00381441
0.286635	0.045	0.00334519
0.295321	0.045	0.00287281
0.304007	0.045	0.00239791
0.312693	0.045	0.00192098
0.321379	0.045	0.00144239
0.330065	0.045	0.000962506
0.338751	0.045	0.000481613
0.347437	0.045	0
0	0.0525	0.0124739
0.00950857	0.0525	0.01247
0.0190171	0.0525	0.012458
0.0285257	0.0525	0.0124378
0.0380343	0.0525	0.012409
0.0475429	0.0525	0.0123709
0.0570514	0.0525	0.0123226
0.06656	0.0525	0.0122631
0.0760686	0.0525	0.0121909
0.0855771	0.0525	0.0121043
0.0950857	0.0525	0.0120014
0.104594	0.0525	0.01188
0.114103	0.0525	0.0117378
0.123611	0.0525	0.0115727
0.13312	0.0525	0.0113828
0.142629	0.0525	0.0111664
0.152137	0.0525	0.0109225
0.161646	0.0525	0.0106504
0.171154	0.0525	0.0103502
0.180663	0.0525	0.0100226
0.190171	0.0525	0.00966884
0.19968	0.0525	0.00929057
0.209189	0.0525	0.00888986
0.218697	0.0525	0.00846899
0.228206	0.0525	0.00803039
0.237714	0.0525	0.00757646
0.247223	0.0525	0.00710951
0.256731	0.0525	0.00663167
0.26624	0.0525	0.00614485
0.275749	0.0525	0.0056507
0.285257	0.0525	0.00515062
0.294766	0.0525	0.00464576
0.304274	0.0525	0.00413708
0.313783	0.0525	0.00362532
0.323291	0.0525	0.00311113
0.3328	0.0525	0.00259501
0.342309	0.0525	0.00207742
0.351817	0.0525	0.00155876
0.361326	0.0525	0.00103941
0.370834	0.0525	0.000519711
0.380343	0.0525	0
0	0.06	0.0140456
0.0103312	0.06	0.0140404
0.0206624	0.06	0.0140248
0.0309937	0.06	0.0139983
0.0413249	0.06	0.0139605
0.0516561	0.06	0.0139104
0.0619873	0.06	0.013847
0.0723186	0.06	0.0137686
0.0826498	0.06	0.0136737
0.092981	0.06	0.01356
0.103312	0.06	0.0134253
0.113643	0.06	0.0132672
0.123975	0.06	0.0130835
0.134306	0.06	0.0128721
0.144637	0.06	0.0126314
0.154968	0.06	0.0123606
0.1653	0.06	0.0120591
0.175631	0.06	0.0117273
0.185962	0.06	0.0113662
0.196293	0.06	0.0109773
0.206624	0.06	0.0105628
0.216956	0.06	0.010125
0.227287	0.06	0.00966656
0.237618	0.06	0.00919002
0.247949	0.06	0.00869798
0.258281	0.06	0.00819285
0.268612	0.06	0.00767682
0.278943	0.06	0.00715181
0.289274	0.06	0.00661946
0.299605	0.06	0.00608117
0.309937	0.06	0.00553809
0.320268	0.06	0.00499118
0.330599	0.06	0.00444124
0.34093	0.06	0.00388894
0.351262	0.06	0.00333487
0.361593	0.06	0.00277957
0.371924	0.06	0.00222349
0.382255	0.06	0.0016671
0.392586	0.06	0.00111079
0.402918	0.06	0.00055497
0.413249	0.06	0
0	0.0675	0.0155665
0.0111539	0.0675	0.01556
0.0223078	0.0675	0.0155401
0.0334616	0.0675	0.0155066
0.0446155	0.0675	0.0154586
0.0557694	0.0675	0.015395
0.0669233	0.0675	0.0153145
0.0780771	0.0675	0.0152151
0.089231	0.0675	0.0150949
0.100385	0.0675	0.0149513
0.111539	0.0675	0.014782
0.122693	0.0675	0.0145845
0.133847	0.0675	0.0143569
0.145	0.0675	0.0140973
0.156154	0.0675	0.013805
0.167308	0.0675	0.0134795
0.178462	0.0675	0.0131214
0.189616	0.0675	0.012732
0.20077	0.0675	0.012313
0.211924	0.0675	0.0118668
0.223078	0.0675	0.0113961
0.234231	0.0675	0.0109037
0.245385	0.0675	0.0103925
0.256539	0.0675	0.00986513
0.267693	0.0675	0.00932424
0.278847	0.0675	0.00877206
0.290001	0.0675	0.00821059
0.301155	0.0675	0.00764153
0.312309	0.0675	0.00706634
0.323462	0.0675	0.00648621
0.334616	0.0675	0.0059022
0.34577	0.0675	0.00531516
0.356924	0.0675	0.00472586
0.368078	0.0675	0.00413497
0.379232	0.0675	0.0035431
0.390386	0.0675	0.00295081
0.40154	0.0675	0.00235861
0.412693	0.0675	0.00176699
0.423847	0.0675	0.0011764
0.435001	0.0675	0.000587275
0.446155	0.0675	0
0	0.075	0.0170372
0.0119765	0.075	0.0170291
0.0239531	0.075	0.0170046
0.0359296	0.075	0.0169632
0.0479061	0.075	0.016904
0.0598826	0.075	0.0168256
0.0718592	0.075	0.0167262
0.0838357	0.075	0.0166039
0.0958122	0.075	0.0164562
0.107789	0.075	0.0162805
0.119765	0.075	0.0160745
0.131742	0.075	0.0158358
0.143718	0.075	0.0155628
0.155695	0.075	0.0152544
0.167671	0.075	0.0149104
0.179648	0.075	0.0145313
0.191624	0.075	0.0141184
0.203601	0.075	0.0136738
0.215578	0.075	0.0132002
0.227554	0.075	0.0127003
0.239531	0.075	0.0121773
0.251507	0.075	0.0116343
0.263484	0.075	0.0110742
0.27546	0.075	0.0104996
0.287437	0.075	0.00991312
0.299413	0.075	0.00931673
0.31139	0.075	0.00871231
0.323366	0.075	0.00810139
0.335343	0.075	0.00748532
0.347319	0.075	0.00686523
0.359296	0.075	0.00624209
0.371272	0.075	0.00561676
0.383249	0.075	0.00499004
0.395225	0.075	0.00436261
0.407202	0.075	0.00373513
0.419179	0.075	0.0031082
0.431155	0.075	0.00248237
0.443132	0.075	0.00185817
0.455108	0.075	0.00123607
0.467085	0.075	0.000616542
0.479061	0.075	0
0	0.0825	0.0184581
0.0127992	0.0825	0.0184483
0.0255984	0.0825	0.0184187
0.0383975	0.0825	0.0183687
0.0511967	0.0825	0.0182973
0.0639959	0.0825	0.0182027
0.0767951	0.0825	0.0180831
0.0895943	0.0825	0.0179361
0.102393	0.0825	0.0177592
0.115193	0.0825	0.0175498
0.127992	0.0825	0.0173055
0.140791	0.0825	0.0170245
0.15359	0.0825	0.0167056
0.166389	0.0825	0.0163484
0.179189	0.0825	0.0159534
0.191988	0.0825	0.015522
0.204787	0.0825	0.0150565
0.217586	0.0825	0.0145594
0.230385	0.0825	0.0140341
0.243184	0.0825	0.0134838
0.255984	0.0825	0.0129117
0.268783	0.0825	0.0123211
0.281582	0.0825	0.011715
0.294381	0.0825	0.0110958
0.30718	0.0825	0.010466
0.31998	0.0825	0.00982747
0.332779	0.0825	0.00918197
0.345578	0.0825	0.00853096
0.358377	0.0825	0.00787573
0.371176	0.0825	0.00721738
0.383975	0.0825	0.00655691
0.396775	0.0825	0.0058952
0.409574	0.0825	0.00523307
0.422373	0.0825	0.00457127
0.435172	0.0825	0.00391048
0.447971	0.0825	0.00325135
0.460771	0.0825	0.00259448
0.47357	0.0825	0.00194041
0.486369	0.0825	0.00128965
0.499168	0.0825	0.000642704
0.511967	0.0825	0
0	0.09	0.0198294
0.0136218	0.09	0.0198178
0.0272437	0.09	0.0197828
0.0408655	0.09	0.0197236
0.0544873	0.09	0.019639
0.0681092	0.09	0.0195272
0.081731	0.09	0.0193861
0.0953528	0.09	0.019213
0.108975	0.09	0.0190055
0.122597	0.09	0.0187611
0.136218	0.09	0.0184776
0.14984	0.09	0.0181536
0.163462	0.09	0.0177887
0.177084	0.09	0.0173831
0.190706	0.09	0.0169383
0.204328	0.09	0.0164564
0.217949	0.09	0.0159402
0.231571	0.09	0.0153931
0.245193	0.09	0.0148187
0.258815	0.09	0.0142205
0.272437	0.09	0.0136019
0.286059	0.09	0.0129662
0.29968	0.09	0.0123161
0.313302	0.09	0.0116543
0.326924	0.09	0.010983
0.340546	0.09	0.010304
0.354168	0.09	0.00961903
0.36779	0.09	0.00892953
0.381411	0.09	0.00823678
0.395033	0.09	0.00754191
0.408655	0.09	0.00684594
0.422277	0.09	0.00614982
0.435899	0.09	0.00545439
0.449521	0.09	0.00476046
0.463142	0.09	0.00406876
0.476764	0.09	0.00337996
0.490386	0.09	0.00269469
0.504008	0.09	0.00201354
0.51763	0.09	0.00133705
0.531252	0.09	0.00066571
0.544873	0.09	0
0	0.0975	0.0211516
0.0144445	0.0975	0.021138
0.028889	0.0975	0.0210972
0.0433335	0.0975	0.0210283
0.057778	0.0975	0.0209297
0.0722224	0.0975	0.0207997
0.0866669	0.0975	0.0206359
0.101111	0.0975	0.0204357
0.115556	0.0975	0.0201965
0.13	0.0975	0.0199161
0.144445	0.0975	0.0195928
0.158889	0.0975	0.0192257
0.173334	0.0975	0.018815
0.187778	0.0975	0.0183619
0.202223	0.0975	0.0178685
0.216667	0.0975	0.0173376
0.231112	0.0975	0.0167728
0.245556	0.0975	0.0161778
0.260001	0.0975	0.0155564
0.274445	0.0975	0.0149124
0.28889	0.0975	0.0142492
0.303334	0.0975	0.0135701
0.317779	0.0975	0.0128779
0.332223	0.0975	0.0121751
0.346668	0.0975	0.0114637
0.361112	0.0975	0.0107457
0.375557	0.0975	0.0100228
0.390001	0.0975	0.00929637
0.404446	0.0975	0.00856776
0.41889	0.0975	0.00783814
0.433335	0.0975	0.00710859
0.447779	0.0975	0.00638009
0.462224	0.0975	0.00565356
0.476668	0.0975	0.00492982
0.491113	0.0975	0.00420965
0.505557	0.0975	0.00349377
0.520002	0.0975	0.00278282
0.534446	0.0975	0.00207743
0.548891	0.0975	0.00137816
0.563335	0.0975	0.00068552
0.57778	0.0975	0
0	0.105	0.0224249
0.0152671	0.105	0.0224093
0.0305343	0.105	0.0223623
0.0458014	0.105	0.022283
0.0610686	0.105	0.0221699
0.0763357	0.105	0.0220208
0.0916028	0.105	0.0218334
0.10687	0.105	0.021605
0.122137	0.105	0.0213333
0.137404	0.105	0.0210163
0.152671	0.105	0.0206529
0.167939	0.105	0.0202427
0.183206	0.105	0.0197868
0.198473	0.105	0.019287
0.21374	0.105	0.0187462
0.229007	0.105	0.0181679
0.244274	0.105	0.0175561
0.259541	0.105	0.0169149
0.274809	0.105	0.0162483
0.290076	0.105	0.0155602
0.305343	0.105	0.0148541
0.32061	0.105	0.0141331
0.335877	0.105	0.0134001
0.351144	0.105	0.0126576
0.366411	0.105	0.0119076
0.381679	0.105	0.011152
0.396946	0.105	0.0103926
0.412213	0.105	0.00963082
0.42748	0.105	0.00886805
0.442747	0.105	0.00810552
0.458014	0.105	0.00734435
0.473281	0.105	0.00658559
0.488549	0.105	0.00583019
0.503816	0.105	0.00507903
0.519083	0.105	0.00433291
0.53435	0.105	0.00359258
0.549617	0.105	0.00285873
0.564884	0.105	0.00213199
0.580151	0.105	0.00141293
0.595418	0.105	0.000702107
0.610686	0.105	0
0	0.1125	0.0236495
0.0160898	0.1125	0.0236317
0.0321796	0.1125	0.0235783
0.0482694	0.1125	0.0234882
0.0643592	0.1125	0.0233598
0.080449	0.1125	0.0231909
0.0965388	0.1125	0.022979
0.112629	0.1125	0.0227218
0.128718	0.1125	0.022417
0.144808	0.1125	0.022063
0.160898	0.1125	0.0216592
0.176988	0.1125	0.0212063
0.193078	0.1125	0.0207057
0.209167	0.1125	0.0201601
0.225257	0.1125	0.0195731
0.241347	0.1125	0.0189487
0.257437	0.1125	0.0182914
0.273526	0.1125	0.0176054
0.289616	0.1125	0.016895
0.305706	0.1125	0.0161642
0.321796	0.1125	0.0154164
0.337886	0.1125	0.0146548
0.353975	0.1125	0.0138823
0.370065	0.1125	0.0131013
0.386155	0.1125	0.0123139
0.402245	0.1125	0.0115222
0.418335	0.1125	0.0107278
0.434424	0.1125	0.00993228
0.450514	0.1125	0.00913711
0.466604	0.1125	0.00834356
0.482694	0.1125	0.00755281
0.498784	0.1125	0.00676596
0.514873	0.1125	0.005984
0.530963	0.1125	0.00520785
0.547053	0.1125	0.00443834
0.563143	0.1125	0.00367626
0.579233	0.1125	0.0029223
0.595322	0.1125	0.00217713
0.611412	0.1125	0.00144133
0.627502	0.1125	0.000715454
0.643592	0.1125	0
0	0.12	0.0248256
0.0169124	0.12	0.0248056
0.0338249	0.12	0.0247455
0.0507373	0.12	0.0246441
0.0676498	0.12	0.0244998
0.0845622	0.12	0.0243105
0.101475	0.12	0.0240735
0.118387	0.12	0.0237867
0.1353	0.12	0.0234483
0.152212	0.12	0.023057
0.169124	0.12	0.022613
0.186037	0.12	0.0221175
0.202949	0.12	0.0215728
0.219862	0.12	0.0209823
0.236774	0.12	0.0203501
0.253687	0.12	0.0196809
0.270599	0.12	0.0189792
0.287512	0.12	0.0182496
0.304424	0.12	0.0174966
0.321336	0.12	0.0167242
0.338249	0.12	0.0159358
0.355161	0.12	0.0151348
0.372074	0.12	0.0143238
0.388986	0.12	0.0135056
0.405899	0.12	0.0126822
0.422811	0.12	0.0118557
0.439724	0.12	0.0110278
0.456636	0.12	0.0102002
0.473549	0.12	0.00937449
0.490461	0.12	0.00855187
0.507373	0.12	0.00773363
0.524286	0.12	0.00692091
0.541198	0.12	0.00611474
0.558111	0.12	0.00531608
0.575023	0.12	0.0045258
0.591936	0.12	0.00374469
0.608848	0.12	0.00297347
0.625761	0.12	0.00221282
0.642673	0.12	0.00146333
0.659585	0.12	0.000725556
0.676498	0.12	0
0	0.1275	0.0259533
0.0177351	0.1275	0.025931
0.0354702	0.1275	0.0258639
0.0532053	0.1275	0.0257509
0.0709404	0.1275	0.0255903
0.0886755	0.1275	0.0253798
0.106411	0.1275	0.0251172
0.124146	0.1275	0.0248004
0.141881	0.1275	0.0244279
0.159616	0.1275	0.0239992
0.177351	0.1275	0.023515
0.195086	0.1275	0.0229773
0.212821	0.1275	0.022389
0.230556	0.1275	0.0217544
0.248291	0.1275	0.0210779
0.266026	0.1275	0.0203647
0.283762	0.1275	0.0196196
0.301497	0.1275	0.0188475
0.319232	0.1275	0.0180529
0.336967	0.1275	0.0172398
0.354702	0.1275	0.0164119
0.372437	0.1275	0.0155724
0.390172	0.1275	0.0147242
0.407907	0.1275	0.0138699
0.425642	0.1275	0.0130118
0.443377	0.1275	0.0121519
0.461113	0.1275	0.0112922
0.478848	0.1275	0.0104343
0.496583	0.1275	0.0095798
0.514318	0.1275	0.00873011
0.532053	0.1275	0.00788652
0.549788	0.1275	0.00705021
0.567523	0.1275	0.00622224
0.585258	0.1275	0.00540361
0.602993	0.1275	0.00459519
0.620728	0.1275	0.00379781
0.638464	0.1275	0.0030122
0.656199	0.1275	0.00223904
0.673934	0.1275	0.00147893
0.691669	0.1275	0.000732415
0.709404	0.1275	0
0	0.135	0.0270328
0.0185578	0.135	0.0270081
0.0371155	0.135	0.0269338
0.0556733	0.135	0.0268088
0.074231	0.135	0.0266313
0.0927888	0.135	0.0263993
0.111347	0.135	0.0261105
0.129904	0.135	0.0257632
0.148462	0.135	0.0253563
0.16702	0.135	0.0248901
0.185578	0.135	0.0243658
0.204135	0.135	0.0237861
0.222693	0.135	0.0231549
0.241251	0.135	0.0224767
0.259809	0.135	0.0217567
0.278366	0.135	0.0210003
0.296924	0.135	0.0202127
0.315482	0.135	0.0193989
0.33404	0.135	0.0185635
0.352597	0.135	0.0177106
0.371155	0.135	0.0168441
0.389713	0.135	0.0159671
0.408271	0.135	0.0150828
0.426828	0.135	0.0141936
0.445386	0.135	0.0133021
0.463944	0.135	0.0124104
0.482502	0.135	0.0115205
0.501059	0.135	0.010634
0.519617	0.135	0.00975272
0.538175	0.135	0.00887803
0.556733	0.135	0.00801128
0.57529	0.135	0.0071537
0.593848	0.135	0.00630638
0.612406	0.135	0.00547033
0.630964	0.135	0.00464646
0.649521	0.135	0.0038356
0.668079	0.135	0.00303849
0.686637	0.135	0.0022558
0.705195	0.135	0.00148813
0.723752	0.135	0.000736039
0.74231	0.135	0
0	0.1425	0.0280642
0.0193804	0.1425	0.028037
0.0387608	0.1425	0.0279553
0.0581412	0.1425	0.0278179
0.0775216	0.1425	0.0276232
0.096902	0.1425	0.027369
0.116282	0.1425	0.0270536
0.135663	0.1425	0.0266754
0.155043	0.1425	0.0262339
0.174424	0.1425	0.02573
0.193804	0.1425	0.0251657
0.213184	0.1425	0.0245444
0.232565	0.1425	0.0238706
0.251945	0.1425	0.0231494
0.271326	0.1425	0.0223865
0.290706	0.1425	0.0215876
0.310086	0.1425	0.0207582
0.329467	0.1425	0.0199034
0.348847	0.1425	0.019028
0.368228	0.1425	0.0181362
0.387608	0.1425	0.0172319
0.406989	0.1425	0.0163185
0.426369	0.1425	0.015399
0.445749	0.1425	0.0144763
0.46513	0.1425	0.0135528
0.48451	0.1425	0.0126308
0.503891	0.1425	0.0117123
0.523271	0.1425	0.0107992
0.542651	0.1425	0.00989301
0.562032	0.1425	0.00899542
0.581412	0.1425	0.00810775
0.600793	0.1425	0.00723126
0.620173	0.1425	0.00636707
0.639553	0.1425	0.00551621
0.658934	0.1425	0.00467959
0.678314	0.1425	0.00385806
0.697695	0.1425	0.00305234
0.717075	0.1425	0.00226311
0.736455	0.1425	0.00149097
0.755836	0.1425	0.000736443
0.775216	0.1425	0
0	0.15	0.0290475
0.0202031	0.15	0.0290178
0.0404061	0.15	0.0289284
0.0606092	0.15	0.0287784
0.0808122	0.15	0.0285659
0.101015	0.15	0.0282893
0.121218	0.15	0.0279467
0.141421	0.15	0.0275372
0.161624	0.15	0.027061
0.181828	0.15	0.0265193
0.202031	0.15	0.0259151
0.222234	0.15	0.0252524
0.242437	0.15	0.0245363
0.26264	0.15	0.0237726
0.282843	0.15	0.0229673
0.303046	0.15	0.0221264
0.323249	0.15	0.0212557
0.343452	0.15	0.0203605
0.363655	0.15	0.0194458
0.383858	0.15	0.0185159
0.404061	0.15	0.0175747
0.424264	0.15	0.0166259
0.444467	0.15	0.0156725
0.46467	0.15	0.0147175
0.484873	0.15	0.0137635
0.505076	0.15	0.0128128
0.52528	0.15	0.0118674
0.545483	0.15	0.0109294
0.565686	0.15	0.0100005
0.585889	0.15	0.00908214
0.606092	0.15	0.00817583
0.626295	0.15	0.00728284
0.646498	0.15	0.0064043
0.666701	0.15	0.00554124
0.686904	0.15	0.00469461
0.707107	0.15	0.00386522
0.72731	0.15	0.0030538
0.747513	0.15	0.00226103
0.767716	0.15	0.00148747
0.787919	0.15	0.000733646
0.808122	0.15	0
0	0.1575	0.0299828
0.0210257	0.1575	0.0299504
0.0420514	0.1575	0.0298533
0.0630771	0.1575	0.0296902
0.0841028	0.1575	0.0294597
0.105129	0.1575	0.0291601
0.126154	0.1575	0.02879
0.14718	0.1575	0.028349
0.168206	0.1575	0.0278376
0.189231	0.1575	0.0272581
0.210257	0.1575	0.026614
0.231283	0.1575	0.02591
0.252309	0.1575	0.0251519
0.273334	0.1575	0.0243459
0.29436	0.1575	0.0234986
0.315386	0.1575	0.0226163
0.336411	0.1575	0.0217048
0.357437	0.1575	0.0207699
0.378463	0.1575	0.0198165
0.399489	0.1575	0.0188492
0.420514	0.1575	0.0178721
0.44154	0.1575	0.0168889
0.462566	0.1575	0.0159028
0.483591	0.1575	0.0149169
0.504617	0.1575	0.0139338
0.525643	0.1575	0.012956
0.546668	0.1575	0.0119856
0.567694	0.1575	0.0110247
0.58872	0.1575	0.010075
0.609746	0.1575	0.00913809
0.630771	0.1575	0.00821547
0.651797	0.1575	0.00730841
0.672823	0.1575	0.00641806
0.693848	0.1575	0.00554547
0.714874	0.1575	0.00469155
0.7359	0.1575	0.00385713
0.756926	0.1575	0.00304293
0.777951	0.1575	0.00224959
0.798977	0.1575	0.00147768
0.820003	0.1575	0.000727669
0.841028	0.1575	0
0	0.165	0.0308701
0.0218484	0.165	0.0308351
0.0436967	0.165	0.0307299
0.0655451	0.165	0.0305536
0.0873935	0.165	0.0303046
0.109242	0.165	0.0299816
0.13109	0.165	0.0295836
0.152939	0.165	0.0291106
0.174787	0.165	0.0285639
0.196635	0.165	0.0279464
0.218484	0.165	0.0272623
0.240332	0.165	0.0265172
0.26218	0.165	0.0257172
0.284029	0.165	0.0248693
0.305877	0.165	0.0239803
0.327725	0.165	0.0230568
0.349574	0.165	0.0221051
0.371422	0.165	0.021131
0.393271	0.165	0.0201396
0.415119	0.165	0.0191357
0.436967	0.165	0.0181236
0.458816	0.165	0.017107
0.480664	0.165	0.0160895
0.502512	0.165	0.015074
0.524361	0.165	0.0140634
0.546209	0.165	0.0130602
0.568057	0.165	0.0120666
0.589906	0.165	0.0110848
0.611754	0.165	0.0101164
0.633603	0.165	0.00916324
0.655451	0.165	0.00822666
0.677299	0.165	0.00730799
0.699148	0.165	0.0064084
0.720996	0.165	0.00552893
0.742844	0.165	0.00467048
0.764693	0.165	0.00383387
0.786541	0.165	0.00301979
0.808389	0.165	0.00222886
0.830238	0.165	0.00146162
0.852086	0.165	0.000718535
0.873935	0.165	0
0	0.1725	0.0317095
0.022671	0.1725	0.0316718
0.045342	0.1725	0.0315584
0.0680131	0.1725	0.0313684
0.0906841	0.1725	0.0311006
0.113355	0.1725	0.0307538
0.136026	0.1725	0.0303275
0.158697	0.1725	0.0298222
0.181368	0.1725	0.0292399
0.204039	0.1725	0.0285842
0.22671	0.1725	0.0278601
0.249381	0.1725	0.0270738
0.272052	0.1725	0.0262321
0.294723	0.1725	0.0253424
0.317394	0.1725	0.0244119
0.340065	0.1725	0.0234477
0.362736	0.1725	0.0224562
0.385407	0.1725	0.0214433
0.408078	0.1725	0.0204146
0.430749	0.1725	0.019375
0.45342	0.1725	0.0183288
0.476091	0.1725	0.01728
0.498762	0.1725	0.0162322
0.521433	0.1725	0.0151886
0.544104	0.1725	0.0141521
0.566775	0.1725	0.0131253
0.589446	0.1725	0.0121104
0.612117	0.1725	0.0111097
0.634788	0.1725	0.0101248
0.657459	0.1725	0.00915758
0.680131	0.1725	0.00820942
0.702802	0.1725	0.00728164
0.725473	0.1725	0.0063754
0.748144	0.1725	0.00549172
0.770815	0.1725	0.0046315
0.793486	0.1725	0.00379551
0.816157	0.1725	0.00298445
0.838828	0.1725	0.00219889
0.861499	0.1725	0.00143936
0.88417	0.1725	0.000706269
0.906841	0.1725	0
0	0.18	0.032501
0.0234937	0.18	0.0324605
0.0469873	0.18	0.0323387
0.070481	0.18	0.0321348
0.0939747	0.18	0.0318477
0.117468	0.18	0.0314767
0.140962	0.18	0.0310216
0.164456	0.18	0.0304837
0.187949	0.18	0.0298655
0.211443	0.18	0.0291714
0.234937	0.18	0.0284071
0.25843	0.18	0.0275795
0.281924	0.18	0.0266962
0.305418	0.18	0.0257648
0.328911	0.18	0.0247931
0.352405	0.18	0.0237884
0.375899	0.18	0.0227574
0.399392	0.18	0.0217064
0.422886	0.18	0.0206411
0.44638	0.18	0.0195665
0.469873	0.18	0.0184873
0.493367	0.18	0.0174074
0.516861	0.18	0.0163308
0.540354	0.18	0.0152605
0.563848	0.18	0.0141998
0.587342	0.18	0.0131511
0.610835	0.18	0.0121169
0.634329	0.18	0.0110992
0.657823	0.18	0.0101001
0.681316	0.18	0.00912115
0.70481	0.18	0.00816382
0.728304	0.18	0.00722943
0.751797	0.18	0.00631913
0.775291	0.18	0.00543393
0.798785	0.18	0.00457468
0.822278	0.18	0.00374215
0.845772	0.18	0.00293699
0.869266	0.18	0.00215976
0.892759	0.18	0.00141093
0.916253	0.18	0.000690894
0.939747	0.18	0
0	0.1875	0.0332446
0.0243163	0.1875	0.0332012
0.0486326	0.1875	0.0330708
0.072949	0.1875	0.0328527
0.0972653	0.1875	0.032546
0.121582	0.1875	0.0321503
0.145898	0.1875	0.0316661
0.170214	0.1875	0.031095
0.194531	0.1875	0.0304405
0.218847	0.1875	0.0297078
0.243163	0.1875	0.0289031
0.26748	0.1875	0.0280342
0.291796	0.1875	0.0271091
0.316112	0.1875	0.0261362
0.340429	0.1875	0.0251234
0.364745	0.1875	0.0240784
0.389061	0.1875	0.0230085
0.413377	0.1875	0.0219199
0.437694	0.1875	0.0208186
0.46201	0.1875	0.01971
0.486326	0.1875	0.0185987
0.510643	0.1875	0.0174891
0.534959	0.1875	0.0163849
0.559275	0.1875	0.0152896
0.583592	0.1875	0.0142062
0.607908	0.1875	0.0131375
0.632224	0.1875	0.0120859
0.656541	0.1875	0.0110536
0.680857	0.1875	0.0100424
0.705173	0.1875	0.00905401
0.72949	0.1875	0.00808994
0.753806	0.1875	0.00715147
0.778122	0.1875	0.00623972
0.802439	0.1875	0.00535566
0.826755	0.1875	0.00450014
0.851071	0.1875	0.00367388
0.875388	0.1875	0.0028775
0.899704	0.1875	0.00211152
0.92402	0.1875	0.00137638
0.948337	0.1875	0.000672435
0.972653	0.1875	0
0	0.195	0.0339402
0.025139	0.195	0.0338939
0.050278	0.195	0.0337547
0.0754169	0.195	0.0335221
0.100556	0.195	0.0331954
0.125695	0.195	0.0327746
0.150834	0.195	0.0322607
0.175973	0.195	0.0316561
0.201112	0.195	0.030965
0.226251	0.195	0.0301931
0.25139	0.195	0.0293479
0.276529	0.195	0.0284375
0.301668	0.195	0.0274706
0.326807	0.195	0.026456
0.351946	0.195	0.0254023
0.377085	0.195	0.0243174
0.402224	0.195	0.0232088
0.427363	0.195	0.0220833
0.452502	0.195	0.0209469
0.477641	0.195	0.0198051
0.50278	0.195	0.0186629
0.527918	0.195	0.0175247
0.553057	0.195	0.0163944
0.578196	0.195	0.0152756
0.603335	0.195	0.0141714
0.628474	0.195	0.0130846
0.653613	0.195	0.0120176
0.678752	0.195	0.0109727
0.703891	0.195	0.00995167
0.72903	0.195	0.00895626
0.754169	0.195	0.0079879
0.779308	0.195	0.00704787
0.804447	0.195	0.00613727
0.829586	0.195	0.00525704
0.854725	0.195	0.00440799
0.879864	0.195	0.00359081
0.905003	0.195	0.00280606
0.930142	0.195	0.00205424
0.955281	0.195	0.00133575
0.98042	0.195	0.000650914
1.00556	0.195	0
0	0.2025	0.034588
0.0259616	0.2025	0.0345387
0.0519233	0.2025	0.0343905
0.0778849	0.2025	0.034143
0.103847	0.2025	0.0337959
0.129808	0.2025	0.0333495
0.15577	0.2025	0.0328054
0.181731	0.2025	0.0321668
0.207693	0.2025	0.0314385
0.233655	0.2025	0.0306273
0.259616	0.2025	0.0297411
0.285578	0.2025	0.028789
0.31154	0.2025	0.0277802
0.337501	0.2025	0.026724
0.363463	0.2025	0.0256295
0.389424	0.2025	0.0245049
0.415386	0.2025	0.0233582
0.441348	0.2025	0.0221962
0.467309	0.2025	0.0210254
0.493271	0.2025	0.0198514
0.519233	0.2025	0.0186795
0.545194	0.2025	0.017514
0.571156	0.2025	0.0163592
0.597117	0.2025	0.0152185
0.623079	0.2025	0.0140953
0.649041	0.2025	0.0129923
0.675002	0.2025	0.011912
0.700964	0.2025	0.0108567
0.726926	0.2025	0.00982809
0.752887	0.2025	0.008828
0.778849	0.2025	0.00785781
0.80481	0.2025	0.00691876
0.830772	0.2025	0.00601193
0.856734	0.2025	0.0051382
0.882695	0.2025	0.00429835
0.908657	0.2025	0.00349303
0.934619	0.2025	0.00272276
0.96058	0.2025	0.00198799
0.986542	0.2025	0.00128909
1.0125	0.2025	0.000626351
1.03847	0.2025	0
0	0.21	0.0351879
0.0267843	0.21	0.0351355
0.0535686	0.21	0.034978
0.0803528	0.21	0.0347153
0.107137	0.21	0.0343473
0.133921	0.21	0.0338749
0.160706	0.21	0.0333001
0.18749	0.21	0.0326269
0.214274	0.21	0.031861
0.241059	0.21	0.03101
0.267843	0.21	0.0300825
0.294627	0.21	0.0290884
0.321411	0.21	0.0280375
0.348196	0.21	0.0269397
0.37498	0.21	0.0258044
0.401764	0.21	0.0246405
0.428549	0.21	0.0234561
0.455333	0.21	0.0222583
0.482117	0.21	0.021054
0.508901	0.21	0.0198489
0.535686	0.21	0.0186483
0.56247	0.21	0.017457
0.589254	0.21	0.0162791
0.616038	0.21	0.0151183
0.642823	0.21	0.0139779
0.669607	0.21	0.0128607
0.696391	0.21	0.0117692
0.723176	0.21	0.0107056
0.74996	0.21	0.00967176
0.776744	0.21	0.00866937
0.803528	0.21	0.00769981
0.830313	0.21	0.00676429
0.857097	0.21	0.00586381
0.883881	0.21	0.00499925
0.910666	0.21	0.00417132
0.93745	0.21	0.00338063
0.964234	0.21	0.00262767
0.991018	0.21	0.00191283
1.0178	0.21	0.00123644
1.04459	0.21	0.000598766
1.07137	0.21	0
0	0.2175	0.0357398
0.0276069	0.2175	0.0356843
0.0552139	0.2175	0.0355174
0.0828208	0.2175	0.0352391
0.110428	0.2175	0.0348498
0.138035	0.2175	0.0343507
0.165642	0.2175	0.0337446
0.193249	0.2175	0.0330363
0.220855	0.2175	0.0322322
0.248462	0.2175	0.0313408
0.276069	0.2175	0.0303717
0.303676	0.2175	0.0293352
0.331283	0.2175	0.028242
0.35889	0.2175	0.0271026
0.386497	0.2175	0.0259268
0.414104	0.2175	0.0247238
0.441711	0.2175	0.0235021
0.469318	0.2175	0.0222693
0.496925	0.2175	0.0210323
0.524532	0.2175	0.0197971
0.552139	0.2175	0.0185692
0.579746	0.2175	0.0173535
0.607353	0.2175	0.0161541
0.634959	0.2175	0.0149749
0.662566	0.2175	0.0138192
0.690173	0.2175	0.0126898
0.71778	0.2175	0.0115892
0.745387	0.2175	0.0105196
0.772994	0.2175	0.0094828
0.800601	0.2175	0.00848052
0.828208	0.2175	0.00751406
0.855815	0.2175	0.00658458
0.883422	0.2175	0.00569307
0.911029	0.2175	0.00484032
0.938636	0.2175	0.00402702
0.966243	0.2175	0.00325372
0.99385	0.2175	0.00252086
1.02146	0.2175	0.0018288
1.04906	0.2175	0.00117783
1.07667	0.2175	0.000568177
1.10428	0.2175	0
0	0.225	0.0362438
0.0284296	0.225	0.036185
0.0568592	0.225	0.0360084
0.0852888	0.225	0.0357142
0.113718	0.225	0.0353031
0.142148	0.225	0.0347768
0.170578	0.225	0.0341388
0.199007	0.225	0.0333947
0.227437	0.225	0.0325519
0.255866	0.225	0.0316196
0.284296	0.225	0.0306083
0.312725	0.225	0.0295292
0.341155	0.225	0.0283935
0.369585	0.225	0.0272124
0.398014	0.225	0.0259961
0.426444	0.225	0.0247544
0.454873	0.225	0.0234961
0.483303	0.225	0.0222289
0.511733	0.225	0.0209601
0.540162	0.225	0.019696
0.568592	0.225	0.0184421
0.597021	0.225	0.0172034
0.625451	0.225	0.0159842
0.653881	0.225	0.0147884
0.68231	0.225	0.0136193
0.71074	0.225	0.0124797
0.739169	0.225	0.0113721
0.767599	0.225	0.0102987
0.796028	0.225	0.00926137
0.824458	0.225	0.00826158
0.852888	0.225	0.00730069
0.881317	0.225	0.00637979
0.909747	0.225	0.00549982
0.938176	0.225	0.00466154
0.966606	0.225	0.00386555
0.995036	0.225	0.00311237
1.02347	0.225	0.00240241
1.05189	0.225	0.00173596
1.08032	0.225	0.0011133
1.10875	0.225	0.000534598
1.13718	0.225	0
0	0.2325	0.0366998
0.0292522	0.2325	0.0366378
0.0585045	0.2325	0.0364512
0.0877567	0.2325	0.0361407
0.117009	0.2325	0.0357072
0.146261	0.2325	0.0351531
0.175513	0.2325	0.0344826
0.204766	0.2325	0.033702
0.234018	0.2325	0.0328197
0.26327	0.2325	0.0318459
0.292522	0.2325	0.0307919
0.321775	0.2325	0.0296698
0.351027	0.2325	0.0284915
0.380279	0.2325	0.0272686
0.409531	0.2325	0.0260121
0.438784	0.2325	0.024732
0.468036	0.2325	0.0234376
0.497288	0.2325	0.0221369
0.52654	0.2325	0.0208373
0.555793	0.2325	0.0195454
0.585045	0.2325	0.0182669
0.614297	0.2325	0.0170068
0.643549	0.2325	0.0157695
0.672802	0.2325	0.0145589
0.702054	0.2325	0.0133783
0.731306	0.2325	0.0122305
0.760558	0.2325	0.0111182
0.78981	0.2325	0.0100433
0.819063	0.2325	0.00900761
0.848315	0.2325	0.00801272
0.877567	0.2325	0.00705986
0.906819	0.2325	0.00615007
0.936072	0.2325	0.00528422
0.965324	0.2325	0.00446301
0.994576	0.2325	0.00368701
1.02383	0.2325	0.00295668
1.05308	0.2325	0.00227237
1.08233	0.2325	0.00163436
1.11159	0.2325	0.00104287
1.14084	0.2325	0.000498046
1.17009	0.2325	0
0	0.24	0.0371079
0.0300749	0.24	0.0370424
0.0601498	0.24	0.0368457
0.0902247	0.24	0.0365184
0.1203	0.24	0.036062
0.150374	0.24	0.0354794
0.180449	0.24	0.0347756
0.210524	0.24	0.0339578
0.240599	0.24	0.0330354
0.270674	0.24	0.0320195
0.300749	0.24	0.0309223
0.330824	0.24	0.0297567
0.360899	0.24	0.0285355
0.390974	0.24	0.0272709
0.421049	0.24	0.0259743
0.451123	0.24	0.0246563
0.481198	0.24	0.0233263
0.511273	0.24	0.0219929
0.541348	0.24	0.0206637
0.571423	0.24	0.0193452
0.601498	0.24	0.0180435
0.631573	0.24	0.0167635
0.661648	0.24	0.0155098
0.691723	0.24	0.0142863
0.721797	0.24	0.0130962
0.751872	0.24	0.0119425
0.781947	0.24	0.0108275
0.812022	0.24	0.0097533
0.842097	0.24	0.0087217
0.872172	0.24	0.0077341
0.902247	0.24	0.00679172
0.932322	0.24	0.00589554
0.962397	0.24	0.00504637
0.992471	0.24	0.00424484
1.02255	0.24	0.00349149
1.05262	0.24	0.0027867
1.0827	0.24	0.0021308
1.11277	0.24	0.00152403
1.14285	0.24	0.000966566
1.17292	0.24	0.000458537
1.203	0.24	0
0	0.2475	0.037468
0.0308975	0.2475	0.037399
0.0617951	0.2475	0.0371919
0.0926926	0.2475	0.0368474
0.12359	0.2475	0.0363675
0.154488	0.2475	0.0357557
0.185385	0.2475	0.0350178
0.216283	0.2475	0.034162
0.24718	0.2475	0.0331986
0.278078	0.2475	0.0321399
0.308975	0.2475	0.030999
0.339873	0.2475	0.0297896
0.370771	0.2475	0.0285253
0.401668	0.2475	0.0272189
0.432566	0.2475	0.0258825
0.463463	0.2475	0.0245269
0.494361	0.2475	0.0231622
0.525258	0.2475	0.021797
0.556156	0.2475	0.0204391
0.587053	0.2475	0.0190954
0.617951	0.2475	0.0177719
0.648848	0.2475	0.0164737
0.679746	0.2475	0.0152054
0.710644	0.2475	0.0139708
0.741541	0.2475	0.0127733
0.772439	0.2475	0.0116156
0.803336	0.2475	0.0105002
0.834234	0.2475	0.00942901
0.865131	0.2475	0.00840378
0.896029	0.2475	0.00742587
0.926926	0.2475	0.00649642
0.957824	0.2475	0.00561635
0.988721	0.2475	0.0047864
1.01962	0.2475	0.00400715
1.05052	0.2475	0.00327907
1.08141	0.2475	0.00260252
1.11231	0.2475	0.00197776
1.14321	0.2475	0.00140501
1.17411	0.2475	0.000884427
1.205	0.2475	0.000416091
1.2359	0.2475	0
0	0.255	0.0377801
0.0317202	0.255	0.0377076
0.0634404	0.255	0.0374897
0.0951606	0.255	0.0371275
0.126881	0.255	0.0366234
0.158601	0.255	0.0359817
0.190321	0.255	0.0352089
0.222041	0.255	0.0343143
0.253762	0.255	0.0333092
0.285482	0.255	0.0322068
0.317202	0.255	0.0310216
0.348922	0.255	0.029768
0.380642	0.255	0.0284604
0.412363	0.255	0.0271122
0.444083	0.255	0.0257362
0.475803	0.255	0.0243437
0.507523	0.255	0.0229449
0.539243	0.255	0.0215488
0.570964	0.255	0.0201635
0.602684	0.255	0.0187959
0.634404	0.255	0.0174521
0.666124	0.255	0.0161374
0.697844	0.255	0.0148563
0.729565	0.255	0.0136126
0.761285	0.255	0.0124096
0.793005	0.255	0.0112501
0.824725	0.255	0.0101364
0.856445	0.255	0.00907054
0.888166	0.255	0.00805402
0.919886	0.255	0.00708819
0.951606	0.255	0.0061741
0.983326	0.255	0.00531262
1.01505	0.255	0.00450441
1.04677	0.255	0.00375001
1.07849	0.255	0.00304983
1.11021	0.255	0.00240418
1.14193	0.255	0.00181329
1.17365	0.255	0.00127735
1.20537	0.255	0.000796487
1.23709	0.255	0.000370741
1.26881	0.255	0
0	0.2625	0.0380442
0.0325429	0.2625	0.037968
0.0650857	0.2625	0.037739
0.0976286	0.2625	0.0373587
0.130171	0.2625	0.0368298
0.162714	0.2625	0.0361573
0.195257	0.2625	0.0353488
0.2278	0.2625	0.0344143
0.260343	0.2625	0.0333666
0.292886	0.2625	0.0322199
0.325429	0.2625	0.0309897
0.357971	0.2625	0.0296915
0.390514	0.2625	0.0283404
0.423057	0.2625	0.0269506
0.4556	0.2625	0.0255353
0.488143	0.2625	0.0241063
0.520686	0.2625	0.0226742
0.553228	0.2625	0.0212483
0.585771	0.2625	0.0198368
0.618314	0.2625	0.0184467
0.650857	0.2625	0.0170842
0.6834	0.2625	0.0157547
0.715943	0.2625	0.0144626
0.748486	0.2625	0.0132117
0.781028	0.2625	0.0120053
0.813571	0.2625	0.0108461
0.846114	0.2625	0.00973643
0.878657	0.2625	0.00867808
0.9112	0.2625	0.00767258
0.943743	0.2625	0.00672119
0.976286	0.2625	0.00582489
1.00883	0.2625	0.00498446
1.04137	0.2625	0.00420051
1.07391	0.2625	0.00347352
1.10646	0.2625	0.00280383
1.139	0.2625	0.00219174
1.17154	0.2625	0.00163744
1.20409	0.2625	0.0011411
1.23663	0.2625	0.000702803
1.26917	0.2625	0.000322537
1.30171	0.2625	0
0	0.27	0.0382603
0.0333655	0.27	0.0381803
0.066731	0.27	0.03794
0.100097	0.27	0.0375409
0.133462	0.27	0.0369865
0.166828	0.27	0.0362824
0.200193	0.27	0.0354371
0.233559	0.27	0.0344619
0.266924	0.27	0.0333706
0.30029	0.27	0.0321788
0.333655	0.27	0.030903
0.367021	0.27	0.0295598
0.400386	0.27	0.028165
0.433752	0.27	0.0267337
0.467117	0.27	0.0252795
0.500483	0.27	0.0238146
0.533848	0.27	0.0223501
0.567214	0.27	0.0208954
0.600579	0.27	0.0194589
0.633945	0.27	0.0180478
0.66731	0.27	0.0166683
0.700676	0.27	0.0153256
0.734041	0.27	0.0140244
0.767407	0.27	0.0127683
0.800772	0.27	0.0115606
0.834138	0.27	0.0104039
0.867503	0.27	0.00930033
0.900869	0.27	0.00825177
0.934234	0.27	0.00725962
0.9676	0.27	0.00632503
1.00097	0.27	0.00544892
1.03433	0.27	0.00463199
1.0677	0.27	0.0038748
1.10106	0.27	0.00317774
1.13443	0.27	0.00254115
1.16779	0.27	0.00196526
1.20116	0.27	0.00145027
1.23452	0.27	0.000996322
1.26789	0.27	0.000603467
1.30125	0.27	0.00027157
1.33462	0.27	0
0	0.2775	0.0384284
0.0341882	0.2775	0.0383445
0.0683763	0.2775	0.0380924
0.102564	0.2775	0.0376741
0.136753	0.2775	0.0370935
0.170941	0.2775	0.0363568
0.205129	0.2775	0.0354737
0.239317	0.2775	0.0344567
0.273505	0.2775	0.0333209
0.307693	0.2775	0.0320831
0.341882	0.2775	0.0307611
0.37607	0.2775	0.0293724
0.410258	0.2775	0.0279339
0.444446	0.2775	0.0264611
0.478634	0.2775	0.0249684
0.512822	0.2775	0.0234684
0.547011	0.2775	0.0219724
0.581199	0.2775	0.0204901
0.615387	0.2775	0.0190299
0.649575	0.2775	0.0175992
0.683763	0.2775	0.0162043
0.717951	0.2775	0.0148503
0.752139	0.2775	0.0135418
0.786328	0.2775	0.0122826
0.820516	0.2775	0.0110756
0.854704	0.2775	0.00992345
0.888892	0.2775	0.00882829
0.92308	0.2775	0.00779179
0.957268	0.2775	0.00681528
0.991457	0.2775	0.00589984
1.02564	0.2775	0.00504631
1.05983	0.2775	0.00425531
1.09402	0.2775	0.00352734
1.12821	0.2775	0.00286276
1.1624	0.2775	0.00226184
1.19659	0.2775	0.00172482
1.23077	0.2775	0.00125188
1.26496	0.2775	0.000843149
1.29915	0.2775	0.000498635
1.33334	0.2775	0.000217996
1.36753	0.2775	0
0	0.285	0.0385484
0.0350108	0.285	0.0384605
0.0700216	0.285	0.0381964
0.105032	0.285	0.0377583
0.140043	0.285	0.0371505
0.175054	0.285	0.0363803
0.210065	0.285	0.0354584
0.245076	0.285	0.0343984
0.280086	0.285	0.0332171
0.315097	0.285	0.0319325
0.350108	0.285	0.0305636
0.385119	0.285	0.0291291
0.42013	0.285	0.0276467
0.455141	0.285	0.0261328
0.490151	0.285	0.024602
0.525162	0.285	0.0230676
0.560173	0.285	0.021541
0.595184	0.285	0.0200322
0.630195	0.285	0.0185498
0.665205	0.285	0.0171011
0.700216	0.285	0.0156924
0.735227	0.285	0.014329
0.770238	0.285	0.0130151
0.805249	0.285	0.0117546
0.840259	0.285	0.0105505
0.87527	0.285	0.00940508
0.910281	0.285	0.00832049
0.945292	0.285	0.00729827
0.980303	0.285	0.0063397
1.01531	0.285	0.00544575
1.05032	0.285	0.00461716
1.08534	0.285	0.00385451
1.12035	0.285	0.00315823
1.15536	0.285	0.00252863
1.19037	0.285	0.00196598
1.22538	0.285	0.00147051
1.26039	0.285	0.0010424
1.2954	0.285	0.00068178
1.33041	0.285	0.000388575
1.36542	0.285	0.000162079
1.40043	0.285	0
0	0.2925	0.0386205
0.0358335	0.2925	0.0385284
0.0716669	0.2925	0.0382518
0.1075	0.2925	0.0377932
0.143334	0.2925	0.0371575
0.179167	0.2925	0.0363528
0.215001	0.2925	0.0353908
0.250834	0.2925	0.0342868
0.286668	0.2925	0.0330588
0.322501	0.2925	0.0317266
0.358335	0.2925	0.0303102
0.394168	0.2925	0.0288295
0.430002	0.2925	0.0273032
0.465835	0.2925	0.0257483
0.501668	0.2925	0.0241801
0.537502	0.2925	0.022612
0.573335	0.2925	0.0210559
0.609169	0.2925	0.0195219
0.645002	0.2925	0.0180186
0.680836	0.2925	0.0165535
0.716669	0.2925	0.0151328
0.752503	0.2925	0.0137616
0.788336	0.2925	0.0124444
0.82417	0.2925	0.0111847
0.860003	0.2925	0.00998542
0.895837	0.2925	0.00884891
0.93167	0.2925	0.00777707
0.967504	0.2925	0.00677138
1.00334	0.2925	0.00583302
1.03917	0.2925	0.00496286
1.075	0.2925	0.00416157
1.11084	0.2925	0.00342967
1.14667	0.2925	0.00276753
1.1825	0.2925	0.00217545
1.21834	0.2925	0.00165368
1.25417	0.2925	0.00120247
1.29	0.2925	0.000822051
1.32584	0.2925	0.000512557
1.36167	0.2925	0.000273743
1.39751	0.2925	0.000104273
1.43334	0.2925	0
0	0.3	0.0386445
0.0366561	0.3	0.0385481
0.0733122	0.3	0.0382587
0.109968	0.3	0.037779
0.146624	0.3	0.0371144
0.183281	0.3	0.036274
0.219937	0.3	0.0352708
0.256593	0.3	0.0341215
0.293249	0.3	0.0328458
0.329905	0.3	0.0314649
0.366561	0.3	0.0300004
0.403217	0.3	0.0284733
0.439873	0.3	0.0269031
0.47653	0.3	0.0253075
0.513186	0.3	0.0237024
0.549842	0.3	0.0221015
0.586498	0.3	0.020517
0.623154	0.3	0.018959
0.65981	0.3	0.0174364
0.696466	0.3	0.0159565
0.733122	0.3	0.0145255
0.769778	0.3	0.0131485
0.806435	0.3	0.0118298
0.843091	0.3	0.0105729
0.879747	0.3	0.00938061
0.916403	0.3	0.0082551
0.953059	0.3	0.00719819
0.989715	0.3	0.00621125
1.02637	0.3	0.00529535
1.06303	0.3	0.00445128
1.09968	0.3	0.00367964
1.13634	0.3	0.00298088
1.173	0.3	0.00235534
1.20965	0.3	0.0018033
1.24631	0.3	0.00132507
1.28296	0.3	0.000920945
1.31962	0.3	0.000591228
1.35628	0.3	0.000336056
1.39293	0.3	0.000154905
1.42959	0.3	4.53293e-05
1.46624	0.3	0
