0	0	0
0.00375	0	0
0.0075	0	0
0.01125	0	0
0.015	0	0
0.01875	0	0
0.0225	0	0
0.02625	0	0
0.03	0	0
0.03375	0	0
0.0375	0	0
0.04125	0	0
0.045	0	0
0.04875	0	0
0.0525	0	0
0.05625	0	0
0.06	0	0
0.06375	0	0
0.0675	0	0
0.07125	0	0
0.075	0	0
0.07875	0	0
0.0825	0	0
0.08625	0	0
0.09	0	0
0.09375	0	0
0.0975	0	0
0.10125	0	0
0.105	0	0
0.10875	0	0
0.1125	0	0
0.11625	0	0
0.12	0	0
0.12375	0	0
0.1275	0	0
0.13125	0	0
0.135	0	0
0.13875	0	0
0.1425	0	0
0.14625	0	0
0.15	0	0
0	0.025	0.00779541
0.00431682	0.025	0.00779317
0.00863365	0.025	0.00778643
0.0129505	0.025	0.00777516
0.0172673	0.025	0.00775933
0.0215841	0.025	0.00773888
0.0259009	0.025	0.00771372
0.0302178	0.025	0.00768377
0.0345346	0.025	0.00764891
0.0388514	0.025	0.00760901
0.0431682	0.025	0.00756389
0.0474851	0.025	0.00751337
0.0518019	0.025	0.00745724
0.0561187	0.025	0.00739524
0.0604355	0.025	0.00732707
0.0647524	0.025	0.00725241
0.0690692	0.025	0.00717087
0.073386	0.025	0.00708202
0.0777028	0.025	0.00698535
0.0820196	0.025	0.00688028
0.0863365	0.025	0.00676617
0.0906533	0.025	0.00664226
0.0949701	0.025	0.00650769
0.0992869	0.025	0.00636146
0.103604	0.025	0.00620244
0.107921	0.025	0.00602934
0.112237	0.025	0.00584067
0.116554	0.025	0.00563474
0.120871	0.025	0.00540959
0.125188	0.025	0.00516301
0.129505	0.025	0.00489247
0.133822	0.025	0.00459509
0.138138	0.025	0.00426761
0.142455	0.025	0.00390629
0.146772	0.025	0.00350694
0.151089	0.025	0.00306481
0.155406	0.025	0.00257453
0.159722	0.025	0.00203009
0.164039	0.025	0.00142471
0.168356	0.025	0.00075083
0.172673	0.025	0
0	0.05	0.0151167
0.00488365	0.05	0.0151113
0.00976729	0.05	0.0150951
0.0146509	0.05	0.0150679
0.0195346	0.05	0.0150297
0.0244182	0.05	0.0149804
0.0293019	0.05	0.0149198
0.0341855	0.05	0.0148476
0.0390692	0.05	0.0147635
0.0439528	0.05	0.0146672
0.0488365	0.05	0.0145584
0.0537201	0.05	0.0144365
0.0586038	0.05	0.0143011
0.0634874	0.05	0.0141516
0.0683711	0.05	0.0139873
0.0732547	0.05	0.0138074
0.0781384	0.05	0.0136112
0.083022	0.05	0.0133978
0.0879057	0.05	0.013166
0.0927893	0.05	0.0129148
0.0976729	0.05	0.0126428
0.102557	0.05	0.0123488
0.10744	0.05	0.0120312
0.112324	0.05	0.0116883
0.117208	0.05	0.0113184
0.122091	0.05	0.0109195
0.126975	0.05	0.0104896
0.131858	0.05	0.0100265
0.136742	0.05	0.00952793
0.141626	0.05	0.00899153
0.146509	0.05	0.00841489
0.151393	0.05	0.00779557
0.156277	0.05	0.0071312
0.16116	0.05	0.00641953
0.166044	0.05	0.00565852
0.170928	0.05	0.00484642
0.175811	0.05	0.00398197
0.180695	0.05	0.00306447
0.185579	0.05	0.00209403
0.190462	0.05	0.00107176
0.195346	0.05	0
0	0.075	0.0220969
0.00545047	0.075	0.0220877
0.0109009	0.075	0.02206
0.0163514	0.075	0.0220137
0.0218019	0.075	0.0219486
0.0272524	0.075	0.0218645
0.0327028	0.075	0.0217611
0.0381533	0.075	0.0216381
0.0436038	0.075	0.021495
0.0490542	0.075	0.0213314
0.0545047	0.075	0.0211465
0.0599552	0.075	0.0209398
0.0654057	0.075	0.0207105
0.0708561	0.075	0.0204578
0.0763066	0.075	0.0201807
0.0817571	0.075	0.0198782
0.0872075	0.075	0.0195492
0.092658	0.075	0.0191925
0.0981085	0.075	0.0188069
0.103559	0.075	0.0183908
0.109009	0.075	0.0179429
0.11446	0.075	0.0174616
0.11991	0.075	0.0169452
0.125361	0.075	0.0163922
0.130811	0.075	0.0158007
0.136262	0.075	0.015169
0.141712	0.075	0.0144953
0.147163	0.075	0.0137781
0.152613	0.075	0.0130157
0.158064	0.075	0.0122065
0.163514	0.075	0.0113491
0.168965	0.075	0.0104424
0.174415	0.075	0.00948548
0.179866	0.075	0.00847756
0.185316	0.075	0.00741825
0.190766	0.075	0.0063075
0.196217	0.075	0.00514554
0.201667	0.075	0.00393293
0.207118	0.075	0.00267046
0.212568	0.075	0.00135914
0.218019	0.075	0
0	0.1	0.0288411
0.00601729	0.1	0.0288277
0.0120346	0.1	0.0287873
0.0180519	0.1	0.0287198
0.0240692	0.1	0.028625
0.0300865	0.1	0.0285026
0.0361038	0.1	0.0283523
0.0421211	0.1	0.0281736
0.0481384	0.1	0.0279659
0.0541557	0.1	0.0277287
0.0601729	0.1	0.0274612
0.0661902	0.1	0.0271627
0.0722075	0.1	0.0268322
0.0782248	0.1	0.0264688
0.0842421	0.1	0.0260714
0.0902594	0.1	0.025639
0.0962767	0.1	0.0251703
0.102294	0.1	0.0246641
0.108311	0.1	0.024119
0.114329	0.1	0.0235338
0.120346	0.1	0.022907
0.126363	0.1	0.0222371
0.13238	0.1	0.0215229
0.138398	0.1	0.0207629
0.144415	0.1	0.0199557
0.150432	0.1	0.0191
0.15645	0.1	0.0181948
0.162467	0.1	0.0172388
0.168484	0.1	0.0162311
0.174502	0.1	0.015171
0.180519	0.1	0.0140578
0.186536	0.1	0.0128911
0.192553	0.1	0.0116706
0.198571	0.1	0.0103964
0.204588	0.1	0.00906854
0.210605	0.1	0.00768734
0.216623	0.1	0.00625327
0.22264	0.1	0.00476685
0.228657	0.1	0.00322873
0.234674	0.1	0.00163956
0.240692	0.1	0
0	0.125	0.0354255
0.00658412	0.125	0.0354076
0.0131682	0.125	0.0353539
0.0197524	0.125	0.0352641
0.0263365	0.125	0.0351382
0.0329206	0.125	0.0349758
0.0395047	0.125	0.0347764
0.0460888	0.125	0.0345396
0.0526729	0.125	0.0342648
0.0592571	0.125	0.0339513
0.0658412	0.125	0.0335984
0.0724253	0.125	0.0332051
0.0790094	0.125	0.0327708
0.0855935	0.125	0.0322942
0.0921777	0.125	0.0317745
0.0987618	0.125	0.0312105
0.105346	0.125	0.0306011
0.11193	0.125	0.0299451
0.118514	0.125	0.0292414
0.125098	0.125	0.0284887
0.131682	0.125	0.0276858
0.138266	0.125	0.0268317
0.144851	0.125	0.0259252
0.151435	0.125	0.0249652
0.158019	0.125	0.0239508
0.164603	0.125	0.0228812
0.171187	0.125	0.0217555
0.177771	0.125	0.0205732
0.184355	0.125	0.0193337
0.190939	0.125	0.0180367
0.197524	0.125	0.016682
0.204108	0.125	0.0152696
0.210692	0.125	0.0137994
0.217276	0.125	0.0122717
0.22386	0.125	0.0106867
0.230444	0.125	0.00904489
0.237028	0.125	0.00734664
0.243612	0.125	0.00559248
0.250196	0.125	0.00378294
0.256781	0.125	0.00191859
0.263365	0.125	0
0	0.15	0.0419013
0.00715094	0.15	0.0418789
0.0143019	0.15	0.0418116
0.0214528	0.15	0.0416992
0.0286038	0.15	0.0415416
0.0357547	0.15	0.0413384
0.0429057	0.15	0.0410892
0.0500566	0.15	0.0407935
0.0572075	0.15	0.0404507
0.0643585	0.15	0.0400601
0.0715094	0.15	0.039621
0.0786604	0.15	0.0391327
0.0858113	0.15	0.0385941
0.0929622	0.15	0.0380045
0.100113	0.15	0.0373629
0.107264	0.15	0.0366682
0.114415	0.15	0.0359195
0.121566	0.15	0.0351158
0.128717	0.15	0.034256
0.135868	0.15	0.0333392
0.143019	0.15	0.0323645
0.15017	0.15	0.0313308
0.157321	0.15	0.0302376
0.164472	0.15	0.0290839
0.171623	0.15	0.0278691
0.178774	0.15	0.0265927
0.185924	0.15	0.0252543
0.193075	0.15	0.0238534
0.200226	0.15	0.02239
0.207377	0.15	0.0208639
0.214528	0.15	0.0192751
0.221679	0.15	0.0176237
0.22883	0.15	0.0159099
0.235981	0.15	0.0141341
0.243132	0.15	0.0122965
0.250283	0.15	0.0103975
0.257434	0.15	0.00843769
0.264585	0.15	0.00641749
0.271736	0.15	0.00433744
0.278887	0.15	0.00219809
0.286038	0.15	0
0	0.175	0.0483007
0.00771777	0.175	0.0482738
0.0154355	0.175	0.0481928
0.0231533	0.175	0.0480578
0.0308711	0.175	0.0478684
0.0385888	0.175	0.0476243
0.0463066	0.175	0.0473252
0.0540244	0.175	0.0469706
0.0617421	0.175	0.0465598
0.0694599	0.175	0.0460924
0.0771777	0.175	0.0455675
0.0848954	0.175	0.0449846
0.0926132	0.175	0.0443427
0.100331	0.175	0.0436411
0.108049	0.175	0.0428789
0.115766	0.175	0.0420553
0.123484	0.175	0.0411695
0.131202	0.175	0.0402205
0.13892	0.175	0.0392076
0.146638	0.175	0.03813
0.154355	0.175	0.036987
0.162073	0.175	0.035778
0.169791	0.175	0.0345023
0.177509	0.175	0.0331594
0.185226	0.175	0.031749
0.192944	0.175	0.0302707
0.200662	0.175	0.0287243
0.20838	0.175	0.0271096
0.216097	0.175	0.0254267
0.223815	0.175	0.0236757
0.231533	0.175	0.0218566
0.239251	0.175	0.0199696
0.246969	0.175	0.0180151
0.254686	0.175	0.0159935
0.262404	0.175	0.0139051
0.270122	0.175	0.0117503
0.27784	0.175	0.00952979
0.285557	0.175	0.00724392
0.293275	0.175	0.00489329
0.300993	0.175	0.00247845
0.308711	0.175	0
0	0.2	0.0546415
0.00828459	0.2	0.05461
0.0165692	0.2	0.0545155
0.0248538	0.2	0.0543579
0.0331384	0.2	0.0541368
0.0414229	0.2	0.0538522
0.0497075	0.2	0.0535034
0.0579921	0.2	0.0530903
0.0662767	0.2	0.0526121
0.0745613	0.2	0.0520685
0.0828459	0.2	0.0514587
0.0911305	0.2	0.0507821
0.0994151	0.2	0.0500381
0.1077	0.2	0.0492259
0.115984	0.2	0.0483448
0.124269	0.2	0.0473942
0.132553	0.2	0.0463733
0.140838	0.2	0.0452814
0.149123	0.2	0.044118
0.157407	0.2	0.0428824
0.165692	0.2	0.0415741
0.173976	0.2	0.0401927
0.182261	0.2	0.0387377
0.190546	0.2	0.037209
0.19883	0.2	0.0356061
0.207115	0.2	0.0339291
0.215399	0.2	0.0321778
0.223684	0.2	0.0303523
0.231969	0.2	0.0284527
0.240253	0.2	0.0264792
0.248538	0.2	0.024432
0.256822	0.2	0.0223114
0.265107	0.2	0.0201178
0.273391	0.2	0.0178517
0.281676	0.2	0.0155135
0.289961	0.2	0.0131037
0.298245	0.2	0.0106228
0.30653	0.2	0.00807136
0.314814	0.2	0.00545003
0.323099	0.2	0.00275937
0.331384	0.2	0
0	0.225	0.0609313
0.00885141	0.225	0.0608954
0.0177028	0.225	0.0607874
0.0265542	0.225	0.0606073
0.0354057	0.225	0.060355
0.0442571	0.225	0.06003
0.0531085	0.225	0.0596321
0.0619599	0.225	0.059161
0.0708113	0.225	0.0586162
0.0796627	0.225	0.0579971
0.0885141	0.225	0.0573033
0.0973655	0.225	0.0565343
0.106217	0.225	0.0556894
0.115068	0.225	0.054768
0.12392	0.225	0.0537696
0.132771	0.225	0.0526937
0.141623	0.225	0.0515396
0.150474	0.225	0.0503069
0.159325	0.225	0.0489951
0.168177	0.225	0.0476038
0.177028	0.225	0.0461326
0.18588	0.225	0.0445812
0.194731	0.225	0.0429495
0.203582	0.225	0.0412372
0.212434	0.225	0.0394444
0.221285	0.225	0.0375709
0.230137	0.225	0.035617
0.238988	0.225	0.0335827
0.24784	0.225	0.0314683
0.256691	0.225	0.0292741
0.265542	0.225	0.0270004
0.274394	0.225	0.0246476
0.283245	0.225	0.0222162
0.292097	0.225	0.0197067
0.300948	0.225	0.0171195
0.309799	0.225	0.0144553
0.318651	0.225	0.0117147
0.327502	0.225	0.00889815
0.336354	0.225	0.00600645
0.345205	0.225	0.00304018
0.354057	0.225	0
0	0.25	0.0671707
0.00941824	0.25	0.0671303
0.0188365	0.25	0.067009
0.0282547	0.25	0.0668068
0.0376729	0.25	0.0665233
0.0470912	0.25	0.0661585
0.0565094	0.25	0.065712
0.0659277	0.25	0.0651836
0.0753459	0.25	0.0645728
0.0847641	0.25	0.0638792
0.0941824	0.25	0.0631024
0.103601	0.25	0.0622419
0.113019	0.25	0.0612974
0.122437	0.25	0.0602682
0.131855	0.25	0.059154
0.141274	0.25	0.0579543
0.150692	0.25	0.0566688
0.16011	0.25	0.055297
0.169528	0.25	0.0538387
0.178946	0.25	0.0522936
0.188365	0.25	0.0506614
0.197783	0.25	0.0489421
0.207201	0.25	0.0471356
0.216619	0.25	0.0452418
0.226038	0.25	0.0432609
0.235456	0.25	0.041193
0.244874	0.25	0.0390382
0.254292	0.25	0.036797
0.263711	0.25	0.0344695
0.273129	0.25	0.0320562
0.282547	0.25	0.0295575
0.291965	0.25	0.0269739
0.301384	0.25	0.024306
0.310802	0.25	0.0215542
0.32022	0.25	0.0187193
0.329638	0.25	0.0158019
0.339057	0.25	0.0128025
0.348475	0.25	0.00972198
0.357893	0.25	0.00656089
0.367311	0.25	0.00331999
0.376729	0.25	0
0	0.275	0.0733552
0.00998506	0.275	0.0733104
0.0199701	0.275	0.073176
0.0299552	0.275	0.0729517
0.0399402	0.275	0.0726376
0.0499253	0.275	0.0722334
0.0599104	0.275	0.0717388
0.0698954	0.275	0.0711536
0.0798805	0.275	0.0704776
0.0898655	0.275	0.0697103
0.0998506	0.275	0.0688515
0.109836	0.275	0.0679007
0.119821	0.275	0.0668576
0.129806	0.275	0.0657219
0.139791	0.275	0.0644933
0.149776	0.275	0.0631714
0.159761	0.275	0.0617559
0.169746	0.275	0.0602467
0.179731	0.275	0.0586435
0.189716	0.275	0.0569463
0.199701	0.275	0.055155
0.209686	0.275	0.0532695
0.219671	0.275	0.05129
0.229656	0.275	0.0492166
0.239641	0.275	0.0470494
0.249627	0.275	0.0447888
0.259612	0.275	0.042435
0.269597	0.275	0.0399885
0.279582	0.275	0.0374496
0.289567	0.275	0.0348189
0.299552	0.275	0.032097
0.309537	0.275	0.0292843
0.319522	0.275	0.0263815
0.329507	0.275	0.0233893
0.339492	0.275	0.0203083
0.349477	0.275	0.0171393
0.359462	0.275	0.013883
0.369447	0.275	0.0105401
0.379432	0.275	0.00711147
0.389417	0.275	0.00359784
0.399402	0.275	0
0	0.3	0.0794771
0.0105519	0.3	0.079428
0.0211038	0.3	0.0792805
0.0316557	0.3	0.0790346
0.0422075	0.3	0.0786901
0.0527594	0.3	0.0782468
0.0633113	0.3	0.0777047
0.0738632	0.3	0.0770635
0.0844151	0.3	0.0763229
0.094967	0.3	0.0754828
0.105519	0.3	0.0745428
0.116071	0.3	0.0735027
0.126623	0.3	0.0723623
0.137174	0.3	0.0711213
0.147726	0.3	0.0697794
0.158278	0.3	0.0683366
0.16883	0.3	0.0667927
0.179382	0.3	0.0651476
0.189934	0.3	0.0634012
0.200486	0.3	0.0615535
0.211038	0.3	0.0596047
0.22159	0.3	0.0575548
0.232141	0.3	0.0554041
0.242693	0.3	0.0531528
0.253245	0.3	0.0508012
0.263797	0.3	0.0483498
0.274349	0.3	0.0457989
0.284901	0.3	0.043149
0.295453	0.3	0.0404008
0.306005	0.3	0.0375547
0.316557	0.3	0.0346115
0.327108	0.3	0.0315718
0.33766	0.3	0.0284363
0.348212	0.3	0.0252058
0.358764	0.3	0.021881
0.369316	0.3	0.0184629
0.379868	0.3	0.0149521
0.39042	0.3	0.0113496
0.400972	0.3	0.00765611
0.411523	0.3	0.00387263
0.422075	0.3	0
0	0.325	0.0855266
0.0111187	0.325	0.0854732
0.0222374	0.325	0.0853128
0.0333561	0.325	0.0850453
0.0444748	0.325	0.0846708
0.0555935	0.325	0.084189
0.0667122	0.325	0.0835998
0.077831	0.325	0.0829031
0.0889497	0.325	0.0820988
0.100068	0.325	0.0811866
0.111187	0.325	0.0801664
0.122306	0.325	0.079038
0.133424	0.325	0.0778012
0.144543	0.325	0.0764561
0.155662	0.325	0.0750023
0.166781	0.325	0.07344
0.177899	0.325	0.071769
0.189018	0.325	0.0699894
0.200137	0.325	0.0681013
0.211255	0.325	0.0661049
0.222374	0.325	0.0640003
0.233493	0.325	0.0617878
0.244612	0.325	0.0594678
0.25573	0.325	0.0570405
0.266849	0.325	0.0545065
0.277968	0.325	0.0518663
0.289086	0.325	0.0491204
0.300205	0.325	0.0462694
0.311324	0.325	0.043314
0.322443	0.325	0.040255
0.333561	0.325	0.037093
0.34468	0.325	0.0338288
0.355799	0.325	0.0304634
0.366917	0.325	0.0269974
0.378036	0.325	0.0234319
0.389155	0.325	0.0197678
0.400273	0.325	0.0160059
0.411392	0.325	0.0121472
0.422511	0.325	0.00819263
0.43363	0.325	0.00414325
0.444748	0.325	0
0	0.35	0.0914922
0.0116855	0.35	0.0914345
0.0233711	0.35	0.0912613
0.0350566	0.35	0.0909726
0.0467421	0.35	0.0905683
0.0584277	0.35	0.0900484
0.0701132	0.35	0.0894127
0.0817987	0.35	0.0886612
0.0934843	0.35	0.0877937
0.10517	0.35	0.0868103
0.116855	0.35	0.0857107
0.128541	0.35	0.0844949
0.140226	0.35	0.083163
0.151912	0.35	0.0817148
0.163597	0.35	0.0801504
0.175283	0.35	0.0784698
0.186969	0.35	0.0766732
0.198654	0.35	0.0747607
0.21034	0.35	0.0727326
0.222025	0.35	0.0705891
0.233711	0.35	0.0683305
0.245396	0.35	0.0659572
0.257082	0.35	0.0634698
0.268767	0.35	0.0608687
0.280453	0.35	0.0581544
0.292138	0.35	0.0553277
0.303824	0.35	0.0523892
0.315509	0.35	0.0493396
0.327195	0.35	0.0461798
0.33888	0.35	0.0429106
0.350566	0.35	0.0395328
0.362251	0.35	0.0360474
0.373937	0.35	0.0324553
0.385623	0.35	0.0287575
0.397308	0.35	0.024955
0.408994	0.35	0.0210488
0.420679	0.35	0.01704
0.432365	0.35	0.0129296
0.44405	0.35	0.00871877
0.455736	0.35	0.00440853
0.467421	0.35	0
0	0.375	0.0973617
0.0122524	0.375	0.0972998
0.0245047	0.375	0.097114
0.0367571	0.375	0.0968043
0.0490094	0.375	0.0963706
0.0612618	0.375	0.0958129
0.0735141	0.375	0.0951311
0.0857665	0.375	0.0943253
0.0980188	0.375	0.0933954
0.110271	0.375	0.0923415
0.122524	0.375	0.0911634
0.134776	0.375	0.0898612
0.147028	0.375	0.0884351
0.159281	0.375	0.086885
0.171533	0.375	0.0852112
0.183785	0.375	0.0834138
0.196038	0.375	0.081493
0.20829	0.375	0.0794492
0.220542	0.375	0.0772826
0.232795	0.375	0.0749938
0.245047	0.375	0.0725831
0.257299	0.375	0.0700511
0.269552	0.375	0.0673985
0.281804	0.375	0.0646257
0.294057	0.375	0.0617337
0.306309	0.375	0.058723
0.318561	0.375	0.0555947
0.330814	0.375	0.0523494
0.343066	0.375	0.0489883
0.355318	0.375	0.0455122
0.367571	0.375	0.0419221
0.379823	0.375	0.0382192
0.392075	0.375	0.0344045
0.404328	0.375	0.030479
0.41658	0.375	0.026444
0.428832	0.375	0.0223006
0.441085	0.375	0.0180501
0.453337	0.375	0.0136935
0.465589	0.375	0.00923214
0.477842	0.375	0.00466723
0.490094	0.375	0
0	0.4	0.103122
0.0128192	0.4	0.103056
0.0256384	0.4	0.102858
0.0384575	0.4	0.102528
0.0512767	0.4	0.102065
0.0640959	0.4	0.10147
0.0769151	0.4	0.100742
0.0897343	0.4	0.0998828
0.102553	0.4	0.0988912
0.115373	0.4	0.0977674
0.128192	0.4	0.0965117
0.141011	0.4	0.0951241
0.15383	0.4	0.0936048
0.166649	0.4	0.091954
0.179469	0.4	0.090172
0.192288	0.4	0.0882591
0.205107	0.4	0.0862156
0.217926	0.4	0.0840421
0.230745	0.4	0.0817388
0.243564	0.4	0.0793065
0.256384	0.4	0.0767457
0.269203	0.4	0.0740572
0.282022	0.4	0.0712416
0.294841	0.4	0.0682997
0.30766	0.4	0.0652325
0.320479	0.4	0.0620408
0.333299	0.4	0.0587257
0.346118	0.4	0.0552881
0.358937	0.4	0.0517291
0.371756	0.4	0.0480499
0.384575	0.4	0.0442517
0.397395	0.4	0.0403356
0.410214	0.4	0.0363028
0.423033	0.4	0.0321547
0.435852	0.4	0.0278926
0.448671	0.4	0.0235177
0.46149	0.4	0.0190315
0.47431	0.4	0.0144352
0.487129	0.4	0.00973027
0.499948	0.4	0.00491807
0.512767	0.4	0
0	0.425	0.108762
0.013386	0.425	0.108691
0.026772	0.425	0.108481
0.040158	0.425	0.108129
0.053544	0.425	0.107638
0.06693	0.425	0.107006
0.080316	0.425	0.106233
0.093702	0.425	0.105321
0.107088	0.425	0.104268
0.120474	0.425	0.103075
0.13386	0.425	0.101742
0.147246	0.425	0.10027
0.160632	0.425	0.0986589
0.174018	0.425	0.0969086
0.187404	0.425	0.0950197
0.20079	0.425	0.0929926
0.214176	0.425	0.090828
0.227562	0.425	0.0885263
0.240948	0.425	0.0860881
0.254334	0.425	0.0835143
0.26772	0.425	0.0808056
0.281106	0.425	0.0779627
0.294492	0.425	0.0749867
0.307878	0.425	0.0718784
0.321264	0.425	0.0686389
0.33465	0.425	0.0652693
0.348036	0.425	0.0617708
0.361422	0.425	0.0581445
0.374808	0.425	0.0543917
0.388194	0.425	0.0505137
0.40158	0.425	0.0465118
0.414966	0.425	0.0423875
0.428352	0.425	0.0381421
0.441738	0.425	0.0337771
0.455124	0.425	0.029294
0.46851	0.425	0.0246943
0.481896	0.425	0.0199794
0.495282	0.425	0.015151
0.508668	0.425	0.0102106
0.522054	0.425	0.00515972
0.53544	0.425	0
0	0.45	0.114266
0.0139528	0.45	0.114192
0.0279057	0.45	0.113969
0.0418585	0.45	0.113597
0.0558113	0.45	0.113077
0.0697641	0.45	0.112408
0.083717	0.45	0.111591
0.0976698	0.45	0.110626
0.111623	0.45	0.109512
0.125575	0.45	0.108251
0.139528	0.45	0.106843
0.153481	0.45	0.105287
0.167434	0.45	0.103584
0.181387	0.45	0.101736
0.19534	0.45	0.0997409
0.209292	0.45	0.0976011
0.223245	0.45	0.0953168
0.237198	0.45	0.0928886
0.251151	0.45	0.0903174
0.265104	0.45	0.0876041
0.279057	0.45	0.0847496
0.293009	0.45	0.0817548
0.306962	0.45	0.078621
0.320915	0.45	0.0753491
0.334868	0.45	0.0719406
0.348821	0.45	0.0683965
0.362773	0.45	0.0647183
0.376726	0.45	0.0609073
0.390679	0.45	0.0569651
0.404632	0.45	0.0528931
0.418585	0.45	0.0486928
0.432538	0.45	0.0443658
0.44649	0.45	0.0399138
0.460443	0.45	0.0353384
0.474396	0.45	0.0306413
0.488349	0.45	0.0258242
0.502302	0.45	0.0208888
0.516255	0.45	0.015837
0.530207	0.45	0.0106703
0.54416	0.45	0.00539076
0.558113	0.45	0
0	0.475	0.119623
0.0145196	0.475	0.119545
0.0290393	0.475	0.11931
0.0435589	0.475	0.118918
0.0580786	0.475	0.118369
0.0725982	0.475	0.117664
0.0871179	0.475	0.116803
0.101638	0.475	0.115785
0.116157	0.475	0.114612
0.130677	0.475	0.113283
0.145196	0.475	0.111799
0.159716	0.475	0.110161
0.174236	0.475	0.108368
0.188755	0.475	0.106422
0.203275	0.475	0.104322
0.217795	0.475	0.102071
0.232314	0.475	0.0996688
0.246834	0.475	0.0971158
0.261354	0.475	0.0944134
0.275873	0.475	0.0915627
0.290393	0.475	0.0885646
0.304913	0.475	0.0854205
0.319432	0.475	0.0821316
0.333952	0.475	0.0786993
0.348472	0.475	0.0751249
0.362991	0.475	0.0714101
0.377511	0.475	0.0675562
0.392031	0.475	0.063565
0.40655	0.475	0.0594381
0.42107	0.475	0.0551773
0.435589	0.475	0.0507843
0.450109	0.475	0.0462609
0.464629	0.475	0.041609
0.479148	0.475	0.0368304
0.493668	0.475	0.0319272
0.508188	0.475	0.0269012
0.522707	0.475	0.0217545
0.537227	0.475	0.016489
0.551747	0.475	0.0111067
0.566266	0.475	0.00560971
0.580786	0.475	0
0	0.5	0.124821
0.0150865	0.5	0.124739
0.0301729	0.5	0.124491
0.0452594	0.5	0.124079
0.0603459	0.5	0.123503
0.0754324	0.5	0.122761
0.0905188	0.5	0.121856
0.105605	0.5	0.120787
0.120692	0.5	0.119554
0.135778	0.5	0.118158
0.150865	0.5	0.116599
0.165951	0.5	0.114878
0.181038	0.5	0.112996
0.196124	0.5	0.110954
0.211211	0.5	0.108751
0.226297	0.5	0.10639
0.241384	0.5	0.103871
0.25647	0.5	0.101195
0.271557	0.5	0.0983628
0.286643	0.5	0.0953766
0.301729	0.5	0.0922374
0.316816	0.5	0.0889465
0.331902	0.5	0.0855054
0.346989	0.5	0.0819158
0.362075	0.5	0.0781792
0.377162	0.5	0.0742974
0.392248	0.5	0.0702722
0.407335	0.5	0.0661055
0.422421	0.5	0.0617992
0.437508	0.5	0.0573553
0.452594	0.5	0.0527757
0.467681	0.5	0.0480627
0.482767	0.5	0.0432183
0.497854	0.5	0.0382446
0.51294	0.5	0.033144
0.528027	0.5	0.0279186
0.543113	0.5	0.0225708
0.5582	0.5	0.0171026
0.573286	0.5	0.0115166
0.588372	0.5	0.00581495
0.603459	0.5	0
0	0.525	0.129847
0.0156533	0.525	0.12976
0.0313066	0.525	0.129501
0.0469599	0.525	0.129069
0.0626132	0.525	0.128464
0.0782665	0.525	0.127687
0.0939198	0.525	0.126738
0.109573	0.525	0.125617
0.125226	0.525	0.124325
0.14088	0.525	0.122862
0.156533	0.525	0.12123
0.172186	0.525	0.119427
0.18784	0.525	0.117457
0.203493	0.525	0.115319
0.219146	0.525	0.113014
0.234799	0.525	0.110544
0.250453	0.525	0.107909
0.266106	0.525	0.105111
0.281759	0.525	0.102152
0.297413	0.525	0.0990326
0.313066	0.525	0.0957545
0.328719	0.525	0.0923194
0.344373	0.525	0.0887291
0.360026	0.525	0.0849854
0.375679	0.525	0.0810902
0.391332	0.525	0.0770456
0.406986	0.525	0.0728536
0.422639	0.525	0.0685164
0.438292	0.525	0.0640362
0.453946	0.525	0.0594153
0.469599	0.525	0.054656
0.485252	0.525	0.0497607
0.500906	0.525	0.0447319
0.516559	0.525	0.0395721
0.532212	0.525	0.0342837
0.547865	0.525	0.0288694
0.563519	0.525	0.0233317
0.579172	0.525	0.0176733
0.594825	0.525	0.0118968
0.610479	0.525	0.00600479
0.626132	0.525	0
0	0.55	0.134689
0.0162201	0.55	0.134598
0.0324402	0.55	0.134327
0.0486604	0.55	0.133875
0.0648805	0.55	0.133242
0.0811006	0.55	0.13243
0.0973207	0.55	0.131437
0.113541	0.55	0.130265
0.129761	0.55	0.128914
0.145981	0.55	0.127385
0.162201	0.55	0.125678
0.178421	0.55	0.123795
0.194641	0.55	0.121737
0.210862	0.55	0.119504
0.227082	0.55	0.117098
0.243302	0.55	0.11452
0.259522	0.55	0.111771
0.275742	0.55	0.108853
0.291962	0.55	0.105768
0.308182	0.55	0.102517
0.324402	0.55	0.0991022
0.340623	0.55	0.0955255
0.356843	0.55	0.0917889
0.373063	0.55	0.0878945
0.389283	0.55	0.0838445
0.405503	0.55	0.0796413
0.421723	0.55	0.0752873
0.437943	0.55	0.0707849
0.454163	0.55	0.0661367
0.470383	0.55	0.0613454
0.486604	0.55	0.0564135
0.502824	0.55	0.051344
0.519044	0.55	0.0461396
0.535264	0.55	0.0408031
0.551484	0.55	0.0353376
0.567704	0.55	0.0297459
0.583924	0.55	0.024031
0.600144	0.55	0.0181959
0.616365	0.55	0.0122437
0.632585	0.55	0.00617737
0.648805	0.55	0
0	0.575	0.139336
0.0167869	0.575	0.139242
0.0335739	0.575	0.138958
0.0503608	0.575	0.138486
0.0671478	0.575	0.137826
0.0839347	0.575	0.136977
0.100722	0.575	0.135941
0.117509	0.575	0.134718
0.134296	0.575	0.133308
0.151082	0.575	0.131713
0.167869	0.575	0.129933
0.184656	0.575	0.127969
0.201443	0.575	0.125824
0.21823	0.575	0.123496
0.235017	0.575	0.12099
0.251804	0.575	0.118304
0.268591	0.575	0.115443
0.285378	0.575	0.112406
0.302165	0.575	0.109197
0.318952	0.575	0.105816
0.335739	0.575	0.102267
0.352526	0.575	0.0985511
0.369313	0.575	0.094671
0.3861	0.575	0.0906292
0.402887	0.575	0.0864283
0.419674	0.575	0.0820708
0.436461	0.575	0.0775596
0.453247	0.575	0.0728975
0.470034	0.575	0.0680875
0.486821	0.575	0.0631327
0.503608	0.575	0.0580361
0.520395	0.575	0.0528009
0.537182	0.575	0.0474303
0.553969	0.575	0.0419277
0.570756	0.575	0.0362965
0.587543	0.575	0.03054
0.60433	0.575	0.0246617
0.621117	0.575	0.018665
0.637904	0.575	0.0125535
0.654691	0.575	0.00633066
0.671478	0.575	0
0	0.6	0.143777
0.0173538	0.6	0.143679
0.0347075	0.6	0.143384
0.0520613	0.6	0.142892
0.0694151	0.6	0.142203
0.0867688	0.6	0.141319
0.104123	0.6	0.140239
0.121476	0.6	0.138965
0.13883	0.6	0.137496
0.156184	0.6	0.135835
0.173538	0.6	0.133982
0.190891	0.6	0.131938
0.208245	0.6	0.129705
0.225599	0.6	0.127284
0.242953	0.6	0.124677
0.260307	0.6	0.121885
0.27766	0.6	0.118911
0.295014	0.6	0.115757
0.312368	0.6	0.112425
0.329722	0.6	0.108916
0.347075	0.6	0.105234
0.364429	0.6	0.101382
0.381783	0.6	0.0973612
0.399137	0.6	0.0931753
0.41649	0.6	0.0888271
0.433844	0.6	0.0843197
0.451198	0.6	0.0796564
0.468552	0.6	0.0748403
0.485906	0.6	0.069875
0.503259	0.6	0.0647639
0.520613	0.6	0.0595106
0.537967	0.6	0.0541189
0.555321	0.6	0.0485923
0.572674	0.6	0.0429349
0.590028	0.6	0.0371505
0.607382	0.6	0.031243
0.624736	0.6	0.0252164
0.642089	0.6	0.0190747
0.659443	0.6	0.012822
0.676797	0.6	0.00646245
0.694151	0.6	0
0	0.625	0.148003
0.0179206	0.625	0.147901
0.0358412	0.625	0.147593
0.0537618	0.625	0.147081
0.0716824	0.625	0.146365
0.089603	0.625	0.145444
0.107524	0.625	0.144321
0.125444	0.625	0.142995
0.143365	0.625	0.141468
0.161285	0.625	0.13974
0.179206	0.625	0.137813
0.197127	0.625	0.135689
0.215047	0.625	0.133368
0.232968	0.625	0.130854
0.250888	0.625	0.128147
0.268809	0.625	0.125249
0.286729	0.625	0.122164
0.30465	0.625	0.118893
0.322571	0.625	0.115438
0.340491	0.625	0.111803
0.358412	0.625	0.107991
0.376332	0.625	0.104004
0.394253	0.625	0.0998449
0.412174	0.625	0.095518
0.430094	0.625	0.0910263
0.448015	0.625	0.0863733
0.465935	0.625	0.0815628
0.483856	0.625	0.0765986
0.501777	0.625	0.0714845
0.519697	0.625	0.0662248
0.537618	0.625	0.0608234
0.555538	0.625	0.0552847
0.573459	0.625	0.0496131
0.59138	0.625	0.043813
0.6093	0.625	0.0378888
0.627221	0.625	0.0318452
0.645141	0.625	0.0256869
0.663062	0.625	0.0194185
0.680982	0.625	0.0130447
0.698903	0.625	0.00657028
0.716824	0.625	0
0	0.65	0.152003
0.0184874	0.65	0.151896
0.0369748	0.65	0.151577
0.0554622	0.65	0.151045
0.0739497	0.65	0.1503
0.0924371	0.65	0.149343
0.110924	0.65	0.148175
0.129412	0.65	0.146798
0.147899	0.65	0.145211
0.166387	0.65	0.143416
0.184874	0.65	0.141416
0.203362	0.65	0.139211
0.221849	0.65	0.136803
0.240336	0.65	0.134194
0.258824	0.65	0.131387
0.277311	0.65	0.128383
0.295799	0.65	0.125187
0.314286	0.65	0.121799
0.332773	0.65	0.118223
0.351261	0.65	0.114463
0.369748	0.65	0.110521
0.388236	0.65	0.106401
0.406723	0.65	0.102107
0.425211	0.65	0.097642
0.443698	0.65	0.0930103
0.462185	0.65	0.088216
0.480673	0.65	0.0832633
0.49916	0.65	0.0781568
0.517648	0.65	0.0729008
0.536135	0.65	0.0675002
0.554622	0.65	0.0619597
0.57311	0.65	0.0562843
0.591597	0.65	0.050479
0.610085	0.65	0.0445491
0.628572	0.65	0.0384997
0.64706	0.65	0.0323363
0.665547	0.65	0.0260643
0.684034	0.65	0.0196891
0.702522	0.65	0.0132163
0.721009	0.65	0.00665139
0.739497	0.65	0
0	0.675	0.155768
0.0190542	0.675	0.155657
0.0381085	0.675	0.155325
0.0571627	0.675	0.154772
0.076217	0.675	0.153999
0.0952712	0.675	0.153005
0.114325	0.675	0.151793
0.13338	0.675	0.150363
0.152434	0.675	0.148716
0.171488	0.675	0.146854
0.190542	0.675	0.144779
0.209597	0.675	0.142492
0.228651	0.675	0.139996
0.247705	0.675	0.137292
0.266759	0.675	0.134385
0.285814	0.675	0.131275
0.304868	0.675	0.127967
0.323922	0.675	0.124463
0.342976	0.675	0.120766
0.362031	0.675	0.116881
0.381085	0.675	0.112811
0.400139	0.675	0.10856
0.419193	0.675	0.104132
0.438247	0.675	0.0995316
0.457302	0.675	0.0947632
0.476356	0.675	0.0898315
0.49541	0.675	0.0847416
0.514464	0.675	0.0794985
0.533519	0.675	0.0741075
0.552573	0.675	0.068574
0.571627	0.675	0.0629036
0.590681	0.675	0.057102
0.609736	0.675	0.0511753
0.62879	0.675	0.0451294
0.647844	0.675	0.0389704
0.666898	0.675	0.0327047
0.685953	0.675	0.0263386
0.705007	0.675	0.0198785
0.724061	0.675	0.0133311
0.743115	0.675	0.00670269
0.76217	0.675	0
0	0.7	0.159289
0.0196211	0.7	0.159174
0.0392421	0.7	0.15883
0.0588632	0.7	0.158256
0.0784843	0.7	0.157453
0.0981053	0.7	0.156422
0.117726	0.7	0.155165
0.137347	0.7	0.153681
0.156969	0.7	0.151973
0.17659	0.7	0.150043
0.196211	0.7	0.147891
0.215832	0.7	0.145522
0.235453	0.7	0.142936
0.255074	0.7	0.140138
0.274695	0.7	0.137128
0.294316	0.7	0.133912
0.313937	0.7	0.130491
0.333558	0.7	0.12687
0.353179	0.7	0.123053
0.3728	0.7	0.119043
0.392421	0.7	0.114845
0.412042	0.7	0.110464
0.431663	0.7	0.105904
0.451284	0.7	0.10117
0.470906	0.7	0.0962681
0.490527	0.7	0.0912029
0.510148	0.7	0.0859803
0.529769	0.7	0.0806064
0.54939	0.7	0.075087
0.569011	0.7	0.0694287
0.588632	0.7	0.0636379
0.608253	0.7	0.0577213
0.627874	0.7	0.0516858
0.647495	0.7	0.0455385
0.667116	0.7	0.0392866
0.686737	0.7	0.0329375
0.706358	0.7	0.0264987
0.725979	0.7	0.0199778
0.7456	0.7	0.0133825
0.765221	0.7	0.00672066
0.784843	0.7	0
0	0.725	0.162559
0.0201879	0.725	0.16244
0.0403758	0.725	0.162082
0.0605637	0.725	0.161487
0.0807515	0.725	0.160654
0.100939	0.725	0.159585
0.121127	0.725	0.158281
0.141315	0.725	0.156743
0.161503	0.725	0.154972
0.181691	0.725	0.152972
0.201879	0.725	0.150744
0.222067	0.725	0.14829
0.242255	0.725	0.145614
0.262443	0.725	0.142717
0.28263	0.725	0.139605
0.302818	0.725	0.13628
0.323006	0.725	0.132746
0.343194	0.725	0.129007
0.363382	0.725	0.125068
0.38357	0.725	0.120934
0.403758	0.725	0.116608
0.423946	0.725	0.112097
0.444133	0.725	0.107406
0.464321	0.725	0.102541
0.484509	0.725	0.0975074
0.504697	0.725	0.092312
0.524885	0.725	0.0869611
0.545073	0.725	0.0814617
0.565261	0.725	0.0758208
0.585449	0.725	0.0700457
0.605637	0.725	0.0641441
0.625824	0.725	0.0581238
0.646012	0.725	0.0519929
0.6662	0.725	0.0457596
0.686388	0.725	0.0394325
0.706576	0.725	0.0330203
0.726764	0.725	0.026532
0.746952	0.725	0.0199765
0.76714	0.725	0.0133632
0.787328	0.725	0.00670124
0.807515	0.725	0
0	0.75	0.16557
0.0207547	0.75	0.165446
0.0415094	0.75	0.165075
0.0622641	0.75	0.164458
0.0830188	0.75	0.163594
0.103774	0.75	0.162486
0.124528	0.75	0.161134
0.145283	0.75	0.15954
0.166038	0.75	0.157705
0.186792	0.75	0.155633
0.207547	0.75	0.153326
0.228302	0.75	0.150786
0.249057	0.75	0.148016
0.269811	0.75	0.145021
0.290566	0.75	0.141803
0.311321	0.75	0.138368
0.332075	0.75	0.134719
0.35283	0.75	0.130861
0.373585	0.75	0.126798
0.394339	0.75	0.122538
0.415094	0.75	0.118084
0.435849	0.75	0.113443
0.456604	0.75	0.108621
0.477358	0.75	0.103626
0.498113	0.75	0.0984626
0.518868	0.75	0.0931397
0.539622	0.75	0.0876644
0.560377	0.75	0.0820446
0.581132	0.75	0.0762885
0.601887	0.75	0.0704047
0.622641	0.75	0.064402
0.643396	0.75	0.0582895
0.664151	0.75	0.0520769
0.684905	0.75	0.0457738
0.70566	0.75	0.0393903
0.726415	0.75	0.0329369
0.74717	0.75	0.0264242
0.767924	0.75	0.019863
0.788679	0.75	0.0132645
0.809434	0.75	0.0066397
0.830188	0.75	0
0	0.775	0.168314
0.0213215	0.775	0.168186
0.0426431	0.775	0.167802
0.0639646	0.775	0.167162
0.0852861	0.775	0.166266
0.106608	0.775	0.165117
0.127929	0.775	0.163716
0.149251	0.775	0.162063
0.170572	0.775	0.160163
0.191894	0.775	0.158017
0.213215	0.775	0.155628
0.234537	0.775	0.152999
0.255858	0.775	0.150134
0.27718	0.775	0.147037
0.298501	0.775	0.143711
0.319823	0.775	0.140163
0.341145	0.775	0.136396
0.362466	0.775	0.132415
0.383788	0.775	0.128228
0.405109	0.775	0.123839
0.426431	0.775	0.119256
0.447752	0.775	0.114484
0.469074	0.775	0.109531
0.490395	0.775	0.104405
0.511717	0.775	0.0991142
0.533038	0.775	0.0936659
0.55436	0.775	0.0880694
0.575681	0.775	0.0823337
0.597003	0.775	0.0764684
0.618324	0.775	0.0704835
0.639646	0.775	0.0643891
0.660968	0.775	0.0581963
0.682289	0.775	0.051916
0.703611	0.775	0.0455599
0.724932	0.775	0.0391401
0.746254	0.775	0.0326688
0.767575	0.775	0.026159
0.788897	0.775	0.0196236
0.810218	0.775	0.0130762
0.83154	0.775	0.00653042
0.852861	0.775	0
0	0.8	0.170787
0.0218884	0.8	0.170654
0.0437767	0.8	0.170255
0.0656651	0.8	0.169591
0.0875534	0.8	0.168663
0.109442	0.8	0.167472
0.13133	0.8	0.166019
0.153219	0.8	0.164307
0.175107	0.8	0.162338
0.196995	0.8	0.160115
0.218884	0.8	0.157641
0.240772	0.8	0.15492
0.26266	0.8	0.151956
0.284549	0.8	0.148753
0.306437	0.8	0.145317
0.328325	0.8	0.141652
0.350214	0.8	0.137763
0.372102	0.8	0.133658
0.39399	0.8	0.129342
0.415879	0.8	0.124822
0.437767	0.8	0.120107
0.459656	0.8	0.115202
0.481544	0.8	0.110117
0.503432	0.8	0.104861
0.525321	0.8	0.0994414
0.547209	0.8	0.0938691
0.569097	0.8	0.0881538
0.590986	0.8	0.082306
0.612874	0.8	0.0763369
0.634762	0.8	0.0702579
0.656651	0.8	0.0640812
0.678539	0.8	0.0578195
0.700427	0.8	0.0514859
0.722316	0.8	0.0450943
0.744204	0.8	0.0386589
0.766093	0.8	0.0321947
0.787981	0.8	0.0257172
0.809869	0.8	0.0192423
0.831758	0.8	0.0127865
0.853646	0.8	0.00636666
0.875534	0.8	0
0	0.825	0.172982
0.0224552	0.825	0.172844
0.0449104	0.825	0.172431
0.0673655	0.825	0.171742
0.0898207	0.825	0.170779
0.112276	0.825	0.169543
0.134731	0.825	0.168037
0.157186	0.825	0.166262
0.179641	0.825	0.164221
0.202097	0.825	0.161918
0.224552	0.825	0.159356
0.247007	0.825	0.15654
0.269462	0.825	0.153473
0.291917	0.825	0.15016
0.314373	0.825	0.146608
0.336828	0.825	0.142822
0.359283	0.825	0.138808
0.381738	0.825	0.134573
0.404193	0.825	0.130125
0.426648	0.825	0.125471
0.449104	0.825	0.12062
0.471559	0.825	0.115579
0.494014	0.825	0.11036
0.516469	0.825	0.104971
0.538924	0.825	0.0994226
0.56138	0.825	0.0937264
0.583835	0.825	0.0878936
0.60629	0.825	0.0819366
0.628745	0.825	0.0758681
0.6512	0.825	0.0697015
0.673655	0.825	0.0634512
0.696111	0.825	0.0571319
0.718566	0.825	0.0507593
0.741021	0.825	0.0443498
0.763476	0.825	0.0379206
0.785931	0.825	0.0314898
0.808387	0.825	0.0250763
0.830842	0.825	0.0186997
0.853297	0.825	0.0123806
0.875752	0.825	0.00614009
0.898207	0.825	0
0	0.85	0.174894
0.023022	0.85	0.174751
0.046044	0.85	0.174322
0.069066	0.85	0.173607
0.092088	0.85	0.172608
0.11511	0.85	0.171326
0.138132	0.85	0.169763
0.161154	0.85	0.167923
0.184176	0.85	0.165807
0.207198	0.85	0.16342
0.23022	0.85	0.160766
0.253242	0.85	0.157849
0.276264	0.85	0.154674
0.299286	0.85	0.151247
0.322308	0.85	0.147574
0.34533	0.85	0.143662
0.368352	0.85	0.139517
0.391374	0.85	0.135148
0.414396	0.85	0.130562
0.437418	0.85	0.125768
0.46044	0.85	0.120776
0.483462	0.85	0.115596
0.506484	0.85	0.110238
0.529506	0.85	0.104714
0.552528	0.85	0.0990346
0.57555	0.85	0.0932133
0.598572	0.85	0.0872633
0.621594	0.85	0.0811986
0.644616	0.85	0.075034
0.667638	0.85	0.0687852
0.69066	0.85	0.0624689
0.713682	0.85	0.0561026
0.736704	0.85	0.0497048
0.759726	0.85	0.0432952
0.782748	0.85	0.0368945
0.80577	0.85	0.0305248
0.828792	0.85	0.0242093
0.851814	0.85	0.0179725
0.874836	0.85	0.0118404
0.897858	0.85	0.00584016
0.92088	0.85	0
0	0.875	0.17652
0.0235888	0.875	0.176371
0.0471777	0.875	0.175925
0.0707665	0.875	0.175183
0.0943553	0.875	0.174145
0.117944	0.875	0.172815
0.141533	0.875	0.171193
0.165122	0.875	0.169283
0.188711	0.875	0.167088
0.212299	0.875	0.164613
0.235888	0.875	0.161861
0.259477	0.875	0.158839
0.283066	0.875	0.155551
0.306655	0.875	0.152003
0.330244	0.875	0.148203
0.353832	0.875	0.144159
0.377421	0.875	0.139876
0.40101	0.875	0.135366
0.424599	0.875	0.130636
0.448188	0.875	0.125697
0.471777	0.875	0.120559
0.495365	0.875	0.115233
0.518954	0.875	0.109731
0.542543	0.875	0.104067
0.566132	0.875	0.0982529
0.589721	0.875	0.092304
0.61331	0.875	0.0862352
0.636898	0.875	0.0800628
0.660487	0.875	0.073804
0.684076	0.875	0.0674769
0.707665	0.875	0.0611011
0.731254	0.875	0.0546971
0.754843	0.875	0.0482871
0.778431	0.875	0.0418946
0.80202	0.875	0.0355448
0.825609	0.875	0.0292647
0.849198	0.875	0.0230832
0.872787	0.875	0.0170314
0.896375	0.875	0.0111428
0.919964	0.875	0.00545309
0.943553	0.875	0
0	0.9	0.177854
0.0241557	0.9	0.1777
0.0483113	0.9	0.177237
0.072467	0.9	0.176465
0.0966226	0.9	0.175387
0.120778	0.9	0.174005
0.144934	0.9	0.17232
0.16909	0.9	0.170337
0.193245	0.9	0.168058
0.217401	0.9	0.16549
0.241557	0.9	0.162635
0.265712	0.9	0.159501
0.289868	0.9	0.156093
0.314023	0.9	0.152418
0.338179	0.9	0.148484
0.362335	0.9	0.1443
0.38649	0.9	0.139873
0.410646	0.9	0.135213
0.434802	0.9	0.130332
0.458957	0.9	0.125239
0.483113	0.9	0.119947
0.507269	0.9	0.114468
0.531424	0.9	0.108816
0.55558	0.9	0.103006
0.579736	0.9	0.0970518
0.603891	0.9	0.0909707
0.628047	0.9	0.0847798
0.652203	0.9	0.0784978
0.676358	0.9	0.0721444
0.700514	0.9	0.065741
0.72467	0.9	0.0593101
0.748825	0.9	0.0528761
0.772981	0.9	0.0464653
0.797137	0.9	0.040106
0.821292	0.9	0.0338287
0.845448	0.9	0.0276669
0.869603	0.9	0.021657
0.893759	0.9	0.015839
0.917915	0.9	0.0102573
0.94207	0.9	0.00496019
0.966226	0.9	0
0	0.925	0.178896
0.0247225	0.925	0.178735
0.049445	0.925	0.178253
0.0741674	0.925	0.177451
0.0988899	0.925	0.17633
0.123612	0.925	0.174892
0.148335	0.925	0.173141
0.173057	0.925	0.17108
0.19778	0.925	0.168712
0.222502	0.925	0.166044
0.247225	0.925	0.163081
0.271947	0.925	0.159828
0.29667	0.925	0.156292
0.321392	0.925	0.152482
0.346115	0.925	0.148406
0.370837	0.925	0.144073
0.39556	0.925	0.139492
0.420282	0.925	0.134675
0.445005	0.925	0.129632
0.469727	0.925	0.124377
0.49445	0.925	0.118922
0.519172	0.925	0.113281
0.543894	0.925	0.107471
0.568617	0.925	0.101506
0.593339	0.925	0.0954039
0.618062	0.925	0.0891838
0.642784	0.925	0.0828651
0.667507	0.925	0.0764691
0.692229	0.925	0.0700186
0.716952	0.925	0.0635381
0.741674	0.925	0.057054
0.766397	0.925	0.050595
0.791119	0.925	0.0441921
0.815842	0.925	0.0378795
0.840564	0.925	0.0316944
0.865287	0.925	0.0256784
0.890009	0.925	0.019878
0.914732	0.925	0.0143458
0.939454	0.925	0.00914197
0.964177	0.925	0.00433509
0.988899	0.925	0
0	0.95	0.179641
0.0252893	0.95	0.179474
0.0505786	0.95	0.178972
0.0758679	0.95	0.178137
0.101157	0.95	0.17697
0.126446	0.95	0.175474
0.151736	0.95	0.173652
0.177025	0.95	0.171507
0.202314	0.95	0.169045
0.227604	0.95	0.166271
0.252893	0.95	0.163191
0.278182	0.95	0.159811
0.303472	0.95	0.15614
0.328761	0.95	0.152186
0.35405	0.95	0.147958
0.379339	0.95	0.143466
0.404629	0.95	0.138721
0.429918	0.95	0.133736
0.455207	0.95	0.128521
0.480497	0.95	0.123092
0.505786	0.95	0.117463
0.531075	0.95	0.11165
0.556365	0.95	0.105669
0.581654	0.95	0.0995397
0.606943	0.95	0.0932802
0.632232	0.95	0.0869119
0.657522	0.95	0.080457
0.682811	0.95	0.0739398
0.7081	0.95	0.0673862
0.73339	0.95	0.0608246
0.758679	0.95	0.0542855
0.783968	0.95	0.0478025
0.809258	0.95	0.0414124
0.834547	0.95	0.0351558
0.859836	0.95	0.0290785
0.885125	0.95	0.0232322
0.910415	0.95	0.0176768
0.935704	0.95	0.0124835
0.960993	0.95	0.00773734
0.986283	0.95	0.00353939
1.01157	0.95	0
0	0.975	0.180089
0.0258561	0.975	0.179914
0.0517122	0.975	0.179392
0.0775684	0.975	0.178521
0.103424	0.975	0.177305
0.129281	0.975	0.175747
0.155137	0.975	0.173848
0.180993	0.975	0.171615
0.206849	0.975	0.169052
0.232705	0.975	0.166164
0.258561	0.975	0.16296
0.284417	0.975	0.159445
0.310273	0.975	0.155629
0.33613	0.975	0.15152
0.361986	0.975	0.147129
0.387842	0.975	0.142468
0.413698	0.975	0.137547
0.439554	0.975	0.13238
0.46541	0.975	0.126982
0.491266	0.975	0.121366
0.517122	0.975	0.11555
0.542979	0.975	0.109551
0.568835	0.975	0.103388
0.594691	0.975	0.0970805
0.620547	0.975	0.0906506
0.646403	0.975	0.0841216
0.672259	0.975	0.0775189
0.698115	0.975	0.0708695
0.723971	0.975	0.0642032
0.749828	0.975	0.0575521
0.775684	0.975	0.0509515
0.80154	0.975	0.0444402
0.827396	0.975	0.0380614
0.853252	0.975	0.0318635
0.879108	0.975	0.0259016
0.904964	0.975	0.0202405
0.93082	0.975	0.0149587
0.956677	0.975	0.0101548
0.982533	0.975	0.00595531
1.00839	0.975	0.00251626
1.03424	0.975	0
0	1	0.180238
0.0264229	1	0.180056
0.0528459	1	0.179511
0.0792688	1	0.178603
0.105692	1	0.177334
0.132115	1	0.175708
0.158538	1	0.173729
0.184961	1	0.1714
0.211384	1	0.168729
0.237807	1	0.16572
0.264229	1	0.162381
0.290652	1	0.158722
0.317075	1	0.154749
0.343498	1	0.150475
0.369921	1	0.14591
0.396344	1	0.141066
0.422767	1	0.135956
0.44919	1	0.130595
0.475613	1	0.124997
0.502036	1	0.119181
0.528459	1	0.113162
0.554882	1	0.106962
0.581305	1	0.1006
0.607728	1	0.0940991
0.634151	1	0.087483
0.660574	1	0.0807779
0.686997	1	0.0740118
0.71342	1	0.0672152
0.739843	1	0.0604216
0.766265	1	0.0536672
0.792688	1	0.0469922
0.819111	1	0.040441
0.845534	1	0.0340633
0.871957	1	0.0279154
0.89838	1	0.022063
0.924803	1	0.0165861
0.951226	1	0.011589
0.977649	1	0.00721487
1.00407	1	0.00366278
1.03049	1	0.00118436
1.05692	1	0
