0	0	0
0.00375	0	0
0.0075	0	0
0.01125	0	0
0.015	0	0
0.01875	0	0
0.0225	0	0
0.02625	0	0
0.03	0	0
0.03375	0	0
0.0375	0	0
0.04125	0	0
0.045	0	0
0.04875	0	0
0.0525	0	0
0.05625	0	0
0.06	0	0
0.06375	0	0
0.0675	0	0
0.07125	0	0
0.075	0	0
0.07875	0	0
0.0825	0	0
0.08625	0	0
0.09	0	0
0.09375	0	0
0.0975	0	0
0.10125	0	0
0.105	0	0
0.10875	0	0
0.1125	0	0
0.11625	0	0
0.12	0	0
0.12375	0	0
0.1275	0	0
0.13125	0	0
0.135	0	0
0.13875	0	0
0.1425	0	0
0.14625	0	0
0.15	0	0
0	0.0025	0.000241657
0.00459143	0.0025	0.000241655
0.00918286	0.0025	0.000241638
0.0137743	0.0025	0.000241606
0.0183657	0.0025	0.000241562
0.0229572	0.0025	0.000241505
0.0275486	0.0025	0.000241438
0.03214	0.0025	0.000241365
0.0367315	0.0025	0.000241292
0.0413229	0.0025	0.000241227
0.0459143	0.0025	0.000241178
0.0505058	0.0025	0.000241154
0.0550972	0.0025	0.000241159
0.0596886	0.0025	0.000241194
0.06428	0.0025	0.000241253
0.0688715	0.0025	0.00024132
0.0734629	0.0025	0.000241372
0.0780543	0.0025	0.000241376
0.0826458	0.0025	0.000241286
0.0872372	0.0025	0.000241046
0.0918286	0.0025	0.000240591
0.0964201	0.0025	0.000239841
0.101012	0.0025	0.00023871
0.105603	0.0025	0.000237098
0.110194	0.0025	0.000234898
0.114786	0.0025	0.000231993
0.119377	0.0025	0.000228257
0.123969	0.0025	0.000223555
0.12856	0.0025	0.000217746
0.133152	0.0025	0.00021068
0.137743	0.0025	0.000202199
0.142334	0.0025	0.00019214
0.146926	0.0025	0.00018033
0.151517	0.0025	0.000166592
0.156109	0.0025	0.000150739
0.1607	0.0025	0.000132581
0.165292	0.0025	0.000111918
0.169883	0.0025	8.85448e-05
0.174474	0.0025	6.22484e-05
0.179066	0.0025	3.2809e-05
0.183657	0.0025	0
0	0.005	0.000477079
0.00543286	0.005	0.000477071
0.0108657	0.005	0.00047702
0.0162986	0.005	0.000476932
0.0217315	0.005	0.00047681
0.0271643	0.005	0.000476658
0.0325972	0.005	0.000476486
0.03803	0.005	0.000476305
0.0434629	0.005	0.000476131
0.0488958	0.005	0.000475975
0.0543286	0.005	0.000475845
0.0597615	0.005	0.000475731
0.0651944	0.005	0.000475611
0.0706272	0.005	0.000475437
0.0760601	0.005	0.000475141
0.081493	0.005	0.000474629
0.0869258	0.005	0.000473784
0.0923587	0.005	0.000472468
0.0977916	0.005	0.000470523
0.103224	0.005	0.000467777
0.108657	0.005	0.00046405
0.11409	0.005	0.000459152
0.119523	0.005	0.000452893
0.124956	0.005	0.000445089
0.130389	0.005	0.00043556
0.135822	0.005	0.000424141
0.141254	0.005	0.000410684
0.146687	0.005	0.000395063
0.15212	0.005	0.000377174
0.157553	0.005	0.000356946
0.162986	0.005	0.000334341
0.168419	0.005	0.000309355
0.173852	0.005	0.000282027
0.179285	0.005	0.00025244
0.184717	0.005	0.000220726
0.19015	0.005	0.000187065
0.195583	0.005	0.000151695
0.201016	0.005	0.000114912
0.206449	0.005	7.70746e-05
0.211882	0.005	3.86059e-05
0.217315	0.005	0
0	0.0075	0.000706275
0.0062743	0.0075	0.000706253
0.0125486	0.0075	0.000706151
0.0188229	0.0075	0.000705977
0.0250972	0.0075	0.000705738
0.0313715	0.0075	0.000705446
0.0376458	0.0075	0.000705118
0.0439201	0.0075	0.000704771
0.0501944	0.0075	0.000704415
0.0564687	0.0075	0.000704043
0.062743	0.0075	0.000703621
0.0690173	0.0075	0.000703076
0.0752916	0.0075	0.000702297
0.0815658	0.0075	0.00070113
0.0878401	0.0075	0.000699383
0.0941144	0.0075	0.000696834
0.100389	0.0075	0.000693233
0.106663	0.0075	0.000688321
0.112937	0.0075	0.000681832
0.119212	0.0075	0.000673508
0.125486	0.0075	0.000663111
0.13176	0.0075	0.000650426
0.138035	0.0075	0.000635275
0.144309	0.0075	0.00061752
0.150583	0.0075	0.000597068
0.156857	0.0075	0.000573877
0.163132	0.0075	0.000547954
0.169406	0.0075	0.00051936
0.17568	0.0075	0.000488205
0.181955	0.0075	0.000454646
0.188229	0.0075	0.000418884
0.194503	0.0075	0.000381157
0.200777	0.0075	0.000341735
0.207052	0.0075	0.00030091
0.213326	0.0075	0.000258987
0.2196	0.0075	0.000216273
0.225875	0.0075	0.000173062
0.232149	0.0075	0.000129628
0.238423	0.0075	8.62014e-05
0.244698	0.0075	4.29582e-05
0.250972	0.0075	0
0	0.01	0.000929252
0.00711573	0.01	0.000929211
0.0142315	0.01	0.000929034
0.0213472	0.01	0.000928739
0.0284629	0.01	0.000928336
0.0355786	0.01	0.000927844
0.0426944	0.01	0.00092728
0.0498101	0.01	0.00092665
0.0569258	0.01	0.00092593
0.0640416	0.01	0.00092505
0.0711573	0.01	0.000923881
0.078273	0.01	0.000922231
0.0853887	0.01	0.000919849
0.0925045	0.01	0.000916433
0.0996202	0.01	0.000911647
0.106736	0.01	0.000905139
0.113852	0.01	0.000896558
0.120967	0.01	0.000885579
0.128083	0.01	0.00087191
0.135199	0.01	0.000855316
0.142315	0.01	0.000835623
0.14943	0.01	0.000812726
0.156546	0.01	0.000786595
0.163662	0.01	0.000757271
0.170777	0.01	0.000724865
0.177893	0.01	0.000689551
0.185009	0.01	0.000651557
0.192125	0.01	0.000611156
0.19924	0.01	0.000568654
0.206356	0.01	0.000524378
0.213472	0.01	0.000478659
0.220588	0.01	0.00043183
0.227703	0.01	0.000384201
0.234819	0.01	0.000336059
0.241935	0.01	0.000287654
0.24905	0.01	0.000239193
0.256166	0.01	0.000190835
0.263282	0.01	0.000142691
0.270398	0.01	9.48259e-05
0.277513	0.01	4.72637e-05
0.284629	0.01	0
0	0.0125	0.00114602
0.00795716	0.0125	0.00114595
0.0159143	0.0125	0.00114567
0.0238715	0.0125	0.00114521
0.0318286	0.0125	0.00114459
0.0397858	0.0125	0.00114381
0.047743	0.0125	0.00114289
0.0557001	0.0125	0.00114178
0.0636573	0.0125	0.00114038
0.0716144	0.0125	0.00113852
0.0795716	0.0125	0.00113591
0.0875288	0.0125	0.00113221
0.0954859	0.0125	0.00112699
0.103443	0.0125	0.00111982
0.1114	0.0125	0.00111024
0.119357	0.0125	0.00109783
0.127315	0.0125	0.00108222
0.135272	0.0125	0.00106313
0.143229	0.0125	0.00104036
0.151186	0.0125	0.00101381
0.159143	0.0125	0.000983493
0.1671	0.0125	0.000949507
0.175058	0.0125	0.000912047
0.183015	0.0125	0.000871378
0.190972	0.0125	0.000827825
0.198929	0.0125	0.000781754
0.206886	0.0125	0.000733553
0.214843	0.0125	0.000683615
0.2228	0.0125	0.000632324
0.230758	0.0125	0.00058004
0.238715	0.0125	0.000527088
0.246672	0.0125	0.000473748
0.254629	0.0125	0.000420253
0.262586	0.0125	0.000366787
0.270543	0.0125	0.000313485
0.278501	0.0125	0.000260436
0.286458	0.0125	0.000207695
0.294415	0.0125	0.000155283
0.302372	0.0125	0.000103203
0.310329	0.0125	5.14467e-05
0.318286	0.0125	0
0	0.015	0.00135658
0.00879859	0.015	0.00135648
0.0175972	0.015	0.00135607
0.0263958	0.015	0.0013554
0.0351944	0.015	0.00135447
0.043993	0.015	0.00135329
0.0527916	0.015	0.00135183
0.0615901	0.015	0.00134996
0.0703887	0.015	0.00134745
0.0791873	0.015	0.00134396
0.0879859	0.015	0.00133905
0.0967845	0.015	0.00133218
0.105583	0.015	0.00132279
0.114382	0.015	0.00131035
0.12318	0.015	0.00129435
0.131979	0.015	0.00127441
0.140777	0.015	0.00125025
0.149576	0.015	0.00122173
0.158375	0.015	0.00118885
0.167173	0.015	0.00115173
0.175972	0.015	0.00111063
0.18477	0.015	0.00106588
0.193569	0.015	0.00101788
0.202368	0.015	0.000967086
0.211166	0.015	0.000913971
0.219965	0.015	0.000858997
0.228763	0.015	0.000802608
0.237562	0.015	0.000745207
0.246361	0.015	0.000687151
0.255159	0.015	0.000628736
0.263958	0.015	0.000570206
0.272756	0.015	0.000511745
0.281555	0.015	0.000453486
0.290354	0.015	0.00039552
0.299152	0.015	0.000337898
0.307951	0.015	0.000280649
0.316749	0.015	0.000223779
0.325548	0.015	0.000167286
0.334346	0.015	0.000111163
0.343145	0.015	5.54026e-05
0.351944	0.015	0
0	0.0175	0.00156096
0.00964002	0.0175	0.0015608
0.01928	0.0175	0.00156023
0.0289201	0.0175	0.00155928
0.0385601	0.0175	0.00155796
0.0482001	0.0175	0.00155624
0.0578401	0.0175	0.00155399
0.0674802	0.0175	0.00155098
0.0771202	0.0175	0.00154682
0.0867602	0.0175	0.00154096
0.0964002	0.0175	0.00153277
0.10604	0.0175	0.00152159
0.11568	0.0175	0.00150675
0.12532	0.0175	0.00148769
0.13496	0.0175	0.00146398
0.1446	0.0175	0.00143536
0.15424	0.0175	0.00140174
0.16388	0.0175	0.00136321
0.17352	0.0175	0.00132003
0.18316	0.0175	0.00127257
0.1928	0.0175	0.0012213
0.202441	0.0175	0.00116676
0.212081	0.0175	0.0011095
0.221721	0.0175	0.00105009
0.231361	0.0175	0.000989029
0.241001	0.0175	0.000926805
0.250641	0.0175	0.000863825
0.260281	0.0175	0.000800432
0.269921	0.0175	0.0007369
0.279561	0.0175	0.000673437
0.289201	0.0175	0.000610195
0.298841	0.0175	0.000547274
0.308481	0.0175	0.000484739
0.318121	0.0175	0.000422623
0.327761	0.0175	0.000360942
0.337401	0.0175	0.0002997
0.347041	0.0175	0.000238895
0.356681	0.0175	0.000178524
0.366321	0.0175	0.000118584
0.375961	0.0175	5.90754e-05
0.385601	0.0175	0
0	0.02	0.00175914
0.0104815	0.02	0.00175892
0.0209629	0.02	0.00175814
0.0314444	0.02	0.00175686
0.0419258	0.02	0.00175503
0.0524073	0.02	0.00175257
0.0628887	0.02	0.00174926
0.0733702	0.02	0.00174467
0.0838516	0.02	0.00173822
0.0943331	0.02	0.00172918
0.104815	0.02	0.00171676
0.115296	0.02	0.00170017
0.125777	0.02	0.00167876
0.136259	0.02	0.00165203
0.14674	0.02	0.00161972
0.157222	0.02	0.00158178
0.167703	0.02	0.00153838
0.178185	0.02	0.00148987
0.188666	0.02	0.00143677
0.199148	0.02	0.00137967
0.209629	0.02	0.00131923
0.220111	0.02	0.00125609
0.230592	0.02	0.0011909
0.241073	0.02	0.00112421
0.251555	0.02	0.00105653
0.262036	0.02	0.000988286
0.272518	0.02	0.0009198
0.282999	0.02	0.000851332
0.293481	0.02	0.000783069
0.303962	0.02	0.00071514
0.314444	0.02	0.000647628
0.324925	0.02	0.000580583
0.335407	0.02	0.000514032
0.345888	0.02	0.000447985
0.35637	0.02	0.000382447
0.366851	0.02	0.000317419
0.377332	0.02	0.000252902
0.387814	0.02	0.000188897
0.398295	0.02	0.000125408
0.408777	0.02	6.24404e-05
0.419258	0.02	0
0	0.0225	0.00195114
0.0113229	0.0225	0.00195084
0.0226458	0.0225	0.00194982
0.0339687	0.0225	0.00194812
0.0452916	0.0225	0.00194565
0.0566144	0.0225	0.00194225
0.0679373	0.0225	0.00193752
0.0792602	0.0225	0.00193086
0.0905831	0.0225	0.00192148
0.101906	0.0225	0.00190845
0.113229	0.0225	0.00189086
0.124552	0.0225	0.00186793
0.135875	0.0225	0.00183907
0.147198	0.0225	0.00180395
0.15852	0.0225	0.00176255
0.169843	0.0225	0.00171508
0.181166	0.0225	0.00166201
0.192489	0.0225	0.00160395
0.203812	0.0225	0.00154163
0.215135	0.0225	0.00147581
0.226458	0.0225	0.00140725
0.237781	0.0225	0.00133666
0.249104	0.0225	0.00126465
0.260426	0.0225	0.00119177
0.271749	0.0225	0.00111844
0.283072	0.0225	0.00104499
0.294395	0.0225	0.000971683
0.305718	0.0225	0.000898685
0.317041	0.0225	0.000826117
0.328364	0.0225	0.000754053
0.339687	0.0225	0.000682536
0.35101	0.0225	0.000611591
0.362332	0.0225	0.00054123
0.373655	0.0225	0.000471458
0.384978	0.0225	0.000402279
0.396301	0.0225	0.0003337
0.407624	0.0225	0.000265724
0.418947	0.0225	0.000198358
0.43027	0.0225	0.00013161
0.441593	0.0225	6.54882e-05
0.452916	0.0225	0
0	0.025	0.00213697
0.0121643	0.025	0.00213658
0.0243286	0.025	0.00213527
0.036493	0.025	0.00213305
0.0486573	0.025	0.0021298
0.0608216	0.025	0.0021252
0.0729859	0.025	0.00211869
0.0851502	0.025	0.00210944
0.0973146	0.025	0.00209645
0.109479	0.025	0.00207866
0.121643	0.025	0.00205511
0.133808	0.025	0.00202507
0.145972	0.025	0.00198813
0.158136	0.025	0.0019442
0.1703	0.025	0.00189355
0.182465	0.025	0.0018367
0.194629	0.025	0.00177436
0.206793	0.025	0.00170739
0.218958	0.025	0.00163668
0.231122	0.025	0.00156308
0.243286	0.025	0.00148738
0.255451	0.025	0.00141028
0.267615	0.025	0.00133234
0.279779	0.025	0.00125404
0.291944	0.025	0.00117571
0.304108	0.025	0.0010976
0.316272	0.025	0.0010199
0.328437	0.025	0.000942707
0.340601	0.025	0.000866107
0.352765	0.025	0.000790138
0.36493	0.025	0.000714826
0.377094	0.025	0.000640183
0.389258	0.025	0.000566221
0.401423	0.025	0.000492946
0.413587	0.025	0.000420367
0.425751	0.025	0.000348492
0.437916	0.025	0.00027733
0.45008	0.025	0.00020689
0.462244	0.025	0.000137183
0.474408	0.025	6.82164e-05
0.486573	0.025	0
0	0.0275	0.00231664
0.0130058	0.0275	0.00231614
0.0260115	0.0275	0.00231448
0.0390173	0.0275	0.00231166
0.052023	0.0275	0.00230745
0.0650288	0.0275	0.00230139
0.0780345	0.0275	0.00229269
0.0910403	0.0275	0.00228032
0.104046	0.0275	0.00226308
0.117052	0.0275	0.00223983
0.130058	0.0275	0.00220964
0.143063	0.0275	0.00217193
0.156069	0.0275	0.00212652
0.169075	0.0275	0.00207364
0.182081	0.0275	0.00201385
0.195086	0.0275	0.00194796
0.208092	0.0275	0.00187693
0.221098	0.0275	0.00180178
0.234104	0.0275	0.00172348
0.247109	0.0275	0.00164293
0.260115	0.0275	0.00156091
0.273121	0.0275	0.00147805
0.286127	0.0275	0.00139483
0.299132	0.0275	0.00131165
0.312138	0.0275	0.00122876
0.325144	0.0275	0.00114635
0.33815	0.0275	0.00106454
0.351155	0.0275	0.000983402
0.364161	0.0275	0.000902983
0.377167	0.0275	0.000823312
0.390173	0.0275	0.000744405
0.403178	0.0275	0.000666277
0.416184	0.0275	0.000588939
0.42919	0.0275	0.000512402
0.442196	0.0275	0.000436677
0.455201	0.0275	0.000361776
0.468207	0.0275	0.000287709
0.481213	0.0275	0.000214489
0.494219	0.0275	0.000142124
0.507224	0.0275	7.06248e-05
0.52023	0.0275	0
0	0.03	0.00249015
0.0138472	0.03	0.00248952
0.0276944	0.03	0.00248747
0.0415416	0.03	0.00248393
0.0553887	0.03	0.00247858
0.0692359	0.03	0.00247077
0.0830831	0.03	0.00245949
0.0969303	0.03	0.00244347
0.110777	0.03	0.00242139
0.124625	0.03	0.00239208
0.138472	0.03	0.00235471
0.152319	0.03	0.00230894
0.166166	0.03	0.00225489
0.180013	0.03	0.00219311
0.193861	0.03	0.00212446
0.207708	0.03	0.00205001
0.221555	0.03	0.00197092
0.235402	0.03	0.00188829
0.249249	0.03	0.00180315
0.263096	0.03	0.00171636
0.276944	0.03	0.00162866
0.290791	0.03	0.00154059
0.304638	0.03	0.00145257
0.318485	0.03	0.00136489
0.332332	0.03	0.00127776
0.34618	0.03	0.0011913
0.360027	0.03	0.00110561
0.373874	0.03	0.00102072
0.387721	0.03	0.00093668
0.401568	0.03	0.000853506
0.415416	0.03	0.000771217
0.429263	0.03	0.000689828
0.44311	0.03	0.000609352
0.456957	0.03	0.000529804
0.470804	0.03	0.000451198
0.484651	0.03	0.000373546
0.498499	0.03	0.000296861
0.512346	0.03	0.000221153
0.526193	0.03	0.000146435
0.54004	0.03	7.2714e-05
0.553887	0.03	0
0	0.0325	0.00265751
0.0146886	0.0325	0.00265673
0.0293772	0.0325	0.00265422
0.0440658	0.0325	0.00264987
0.0587545	0.0325	0.00264319
0.0734431	0.0325	0.00263333
0.0881317	0.0325	0.00261905
0.10282	0.0325	0.00259889
0.117509	0.0325	0.00257143
0.132198	0.0325	0.00253555
0.146886	0.0325	0.00249062
0.161575	0.0325	0.00243657
0.176263	0.0325	0.00237386
0.190952	0.0325	0.00230337
0.205641	0.0325	0.00222626
0.220329	0.0325	0.0021438
0.235018	0.0325	0.00205725
0.249706	0.0325	0.00196779
0.264395	0.0325	0.00187643
0.279084	0.0325	0.00178398
0.293772	0.0325	0.0016911
0.308461	0.0325	0.00159824
0.32315	0.0325	0.00150576
0.337838	0.0325	0.00141387
0.352527	0.0325	0.00132273
0.367215	0.0325	0.00123244
0.381904	0.0325	0.00114305
0.396593	0.0325	0.00105461
0.411281	0.0325	0.000967147
0.42597	0.0325	0.000880681
0.440658	0.0325	0.00079523
0.455347	0.0325	0.000710813
0.470036	0.0325	0.000627447
0.484724	0.0325	0.000545147
0.499413	0.0325	0.000463927
0.514102	0.0325	0.000383803
0.52879	0.0325	0.000304785
0.543479	0.0325	0.000226886
0.558167	0.0325	0.000150116
0.572856	0.0325	7.44849e-05
0.587545	0.0325	0
0	0.035	0.00281873
0.01553	0.035	0.00281778
0.0310601	0.035	0.00281476
0.0465901	0.035	0.00280946
0.0621202	0.035	0.00280125
0.0776502	0.035	0.00278904
0.0931803	0.035	0.00277137
0.10871	0.035	0.0027466
0.12424	0.035	0.00271328
0.13977	0.035	0.00267044
0.1553	0.035	0.00261767
0.170831	0.035	0.00255527
0.186361	0.035	0.00248402
0.201891	0.035	0.00240513
0.217421	0.035	0.00231999
0.232951	0.035	0.00223004
0.248481	0.035	0.00213662
0.264011	0.035	0.00204089
0.279541	0.035	0.00194382
0.295071	0.035	0.00184617
0.310601	0.035	0.00174848
0.326131	0.035	0.00165116
0.341661	0.035	0.00155448
0.357191	0.035	0.0014586
0.372721	0.035	0.00136366
0.388251	0.035	0.00126972
0.403781	0.035	0.00117684
0.419311	0.035	0.00108504
0.434841	0.035	0.000994356
0.450371	0.035	0.000904814
0.465901	0.035	0.000816431
0.481431	0.035	0.000729227
0.496962	0.035	0.000643221
0.512492	0.035	0.000558429
0.528022	0.035	0.000474867
0.543552	0.035	0.000392548
0.559082	0.035	0.000311485
0.574612	0.035	0.000231689
0.590142	0.035	0.00015317
0.605672	0.035	7.5938e-05
0.621202	0.035	0
0	0.0375	0.00297381
0.0163715	0.0375	0.00297267
0.032743	0.0375	0.00296907
0.0491144	0.0375	0.0029627
0.0654859	0.0375	0.00295276
0.0818574	0.0375	0.00293791
0.0982289	0.0375	0.00291645
0.1146	0.0375	0.00288665
0.130972	0.0375	0.00284708
0.147343	0.0375	0.00279696
0.163715	0.0375	0.00273622
0.180086	0.0375	0.00266547
0.196458	0.0375	0.00258589
0.212829	0.0375	0.00249895
0.229201	0.0375	0.00240624
0.245572	0.0375	0.00230931
0.261944	0.0375	0.00220951
0.278315	0.0375	0.00210799
0.294687	0.0375	0.00200565
0.311058	0.0375	0.00190314
0.32743	0.0375	0.00180096
0.343801	0.0375	0.00169942
0.360173	0.0375	0.00159875
0.376544	0.0375	0.00149909
0.392916	0.0375	0.00140053
0.409287	0.0375	0.00130313
0.425658	0.0375	0.00120694
0.44203	0.0375	0.00111198
0.458401	0.0375	0.00101829
0.474773	0.0375	0.000925896
0.491144	0.0375	0.000834815
0.507516	0.0375	0.000745069
0.523887	0.0375	0.000656676
0.540259	0.0375	0.000569655
0.55663	0.0375	0.00048402
0.573002	0.0375	0.000399785
0.589373	0.0375	0.000316962
0.605745	0.0375	0.000235563
0.622116	0.0375	0.000155598
0.638488	0.0375	7.70739e-05
0.654859	0.0375	0
0	0.04	0.00312276
0.0172129	0.04	0.00312141
0.0344258	0.04	0.00311716
0.0516387	0.04	0.00310961
0.0688516	0.04	0.00309772
0.0860646	0.04	0.00307993
0.103277	0.04	0.00305433
0.12049	0.04	0.00301911
0.137703	0.04	0.00297296
0.154916	0.04	0.00291535
0.172129	0.04	0.00284656
0.189342	0.04	0.00276759
0.206555	0.04	0.00267993
0.223768	0.04	0.00258531
0.240981	0.04	0.00248548
0.258194	0.04	0.00238202
0.275407	0.04	0.00227629
0.29262	0.04	0.00216937
0.309832	0.04	0.00206209
0.327045	0.04	0.00195502
0.344258	0.04	0.00184858
0.361471	0.04	0.00174304
0.378684	0.04	0.00163858
0.395897	0.04	0.00153531
0.41311	0.04	0.00143332
0.430323	0.04	0.00133264
0.447536	0.04	0.00123333
0.464749	0.04	0.00113543
0.481962	0.04	0.00103895
0.499174	0.04	0.000943928
0.516387	0.04	0.000850384
0.5336	0.04	0.00075834
0.550813	0.04	0.000667815
0.568026	0.04	0.000578826
0.585239	0.04	0.000491388
0.602452	0.04	0.000405515
0.619665	0.04	0.000321219
0.636878	0.04	0.000238511
0.654091	0.04	0.000157399
0.671304	0.04	7.78933e-05
0.688516	0.04	0
0	0.0425	0.00326558
0.0180543	0.0425	0.003264
0.0361087	0.0425	0.00325905
0.054163	0.0425	0.00325018
0.0722174	0.0425	0.00323614
0.0902717	0.0425	0.00321512
0.108326	0.0425	0.00318503
0.12638	0.0425	0.00314406
0.144435	0.0425	0.00309107
0.162489	0.0425	0.00302582
0.180543	0.0425	0.002949
0.198598	0.0425	0.00286197
0.216652	0.0425	0.00276652
0.234706	0.0425	0.0026646
0.252761	0.0425	0.00255804
0.270815	0.0425	0.00244846
0.28887	0.0425	0.00233718
0.306924	0.0425	0.0022252
0.324978	0.0425	0.00211326
0.343033	0.0425	0.00200187
0.361087	0.0425	0.00189139
0.379141	0.0425	0.00178204
0.397196	0.0425	0.00167396
0.41525	0.0425	0.00156726
0.433304	0.0425	0.00146201
0.451359	0.0425	0.00135825
0.469413	0.0425	0.00125603
0.487467	0.0425	0.00115538
0.505522	0.0425	0.00105633
0.523576	0.0425	0.000958909
0.54163	0.0425	0.000863139
0.559685	0.0425	0.000769043
0.577739	0.0425	0.00067664
0.595793	0.0425	0.000585945
0.613848	0.0425	0.000496975
0.631902	0.0425	0.000409741
0.649956	0.0425	0.000324257
0.668011	0.0425	0.000240533
0.686065	0.0425	0.000158577
0.704119	0.0425	7.83968e-05
0.722174	0.0425	0
0	0.045	0.00340229
0.0188958	0.045	0.00340045
0.0377916	0.045	0.00339472
0.0566873	0.045	0.00338441
0.0755831	0.045	0.00336802
0.0944789	0.045	0.00334348
0.113375	0.045	0.0033086
0.13227	0.045	0.00326159
0.151166	0.045	0.00320155
0.170062	0.045	0.00312859
0.188958	0.045	0.0030438
0.207854	0.045	0.00294891
0.226749	0.045	0.00284598
0.245645	0.045	0.00273711
0.264541	0.045	0.00262421
0.283437	0.045	0.00250887
0.302332	0.045	0.00239235
0.321228	0.045	0.00227558
0.340124	0.045	0.00215923
0.35902	0.045	0.00204373
0.377916	0.045	0.00192939
0.396811	0.045	0.00181639
0.415707	0.045	0.00170488
0.434603	0.045	0.00159492
0.453499	0.045	0.0014866
0.472394	0.045	0.00137995
0.49129	0.045	0.00127501
0.510186	0.045	0.00117183
0.529082	0.045	0.00107043
0.547978	0.045	0.000970842
0.566873	0.045	0.000873085
0.585769	0.045	0.000777183
0.604665	0.045	0.000683154
0.623561	0.045	0.000591016
0.642456	0.045	0.000500782
0.661352	0.045	0.000412466
0.680248	0.045	0.00032608
0.699144	0.045	0.000241632
0.718039	0.045	0.000159131
0.736935	0.045	7.8585e-05
0.755831	0.045	0
0	0.0475	0.00353289
0.0197372	0.0475	0.00353077
0.0394744	0.0475	0.0035242
0.0592116	0.0475	0.00351231
0.0789488	0.0475	0.00349336
0.098686	0.0475	0.00346505
0.118423	0.0475	0.00342509
0.13816	0.0475	0.00337179
0.157898	0.0475	0.00330454
0.177635	0.0475	0.00322385
0.197372	0.0475	0.00313121
0.217109	0.0475	0.00302868
0.236846	0.0475	0.00291857
0.256584	0.0475	0.0028031
0.276321	0.0475	0.00268418
0.296058	0.0475	0.00256339
0.315795	0.0475	0.00244191
0.335533	0.0475	0.0023206
0.35527	0.0475	0.00220003
0.375007	0.0475	0.0020806
0.394744	0.0475	0.00196258
0.414481	0.0475	0.00184611
0.434219	0.0475	0.00173132
0.453956	0.0475	0.00161829
0.473693	0.0475	0.00150708
0.49343	0.0475	0.00139773
0.513167	0.0475	0.00129029
0.532905	0.0475	0.00118479
0.552642	0.0475	0.00108126
0.572379	0.0475	0.000979731
0.592116	0.0475	0.000880224
0.611853	0.0475	0.000782762
0.631591	0.0475	0.000687362
0.651328	0.0475	0.000594041
0.671065	0.0475	0.000502814
0.690802	0.0475	0.000413692
0.710539	0.0475	0.000326687
0.730277	0.0475	0.000241809
0.750014	0.0475	0.000159063
0.769751	0.0475	7.84587e-05
0.789488	0.0475	0
0	0.05	0.00365738
0.0205786	0.05	0.00365496
0.0411573	0.05	0.00364748
0.0617359	0.05	0.00363389
0.0823146	0.05	0.00361218
0.102893	0.05	0.00357985
0.123472	0.05	0.00353454
0.14405	0.05	0.00347475
0.164629	0.05	0.00340019
0.185208	0.05	0.00331178
0.205786	0.05	0.00321142
0.226365	0.05	0.0031015
0.246944	0.05	0.0029845
0.267522	0.05	0.00286272
0.288101	0.05	0.0027381
0.30868	0.05	0.00261213
0.329258	0.05	0.00248593
0.349837	0.05	0.00236028
0.370416	0.05	0.00223569
0.390994	0.05	0.00211251
0.411573	0.05	0.00199096
0.432151	0.05	0.00187119
0.45273	0.05	0.0017533
0.473309	0.05	0.00163737
0.493887	0.05	0.00152346
0.514466	0.05	0.00141161
0.535045	0.05	0.00130186
0.555623	0.05	0.00119426
0.576202	0.05	0.00108882
0.596781	0.05	0.000985579
0.617359	0.05	0.00088456
0.637938	0.05	0.000785782
0.658516	0.05	0.000689265
0.679095	0.05	0.000595024
0.699674	0.05	0.000503072
0.720252	0.05	0.000413422
0.740831	0.05	0.000326084
0.76141	0.05	0.000241066
0.781988	0.05	0.000158375
0.802567	0.05	7.80184e-05
0.823146	0.05	0
0	0.0525	0.00377577
0.0214201	0.0525	0.00377303
0.0428401	0.0525	0.00376457
0.0642602	0.0525	0.00374915
0.0856803	0.0525	0.00372449
0.1071	0.0525	0.0036879
0.12852	0.0525	0.00363702
0.149941	0.0525	0.00357056
0.171361	0.0525	0.00348861
0.192781	0.0525	0.00339254
0.214201	0.0525	0.00328463
0.235621	0.0525	0.00316754
0.257041	0.0525	0.00304393
0.278461	0.0525	0.00291614
0.299881	0.0525	0.00278607
0.321301	0.0525	0.00265517
0.342721	0.0525	0.00252447
0.364141	0.0525	0.00239466
0.385561	0.0525	0.00226622
0.406981	0.0525	0.00213944
0.428401	0.0525	0.00201453
0.449822	0.0525	0.00189162
0.471242	0.0525	0.00177081
0.492662	0.0525	0.00165216
0.514082	0.0525	0.00153573
0.535502	0.0525	0.00142158
0.556922	0.0525	0.00130973
0.578342	0.0525	0.00120023
0.599762	0.0525	0.00109311
0.621182	0.0525	0.000988389
0.642602	0.0525	0.000886095
0.664022	0.0525	0.000786249
0.685442	0.0525	0.000688868
0.706862	0.0525	0.000593967
0.728282	0.0525	0.00050156
0.749703	0.0525	0.000411658
0.771123	0.0525	0.00032427
0.792543	0.0525	0.000239405
0.813963	0.0525	0.000157068
0.835383	0.0525	7.72649e-05
0.856803	0.0525	0
0	0.055	0.00388807
0.0222615	0.055	0.00388498
0.044523	0.055	0.00387549
0.0667845	0.055	0.0038581
0.089046	0.055	0.00383031
0.111308	0.055	0.00378923
0.133569	0.055	0.00373257
0.155831	0.055	0.00365931
0.178092	0.055	0.00356993
0.200354	0.055	0.00346628
0.222615	0.055	0.00335098
0.244877	0.055	0.00322696
0.267138	0.055	0.003097
0.2894	0.055	0.00296345
0.311661	0.055	0.00282818
0.333923	0.055	0.00269256
0.356184	0.055	0.00255754
0.378446	0.055	0.00242375
0.400707	0.055	0.00229162
0.422969	0.055	0.00216141
0.44523	0.055	0.0020333
0.467492	0.055	0.00190742
0.489753	0.055	0.00178385
0.512015	0.055	0.00166266
0.534276	0.055	0.00154391
0.556538	0.055	0.00142764
0.578799	0.055	0.0013139
0.601061	0.055	0.00120272
0.623322	0.055	0.00109414
0.645584	0.055	0.000988165
0.667845	0.055	0.000884835
0.690107	0.055	0.000784165
0.712368	0.055	0.000686174
0.73463	0.055	0.000590875
0.756891	0.055	0.000498281
0.779153	0.055	0.000408403
0.801414	0.055	0.00032125
0.823676	0.055	0.000236828
0.845937	0.055	0.000155143
0.868199	0.055	7.61989e-05
0.89046	0.055	0
0	0.0575	0.00399427
0.0231029	0.0575	0.00399082
0.0462059	0.0575	0.00398022
0.0693088	0.0575	0.00396076
0.0924117	0.0575	0.00392965
0.115515	0.0575	0.00388388
0.138618	0.0575	0.00382125
0.161721	0.0575	0.00374106
0.184823	0.0575	0.00364426
0.207926	0.0575	0.0035331
0.231029	0.0575	0.0034106
0.254132	0.0575	0.00327987
0.277235	0.0575	0.0031438
0.300338	0.0575	0.00300474
0.323441	0.0575	0.00286449
0.346544	0.0575	0.00272434
0.369647	0.0575	0.00258518
0.39275	0.0575	0.00244757
0.415853	0.0575	0.0023119
0.438956	0.0575	0.00217841
0.462059	0.0575	0.00204726
0.485162	0.0575	0.00191857
0.508265	0.0575	0.00179242
0.531368	0.0575	0.00166887
0.55447	0.0575	0.00154798
0.577573	0.0575	0.00142981
0.600676	0.0575	0.00131438
0.623779	0.0575	0.00120173
0.646882	0.0575	0.0010919
0.669985	0.0575	0.00098491
0.693088	0.0575	0.000880781
0.716191	0.0575	0.000779534
0.739294	0.0575	0.000681186
0.762397	0.0575	0.00058575
0.7855	0.0575	0.000493238
0.808603	0.0575	0.00040366
0.831706	0.0575	0.000317024
0.854809	0.0575	0.000233336
0.877912	0.0575	0.0001526
0.901015	0.0575	7.48208e-05
0.924117	0.0575	0
0	0.06	0.00409439
0.0239444	0.06	0.00409056
0.0478887	0.06	0.00407879
0.0718331	0.06	0.00405713
0.0957775	0.06	0.00402252
0.119722	0.06	0.00397187
0.143666	0.06	0.00390311
0.167611	0.06	0.00381591
0.191555	0.06	0.00371168
0.215499	0.06	0.00359313
0.239444	0.06	0.00346359
0.263388	0.06	0.00332638
0.287332	0.06	0.00318443
0.311277	0.06	0.00304007
0.335221	0.06	0.00289503
0.359166	0.06	0.00275053
0.38311	0.06	0.00260739
0.407054	0.06	0.00246612
0.430999	0.06	0.00232707
0.454943	0.06	0.00219046
0.478887	0.06	0.00205643
0.502832	0.06	0.00192509
0.526776	0.06	0.00179652
0.55072	0.06	0.0016708
0.574665	0.06	0.00154796
0.598609	0.06	0.00142807
0.622554	0.06	0.00131116
0.646498	0.06	0.00119726
0.670442	0.06	0.00108641
0.694387	0.06	0.000978629
0.718331	0.06	0.000873939
0.742275	0.06	0.00077236
0.76622	0.06	0.000673908
0.790164	0.06	0.000578596
0.814109	0.06	0.000486435
0.838053	0.06	0.000397433
0.861997	0.06	0.000311597
0.885942	0.06	0.000228932
0.909886	0.06	0.000149442
0.93383	0.06	7.31312e-05
0.957775	0.06	0
0	0.0625	0.00418843
0.0247858	0.0625	0.00418419
0.0495716	0.0625	0.00417119
0.0743574	0.0625	0.00414722
0.0991432	0.0625	0.00410895
0.123929	0.0625	0.00405323
0.148715	0.0625	0.00397819
0.173501	0.0625	0.0038839
0.198286	0.0625	0.00377228
0.223072	0.0625	0.00364646
0.247858	0.0625	0.00351006
0.272644	0.0625	0.00336657
0.29743	0.0625	0.00321894
0.322215	0.0625	0.00306948
0.347001	0.0625	0.00291984
0.371787	0.0625	0.00277116
0.396573	0.0625	0.0026242
0.421359	0.0625	0.00247942
0.446144	0.0625	0.00233713
0.47093	0.0625	0.00219754
0.495716	0.0625	0.00206078
0.520502	0.0625	0.00192697
0.545288	0.0625	0.00179616
0.570073	0.0625	0.00166844
0.594859	0.0625	0.00154385
0.619645	0.0625	0.00142244
0.644431	0.0625	0.00130426
0.669217	0.0625	0.00118932
0.694002	0.0625	0.00107767
0.718788	0.0625	0.000969326
0.743574	0.0625	0.000864313
0.76836	0.0625	0.000762648
0.793146	0.0625	0.000664345
0.817931	0.0625	0.000569417
0.842717	0.0625	0.000477873
0.867503	0.0625	0.000389722
0.892289	0.0625	0.000304968
0.917075	0.0625	0.000223616
0.94186	0.0625	0.00014567
0.966646	0.0625	7.11303e-05
0.991432	0.0625	0
0	0.065	0.00427639
0.0256272	0.065	0.00427172
0.0512545	0.065	0.00425744
0.0768817	0.065	0.00423104
0.102509	0.065	0.00418895
0.128136	0.065	0.00412799
0.153763	0.065	0.00404654
0.179391	0.065	0.00394512
0.205018	0.065	0.00382614
0.230645	0.065	0.00369316
0.256272	0.065	0.00355008
0.2819	0.065	0.0034005
0.307527	0.065	0.0032474
0.333154	0.065	0.00309302
0.358781	0.065	0.00293895
0.384408	0.065	0.00278624
0.410036	0.065	0.0026356
0.435663	0.065	0.00248745
0.46129	0.065	0.00234208
0.486917	0.065	0.00219967
0.512545	0.065	0.00206035
0.538172	0.065	0.00192421
0.563799	0.065	0.00179135
0.589426	0.065	0.00166181
0.615054	0.065	0.00153565
0.640681	0.065	0.00141292
0.666308	0.065	0.00129366
0.691935	0.065	0.00117791
0.717562	0.065	0.00106568
0.74319	0.065	0.000957005
0.768817	0.065	0.000851906
0.794444	0.065	0.0007504
0.820071	0.065	0.0006525
0.845699	0.065	0.000558216
0.871326	0.065	0.000467557
0.896953	0.065	0.000380531
0.92258	0.065	0.00029714
0.948208	0.065	0.00021739
0.973835	0.065	0.000141282
0.999462	0.065	6.88186e-05
1.02509	0.065	0
0	0.0675	0.00435828
0.0264687	0.0675	0.00435317
0.0529373	0.0675	0.00433754
0.079406	0.0675	0.00430859
0.105875	0.0675	0.00426254
0.132343	0.0675	0.00419617
0.158812	0.0675	0.00410819
0.185281	0.0675	0.00399961
0.211749	0.0675	0.00387332
0.238218	0.0675	0.0037333
0.264687	0.0675	0.0035837
0.291155	0.0675	0.00342822
0.317624	0.0675	0.00326983
0.344093	0.0675	0.00311071
0.370561	0.0675	0.00295236
0.39703	0.0675	0.00279579
0.423499	0.0675	0.00264162
0.449967	0.0675	0.00249024
0.476436	0.0675	0.00234193
0.502905	0.0675	0.00219684
0.529373	0.0675	0.00205511
0.555842	0.0675	0.00191683
0.582311	0.0675	0.00178207
0.608779	0.0675	0.0016509
0.635248	0.0675	0.00152336
0.661717	0.0675	0.00139952
0.688185	0.0675	0.00127939
0.714654	0.0675	0.00116303
0.741123	0.0675	0.00105044
0.767591	0.0675	0.00094167
0.79406	0.0675	0.000836724
0.820529	0.0675	0.000735622
0.846997	0.0675	0.000638376
0.873466	0.0675	0.000544996
0.899935	0.0675	0.000455489
0.926403	0.0675	0.000369861
0.952872	0.0675	0.000288115
0.979341	0.0675	0.000210255
1.00581	0.0675	0.000136281
1.03228	0.0675	6.6196e-05
1.05875	0.0675	0
0	0.07	0.0044341
0.0273101	0.07	0.00442852
0.0546202	0.07	0.00441149
0.0819303	0.07	0.0043799
0.10924	0.07	0.00432972
0.13655	0.07	0.00425781
0.163861	0.07	0.0041632
0.191171	0.07	0.00404741
0.218481	0.07	0.00391388
0.245791	0.07	0.00376695
0.273101	0.07	0.00361099
0.300411	0.07	0.00344979
0.327721	0.07	0.00328628
0.355031	0.07	0.00312258
0.382341	0.07	0.00296011
0.409651	0.07	0.00279981
0.436962	0.07	0.00264224
0.464272	0.07	0.00248779
0.491582	0.07	0.00233667
0.518892	0.07	0.00218907
0.546202	0.07	0.00204508
0.573512	0.07	0.00190482
0.600822	0.07	0.00176834
0.628132	0.07	0.00163572
0.655442	0.07	0.001507
0.682752	0.07	0.00138223
0.710062	0.07	0.00126144
0.737373	0.07	0.00114468
0.764683	0.07	0.00103197
0.791993	0.07	0.000923325
0.819303	0.07	0.00081877
0.846613	0.07	0.000718316
0.873923	0.07	0.000621977
0.901233	0.07	0.00052976
0.928543	0.07	0.00044167
0.955853	0.07	0.000357714
0.983163	0.07	0.000277893
1.01047	0.07	0.00020221
1.03778	0.07	0.000130666
1.06509	0.07	6.32628e-05
1.0924	0.07	0
0	0.0725	0.00450385
0.0281515	0.0725	0.00449779
0.0563031	0.0725	0.00447931
0.0844546	0.0725	0.00444497
0.112606	0.0725	0.00439052
0.140758	0.0725	0.00431291
0.168909	0.0725	0.00421158
0.197061	0.0725	0.00408858
0.225212	0.0725	0.00394786
0.253364	0.0725	0.00379414
0.281515	0.0725	0.00363199
0.309667	0.0725	0.00346523
0.337818	0.0725	0.00329676
0.36597	0.0725	0.00312864
0.394121	0.0725	0.0029622
0.422273	0.0725	0.0027983
0.450424	0.0725	0.00263749
0.478576	0.0725	0.00248009
0.506728	0.0725	0.00232632
0.534879	0.0725	0.00217634
0.563031	0.0725	0.00203027
0.591182	0.0725	0.00188818
0.619334	0.0725	0.00175016
0.647485	0.0725	0.00161627
0.675637	0.0725	0.00148655
0.703788	0.0725	0.00136106
0.73194	0.0725	0.00123982
0.760091	0.0725	0.00112288
0.788243	0.0725	0.00101026
0.816394	0.0725	0.000901976
0.844546	0.0725	0.000798047
0.872697	0.0725	0.000698487
0.900849	0.0725	0.000603305
0.929	0.0725	0.000512509
0.957152	0.0725	0.000426103
0.985303	0.0725	0.000344091
1.01346	0.0725	0.000266475
1.04161	0.0725	0.000193257
1.06976	0.0725	0.000124438
1.09791	0.0725	6.00189e-05
1.12606	0.0725	0
0	0.075	0.00456755
0.028993	0.075	0.00456098
0.0579859	0.075	0.00454101
0.0869789	0.075	0.00450381
0.115972	0.075	0.00444495
0.144965	0.075	0.00436151
0.173958	0.075	0.00425337
0.202951	0.075	0.00412315
0.231944	0.075	0.00397531
0.260937	0.075	0.00381492
0.28993	0.075	0.00364673
0.318923	0.075	0.00347457
0.347916	0.075	0.00330132
0.376908	0.075	0.00312892
0.405901	0.075	0.00295864
0.434894	0.075	0.00279129
0.463887	0.075	0.00262736
0.49288	0.075	0.00246715
0.521873	0.075	0.00231087
0.550866	0.075	0.00215867
0.579859	0.075	0.00201066
0.608852	0.075	0.00186692
0.637845	0.075	0.00172753
0.666838	0.075	0.00159255
0.695831	0.075	0.00146203
0.724824	0.075	0.00133601
0.753817	0.075	0.00121454
0.78281	0.075	0.00109763
0.811803	0.075	0.00098532
0.840796	0.075	0.000877625
0.869789	0.075	0.00077456
0.898782	0.075	0.000676137
0.927775	0.075	0.000582364
0.956768	0.075	0.000493246
0.985761	0.075	0.000408788
1.01475	0.075	0.000328993
1.04375	0.075	0.000253862
1.07274	0.075	0.000183396
1.10173	0.075	0.000117596
1.13073	0.075	5.64644e-05
1.15972	0.075	0
0	0.0775	0.00462518
0.0298344	0.0775	0.0046181
0.0596688	0.0775	0.00459657
0.0895032	0.0775	0.00455642
0.119338	0.0775	0.00449302
0.149172	0.0775	0.00440362
0.179006	0.0775	0.00428859
0.208841	0.0775	0.00415115
0.238675	0.0775	0.00399626
0.26851	0.0775	0.00382933
0.298344	0.0775	0.00365524
0.328178	0.0775	0.00347785
0.358013	0.0775	0.00329995
0.387847	0.0775	0.00312342
0.417681	0.0775	0.00294945
0.447516	0.0775	0.00277877
0.47735	0.0775	0.00261185
0.507185	0.0775	0.00244898
0.537019	0.0775	0.00229033
0.566853	0.0775	0.00213606
0.596688	0.0775	0.00198627
0.626522	0.0775	0.00184105
0.656357	0.0775	0.00170046
0.686191	0.0775	0.00156457
0.716025	0.0775	0.00143344
0.74586	0.0775	0.0013071
0.775694	0.0775	0.00118558
0.805529	0.0775	0.00106893
0.835363	0.0775	0.000957153
0.865197	0.0775	0.000850277
0.895032	0.0775	0.000748312
0.924866	0.0775	0.000651269
0.954701	0.0775	0.000559154
0.984535	0.0775	0.000471972
1.01437	0.0775	0.000389727
1.0442	0.0775	0.00031242
1.07404	0.0775	0.000240052
1.10387	0.0775	0.000172626
1.13371	0.0775	0.000110141
1.16354	0.0775	5.25996e-05
1.19338	0.0775	0
0	0.08	0.00467675
0.0306758	0.08	0.00466915
0.0613516	0.08	0.00464603
0.0920275	0.08	0.00460282
0.122703	0.08	0.00453474
0.153379	0.08	0.00443926
0.184055	0.08	0.00431728
0.214731	0.08	0.00417261
0.245407	0.08	0.00401075
0.276082	0.08	0.0038374
0.306758	0.08	0.00365756
0.337434	0.08	0.00347508
0.36811	0.08	0.00329268
0.398786	0.08	0.00311216
0.429462	0.08	0.00293462
0.460137	0.08	0.00276075
0.490813	0.08	0.00259098
0.521489	0.08	0.00242557
0.552165	0.08	0.0022647
0.582841	0.08	0.00210851
0.613516	0.08	0.0019571
0.644192	0.08	0.00181055
0.674868	0.08	0.00166895
0.705544	0.08	0.00153234
0.73622	0.08	0.00140078
0.766896	0.08	0.00127432
0.797571	0.08	0.00115297
0.828247	0.08	0.00103678
0.858923	0.08	0.000925764
0.889599	0.08	0.000819935
0.920275	0.08	0.000719305
0.950951	0.08	0.000623884
0.981626	0.08	0.000533677
1.0123	0.08	0.000448688
1.04298	0.08	0.000368919
1.07365	0.08	0.000294372
1.10433	0.08	0.000225048
1.13501	0.08	0.000160947
1.16568	0.08	0.000102073
1.19636	0.08	4.84252e-05
1.22703	0.08	0
0	0.0825	0.00472227
0.0315173	0.0825	0.00471412
0.0630345	0.0825	0.00468937
0.0945518	0.0825	0.00464302
0.126069	0.0825	0.00457012
0.157586	0.0825	0.00446845
0.189104	0.0825	0.00433944
0.220621	0.0825	0.00418757
0.252138	0.0825	0.00401881
0.283655	0.0825	0.00383916
0.315173	0.0825	0.0036537
0.34669	0.0825	0.00346628
0.378207	0.0825	0.00327953
0.409724	0.0825	0.00309514
0.441242	0.0825	0.00291417
0.472759	0.0825	0.00273724
0.504276	0.0825	0.00256475
0.535793	0.0825	0.00239694
0.567311	0.0825	0.00223398
0.598828	0.0825	0.00207602
0.630345	0.0825	0.00192315
0.661862	0.0825	0.00177545
0.69338	0.0825	0.001633
0.724897	0.0825	0.00149586
0.756414	0.0825	0.00136407
0.787931	0.0825	0.00123768
0.819449	0.0825	0.00111671
0.850966	0.0825	0.0010012
0.882483	0.0825	0.000891156
0.914	0.0825	0.000786601
0.945518	0.0825	0.000687542
0.977035	0.0825	0.000593985
1.00855	0.0825	0.000505935
1.04007	0.0825	0.000423395
1.07159	0.0825	0.000346366
1.1031	0.0825	0.00027485
1.13462	0.0825	0.000208847
1.16614	0.0825	0.000148361
1.19766	0.0825	9.33932e-05
1.22917	0.0825	4.39424e-05
1.26069	0.0825	0
0	0.085	0.00476174
0.0323587	0.085	0.00475303
0.0647174	0.085	0.0047266
0.0970761	0.085	0.00467701
0.129435	0.085	0.00459918
0.161793	0.085	0.00449118
0.194152	0.085	0.00435509
0.226511	0.085	0.00419603
0.25887	0.085	0.00402045
0.291228	0.085	0.00383462
0.323587	0.085	0.0036437
0.355946	0.085	0.00345148
0.388304	0.085	0.0032605
0.420663	0.085	0.00307239
0.453022	0.085	0.0028881
0.48538	0.085	0.00270823
0.517739	0.085	0.00253315
0.550098	0.085	0.00236307
0.582456	0.085	0.00219818
0.614815	0.085	0.0020386
0.647174	0.085	0.00188442
0.679532	0.085	0.00173574
0.711891	0.085	0.00159262
0.74425	0.085	0.00145512
0.776609	0.085	0.0013233
0.808967	0.085	0.00119718
0.841326	0.085	0.0010768
0.873685	0.085	0.000962174
0.906043	0.085	0.000853331
0.938402	0.085	0.000750279
0.970761	0.085	0.000653024
1.00312	0.085	0.000561573
1.03548	0.085	0.000475928
1.06784	0.085	0.000396092
1.1002	0.085	0.000322066
1.13255	0.085	0.000253852
1.16491	0.085	0.000191452
1.19727	0.085	0.000134869
1.22963	0.085	8.41039e-05
1.26199	0.085	3.91542e-05
1.29435	0.085	0
0	0.0875	0.00479516
0.0332001	0.0875	0.00478588
0.0664002	0.0875	0.00475774
0.0996004	0.0875	0.00470482
0.1328	0.0875	0.00462192
0.166001	0.0875	0.00450749
0.199201	0.0875	0.00436426
0.232401	0.0875	0.00419801
0.265601	0.0875	0.0040157
0.298801	0.0875	0.00382381
0.332001	0.0875	0.00362756
0.365201	0.0875	0.00343067
0.398401	0.0875	0.00323561
0.431602	0.0875	0.00304389
0.464802	0.0875	0.00285642
0.498002	0.0875	0.00267374
0.531202	0.0875	0.00249619
0.564402	0.0875	0.00232399
0.597602	0.0875	0.0021573
0.630802	0.0875	0.00199624
0.664002	0.0875	0.00184092
0.697203	0.0875	0.00169142
0.730403	0.0875	0.00154781
0.763603	0.0875	0.00141015
0.796803	0.0875	0.00127847
0.830003	0.0875	0.00115283
0.863203	0.0875	0.00103323
0.896403	0.0875	0.000919718
0.929603	0.0875	0.000812293
0.962803	0.0875	0.000710969
0.996004	0.0875	0.000615752
1.0292	0.0875	0.000526647
1.0624	0.0875	0.000443656
1.0956	0.0875	0.00036678
1.1288	0.0875	0.000296021
1.162	0.0875	0.000231381
1.1952	0.0875	0.000172864
1.2284	0.0875	0.000120473
1.2616	0.0875	7.42102e-05
1.2948	0.0875	3.40656e-05
1.328	0.0875	0
0	0.09	0.00482252
0.0340416	0.09	0.00481267
0.0680831	0.09	0.00478279
0.102125	0.09	0.00472643
0.136166	0.09	0.00463834
0.170208	0.09	0.00451737
0.204249	0.09	0.00436695
0.238291	0.09	0.00419354
0.272332	0.09	0.00400457
0.306374	0.09	0.00380675
0.340416	0.09	0.0036053
0.374457	0.09	0.00340389
0.408499	0.09	0.00320487
0.44254	0.09	0.00300967
0.476582	0.09	0.00281913
0.510623	0.09	0.00263376
0.544665	0.09	0.00245387
0.578706	0.09	0.00227968
0.612748	0.09	0.00211133
0.646789	0.09	0.00194896
0.680831	0.09	0.00179266
0.714873	0.09	0.00164251
0.748914	0.09	0.00149858
0.782956	0.09	0.00136093
0.816997	0.09	0.0012296
0.851039	0.09	0.00110463
0.88508	0.09	0.00098603
0.919122	0.09	0.000873831
0.953163	0.09	0.000768043
0.987205	0.09	0.000668674
1.02125	0.09	0.000575729
1.05529	0.09	0.00048921
1.08933	0.09	0.000409119
1.12337	0.09	0.000335459
1.15741	0.09	0.00026823
1.19145	0.09	0.000207438
1.2255	0.09	0.000153086
1.25954	0.09	0.000105181
1.29358	0.09	6.3721e-05
1.32762	0.09	2.86862e-05
1.36166	0.09	0
0	0.0925	0.00484384
0.034883	0.0925	0.0048334
0.069766	0.0925	0.00480174
0.104649	0.0925	0.00474187
0.139532	0.0925	0.00464845
0.174415	0.0925	0.00452082
0.209298	0.0925	0.00436316
0.244181	0.0925	0.00418263
0.279064	0.0925	0.00398709
0.313947	0.0925	0.00378345
0.34883	0.0925	0.00357694
0.383713	0.0925	0.00337114
0.418596	0.0925	0.00316828
0.453479	0.0925	0.00296972
0.488362	0.0925	0.00277624
0.523245	0.0925	0.0025883
0.558128	0.0925	0.00240621
0.593011	0.0925	0.00223015
0.627894	0.0925	0.00206029
0.662777	0.0925	0.00189675
0.69766	0.0925	0.00173963
0.732543	0.0925	0.001589
0.767426	0.0925	0.00144493
0.802309	0.0925	0.00130748
0.837192	0.0925	0.00117669
0.872075	0.0925	0.00105258
0.906958	0.0925	0.000935185
0.941841	0.0925	0.000824516
0.976724	0.0925	0.000720583
1.01161	0.0925	0.000623394
1.04649	0.0925	0.000532953
1.08137	0.0925	0.00044926
1.11626	0.0925	0.000372318
1.15114	0.0925	0.000302129
1.18602	0.0925	0.000238696
1.2209	0.0925	0.000182026
1.25579	0.0925	0.000132126
1.29067	0.0925	8.90032e-05
1.32555	0.0925	5.26525e-05
1.36044	0.0925	2.30319e-05
1.39532	0.0925	0
0	0.095	0.00485912
0.0357244	0.095	0.00484807
0.0714488	0.095	0.00481461
0.107173	0.095	0.00475113
0.142898	0.095	0.00465226
0.178622	0.095	0.00451787
0.214346	0.095	0.00435292
0.250071	0.095	0.00416529
0.285795	0.095	0.00396327
0.32152	0.095	0.00375393
0.357244	0.095	0.00354249
0.392969	0.095	0.00333242
0.428693	0.095	0.00312586
0.464417	0.095	0.00292405
0.500142	0.095	0.00272775
0.535866	0.095	0.00253736
0.571591	0.095	0.00235318
0.607315	0.095	0.00217541
0.643039	0.095	0.00200418
0.678764	0.095	0.00183963
0.714488	0.095	0.00168184
0.750213	0.095	0.0015309
0.785937	0.095	0.00138687
0.821662	0.095	0.0012498
0.857386	0.095	0.00111973
0.89311	0.095	0.000996693
0.928835	0.095	0.000880702
0.964559	0.095	0.000771773
1.00028	0.095	0.000669914
1.03601	0.095	0.000575131
1.07173	0.095	0.000487425
1.10746	0.095	0.000406799
1.14318	0.095	0.000333253
1.17891	0.095	0.000266792
1.21463	0.095	0.000207423
1.25035	0.095	0.000155154
1.28608	0.095	0.000109997
1.3218	0.095	7.1961e-05
1.35753	0.095	4.10321e-05
1.39325	0.095	1.71299e-05
1.42898	0.095	0
0	0.0975	0.00486835
0.0365658	0.0975	0.00485669
0.0731317	0.0975	0.00482141
0.109698	0.0975	0.00475422
0.146263	0.0975	0.00464977
0.182829	0.0975	0.0045085
0.219395	0.0975	0.00433623
0.255961	0.0975	0.00414153
0.292527	0.0975	0.00393312
0.329093	0.0975	0.00371821
0.365658	0.0975	0.00350197
0.402224	0.0975	0.00328776
0.43879	0.0975	0.0030776
0.475356	0.0975	0.00287268
0.511922	0.0975	0.00267365
0.548488	0.0975	0.00248095
0.585054	0.0975	0.00229481
0.621619	0.0975	0.00211545
0.658185	0.0975	0.001943
0.694751	0.0975	0.00177758
0.731317	0.0975	0.00161929
0.767883	0.0975	0.00146821
0.804449	0.0975	0.00132439
0.841015	0.0975	0.00118789
0.87758	0.0975	0.00105874
0.914146	0.0975	0.000936966
0.950712	0.0975	0.000822584
0.987278	0.0975	0.000715606
1.02384	0.0975	0.000616038
1.06041	0.0975	0.000523884
1.09698	0.0975	0.000439146
1.13354	0.0975	0.000361826
1.17011	0.0975	0.000291926
1.20667	0.0975	0.000229453
1.24324	0.0975	0.000174417
1.2798	0.0975	0.000126834
1.31637	0.0975	8.67217e-05
1.35294	0.0975	5.4089e-05
1.3895	0.0975	2.89056e-05
1.42607	0.0975	1.10246e-05
1.46263	0.0975	0
0	0.1	0.00487153
0.0374073	0.1	0.00485926
0.0748146	0.1	0.00482212
0.112222	0.1	0.00475115
0.149629	0.1	0.00464098
0.187036	0.1	0.00449273
0.224444	0.1	0.00431308
0.261851	0.1	0.00411136
0.299258	0.1	0.00389666
0.336666	0.1	0.0036763
0.374073	0.1	0.00345538
0.41148	0.1	0.00323715
0.448887	0.1	0.00302352
0.486295	0.1	0.00281559
0.523702	0.1	0.00261397
0.561109	0.1	0.00241905
0.598516	0.1	0.0022311
0.635924	0.1	0.00205028
0.673331	0.1	0.00187675
0.710738	0.1	0.00171062
0.748146	0.1	0.00155199
0.785553	0.1	0.00140094
0.82296	0.1	0.00125751
0.860367	0.1	0.00112176
0.897775	0.1	0.000993716
0.935182	0.1	0.000873401
0.972589	0.1	0.000760831
1.01	0.1	0.000656014
1.0474	0.1	0.000558954
1.08481	0.1	0.000469654
1.12222	0.1	0.000388117
1.15963	0.1	0.000314343
1.19703	0.1	0.00024834
1.23444	0.1	0.000190118
1.27185	0.1	0.000139694
1.30925	0.1	9.7092e-05
1.34666	0.1	6.23393e-05
1.38407	0.1	3.54445e-05
1.42148	0.1	1.63476e-05
1.45888	0.1	4.78866e-06
1.49629	0.1	0
