0	0	0
0.00875	0	0
0.0175	0	0
0.02625	0	0
0.035	0	0
0.04375	0	0
0.0525	0	0
0.06125	0	0
0.07	0	0
0.07875	0	0
0.0875	0	0
0.09625	0	0
0.105	0	0
0.11375	0	0
0.1225	0	0
0.13125	0	0
0.14	0	0
0.14875	0	0
0.1575	0	0
0.16625	0	0
0.175	0	0
0.18375	0	0
0.1925	0	0
0.20125	0	0
0.21	0	0
0.21875	0	0
0.2275	0	0
0.23625	0	0
0.245	0	0
0.25375	0	0
0.2625	0	0
0.27125	0	0
0.28	0	0
0.28875	0	0
0.2975	0	0
0.30625	0	0
0.315	0	0
0.32375	0	0
0.3325	0	0
0.34125	0	0
0.35	0	0
0	0.025	0.0107771
0.00910493	0.025	0.010774
0.0182099	0.025	0.0107647
0.0273148	0.025	0.0107492
0.0364197	0.025	0.0107275
0.0455247	0.025	0.0106994
0.0546296	0.025	0.010665
0.0637345	0.025	0.010624
0.0728395	0.025	0.0105765
0.0819444	0.025	0.0105222
0.0910493	0.025	0.0104609
0.100154	0.025	0.0103926
0.109259	0.025	0.010317
0.118364	0.025	0.0102337
0.127469	0.025	0.0101427
0.136574	0.025	0.0100434
0.145679	0.025	0.00993562
0.154784	0.025	0.00981888
0.163889	0.025	0.0096927
0.172994	0.025	0.00955656
0.182099	0.025	0.00940983
0.191204	0.025	0.00925179
0.200308	0.025	0.00908162
0.209413	0.025	0.00889835
0.218518	0.025	0.00870087
0.227623	0.025	0.00848784
0.236728	0.025	0.00825767
0.245833	0.025	0.00800845
0.254938	0.025	0.00773785
0.264043	0.025	0.00744299
0.273148	0.025	0.00712028
0.282253	0.025	0.00676515
0.291358	0.025	0.00637172
0.300463	0.025	0.0059323
0.309568	0.025	0.00543669
0.318673	0.025	0.00487109
0.327778	0.025	0.00421669
0.336882	0.025	0.00344737
0.345987	0.025	0.00252649
0.355092	0.025	0.00140214
0.364197	0.025	0
0	0.05	0.0209758
0.00945986	0.05	0.0209692
0.0189197	0.05	0.0209494
0.0283796	0.05	0.0209163
0.0378395	0.05	0.0208698
0.0472993	0.05	0.0208098
0.0567592	0.05	0.0207361
0.066219	0.05	0.0206485
0.0756789	0.05	0.0205468
0.0851388	0.05	0.0204305
0.0945986	0.05	0.0202994
0.104058	0.05	0.0201531
0.113518	0.05	0.0199909
0.122978	0.05	0.0198124
0.132438	0.05	0.019617
0.141898	0.05	0.0194038
0.151358	0.05	0.0191722
0.160818	0.05	0.0189211
0.170278	0.05	0.0186495
0.179737	0.05	0.0183561
0.189197	0.05	0.0180397
0.198657	0.05	0.0176985
0.208117	0.05	0.0173307
0.217577	0.05	0.0169342
0.227037	0.05	0.0165065
0.236497	0.05	0.0160447
0.245956	0.05	0.0155453
0.255416	0.05	0.0150043
0.264876	0.05	0.014417
0.274336	0.05	0.0137774
0.283796	0.05	0.0130788
0.293256	0.05	0.0123127
0.302716	0.05	0.0114691
0.312175	0.05	0.010536
0.321635	0.05	0.0094989
0.331095	0.05	0.00834074
0.340555	0.05	0.00704176
0.350015	0.05	0.00557986
0.359475	0.05	0.00393189
0.368935	0.05	0.00207652
0.378395	0.05	0
0	0.075	0.0306418
0.0098148	0.075	0.0306313
0.0196296	0.075	0.0305998
0.0294444	0.075	0.0305473
0.0392592	0.075	0.0304735
0.049074	0.075	0.0303782
0.0588888	0.075	0.0302612
0.0687036	0.075	0.0301221
0.0785184	0.075	0.0299604
0.0883332	0.075	0.0297757
0.098148	0.075	0.0295674
0.107963	0.075	0.0293347
0.117778	0.075	0.0290768
0.127592	0.075	0.028793
0.137407	0.075	0.0284821
0.147222	0.075	0.028143
0.157037	0.075	0.0277743
0.166852	0.075	0.0273746
0.176666	0.075	0.0269422
0.186481	0.075	0.0264751
0.196296	0.075	0.0259712
0.206111	0.075	0.0254279
0.215925	0.075	0.0248425
0.22574	0.075	0.0242116
0.235555	0.075	0.0235316
0.24537	0.075	0.0227982
0.255185	0.075	0.0220065
0.264999	0.075	0.0211509
0.274814	0.075	0.0202249
0.284629	0.075	0.0192212
0.294444	0.075	0.0181314
0.304259	0.075	0.0169458
0.314073	0.075	0.0156538
0.323888	0.075	0.0142435
0.333703	0.075	0.0127022
0.343518	0.075	0.0110164
0.353333	0.075	0.00917267
0.363147	0.075	0.00715823
0.372962	0.075	0.00496239
0.382777	0.075	0.00257754
0.392592	0.075	0
0	0.1	0.0398189
0.0101697	0.1	0.0398043
0.0203395	0.1	0.0397602
0.0305092	0.1	0.0396867
0.0406789	0.1	0.0395835
0.0508486	0.1	0.0394502
0.0610184	0.1	0.0392865
0.0711881	0.1	0.0390919
0.0813578	0.1	0.0388657
0.0915275	0.1	0.0386073
0.101697	0.1	0.0383158
0.111867	0.1	0.0379903
0.122037	0.1	0.0376297
0.132206	0.1	0.0372327
0.142376	0.1	0.0367979
0.152546	0.1	0.0363237
0.162716	0.1	0.0358084
0.172885	0.1	0.0352498
0.183055	0.1	0.0346458
0.193225	0.1	0.0339938
0.203395	0.1	0.0332909
0.213564	0.1	0.0325338
0.223734	0.1	0.031719
0.233904	0.1	0.0308424
0.244073	0.1	0.0298995
0.254243	0.1	0.028885
0.264413	0.1	0.0277934
0.274583	0.1	0.0266183
0.284752	0.1	0.0253528
0.294922	0.1	0.0239892
0.305092	0.1	0.0225191
0.315262	0.1	0.0209336
0.325431	0.1	0.0192235
0.335601	0.1	0.017379
0.345771	0.1	0.0153905
0.35594	0.1	0.0132488
0.36611	0.1	0.0109455
0.37628	0.1	0.00847354
0.38645	0.1	0.00582738
0.396619	0.1	0.00300347
0.406789	0.1	0
0	0.125	0.0485484
0.0105247	0.125	0.0485293
0.0210493	0.125	0.048472
0.031574	0.125	0.0483764
0.0420986	0.125	0.0482421
0.0526233	0.125	0.0480687
0.063148	0.125	0.0478558
0.0736726	0.125	0.0476027
0.0841973	0.125	0.0473086
0.0947219	0.125	0.0469727
0.105247	0.125	0.0465938
0.115771	0.125	0.0461708
0.126296	0.125	0.0457022
0.136821	0.125	0.0451866
0.147345	0.125	0.0446222
0.15787	0.125	0.044007
0.168395	0.125	0.0433389
0.178919	0.125	0.0426152
0.189444	0.125	0.0418334
0.199969	0.125	0.0409904
0.210493	0.125	0.0400827
0.221018	0.125	0.0391068
0.231542	0.125	0.0380584
0.242067	0.125	0.036933
0.252592	0.125	0.0357258
0.263116	0.125	0.0344311
0.273641	0.125	0.0330433
0.284166	0.125	0.0315558
0.29469	0.125	0.0299621
0.305215	0.125	0.028255
0.31574	0.125	0.026427
0.326264	0.125	0.0244707
0.336789	0.125	0.0223784
0.347314	0.125	0.0201428
0.357838	0.125	0.0177569
0.368363	0.125	0.0152145
0.378888	0.125	0.0125099
0.389412	0.125	0.00963897
0.399937	0.125	0.00659828
0.410462	0.125	0.00338569
0.420986	0.125	0
0	0.15	0.0568683
0.0108796	0.15	0.0568446
0.0217592	0.15	0.0567736
0.0326388	0.15	0.056655
0.0435184	0.15	0.0564885
0.054398	0.15	0.0562736
0.0652775	0.15	0.0560098
0.0761571	0.15	0.0556961
0.0870367	0.15	0.0553318
0.0979163	0.15	0.0549158
0.108796	0.15	0.0544467
0.119675	0.15	0.0539232
0.130555	0.15	0.0533437
0.141435	0.15	0.0527064
0.152314	0.15	0.0520091
0.163194	0.15	0.0512497
0.174073	0.15	0.0504257
0.184953	0.15	0.0495342
0.195833	0.15	0.0485722
0.206712	0.15	0.0475364
0.217592	0.15	0.0464231
0.228471	0.15	0.0452283
0.239351	0.15	0.0439476
0.250231	0.15	0.0425764
0.26111	0.15	0.0411097
0.27199	0.15	0.0395421
0.282869	0.15	0.0378679
0.293749	0.15	0.0360813
0.304629	0.15	0.034176
0.315508	0.15	0.0321459
0.326388	0.15	0.0299846
0.337267	0.15	0.0276859
0.348147	0.15	0.0252439
0.359026	0.15	0.0226529
0.369906	0.15	0.0199078
0.380786	0.15	0.0170041
0.391665	0.15	0.0139379
0.402545	0.15	0.0107063
0.413424	0.15	0.00730707
0.424304	0.15	0.00373858
0.435184	0.15	0
0	0.175	0.0648131
0.0112345	0.175	0.0647848
0.022469	0.175	0.0646997
0.0337036	0.175	0.0645577
0.0449381	0.175	0.0643583
0.0561726	0.175	0.064101
0.0674071	0.175	0.0637852
0.0786417	0.175	0.0634099
0.0898762	0.175	0.062974
0.101111	0.175	0.0624765
0.112345	0.175	0.0619158
0.12358	0.175	0.0612905
0.134814	0.175	0.0605986
0.146049	0.175	0.0598382
0.157283	0.175	0.059007
0.168518	0.175	0.0581026
0.179752	0.175	0.0571222
0.190987	0.175	0.0560629
0.202221	0.175	0.0549215
0.213456	0.175	0.0536944
0.22469	0.175	0.0523778
0.235925	0.175	0.0509677
0.247159	0.175	0.0494597
0.258394	0.175	0.0478492
0.269629	0.175	0.0461314
0.280863	0.175	0.0443012
0.292098	0.175	0.0423534
0.303332	0.175	0.0402826
0.314567	0.175	0.0380834
0.325801	0.175	0.0357505
0.337036	0.175	0.0332785
0.34827	0.175	0.0306624
0.359505	0.175	0.0278975
0.370739	0.175	0.0249792
0.381974	0.175	0.0219038
0.393208	0.175	0.0186677
0.404443	0.175	0.0152683
0.415677	0.175	0.0117033
0.426912	0.175	0.00797088
0.438146	0.175	0.00407002
0.449381	0.175	0
0	0.2	0.0724137
0.0115895	0.2	0.0723806
0.0231789	0.2	0.0722814
0.0347684	0.2	0.0721157
0.0463578	0.2	0.0718831
0.0579473	0.2	0.0715831
0.0695367	0.2	0.0712149
0.0811262	0.2	0.0707774
0.0927156	0.2	0.0702697
0.104305	0.2	0.0696903
0.115895	0.2	0.0690377
0.127484	0.2	0.0683103
0.139073	0.2	0.067506
0.150663	0.2	0.0666228
0.162252	0.2	0.0656582
0.173842	0.2	0.0646098
0.185431	0.2	0.0634745
0.197021	0.2	0.0622495
0.20861	0.2	0.0609314
0.2202	0.2	0.0595166
0.231789	0.2	0.0580013
0.243379	0.2	0.0563816
0.254968	0.2	0.0546533
0.266557	0.2	0.0528119
0.278147	0.2	0.050853
0.289736	0.2	0.0487718
0.301326	0.2	0.0465636
0.312915	0.2	0.0442237
0.324505	0.2	0.0417473
0.336094	0.2	0.0391299
0.347684	0.2	0.0363669
0.359273	0.2	0.0334543
0.370863	0.2	0.0303881
0.382452	0.2	0.0271649
0.394041	0.2	0.0237815
0.405631	0.2	0.0202353
0.41722	0.2	0.016524
0.42881	0.2	0.012646
0.440399	0.2	0.00859987
0.451989	0.2	0.00438472
0.463578	0.2	0
0	0.225	0.0796971
0.0119444	0.225	0.0796593
0.0238888	0.225	0.0795459
0.0358332	0.225	0.0793565
0.0477775	0.225	0.0790908
0.0597219	0.225	0.0787481
0.0716663	0.225	0.0783275
0.0836107	0.225	0.0778282
0.0955551	0.225	0.0772487
0.107499	0.225	0.0765879
0.119444	0.225	0.075844
0.131388	0.225	0.0750152
0.143333	0.225	0.0740997
0.155277	0.225	0.073095
0.167221	0.225	0.0719989
0.179166	0.225	0.0708086
0.19111	0.225	0.0695214
0.203055	0.225	0.0681341
0.214999	0.225	0.0666434
0.226943	0.225	0.0650459
0.238888	0.225	0.0633378
0.250832	0.225	0.0615155
0.262776	0.225	0.0595748
0.274721	0.225	0.0575117
0.286665	0.225	0.0553219
0.29861	0.225	0.0530013
0.310554	0.225	0.0505455
0.322498	0.225	0.0479504
0.334443	0.225	0.0452119
0.346387	0.225	0.0423261
0.358332	0.225	0.039289
0.370276	0.225	0.0360974
0.38222	0.225	0.0327479
0.394165	0.225	0.0292377
0.406109	0.225	0.0255643
0.418054	0.225	0.0217254
0.429998	0.225	0.0177194
0.441942	0.225	0.0135448
0.453887	0.225	0.00920044
0.465831	0.225	0.00468567
0.477775	0.225	0
0	0.25	0.0866867
0.0122993	0.25	0.0866442
0.0245986	0.25	0.0865167
0.036898	0.25	0.0863039
0.0491973	0.25	0.0860053
0.0614966	0.25	0.0856203
0.0737959	0.25	0.0851479
0.0860952	0.25	0.0845872
0.0983945	0.25	0.0839369
0.110694	0.25	0.0831956
0.122993	0.25	0.0823616
0.135292	0.25	0.0814331
0.147592	0.25	0.0804081
0.159891	0.25	0.0792842
0.17219	0.25	0.0780592
0.18449	0.25	0.0767303
0.196789	0.25	0.0752946
0.209088	0.25	0.0737493
0.221388	0.25	0.072091
0.233687	0.25	0.0703165
0.245986	0.25	0.0684222
0.258286	0.25	0.0664046
0.270585	0.25	0.0642598
0.282884	0.25	0.061984
0.295184	0.25	0.0595736
0.307483	0.25	0.0570245
0.319782	0.25	0.0543331
0.332082	0.25	0.0514956
0.344381	0.25	0.0485084
0.35668	0.25	0.0453681
0.36898	0.25	0.0420716
0.381279	0.25	0.0386157
0.393578	0.25	0.034998
0.405877	0.25	0.0312158
0.418177	0.25	0.0272672
0.430476	0.25	0.0231503
0.442775	0.25	0.0188637
0.455075	0.25	0.0144061
0.467374	0.25	0.00977669
0.479673	0.25	0.00497478
0.491973	0.25	0
0	0.275	0.0934024
0.0126542	0.275	0.0933553
0.0253085	0.275	0.093214
0.0379627	0.275	0.092978
0.050617	0.275	0.092647
0.0632712	0.275	0.0922203
0.0759255	0.275	0.0916969
0.0885797	0.275	0.0910759
0.101234	0.275	0.0903559
0.113888	0.275	0.0895356
0.126542	0.275	0.0886132
0.139197	0.275	0.087587
0.151851	0.275	0.0864549
0.164505	0.275	0.0852146
0.177159	0.275	0.0838638
0.189814	0.275	0.0823999
0.202468	0.275	0.0808201
0.215122	0.275	0.0791215
0.227776	0.275	0.0773011
0.240431	0.275	0.0753556
0.253085	0.275	0.0732817
0.265739	0.275	0.0710762
0.278393	0.275	0.0687354
0.291048	0.275	0.066256
0.303702	0.275	0.0636344
0.316356	0.275	0.0608671
0.32901	0.275	0.0579509
0.341665	0.275	0.0548825
0.354319	0.275	0.0516586
0.366973	0.275	0.0482763
0.379627	0.275	0.0447329
0.392282	0.275	0.0410258
0.404936	0.275	0.0371526
0.41759	0.275	0.0331114
0.430244	0.275	0.0289004
0.442899	0.275	0.024518
0.455553	0.275	0.019963
0.468207	0.275	0.0152343
0.480861	0.275	0.0103313
0.493516	0.275	0.00525329
0.50617	0.275	0
0	0.3	0.099861
0.0130092	0.3	0.0998094
0.0260184	0.3	0.0996544
0.0390275	0.3	0.0993958
0.0520367	0.3	0.0990329
0.0650459	0.3	0.0985653
0.0780551	0.3	0.0979919
0.0910643	0.3	0.0973118
0.104073	0.3	0.0965237
0.117083	0.3	0.0956261
0.130092	0.3	0.0946174
0.143101	0.3	0.0934958
0.15611	0.3	0.0922592
0.169119	0.3	0.0909057
0.182129	0.3	0.0894326
0.195138	0.3	0.0878377
0.208147	0.3	0.0861182
0.221156	0.3	0.0842714
0.234165	0.3	0.0822943
0.247174	0.3	0.0801839
0.260184	0.3	0.0779372
0.273193	0.3	0.075551
0.286202	0.3	0.0730221
0.299211	0.3	0.0703473
0.31222	0.3	0.0675236
0.32523	0.3	0.0645477
0.338239	0.3	0.0614167
0.351248	0.3	0.0581277
0.364257	0.3	0.0546779
0.377266	0.3	0.0510647
0.390275	0.3	0.0472856
0.403285	0.3	0.0433385
0.416294	0.3	0.0392215
0.429303	0.3	0.0349326
0.442312	0.3	0.0304704
0.455321	0.3	0.0258337
0.468331	0.3	0.0210212
0.48134	0.3	0.0160322
0.494349	0.3	0.0108659
0.507358	0.3	0.00552195
0.520367	0.3	0
0	0.325	0.106076
0.0133641	0.325	0.10602
0.0267282	0.325	0.105852
0.0400923	0.325	0.105571
0.0534565	0.325	0.105177
0.0668206	0.325	0.104669
0.0801847	0.325	0.104047
0.0935488	0.325	0.103309
0.106913	0.325	0.102455
0.120277	0.325	0.101482
0.133641	0.325	0.100389
0.147005	0.325	0.0991746
0.160369	0.325	0.0978367
0.173733	0.325	0.096373
0.187098	0.325	0.0947815
0.200462	0.325	0.0930596
0.213826	0.325	0.091205
0.22719	0.325	0.0892149
0.240554	0.325	0.0870866
0.253918	0.325	0.0848173
0.267282	0.325	0.0824042
0.280646	0.325	0.0798443
0.29401	0.325	0.0771348
0.307375	0.325	0.0742727
0.320739	0.325	0.0712552
0.334103	0.325	0.0680795
0.347467	0.325	0.0647429
0.360831	0.325	0.0612428
0.374195	0.325	0.0575768
0.387559	0.325	0.0537426
0.400923	0.325	0.0497381
0.414288	0.325	0.0455614
0.427652	0.325	0.0412107
0.441016	0.325	0.0366845
0.45438	0.325	0.0319815
0.467744	0.325	0.0271005
0.481108	0.325	0.0220407
0.494472	0.325	0.0168012
0.507836	0.325	0.0113815
0.5212	0.325	0.00578119
0.534565	0.325	0
0	0.35	0.112059
0.013719	0.35	0.111999
0.0274381	0.35	0.111818
0.0411571	0.35	0.111515
0.0548762	0.35	0.111091
0.0685952	0.35	0.110544
0.0823143	0.35	0.109874
0.0960333	0.35	0.10908
0.109752	0.35	0.108161
0.123471	0.35	0.107115
0.13719	0.35	0.10594
0.150909	0.35	0.104636
0.164629	0.35	0.103199
0.178348	0.35	0.101629
0.192067	0.35	0.0999224
0.205786	0.35	0.0980778
0.219505	0.35	0.0960925
0.233224	0.35	0.0939641
0.246943	0.35	0.09169
0.260662	0.35	0.0892676
0.274381	0.35	0.0866943
0.2881	0.35	0.0839674
0.301819	0.35	0.0810843
0.315538	0.35	0.0780423
0.329257	0.35	0.0748389
0.342976	0.35	0.0714716
0.356695	0.35	0.0679379
0.370414	0.35	0.0642355
0.384133	0.35	0.0603624
0.397852	0.35	0.0563164
0.411571	0.35	0.0520958
0.42529	0.35	0.0476989
0.439009	0.35	0.0431241
0.452728	0.35	0.0383702
0.466448	0.35	0.0334359
0.480167	0.35	0.0283203
0.493886	0.35	0.0230226
0.507605	0.35	0.0175422
0.521324	0.35	0.0118785
0.535043	0.35	0.00603118
0.548762	0.35	0
0	0.375	0.117819
0.014074	0.375	0.117754
0.028148	0.375	0.11756
0.0422219	0.375	0.117237
0.0562959	0.375	0.116783
0.0703699	0.375	0.116198
0.0844439	0.375	0.115482
0.0985178	0.375	0.114633
0.112592	0.375	0.113651
0.126666	0.375	0.112534
0.14074	0.375	0.11128
0.154814	0.375	0.109888
0.168888	0.375	0.108356
0.182962	0.375	0.106682
0.197036	0.375	0.104865
0.21111	0.375	0.102901
0.225184	0.375	0.10079
0.239258	0.375	0.0985277
0.253332	0.375	0.096113
0.267406	0.375	0.0935431
0.28148	0.375	0.0908155
0.295554	0.375	0.087928
0.309627	0.375	0.084878
0.323701	0.375	0.0816631
0.337775	0.375	0.0782812
0.351849	0.375	0.0747298
0.365923	0.375	0.071007
0.379997	0.375	0.0671106
0.394071	0.375	0.0630387
0.408145	0.375	0.0587896
0.422219	0.375	0.0543617
0.436293	0.375	0.0497535
0.450367	0.375	0.0449637
0.464441	0.375	0.0399911
0.478515	0.375	0.0348347
0.492589	0.375	0.0294937
0.506663	0.375	0.0239675
0.520737	0.375	0.0182553
0.534811	0.375	0.0123569
0.548885	0.375	0.00627186
0.562959	0.375	0
0	0.4	0.123362
0.0144289	0.4	0.123293
0.0288578	0.4	0.123087
0.0432867	0.4	0.122743
0.0577156	0.4	0.12226
0.0721445	0.4	0.121639
0.0865735	0.4	0.120877
0.101002	0.4	0.119975
0.115431	0.4	0.118932
0.12986	0.4	0.117745
0.144289	0.4	0.116414
0.158718	0.4	0.114937
0.173147	0.4	0.113313
0.187576	0.4	0.111539
0.202005	0.4	0.109614
0.216434	0.4	0.107536
0.230863	0.4	0.105303
0.245291	0.4	0.102912
0.25972	0.4	0.100361
0.274149	0.4	0.0976493
0.288578	0.4	0.0947732
0.303007	0.4	0.0917309
0.317436	0.4	0.0885204
0.331865	0.4	0.0851393
0.346294	0.4	0.0815858
0.360723	0.4	0.0778577
0.375152	0.4	0.0739532
0.389581	0.4	0.0698704
0.404009	0.4	0.0656078
0.418438	0.4	0.0611638
0.432867	0.4	0.056537
0.447296	0.4	0.051726
0.461725	0.4	0.0467298
0.476154	0.4	0.0415473
0.490583	0.4	0.0361778
0.505012	0.4	0.0306205
0.519441	0.4	0.0248748
0.53387	0.4	0.0189402
0.548299	0.4	0.0128164
0.562727	0.4	0.00650304
0.577156	0.4	0
0	0.425	0.128693
0.0147838	0.425	0.12862
0.0295677	0.425	0.128402
0.0443515	0.425	0.128038
0.0591354	0.425	0.127527
0.0739192	0.425	0.12687
0.088703	0.425	0.126065
0.103487	0.425	0.125111
0.118271	0.425	0.124008
0.133055	0.425	0.122754
0.147838	0.425	0.121349
0.162622	0.425	0.11979
0.177406	0.425	0.118076
0.19219	0.425	0.116205
0.206974	0.425	0.114176
0.221758	0.425	0.111987
0.236541	0.425	0.109635
0.251325	0.425	0.10712
0.266109	0.425	0.104439
0.280893	0.425	0.101589
0.295677	0.425	0.0985702
0.310461	0.425	0.0953789
0.325244	0.425	0.0920138
0.340028	0.425	0.0884729
0.354812	0.425	0.0847543
0.369596	0.425	0.0808564
0.38438	0.425	0.0767773
0.399164	0.425	0.0725157
0.413948	0.425	0.06807
0.428731	0.425	0.0634389
0.443515	0.425	0.0586211
0.458299	0.425	0.0536157
0.473083	0.425	0.0484216
0.487867	0.425	0.043038
0.502651	0.425	0.0374642
0.517434	0.425	0.0316996
0.532218	0.425	0.0257436
0.547002	0.425	0.0195959
0.561786	0.425	0.0132563
0.57657	0.425	0.00672433
0.591354	0.425	0
0	0.45	0.133816
0.0151388	0.45	0.133739
0.0302775	0.45	0.133509
0.0454163	0.45	0.133125
0.0605551	0.45	0.132588
0.0756939	0.45	0.131895
0.0908326	0.45	0.131048
0.105971	0.45	0.130044
0.12111	0.45	0.128883
0.136249	0.45	0.127564
0.151388	0.45	0.126086
0.166526	0.45	0.124447
0.181665	0.45	0.122646
0.196804	0.45	0.120682
0.211943	0.45	0.118552
0.227082	0.45	0.116255
0.24222	0.45	0.11379
0.257359	0.45	0.111154
0.272498	0.45	0.108347
0.287637	0.45	0.105365
0.302775	0.45	0.102208
0.317914	0.45	0.0988727
0.333053	0.45	0.0953588
0.348192	0.45	0.091664
0.363331	0.45	0.0877867
0.378469	0.45	0.0837254
0.393608	0.45	0.0794788
0.408747	0.45	0.0750453
0.423886	0.45	0.0704239
0.439024	0.45	0.0656134
0.454163	0.45	0.0606127
0.469302	0.45	0.0554209
0.484441	0.45	0.0500374
0.499579	0.45	0.0444612
0.514718	0.45	0.038692
0.529857	0.45	0.0327292
0.544996	0.45	0.0265724
0.560135	0.45	0.0202213
0.575273	0.45	0.0136756
0.590412	0.45	0.00693524
0.605551	0.45	0
0	0.475	0.138732
0.0154937	0.475	0.138651
0.0309874	0.475	0.13841
0.0464811	0.475	0.138007
0.0619748	0.475	0.137443
0.0774685	0.475	0.136717
0.0929622	0.475	0.135828
0.108456	0.475	0.134775
0.12395	0.475	0.133558
0.139443	0.475	0.132176
0.154937	0.475	0.130627
0.170431	0.475	0.128911
0.185924	0.475	0.127026
0.201418	0.475	0.12497
0.216912	0.475	0.122743
0.232406	0.475	0.120342
0.247899	0.475	0.117766
0.263393	0.475	0.115015
0.278887	0.475	0.112085
0.29438	0.475	0.108975
0.309874	0.475	0.105685
0.325368	0.475	0.102211
0.340861	0.475	0.0985541
0.356355	0.475	0.0947111
0.371849	0.475	0.0906812
0.387343	0.475	0.086463
0.402836	0.475	0.0820553
0.41833	0.475	0.077457
0.433824	0.475	0.0726671
0.449317	0.475	0.0676846
0.464811	0.475	0.0625088
0.480305	0.475	0.0571389
0.495799	0.475	0.0515742
0.511292	0.475	0.0458143
0.526786	0.475	0.0398587
0.54228	0.475	0.0337071
0.557773	0.475	0.0273591
0.573267	0.475	0.0208145
0.588761	0.475	0.0140733
0.604254	0.475	0.00713511
0.619748	0.475	0
0	0.5	0.143442
0.0158486	0.5	0.143358
0.0316973	0.5	0.143106
0.0475459	0.5	0.142684
0.0633945	0.5	0.142094
0.0792432	0.5	0.141335
0.0950918	0.5	0.140406
0.11094	0.5	0.139305
0.126789	0.5	0.138034
0.142638	0.5	0.13659
0.158486	0.5	0.134973
0.174335	0.5	0.133181
0.190184	0.5	0.131214
0.206032	0.5	0.12907
0.221881	0.5	0.126748
0.23773	0.5	0.124247
0.253578	0.5	0.121564
0.269427	0.5	0.1187
0.285275	0.5	0.115652
0.301124	0.5	0.112419
0.316973	0.5	0.109
0.332821	0.5	0.105393
0.34867	0.5	0.101597
0.364519	0.5	0.0976117
0.380367	0.5	0.0934349
0.396216	0.5	0.0890658
0.412065	0.5	0.0845036
0.427913	0.5	0.0797472
0.443762	0.5	0.0747958
0.45961	0.5	0.0696489
0.475459	0.5	0.0643057
0.491308	0.5	0.0587657
0.507156	0.5	0.0530285
0.523005	0.5	0.0470937
0.538854	0.5	0.040961
0.554702	0.5	0.0346302
0.570551	0.5	0.0281011
0.5864	0.5	0.0213737
0.602248	0.5	0.0144477
0.618097	0.5	0.00732318
0.633945	0.5	0
0	0.525	0.147947
0.0162036	0.525	0.147859
0.0324071	0.525	0.147596
0.0486107	0.525	0.147156
0.0648143	0.525	0.146541
0.0810178	0.525	0.145749
0.0972214	0.525	0.144781
0.113425	0.525	0.143634
0.129629	0.525	0.14231
0.145832	0.525	0.140806
0.162036	0.525	0.139122
0.178239	0.525	0.137257
0.194443	0.525	0.13521
0.210646	0.525	0.13298
0.22685	0.525	0.130566
0.243054	0.525	0.127967
0.259257	0.525	0.125181
0.275461	0.525	0.122207
0.291664	0.525	0.119045
0.307868	0.525	0.115693
0.324071	0.525	0.112149
0.340275	0.525	0.108414
0.356478	0.525	0.104485
0.372682	0.525	0.100362
0.388886	0.525	0.0960435
0.405089	0.525	0.0915296
0.421293	0.525	0.086819
0.437496	0.525	0.0819111
0.4537	0.525	0.0768054
0.469903	0.525	0.0715013
0.486107	0.525	0.0659986
0.502311	0.525	0.0602968
0.518514	0.525	0.0543957
0.534718	0.525	0.0482951
0.550921	0.525	0.0419949
0.567125	0.525	0.035495
0.583328	0.525	0.0287955
0.599532	0.525	0.0218962
0.615736	0.525	0.0147972
0.631939	0.525	0.0074985
0.648143	0.525	0
0	0.55	0.152244
0.0165585	0.55	0.152153
0.033117	0.55	0.151879
0.0496755	0.55	0.151422
0.066234	0.55	0.150783
0.0827925	0.55	0.149959
0.099351	0.55	0.148952
0.115909	0.55	0.14776
0.132468	0.55	0.146384
0.149026	0.55	0.144821
0.165585	0.55	0.143072
0.182143	0.55	0.141136
0.198702	0.55	0.139012
0.21526	0.55	0.136698
0.231819	0.55	0.134195
0.248377	0.55	0.1315
0.264936	0.55	0.128614
0.281494	0.55	0.125534
0.298053	0.55	0.122261
0.314611	0.55	0.118793
0.33117	0.55	0.115129
0.347728	0.55	0.111269
0.364287	0.55	0.107211
0.380845	0.55	0.102956
0.397404	0.55	0.0985019
0.413962	0.55	0.0938487
0.430521	0.55	0.0889959
0.447079	0.55	0.0839431
0.463638	0.55	0.07869
0.480196	0.55	0.0732362
0.496755	0.55	0.0675818
0.513313	0.55	0.0617265
0.529872	0.55	0.0556704
0.54643	0.55	0.0494134
0.562989	0.55	0.0429557
0.579547	0.55	0.0362974
0.596106	0.55	0.0294386
0.612664	0.55	0.0223793
0.629223	0.55	0.0151198
0.645781	0.55	0.00766
0.66234	0.55	0
0	0.575	0.156334
0.0169134	0.575	0.156239
0.0338269	0.575	0.155955
0.0507403	0.575	0.155481
0.0676537	0.575	0.154817
0.0845672	0.575	0.153962
0.101481	0.575	0.152917
0.118394	0.575	0.151681
0.135307	0.575	0.150254
0.152221	0.575	0.148634
0.169134	0.575	0.146822
0.186048	0.575	0.144816
0.202961	0.575	0.142615
0.219875	0.575	0.14022
0.236788	0.575	0.137629
0.253701	0.575	0.134842
0.270615	0.575	0.131858
0.287528	0.575	0.128675
0.304442	0.575	0.125294
0.321355	0.575	0.121714
0.338269	0.575	0.117934
0.355182	0.575	0.113953
0.372095	0.575	0.109772
0.389009	0.575	0.105389
0.405922	0.575	0.100804
0.422836	0.575	0.0960169
0.439749	0.575	0.0910279
0.456663	0.575	0.0858365
0.473576	0.575	0.0804428
0.490489	0.575	0.0748468
0.507403	0.575	0.0690486
0.524316	0.575	0.0630483
0.54123	0.575	0.0568463
0.558143	0.575	0.0504428
0.575057	0.575	0.043838
0.59197	0.575	0.0370324
0.608884	0.575	0.0300261
0.625797	0.575	0.0228196
0.64271	0.575	0.0154129
0.659624	0.575	0.00780639
0.676537	0.575	0
0	0.6	0.160212
0.0172684	0.6	0.160114
0.0345367	0.6	0.15982
0.0518051	0.6	0.159329
0.0690735	0.6	0.158641
0.0863418	0.6	0.157756
0.10361	0.6	0.156674
0.120879	0.6	0.155395
0.138147	0.6	0.153917
0.155415	0.6	0.152241
0.172684	0.6	0.150366
0.189952	0.6	0.148292
0.20722	0.6	0.146018
0.224489	0.6	0.143543
0.241757	0.6	0.140866
0.259025	0.6	0.137989
0.276294	0.6	0.134909
0.293562	0.6	0.131626
0.310831	0.6	0.12814
0.328099	0.6	0.124451
0.345367	0.6	0.120558
0.362636	0.6	0.11646
0.379904	0.6	0.112159
0.397172	0.6	0.107652
0.414441	0.6	0.102942
0.431709	0.6	0.0980267
0.448977	0.6	0.0929072
0.466246	0.6	0.0875836
0.483514	0.6	0.0820561
0.500783	0.6	0.0763252
0.518051	0.6	0.0703913
0.535319	0.6	0.0642548
0.552588	0.6	0.0579162
0.569856	0.6	0.0513763
0.587124	0.6	0.0446354
0.604393	0.6	0.0376943
0.621661	0.6	0.0305533
0.638929	0.6	0.0232131
0.656198	0.6	0.015674
0.673466	0.6	0.00793621
0.690735	0.6	0
0	0.625	0.163878
0.0176233	0.625	0.163776
0.0352466	0.625	0.163472
0.0528699	0.625	0.162964
0.0704932	0.625	0.162253
0.0881165	0.625	0.161338
0.10574	0.625	0.16022
0.123363	0.625	0.158897
0.140986	0.625	0.157371
0.15861	0.625	0.155639
0.176233	0.625	0.153703
0.193856	0.625	0.151561
0.21148	0.625	0.149214
0.229103	0.625	0.146661
0.246726	0.625	0.143901
0.264349	0.625	0.140934
0.281973	0.625	0.137761
0.299596	0.625	0.13438
0.317219	0.625	0.130792
0.334843	0.625	0.126997
0.352466	0.625	0.122993
0.370089	0.625	0.118783
0.387712	0.625	0.114365
0.405336	0.625	0.10974
0.422959	0.625	0.104908
0.440582	0.625	0.0998695
0.458206	0.625	0.0946252
0.475829	0.625	0.0891755
0.493452	0.625	0.0835211
0.511076	0.625	0.0776627
0.528699	0.625	0.0716011
0.546322	0.625	0.0653372
0.563945	0.625	0.0588719
0.581569	0.625	0.0522061
0.599192	0.625	0.0453407
0.616815	0.625	0.0382766
0.634439	0.625	0.0310145
0.652062	0.625	0.0235553
0.669685	0.625	0.0158996
0.687308	0.625	0.00804773
0.704932	0.625	0
0	0.65	0.167327
0.0179782	0.65	0.167223
0.0359565	0.65	0.166908
0.0539347	0.65	0.166384
0.0719129	0.65	0.165649
0.0898911	0.65	0.164705
0.107869	0.65	0.16355
0.125848	0.65	0.162186
0.143826	0.65	0.16061
0.161804	0.65	0.158824
0.179782	0.65	0.156827
0.19776	0.65	0.154619
0.215739	0.65	0.1522
0.233717	0.65	0.149569
0.251695	0.65	0.146727
0.269673	0.65	0.143673
0.287652	0.65	0.140408
0.30563	0.65	0.136931
0.323608	0.65	0.133243
0.341586	0.65	0.129344
0.359565	0.65	0.125233
0.377543	0.65	0.120913
0.395521	0.65	0.116382
0.413499	0.65	0.111642
0.431477	0.65	0.106693
0.449456	0.65	0.101536
0.467434	0.65	0.0961723
0.485412	0.65	0.0906024
0.50339	0.65	0.0848276
0.521369	0.65	0.0788491
0.539347	0.65	0.0726681
0.557325	0.65	0.0662859
0.575303	0.65	0.0597038
0.593281	0.65	0.0529232
0.61126	0.65	0.0459454
0.629238	0.65	0.0387717
0.647216	0.65	0.0314032
0.665194	0.65	0.023841
0.683173	0.65	0.016086
0.701151	0.65	0.00813891
0.719129	0.65	0
0	0.675	0.170558
0.0183332	0.675	0.17045
0.0366663	0.675	0.170125
0.0549995	0.675	0.169584
0.0733326	0.675	0.168827
0.0916658	0.675	0.167853
0.109999	0.675	0.166663
0.128332	0.675	0.165256
0.146665	0.675	0.163632
0.164998	0.675	0.161791
0.183332	0.675	0.159734
0.201665	0.675	0.157461
0.219998	0.675	0.15497
0.238331	0.675	0.152263
0.256664	0.675	0.149339
0.274997	0.675	0.1462
0.293331	0.675	0.142844
0.311664	0.675	0.139272
0.329997	0.675	0.135486
0.34833	0.675	0.131485
0.366663	0.675	0.127269
0.384996	0.675	0.122841
0.403329	0.675	0.118201
0.421663	0.675	0.113349
0.439996	0.675	0.108287
0.458329	0.675	0.103016
0.476662	0.675	0.0975376
0.494995	0.675	0.0918534
0.513328	0.675	0.0859647
0.531662	0.675	0.0798734
0.549995	0.675	0.0735811
0.568328	0.675	0.0670898
0.586661	0.675	0.0604012
0.604994	0.675	0.0535174
0.623327	0.675	0.04644
0.641661	0.675	0.0391709
0.659994	0.675	0.0317117
0.678327	0.675	0.024064
0.69666	0.675	0.0162289
0.714993	0.675	0.00820736
0.733326	0.675	0
0	0.7	0.173566
0.0186881	0.7	0.173454
0.0373762	0.7	0.17312
0.0560643	0.7	0.172562
0.0747524	0.7	0.171782
0.0934404	0.7	0.170779
0.112129	0.7	0.169552
0.130817	0.7	0.168103
0.149505	0.7	0.166431
0.168193	0.7	0.164537
0.186881	0.7	0.16242
0.205569	0.7	0.16008
0.224257	0.7	0.157519
0.242945	0.7	0.154736
0.261633	0.7	0.151731
0.280321	0.7	0.148506
0.299009	0.7	0.145061
0.317698	0.7	0.141396
0.336386	0.7	0.137512
0.355074	0.7	0.13341
0.373762	0.7	0.129092
0.39245	0.7	0.124558
0.411138	0.7	0.119811
0.429826	0.7	0.11485
0.448514	0.7	0.109678
0.467202	0.7	0.104298
0.48589	0.7	0.0987095
0.504578	0.7	0.0929161
0.523267	0.7	0.0869197
0.541955	0.7	0.0807227
0.560643	0.7	0.0743273
0.579331	0.7	0.0677362
0.598019	0.7	0.0609517
0.616707	0.7	0.0539766
0.635395	0.7	0.0468132
0.654083	0.7	0.0394639
0.672771	0.7	0.0319312
0.691459	0.7	0.0242169
0.710147	0.7	0.0163228
0.728835	0.7	0.00825021
0.747524	0.7	0
0	0.725	0.176348
0.019043	0.725	0.176233
0.038086	0.725	0.175889
0.0571291	0.725	0.175315
0.0761721	0.725	0.174511
0.0952151	0.725	0.173478
0.114258	0.725	0.172216
0.133301	0.725	0.170725
0.152344	0.725	0.169004
0.171387	0.725	0.167056
0.19043	0.725	0.164878
0.209473	0.725	0.162473
0.228516	0.725	0.159841
0.247559	0.725	0.156982
0.266602	0.725	0.153897
0.285645	0.725	0.150586
0.304688	0.725	0.147051
0.323731	0.725	0.143293
0.342774	0.725	0.139313
0.361817	0.725	0.135112
0.38086	0.725	0.130692
0.399903	0.725	0.126054
0.418946	0.725	0.121201
0.437989	0.725	0.116134
0.457033	0.725	0.110856
0.476076	0.725	0.105368
0.495119	0.725	0.0996746
0.514162	0.725	0.0937771
0.533205	0.725	0.0876788
0.552248	0.725	0.0813829
0.571291	0.725	0.0748924
0.590334	0.725	0.0682107
0.609377	0.725	0.0613412
0.62842	0.725	0.0542871
0.647463	0.725	0.0470519
0.666506	0.725	0.0396389
0.685549	0.725	0.0320509
0.704592	0.725	0.024291
0.723635	0.725	0.0163614
0.742678	0.725	0.008264
0.761721	0.725	0
0	0.75	0.178901
0.019398	0.75	0.178783
0.0387959	0.75	0.178429
0.0581939	0.75	0.177838
0.0775918	0.75	0.177011
0.0969898	0.75	0.175948
0.116388	0.75	0.17465
0.135786	0.75	0.173116
0.155184	0.75	0.171347
0.174582	0.75	0.169343
0.19398	0.75	0.167105
0.213377	0.75	0.164634
0.232775	0.75	0.16193
0.252173	0.75	0.158995
0.271571	0.75	0.155829
0.290969	0.75	0.152433
0.310367	0.75	0.148808
0.329765	0.75	0.144957
0.349163	0.75	0.14088
0.368561	0.75	0.13658
0.387959	0.75	0.132059
0.407357	0.75	0.127318
0.426755	0.75	0.12236
0.446153	0.75	0.117189
0.465551	0.75	0.111806
0.484949	0.75	0.106215
0.504347	0.75	0.100419
0.523745	0.75	0.0944213
0.543143	0.75	0.0882264
0.562541	0.75	0.081838
0.581939	0.75	0.0752602
0.601337	0.75	0.0684971
0.620735	0.75	0.0615533
0.640132	0.75	0.0544331
0.65953	0.75	0.0471411
0.678928	0.75	0.0396815
0.698326	0.75	0.0320585
0.717724	0.75	0.0242759
0.737122	0.75	0.016337
0.75652	0.75	0.00824448
0.775918	0.75	0
0	0.775	0.181222
0.0197529	0.775	0.181101
0.0395058	0.775	0.180736
0.0592587	0.775	0.180129
0.0790115	0.775	0.179278
0.0987644	0.775	0.178185
0.118517	0.775	0.176849
0.13827	0.775	0.175272
0.158023	0.775	0.173454
0.177776	0.775	0.171394
0.197529	0.775	0.169095
0.217282	0.775	0.166557
0.237035	0.775	0.163781
0.256788	0.775	0.160768
0.27654	0.775	0.15752
0.296293	0.775	0.154037
0.316046	0.775	0.150323
0.335799	0.775	0.146377
0.355552	0.775	0.142204
0.375305	0.775	0.137804
0.395058	0.775	0.133181
0.414811	0.775	0.128337
0.434563	0.775	0.123276
0.454316	0.775	0.118
0.474069	0.775	0.112514
0.493822	0.775	0.106821
0.513575	0.775	0.100926
0.533328	0.775	0.0948321
0.553081	0.775	0.0885453
0.572834	0.775	0.0820702
0.592587	0.775	0.0754121
0.612339	0.775	0.0685766
0.632092	0.775	0.0615693
0.651845	0.775	0.054396
0.671598	0.775	0.0470626
0.691351	0.775	0.0395749
0.711104	0.775	0.0319386
0.730857	0.775	0.0241587
0.75061	0.775	0.0162401
0.770363	0.775	0.00818632
0.790115	0.775	0
0	0.8	0.183308
0.0201078	0.8	0.183183
0.0402156	0.8	0.182808
0.0603235	0.8	0.182183
0.0804313	0.8	0.181309
0.100539	0.8	0.180184
0.120647	0.8	0.178811
0.140755	0.8	0.17719
0.160863	0.8	0.175321
0.18097	0.8	0.173205
0.201078	0.8	0.170844
0.221186	0.8	0.168237
0.241294	0.8	0.165387
0.261402	0.8	0.162296
0.281509	0.8	0.158964
0.301617	0.8	0.155393
0.321725	0.8	0.151587
0.341833	0.8	0.147546
0.361941	0.8	0.143274
0.382049	0.8	0.138774
0.402156	0.8	0.134048
0.422264	0.8	0.1291
0.442372	0.8	0.123935
0.46248	0.8	0.118555
0.482588	0.8	0.112966
0.502695	0.8	0.107172
0.522803	0.8	0.101178
0.542911	0.8	0.0949912
0.563019	0.8	0.088616
0.583127	0.8	0.0820591
0.603235	0.8	0.0753273
0.623342	0.8	0.0684276
0.64345	0.8	0.0613672
0.663558	0.8	0.0541538
0.683666	0.8	0.0467951
0.703774	0.8	0.0392988
0.723881	0.8	0.0316725
0.743989	0.8	0.0239236
0.764097	0.8	0.0160585
0.784205	0.8	0.00808272
0.804313	0.8	0
0	0.825	0.185156
0.0204627	0.825	0.185028
0.0409255	0.825	0.184642
0.0613882	0.825	0.183999
0.081851	0.825	0.1831
0.102314	0.825	0.181944
0.122776	0.825	0.180532
0.143239	0.825	0.178865
0.163702	0.825	0.176945
0.184165	0.825	0.174771
0.204627	0.825	0.172345
0.22509	0.825	0.169669
0.245553	0.825	0.166743
0.266016	0.825	0.163571
0.286478	0.825	0.160153
0.306941	0.825	0.156493
0.327404	0.825	0.152592
0.347867	0.825	0.148454
0.368329	0.825	0.144081
0.388792	0.825	0.139478
0.409255	0.825	0.134647
0.429718	0.825	0.129594
0.45018	0.825	0.124322
0.470643	0.825	0.118837
0.491106	0.825	0.113144
0.511569	0.825	0.107249
0.532031	0.825	0.101158
0.552494	0.825	0.0948784
0.572957	0.825	0.0884172
0.59342	0.825	0.0817822
0.613882	0.825	0.074982
0.634345	0.825	0.0680253
0.654808	0.825	0.0609216
0.675271	0.825	0.0536806
0.695733	0.825	0.0463126
0.716196	0.825	0.038828
0.736659	0.825	0.0312372
0.757122	0.825	0.0235503
0.777584	0.825	0.0157768
0.798047	0.825	0.00792473
0.81851	0.825	0
0	0.85	0.186763
0.0208177	0.85	0.186631
0.0416354	0.85	0.186234
0.062453	0.85	0.185573
0.0832707	0.85	0.184648
0.104088	0.85	0.18346
0.124906	0.85	0.182008
0.145724	0.85	0.180295
0.166541	0.85	0.178321
0.187359	0.85	0.176087
0.208177	0.85	0.173595
0.228994	0.85	0.170846
0.249812	0.85	0.167843
0.27063	0.85	0.164587
0.291448	0.85	0.161081
0.312265	0.85	0.157327
0.333083	0.85	0.15333
0.353901	0.85	0.149091
0.374718	0.85	0.144614
0.395536	0.85	0.139905
0.416354	0.85	0.134966
0.437171	0.85	0.129804
0.457989	0.85	0.124424
0.478807	0.85	0.118831
0.499624	0.85	0.113032
0.520442	0.85	0.107033
0.54126	0.85	0.100844
0.562077	0.85	0.0944716
0.582895	0.85	0.087925
0.603713	0.85	0.0812139
0.62453	0.85	0.0743489
0.645348	0.85	0.0673411
0.666166	0.85	0.0602024
0.686983	0.85	0.0529456
0.707801	0.85	0.045584
0.728619	0.85	0.0381317
0.749436	0.85	0.0306031
0.770254	0.85	0.0230126
0.791072	0.85	0.0153741
0.81189	0.85	0.00770011
0.832707	0.85	0
0	0.875	0.188127
0.0211726	0.875	0.187992
0.0423452	0.875	0.187583
0.0635178	0.875	0.186903
0.0846904	0.875	0.185952
0.105863	0.875	0.184729
0.127036	0.875	0.183236
0.148208	0.875	0.181475
0.169381	0.875	0.179445
0.190554	0.875	0.177149
0.211726	0.875	0.174588
0.232899	0.875	0.171765
0.254071	0.875	0.16868
0.275244	0.875	0.165338
0.296417	0.875	0.16174
0.317589	0.875	0.15789
0.338762	0.875	0.153791
0.359934	0.875	0.149448
0.381107	0.875	0.144864
0.40228	0.875	0.140044
0.423452	0.875	0.134993
0.444625	0.875	0.129718
0.465797	0.875	0.124224
0.48697	0.875	0.118519
0.508143	0.875	0.11261
0.529315	0.875	0.106505
0.550488	0.875	0.100214
0.571661	0.875	0.0937463
0.592833	0.875	0.0871129
0.614006	0.875	0.0803256
0.635178	0.875	0.0733972
0.656351	0.875	0.0663418
0.677524	0.875	0.0591743
0.698696	0.875	0.0519114
0.719869	0.875	0.0445706
0.741041	0.875	0.0371708
0.762214	0.875	0.0297322
0.783387	0.875	0.0222756
0.804559	0.875	0.014822
0.825732	0.875	0.00739139
0.846904	0.875	0
0	0.9	0.189246
0.0215275	0.9	0.189107
0.0430551	0.9	0.188686
0.0645826	0.9	0.187987
0.0861102	0.9	0.187007
0.107638	0.9	0.185749
0.129165	0.9	0.184214
0.150693	0.9	0.182402
0.17222	0.9	0.180315
0.193748	0.9	0.177954
0.215275	0.9	0.175321
0.236803	0.9	0.172419
0.258331	0.9	0.169251
0.279858	0.9	0.165818
0.301386	0.9	0.162124
0.322913	0.9	0.158173
0.344441	0.9	0.153969
0.365968	0.9	0.149515
0.387496	0.9	0.144818
0.409023	0.9	0.139882
0.430551	0.9	0.134714
0.452078	0.9	0.12932
0.473606	0.9	0.123707
0.495134	0.9	0.117884
0.516661	0.9	0.111859
0.538189	0.9	0.105642
0.559716	0.9	0.0992438
0.581244	0.9	0.092676
0.602771	0.9	0.0859517
0.624299	0.9	0.0790851
0.645826	0.9	0.0720917
0.667354	0.9	0.0649889
0.688881	0.9	0.0577957
0.710409	0.9	0.0505332
0.731936	0.9	0.0432245
0.753464	0.9	0.0358954
0.774992	0.9	0.0285739
0.796519	0.9	0.0212908
0.818047	0.9	0.014079
0.839574	0.9	0.00697204
0.861102	0.9	0
0	0.925	0.190119
0.0218825	0.925	0.189975
0.043765	0.925	0.189542
0.0656474	0.925	0.188822
0.0875299	0.925	0.187813
0.109412	0.925	0.186519
0.131295	0.925	0.184938
0.153177	0.925	0.183074
0.17506	0.925	0.180926
0.196942	0.925	0.178497
0.218825	0.925	0.17579
0.240707	0.925	0.172806
0.26259	0.925	0.169549
0.284472	0.925	0.166021
0.306355	0.925	0.162227
0.328237	0.925	0.158169
0.35012	0.925	0.153854
0.372002	0.925	0.149285
0.393885	0.925	0.144468
0.415767	0.925	0.13941
0.43765	0.925	0.134116
0.459532	0.925	0.128596
0.481414	0.925	0.122857
0.503297	0.925	0.116907
0.525179	0.925	0.110758
0.547062	0.925	0.104421
0.568944	0.925	0.0979079
0.590827	0.925	0.0912323
0.612709	0.925	0.0844095
0.634592	0.925	0.0774566
0.656474	0.925	0.0703924
0.678357	0.925	0.063238
0.700239	0.925	0.0560171
0.722122	0.925	0.0487563
0.744004	0.925	0.0414859
0.765887	0.925	0.0342403
0.787769	0.925	0.0270593
0.809652	0.925	0.0199887
0.831534	0.925	0.0130817
0.853417	0.925	0.00639874
0.875299	0.925	0
0	0.95	0.190742
0.0222374	0.95	0.190594
0.0444748	0.95	0.190149
0.0667122	0.95	0.189407
0.0889496	0.95	0.188368
0.111187	0.95	0.187035
0.133424	0.95	0.185408
0.155662	0.95	0.183488
0.177899	0.95	0.181277
0.200137	0.95	0.178777
0.222374	0.95	0.175991
0.244611	0.95	0.172921
0.266849	0.95	0.16957
0.289086	0.95	0.165942
0.311324	0.95	0.162041
0.333561	0.95	0.157872
0.355799	0.95	0.153438
0.378036	0.95	0.148746
0.400273	0.95	0.143803
0.422511	0.95	0.138614
0.444748	0.95	0.133187
0.466986	0.95	0.127531
0.489223	0.95	0.121656
0.51146	0.95	0.11557
0.533698	0.95	0.109287
0.555935	0.95	0.102819
0.578173	0.95	0.0961792
0.60041	0.95	0.0893842
0.622647	0.95	0.0824515
0.644885	0.95	0.0754009
0.667122	0.95	0.0682548
0.68936	0.95	0.0610383
0.711597	0.95	0.0537805
0.733834	0.95	0.0465145
0.756072	0.95	0.039279
0.778309	0.95	0.0321196
0.800547	0.95	0.0250916
0.822784	0.95	0.0182639
0.845021	0.95	0.0117262
0.867259	0.95	0.00559408
0.889496	0.95	0
0	0.975	0.191117
0.0225923	0.975	0.190964
0.0451847	0.975	0.190505
0.067777	0.975	0.18974
0.0903694	0.975	0.188671
0.112962	0.975	0.187297
0.135554	0.975	0.18562
0.158146	0.975	0.183642
0.180739	0.975	0.181364
0.203331	0.975	0.17879
0.225923	0.975	0.17592
0.248516	0.975	0.17276
0.271108	0.975	0.16931
0.2937	0.975	0.165577
0.316293	0.975	0.161563
0.338885	0.975	0.157274
0.361477	0.975	0.152715
0.38407	0.975	0.147892
0.406662	0.975	0.142812
0.429254	0.975	0.137483
0.451847	0.975	0.131913
0.474439	0.975	0.126111
0.497031	0.975	0.120088
0.519624	0.975	0.113854
0.542216	0.975	0.107424
0.564808	0.975	0.10081
0.587401	0.975	0.0940295
0.609993	0.975	0.0870996
0.632585	0.975	0.0800406
0.655178	0.975	0.0728752
0.67777	0.975	0.0656292
0.700363	0.975	0.0583322
0.722955	0.975	0.0510186
0.745547	0.975	0.0437284
0.76814	0.975	0.0365092
0.790732	0.975	0.0294188
0.813324	0.975	0.022531
0.835917	0.975	0.0159486
0.858509	0.975	0.00982709
0.881101	0.975	0.00440542
0.903694	0.975	0
0	1	0.191242
0.0229473	1	0.191084
0.0458945	1	0.190611
0.0688418	1	0.189822
0.0917891	1	0.188719
0.114736	1	0.187303
0.137684	1	0.185574
0.160631	1	0.183535
0.183578	1	0.181187
0.206525	1	0.178534
0.229473	1	0.175576
0.25242	1	0.172319
0.275367	1	0.168766
0.298315	1	0.164919
0.321262	1	0.160786
0.344209	1	0.156369
0.367156	1	0.151676
0.390104	1	0.146714
0.413051	1	0.141488
0.435998	1	0.136008
0.458945	1	0.130282
0.481893	1	0.124321
0.50484	1	0.118136
0.527787	1	0.11174
0.550735	1	0.105146
0.573682	1	0.0983701
0.596629	1	0.0914299
0.619576	1	0.0843451
0.642524	1	0.077138
0.665471	1	0.069834
0.688418	1	0.0624622
0.711365	1	0.0550563
0.734313	1	0.0476554
0.75726	1	0.0403054
0.780207	1	0.0330604
0.803154	1	0.0259862
0.826102	1	0.019171
0.849049	1	0.0127585
0.871996	1	0.00702488
0.894944	1	0.00250071
0.917891	1	0
