0	0	0
0.0125	0	0
0.025	0	0
0.0375	0	0
0.05	0	0
0.0625	0	0
0.075	0	0
0.0875	0	0
0.1	0	0
0.1125	0	0
0.125	0	0
0.1375	0	0
0.15	0	0
0.1625	0	0
0.175	0	0
0.1875	0	0
0.2	0	0
0.2125	0	0
0.225	0	0
0.2375	0	0
0.25	0	0
0.2625	0	0
0.275	0	0
0.2875	0	0
0.3	0	0
0.3125	0	0
0.325	0	0
0.3375	0	0
0.35	0	0
0.3625	0	0
0.375	0	0
0.3875	0	0
0.4	0	0
0.4125	0	0
0.425	0	0
0.4375	0	0
0.45	0	0
0.4625	0	0
0.475	0	0
0.4875	0	0
0.5	0	0
0	0.0025	0.000244706
0.0131219	0.0025	0.000244708
0.0262437	0.0025	0.000244705
0.0393656	0.0025	0.000244698
0.0524875	0.0025	0.00024469
0.0656093	0.0025	0.000244679
0.0787312	0.0025	0.000244667
0.0918531	0.0025	0.000244653
0.104975	0.0025	0.000244639
0.118097	0.0025	0.000244624
0.131219	0.0025	0.000244609
0.144341	0.0025	0.000244595
0.157462	0.0025	0.000244581
0.170584	0.0025	0.000244568
0.183706	0.0025	0.000244555
0.196828	0.0025	0.000244542
0.20995	0.0025	0.000244529
0.223072	0.0025	0.000244513
0.236194	0.0025	0.000244495
0.249315	0.0025	0.000244473
0.262437	0.0025	0.000244446
0.275559	0.0025	0.000244414
0.288681	0.0025	0.000244378
0.301803	0.0025	0.00024434
0.314925	0.0025	0.000244304
0.328047	0.0025	0.000244276
0.341169	0.0025	0.000244259
0.35429	0.0025	0.000244257
0.367412	0.0025	0.00024426
0.380534	0.0025	0.000244239
0.393656	0.0025	0.000244127
0.406778	0.0025	0.000243781
0.4199	0.0025	0.000242932
0.433022	0.0025	0.0002411
0.446143	0.0025	0.000237454
0.459265	0.0025	0.000230598
0.472387	0.0025	0.000218242
0.485509	0.0025	0.000196695
0.498631	0.0025	0.000160095
0.511753	0.0025	9.92632e-05
0.524875	0.0025	0
0	0.005	0.000483169
0.0137437	0.005	0.000483173
0.0274875	0.005	0.000483165
0.0412312	0.005	0.000483151
0.0549749	0.005	0.000483132
0.0687187	0.005	0.000483109
0.0824624	0.005	0.000483083
0.0962061	0.005	0.000483054
0.10995	0.005	0.000483024
0.123694	0.005	0.000482993
0.137437	0.005	0.000482962
0.151181	0.005	0.000482933
0.164925	0.005	0.000482905
0.178669	0.005	0.000482878
0.192412	0.005	0.000482852
0.206156	0.005	0.000482824
0.2199	0.005	0.000482794
0.233643	0.005	0.000482758
0.247387	0.005	0.000482714
0.261131	0.005	0.00048266
0.274875	0.005	0.000482595
0.288618	0.005	0.00048252
0.302362	0.005	0.000482438
0.316106	0.005	0.000482355
0.32985	0.005	0.000482273
0.343593	0.005	0.000482192
0.357337	0.005	0.000482088
0.371081	0.005	0.000481907
0.384825	0.005	0.000481523
0.398568	0.005	0.000480694
0.412312	0.005	0.000478994
0.426056	0.005	0.000475715
0.439799	0.005	0.000469737
0.453543	0.005	0.000459381
0.467287	0.005	0.000442245
0.481031	0.005	0.000415093
0.494774	0.005	0.000373867
0.508518	0.005	0.000314029
0.522262	0.005	0.000231537
0.536006	0.005	0.000125014
0.549749	0.005	0
0	0.0075	0.000715392
0.0143656	0.0075	0.000715397
0.0287312	0.0075	0.000715384
0.0430968	0.0075	0.000715362
0.0574624	0.0075	0.000715331
0.071828	0.0075	0.000715294
0.0861936	0.0075	0.000715252
0.100559	0.0075	0.000715206
0.114925	0.0075	0.000715159
0.12929	0.0075	0.000715111
0.143656	0.0075	0.000715064
0.158022	0.0075	0.000715019
0.172387	0.0075	0.000714977
0.186753	0.0075	0.000714936
0.201118	0.0075	0.000714895
0.215484	0.0075	0.000714851
0.22985	0.0075	0.000714798
0.244215	0.0075	0.000714734
0.258581	0.0075	0.000714654
0.272946	0.0075	0.000714556
0.287312	0.0075	0.000714439
0.301678	0.0075	0.000714304
0.316043	0.0075	0.000714152
0.330409	0.0075	0.000713977
0.344774	0.0075	0.000713753
0.35914	0.0075	0.000713414
0.373506	0.0075	0.000712818
0.387871	0.0075	0.000711694
0.402237	0.0075	0.000709576
0.416602	0.0075	0.000705706
0.430968	0.0075	0.000698932
0.445334	0.0075	0.000687603
0.459699	0.0075	0.000669492
0.474065	0.0075	0.000641795
0.48843	0.0075	0.000601276
0.502796	0.0075	0.000544634
0.517162	0.0075	0.000469172
0.531527	0.0075	0.000373779
0.545893	0.0075	0.000260052
0.560258	0.0075	0.000133005
0.574624	0.0075	0
0	0.01	0.000941378
0.0149875	0.01	0.000941384
0.0299749	0.01	0.000941365
0.0449624	0.01	0.000941333
0.0599499	0.01	0.00094129
0.0749373	0.01	0.000941237
0.0899248	0.01	0.000941178
0.104912	0.01	0.000941114
0.1199	0.01	0.000941048
0.134887	0.01	0.000940982
0.149875	0.01	0.000940919
0.164862	0.01	0.00094086
0.17985	0.01	0.000940804
0.194837	0.01	0.000940748
0.209825	0.01	0.00094069
0.224812	0.01	0.000940624
0.239799	0.01	0.000940542
0.254787	0.01	0.00094044
0.269774	0.01	0.00094031
0.284762	0.01	0.000940149
0.299749	0.01	0.000939952
0.314737	0.01	0.000939711
0.329724	0.01	0.000939401
0.344712	0.01	0.000938962
0.359699	0.01	0.000938267
0.374687	0.01	0.000937068
0.389674	0.01	0.000934934
0.404662	0.01	0.000931164
0.419649	0.01	0.000924692
0.434637	0.01	0.000914004
0.449624	0.01	0.000897083
0.464612	0.01	0.000871432
0.479599	0.01	0.000834211
0.494586	0.01	0.000782545
0.509574	0.01	0.000714006
0.524561	0.01	0.000627254
0.539549	0.01	0.000522685
0.554536	0.01	0.000402857
0.569524	0.01	0.00027231
0.584511	0.01	0.000136499
0.599499	0.01	0
0	0.0125	0.00116113
0.0156093	0.0125	0.00116114
0.0312187	0.0125	0.00116111
0.046828	0.0125	0.00116107
0.0624373	0.0125	0.00116101
0.0780467	0.0125	0.00116094
0.093656	0.0125	0.00116086
0.109265	0.0125	0.00116078
0.124875	0.0125	0.0011607
0.140484	0.0125	0.00116061
0.156093	0.0125	0.00116053
0.171703	0.0125	0.00116046
0.187312	0.0125	0.00116039
0.202921	0.0125	0.00116032
0.218531	0.0125	0.00116024
0.23414	0.0125	0.00116014
0.249749	0.0125	0.00116002
0.265359	0.0125	0.00115987
0.280968	0.0125	0.00115967
0.296577	0.0125	0.0011594
0.312187	0.0125	0.00115906
0.327796	0.0125	0.00115859
0.343405	0.0125	0.00115789
0.359015	0.0125	0.00115677
0.374624	0.0125	0.00115487
0.390233	0.0125	0.00115161
0.405843	0.0125	0.00114607
0.421452	0.0125	0.00113694
0.437061	0.0125	0.00112243
0.452671	0.0125	0.0011003
0.46828	0.0125	0.00106795
0.483889	0.0125	0.00102266
0.499499	0.0125	0.000961992
0.515108	0.0125	0.000884227
0.530717	0.0125	0.000788923
0.546327	0.0125	0.000677278
0.561936	0.0125	0.000552193
0.577545	0.0125	0.00041784
0.593155	0.0125	0.000278755
0.608764	0.0125	0.000138718
0.624373	0.0125	0
0	0.015	0.00137465
0.0162312	0.015	0.00137466
0.0324624	0.015	0.00137463
0.0486936	0.015	0.00137457
0.0649248	0.015	0.0013745
0.081156	0.015	0.00137441
0.0973872	0.015	0.00137431
0.113618	0.015	0.00137421
0.12985	0.015	0.00137411
0.146081	0.015	0.001374
0.162312	0.015	0.00137391
0.178543	0.015	0.00137382
0.194774	0.015	0.00137374
0.211006	0.015	0.00137365
0.227237	0.015	0.00137355
0.243468	0.015	0.00137341
0.259699	0.015	0.00137324
0.27593	0.015	0.001373
0.292162	0.015	0.00137268
0.308393	0.015	0.00137224
0.324624	0.015	0.00137161
0.340855	0.015	0.00137064
0.357086	0.015	0.00136908
0.373318	0.015	0.00136648
0.389549	0.015	0.00136212
0.40578	0.015	0.00135492
0.422011	0.015	0.00134335
0.438242	0.015	0.00132545
0.454474	0.015	0.00129883
0.470705	0.015	0.00126089
0.486936	0.015	0.00120907
0.503167	0.015	0.00114128
0.519398	0.015	0.00105634
0.53563	0.015	0.000954391
0.551861	0.015	0.000837054
0.568092	0.015	0.000707354
0.584323	0.015	0.000569203
0.600555	0.015	0.000426631
0.616786	0.015	0.000282984
0.633017	0.015	0.000140435
0.649248	0.015	0
0	0.0175	0.00158195
0.0168531	0.0175	0.00158196
0.0337061	0.0175	0.00158191
0.0505592	0.0175	0.00158185
0.0674123	0.0175	0.00158176
0.0842654	0.0175	0.00158165
0.101118	0.0175	0.00158153
0.117971	0.0175	0.0015814
0.134825	0.0175	0.00158128
0.151678	0.0175	0.00158117
0.168531	0.0175	0.00158106
0.185384	0.0175	0.00158096
0.202237	0.0175	0.00158086
0.21909	0.0175	0.00158075
0.235943	0.0175	0.00158061
0.252796	0.0175	0.00158042
0.269649	0.0175	0.00158017
0.286502	0.0175	0.0015798
0.303355	0.0175	0.00157928
0.320208	0.0175	0.0015785
0.337061	0.0175	0.0015773
0.353914	0.0175	0.00157535
0.370768	0.0175	0.00157214
0.387621	0.0175	0.00156683
0.404474	0.0175	0.00155822
0.421327	0.0175	0.00154463
0.43818	0.0175	0.00152396
0.455033	0.0175	0.00149376
0.471886	0.0175	0.00145141
0.488739	0.0175	0.00139452
0.505592	0.0175	0.00132126
0.522445	0.0175	0.0012308
0.539298	0.0175	0.00112363
0.556151	0.0175	0.00100162
0.573004	0.0175	0.000867839
0.589857	0.0175	0.000726006
0.606711	0.0175	0.000579866
0.623564	0.0175	0.000432536
0.640417	0.0175	0.000286141
0.65727	0.0175	0.000141814
0.674123	0.0175	0
0	0.02	0.00178302
0.0174749	0.02	0.00178303
0.0349499	0.02	0.00178298
0.0524248	0.02	0.00178289
0.0698997	0.02	0.00178278
0.0873747	0.02	0.00178266
0.10485	0.02	0.00178251
0.122325	0.02	0.00178237
0.139799	0.02	0.00178223
0.157274	0.02	0.0017821
0.174749	0.02	0.00178198
0.192224	0.02	0.00178186
0.209699	0.02	0.00178175
0.227174	0.02	0.00178161
0.244649	0.02	0.00178142
0.262124	0.02	0.00178116
0.279599	0.02	0.00178078
0.297074	0.02	0.0017802
0.314549	0.02	0.00177932
0.332024	0.02	0.00177794
0.349499	0.02	0.0017757
0.366974	0.02	0.00177202
0.384449	0.02	0.001766
0.401924	0.02	0.00175633
0.419398	0.02	0.00174124
0.436873	0.02	0.00171854
0.454348	0.02	0.0016857
0.471823	0.02	0.00164015
0.489298	0.02	0.00157955
0.506773	0.02	0.00150226
0.524248	0.02	0.00140767
0.541723	0.02	0.00129646
0.559198	0.02	0.00117063
0.576673	0.02	0.00103323
0.594148	0.02	0.000887882
0.611623	0.02	0.00073817
0.629098	0.02	0.000587106
0.646573	0.02	0.00043682
0.664048	0.02	0.000288552
0.681523	0.02	0.000142877
0.698997	0.02	0
0	0.0225	0.00197787
0.0180968	0.0225	0.00197788
0.0361936	0.0225	0.00197782
0.0542904	0.0225	0.00197772
0.0723872	0.0225	0.00197759
0.090484	0.0225	0.00197744
0.108581	0.0225	0.00197728
0.126678	0.0225	0.00197711
0.144774	0.0225	0.00197695
0.162871	0.0225	0.00197681
0.180968	0.0225	0.00197667
0.199065	0.0225	0.00197655
0.217162	0.0225	0.00197641
0.235258	0.0225	0.00197623
0.253355	0.0225	0.00197598
0.271452	0.0225	0.0019756
0.289549	0.0225	0.00197501
0.307646	0.0225	0.00197409
0.325742	0.0225	0.0019726
0.343839	0.0225	0.00197019
0.361936	0.0225	0.00196622
0.380033	0.0225	0.00195976
0.39813	0.0225	0.00194943
0.416226	0.0225	0.00193342
0.434323	0.0225	0.00190944
0.45242	0.0225	0.00187495
0.470517	0.0225	0.00182733
0.488614	0.0225	0.00176431
0.506711	0.0225	0.00168431
0.524807	0.0225	0.00158681
0.542904	0.0225	0.00147259
0.561001	0.0225	0.00134369
0.579098	0.0225	0.00120314
0.597195	0.0225	0.00105449
0.615291	0.0225	0.000901258
0.633388	0.0225	0.000746433
0.651485	0.0225	0.000592203
0.669582	0.0225	0.000439924
0.687679	0.0225	0.000290295
0.705775	0.0225	0.000143614
0.723872	0.0225	0
0	0.025	0.0021665
0.0187187	0.025	0.00216651
0.0374373	0.025	0.00216644
0.056156	0.025	0.00216632
0.0748747	0.025	0.00216617
0.0935934	0.025	0.002166
0.112312	0.025	0.00216581
0.131031	0.025	0.00216563
0.149749	0.025	0.00216545
0.168468	0.025	0.0021653
0.187187	0.025	0.00216515
0.205905	0.025	0.00216501
0.224624	0.025	0.00216485
0.243343	0.025	0.00216462
0.262061	0.025	0.00216426
0.28078	0.025	0.0021637
0.299499	0.025	0.00216279
0.318217	0.025	0.00216129
0.336936	0.025	0.00215883
0.355655	0.025	0.00215477
0.374373	0.025	0.00214815
0.393092	0.025	0.00213759
0.411811	0.025	0.00212121
0.430529	0.025	0.00209671
0.449248	0.025	0.00206149
0.467967	0.025	0.00201292
0.486685	0.025	0.00194868
0.505404	0.025	0.00186718
0.524123	0.025	0.00176792
0.542841	0.025	0.00165166
0.56156	0.025	0.00152042
0.580279	0.025	0.0013772
0.598997	0.025	0.00122551
0.617716	0.025	0.00106886
0.636435	0.025	0.000910277
0.655154	0.025	0.000752054
0.673872	0.025	0.000595679
0.692591	0.025	0.000441986
0.71131	0.025	0.000291375
0.730028	0.025	0.000144017
0.748747	0.025	0
0	0.0275	0.00234892
0.0193405	0.0275	0.00234892
0.0386811	0.0275	0.00234884
0.0580216	0.0275	0.00234871
0.0773622	0.0275	0.00234854
0.0967027	0.0275	0.00234834
0.116043	0.0275	0.00234813
0.135384	0.0275	0.00234793
0.154724	0.0275	0.00234774
0.174065	0.0275	0.00234757
0.193405	0.0275	0.00234742
0.212746	0.0275	0.00234726
0.232086	0.0275	0.00234706
0.251427	0.0275	0.00234675
0.270768	0.0275	0.00234624
0.290108	0.0275	0.00234539
0.309449	0.0275	0.00234397
0.328789	0.0275	0.00234159
0.34813	0.0275	0.00233762
0.36747	0.0275	0.00233113
0.386811	0.0275	0.00232071
0.406151	0.0275	0.00230451
0.425492	0.0275	0.0022802
0.444832	0.0275	0.00224514
0.464173	0.0275	0.00219663
0.483513	0.0275	0.0021323
0.502854	0.0275	0.00205047
0.522195	0.0275	0.00195054
0.541535	0.0275	0.0018332
0.560876	0.0275	0.00170038
0.580216	0.0275	0.00155502
0.599557	0.0275	0.00140061
0.618897	0.0275	0.00124071
0.638238	0.0275	0.00107841
0.657578	0.0275	0.000916164
0.676919	0.0275	0.000755609
0.696259	0.0275	0.000597731
0.7156	0.0275	0.000443043
0.73494	0.0275	0.000291786
0.754281	0.0275	0.000144081
0.773622	0.0275	0
0	0.03	0.00252512
0.0199624	0.03	0.00252513
0.0399248	0.03	0.00252503
0.0598872	0.03	0.00252488
0.0798496	0.03	0.00252469
0.099812	0.03	0.00252447
0.119774	0.03	0.00252424
0.139737	0.03	0.00252402
0.159699	0.03	0.00252382
0.179662	0.03	0.00252364
0.199624	0.03	0.00252348
0.219586	0.03	0.0025233
0.239549	0.03	0.00252304
0.259511	0.03	0.00252261
0.279474	0.03	0.00252187
0.299436	0.03	0.00252059
0.319398	0.03	0.0025184
0.339361	0.03	0.0025147
0.359323	0.03	0.00250856
0.379286	0.03	0.00249864
0.399248	0.03	0.0024831
0.419211	0.03	0.00245961
0.439173	0.03	0.00242552
0.459135	0.03	0.00237805
0.479098	0.03	0.00231469
0.49906	0.03	0.00223365
0.519023	0.03	0.00213414
0.538985	0.03	0.00201668
0.558947	0.03	0.00188308
0.57891	0.03	0.00173619
0.598872	0.03	0.00157947
0.618835	0.03	0.00141654
0.638797	0.03	0.00125063
0.658759	0.03	0.00108435
0.678722	0.03	0.000919539
0.698684	0.03	0.00075735
0.718647	0.03	0.000598428
0.738609	0.03	0.0004431
0.758571	0.03	0.000291527
0.778534	0.03	0.000143805
0.798496	0.03	0
0	0.0325	0.00269512
0.0205843	0.0325	0.00269512
0.0411685	0.0325	0.00269501
0.0617528	0.0325	0.00269484
0.0823371	0.0325	0.00269462
0.102921	0.0325	0.00269438
0.123506	0.0325	0.00269413
0.14409	0.0325	0.00269389
0.164674	0.0325	0.00269368
0.185258	0.0325	0.0026935
0.205843	0.0325	0.00269333
0.226427	0.0325	0.00269311
0.247011	0.0325	0.00269277
0.267596	0.0325	0.00269217
0.28818	0.0325	0.00269109
0.308764	0.0325	0.00268917
0.329348	0.0325	0.00268587
0.349933	0.0325	0.00268029
0.370517	0.0325	0.00267115
0.391101	0.0325	0.00265668
0.411685	0.0325	0.00263458
0.43227	0.0325	0.00260216
0.452854	0.0325	0.00255659
0.473438	0.0325	0.00249523
0.494023	0.0325	0.00241604
0.514607	0.0325	0.00231803
0.535191	0.0325	0.00220148
0.555775	0.0325	0.00206797
0.57636	0.0325	0.00192024
0.596944	0.0325	0.00176173
0.617528	0.0325	0.00159609
0.638112	0.0325	0.00142673
0.658697	0.0325	0.00125645
0.679281	0.0325	0.00108733
0.699865	0.0325	0.000920705
0.72045	0.0325	0.000757385
0.741034	0.0325	0.000597796
0.761618	0.0325	0.00044216
0.782202	0.0325	0.000290599
0.802787	0.0325	0.000143192
0.823371	0.0325	0
0	0.035	0.00285891
0.0212061	0.035	0.00285891
0.0424123	0.035	0.00285879
0.0636184	0.035	0.00285859
0.0848246	0.035	0.00285835
0.106031	0.035	0.00285808
0.127237	0.035	0.00285781
0.148443	0.035	0.00285756
0.169649	0.035	0.00285735
0.190855	0.035	0.00285716
0.212061	0.035	0.00285697
0.233268	0.035	0.00285671
0.254474	0.035	0.00285625
0.27568	0.035	0.00285539
0.296886	0.035	0.00285381
0.318092	0.035	0.00285099
0.339298	0.035	0.00284612
0.360504	0.035	0.00283799
0.381711	0.035	0.00282491
0.402917	0.035	0.00280464
0.424123	0.035	0.00277452
0.445329	0.035	0.00273163
0.466535	0.035	0.00267317
0.487741	0.035	0.00259689
0.508947	0.035	0.00250147
0.530154	0.035	0.00238687
0.55136	0.035	0.00225443
0.572566	0.035	0.00210667
0.593772	0.035	0.00194698
0.614978	0.035	0.00177906
0.636184	0.035	0.0016065
0.65739	0.035	0.00143232
0.678596	0.035	0.00125886
0.699803	0.035	0.00108769
0.721009	0.035	0.000919809
0.742215	0.035	0.000755762
0.763421	0.035	0.000595848
0.784627	0.035	0.00044023
0.805833	0.035	0.000289006
0.827039	0.035	0.000142246
0.848246	0.035	0
0	0.0375	0.00301649
0.021828	0.0375	0.00301649
0.043656	0.0375	0.00301635
0.065484	0.0375	0.00301614
0.087312	0.0375	0.00301587
0.10914	0.0375	0.00301558
0.130968	0.0375	0.00301529
0.152796	0.0375	0.00301503
0.174624	0.0375	0.00301481
0.196452	0.0375	0.00301462
0.21828	0.0375	0.00301441
0.240108	0.0375	0.00301408
0.261936	0.0375	0.00301345
0.283764	0.0375	0.00301222
0.305592	0.0375	0.00300994
0.32742	0.0375	0.00300587
0.349248	0.0375	0.0029989
0.371076	0.0375	0.00298743
0.392904	0.0375	0.00296934
0.414732	0.0375	0.002942
0.43656	0.0375	0.00290245
0.458388	0.0375	0.00284773
0.480216	0.0375	0.00277533
0.502044	0.0375	0.00268357
0.523872	0.0375	0.00257205
0.5457	0.0375	0.00244172
0.567528	0.0375	0.00229487
0.589356	0.0375	0.00213475
0.611184	0.0375	0.00196511
0.633012	0.0375	0.0017897
0.65484	0.0375	0.0016118
0.676668	0.0375	0.00143403
0.698496	0.0375	0.00125824
0.720324	0.0375	0.00108563
0.742152	0.0375	0.000916925
0.76398	0.0375	0.000752508
0.785808	0.0375	0.000592597
0.807636	0.0375	0.00043732
0.829464	0.0375	0.000286758
0.851292	0.0375	0.000140971
0.87312	0.0375	0
0	0.04	0.00316788
0.0224499	0.04	0.00316787
0.0448997	0.04	0.00316772
0.0673496	0.04	0.00316748
0.0897995	0.04	0.00316719
0.112249	0.04	0.00316688
0.134699	0.04	0.00316657
0.157149	0.04	0.0031663
0.179599	0.04	0.00316608
0.202049	0.04	0.00316588
0.224499	0.04	0.00316564
0.246949	0.04	0.00316521
0.269398	0.04	0.00316433
0.291848	0.04	0.0031626
0.314298	0.04	0.00315936
0.336748	0.04	0.00315361
0.359198	0.04	0.0031439
0.381648	0.04	0.00312822
0.404098	0.04	0.00310401
0.426548	0.04	0.00306832
0.448997	0.04	0.00301807
0.471447	0.04	0.00295044
0.493897	0.04	0.00286341
0.516347	0.04	0.00275608
0.538797	0.04	0.00262901
0.561247	0.04	0.00248412
0.583697	0.04	0.00232449
0.606147	0.04	0.00215384
0.628596	0.04	0.00197607
0.651046	0.04	0.00179473
0.673496	0.04	0.00161275
0.695946	0.04	0.00143229
0.718396	0.04	0.00125483
0.740846	0.04	0.00108125
0.763296	0.04	0.000912098
0.785746	0.04	0.000747644
0.808195	0.04	0.000588058
0.830645	0.04	0.000433441
0.853095	0.04	0.000283863
0.875545	0.04	0.000139371
0.897995	0.04	0
0	0.0425	0.00331306
0.0230717	0.0425	0.00331305
0.0461435	0.0425	0.00331288
0.0692152	0.0425	0.00331263
0.092287	0.0425	0.00331231
0.115359	0.0425	0.00331197
0.13843	0.0425	0.00331165
0.161502	0.0425	0.00331138
0.184574	0.0425	0.00331116
0.207646	0.0425	0.00331095
0.230717	0.0425	0.00331066
0.253789	0.0425	0.00331008
0.276861	0.0425	0.00330886
0.299933	0.0425	0.00330643
0.323004	0.0425	0.00330192
0.346076	0.0425	0.003294
0.369148	0.0425	0.00328084
0.39222	0.0425	0.00325999
0.415291	0.0425	0.00322854
0.438363	0.0425	0.00318332
0.461435	0.0425	0.00312126
0.484507	0.0425	0.00303993
0.507578	0.0425	0.00293795
0.53065	0.0425	0.00281535
0.553722	0.0425	0.00267362
0.576794	0.0425	0.00251553
0.599865	0.0425	0.00234475
0.622937	0.0425	0.00216527
0.646009	0.0425	0.0019809
0.669081	0.0425	0.0017949
0.692152	0.0425	0.00160981
0.715224	0.0425	0.00142738
0.738296	0.0425	0.00124876
0.761367	0.0425	0.00107462
0.784439	0.0425	0.00090536
0.807511	0.0425	0.000741191
0.830583	0.0425	0.000582245
0.853654	0.0425	0.000428605
0.876726	0.0425	0.000280328
0.899798	0.0425	0.000137451
0.92287	0.0425	0
0	0.045	0.00345205
0.0236936	0.045	0.00345204
0.0473872	0.045	0.00345185
0.0710808	0.045	0.00345157
0.0947744	0.045	0.00345123
0.118468	0.045	0.00345087
0.142162	0.045	0.00345053
0.165855	0.045	0.00345026
0.189549	0.045	0.00345004
0.213242	0.045	0.00344983
0.236936	0.045	0.00344946
0.26063	0.045	0.00344868
0.284323	0.045	0.00344699
0.308017	0.045	0.00344364
0.331711	0.045	0.00343748
0.355404	0.045	0.00342682
0.379098	0.045	0.00340941
0.402791	0.045	0.00338243
0.426485	0.045	0.00334264
0.450179	0.045	0.0032868
0.473872	0.045	0.00321207
0.497566	0.045	0.00311655
0.521259	0.045	0.00299967
0.544953	0.045	0.00286239
0.568647	0.045	0.00270708
0.59234	0.045	0.00253723
0.616034	0.045	0.00235687
0.639727	0.045	0.00217004
0.663421	0.045	0.00198036
0.687115	0.045	0.00179074
0.710808	0.045	0.0016033
0.734502	0.045	0.00141946
0.758195	0.045	0.00124012
0.781889	0.045	0.00106578
0.805583	0.045	0.000896736
0.829276	0.045	0.000733168
0.85297	0.045	0.000575174
0.876664	0.045	0.000422823
0.900357	0.045	0.000276161
0.924051	0.045	0.000135214
0.947744	0.045	0
0	0.0475	0.00358484
0.0243155	0.0475	0.00358483
0.048631	0.0475	0.00358463
0.0729464	0.0475	0.00358432
0.0972619	0.0475	0.00358395
0.121577	0.0475	0.00358357
0.145893	0.0475	0.00358323
0.170208	0.0475	0.00358296
0.194524	0.0475	0.00358274
0.218839	0.0475	0.00358251
0.243155	0.0475	0.00358204
0.26747	0.0475	0.00358097
0.291786	0.0475	0.00357866
0.316101	0.0475	0.00357412
0.340417	0.0475	0.00356587
0.364732	0.0475	0.00355185
0.389048	0.0475	0.00352937
0.413363	0.0475	0.00349525
0.437679	0.0475	0.0034461
0.461994	0.0475	0.00337873
0.48631	0.0475	0.0032907
0.510625	0.0475	0.0031808
0.53494	0.0475	0.00304934
0.559256	0.0475	0.00289819
0.583571	0.0475	0.00273053
0.607887	0.0475	0.00255033
0.632202	0.0475	0.00236182
0.656518	0.0475	0.00216894
0.680833	0.0475	0.00197503
0.705149	0.0475	0.0017826
0.729464	0.0475	0.00159343
0.75378	0.0475	0.00140866
0.778095	0.0475	0.00122897
0.802411	0.0475	0.00105476
0.826726	0.0475	0.000886253
0.851042	0.0475	0.000723594
0.875357	0.0475	0.00056686
0.899673	0.0475	0.000416107
0.923988	0.0475	0.000271367
0.948304	0.0475	0.000132662
0.972619	0.0475	0
0	0.05	0.00371144
0.0249373	0.05	0.00371143
0.0498747	0.05	0.00371121
0.074812	0.05	0.00371088
0.0997494	0.05	0.00371048
0.124687	0.05	0.00371008
0.149624	0.05	0.00370973
0.174561	0.05	0.00370947
0.199499	0.05	0.00370926
0.224436	0.05	0.00370899
0.249373	0.05	0.00370838
0.274311	0.05	0.00370693
0.299248	0.05	0.00370382
0.324185	0.05	0.00369776
0.349123	0.05	0.00368694
0.37406	0.05	0.00366886
0.398997	0.05	0.00364045
0.423935	0.05	0.00359826
0.448872	0.05	0.00353881
0.47381	0.05	0.00345917
0.498747	0.05	0.00335745
0.523684	0.05	0.00323323
0.548622	0.05	0.00308775
0.573559	0.05	0.00292373
0.598496	0.05	0.00274495
0.623434	0.05	0.00255575
0.648371	0.05	0.00236037
0.673308	0.05	0.00216255
0.698246	0.05	0.00196528
0.723183	0.05	0.00177072
0.74812	0.05	0.00158034
0.773058	0.05	0.00139504
0.797995	0.05	0.00121535
0.822932	0.05	0.00104159
0.84787	0.05	0.000873933
0.872807	0.05	0.000712486
0.897744	0.05	0.000557315
0.922682	0.05	0.000408463
0.947619	0.05	0.000265952
0.972556	0.05	0.000129796
0.997494	0.05	0
0	0.0525	0.00383186
0.0255592	0.0525	0.00383184
0.0511184	0.0525	0.0038316
0.0766776	0.0525	0.00383124
0.102237	0.0525	0.00383082
0.127796	0.0525	0.00383041
0.153355	0.0525	0.00383005
0.178914	0.0525	0.0038298
0.204474	0.0525	0.00382959
0.230033	0.0525	0.00382927
0.255592	0.0525	0.00382846
0.281151	0.0525	0.00382652
0.306711	0.0525	0.00382238
0.33227	0.0525	0.00381445
0.357829	0.0525	0.00380051
0.383388	0.0525	0.00377766
0.408947	0.0525	0.00374247
0.434507	0.0525	0.00369129
0.460066	0.0525	0.00362075
0.485625	0.0525	0.00352829
0.511184	0.0525	0.00341272
0.536743	0.0525	0.00327449
0.562303	0.0525	0.00311571
0.587862	0.0525	0.00293986
0.613421	0.0525	0.00275121
0.63898	0.0525	0.00255424
0.664539	0.0525	0.00235311
0.690099	0.0525	0.00215128
0.715658	0.0525	0.00195139
0.741217	0.0525	0.00175528
0.766776	0.0525	0.00156413
0.792336	0.0525	0.00137867
0.817895	0.0525	0.00119931
0.843454	0.0525	0.00102631
0.869013	0.0525	0.000859796
0.894572	0.0525	0.00069986
0.920132	0.0525	0.000546551
0.945691	0.0525	0.000399898
0.97125	0.0525	0.000259918
0.996809	0.0525	0.000126618
1.02237	0.0525	0
0	0.055	0.00394608
0.0261811	0.055	0.00394606
0.0523622	0.055	0.0039458
0.0785432	0.055	0.00394542
0.104724	0.055	0.00394497
0.130905	0.055	0.00394454
0.157086	0.055	0.00394419
0.183268	0.055	0.00394395
0.209449	0.055	0.00394374
0.23563	0.055	0.00394334
0.261811	0.055	0.00394227
0.287992	0.055	0.00393969
0.314173	0.055	0.00393427
0.340354	0.055	0.00392406
0.366535	0.055	0.00390642
0.392716	0.055	0.00387806
0.418897	0.055	0.00383525
0.445078	0.055	0.00377427
0.471259	0.055	0.00369197
0.49744	0.055	0.00358633
0.523622	0.055	0.00345696
0.549803	0.055	0.00330519
0.575984	0.055	0.00313397
0.602165	0.055	0.00294738
0.628346	0.055	0.00275002
0.654527	0.055	0.00254642
0.680708	0.055	0.00234052
0.706889	0.055	0.00213548
0.73307	0.055	0.00193359
0.759251	0.055	0.0017364
0.785432	0.055	0.00154487
0.811613	0.055	0.00135959
0.837794	0.055	0.00118088
0.863976	0.055	0.00100893
0.890157	0.055	0.00084386
0.916338	0.055	0.000685728
0.942519	0.055	0.000534574
0.9687	0.055	0.000390417
0.994881	0.055	0.000253268
1.02106	0.055	0.00012313
1.04724	0.055	0
0	0.0575	0.00405412
0.0268029	0.0575	0.00405409
0.0536059	0.0575	0.00405381
0.0804088	0.0575	0.0040534
0.107212	0.0575	0.00405294
0.134015	0.0575	0.0040525
0.160818	0.0575	0.00405215
0.187621	0.0575	0.00405193
0.214424	0.0575	0.00405171
0.241226	0.0575	0.00405121
0.268029	0.0575	0.00404979
0.294832	0.0575	0.00404641
0.321635	0.0575	0.00403942
0.348438	0.0575	0.00402648
0.375241	0.0575	0.00400454
0.402044	0.0575	0.00396991
0.428847	0.0575	0.00391868
0.45565	0.0575	0.00384717
0.482453	0.0575	0.00375259
0.509256	0.0575	0.00363361
0.536059	0.0575	0.00349066
0.562862	0.0575	0.00332597
0.589665	0.0575	0.00314321
0.616468	0.0575	0.00294696
0.643271	0.0575	0.002742
0.670074	0.0575	0.00253276
0.696877	0.0575	0.00232294
0.723679	0.0575	0.00211536
0.750482	0.0575	0.00191201
0.777285	0.0575	0.00171417
0.804088	0.0575	0.00152263
0.830891	0.0575	0.00133784
0.857694	0.0575	0.00116008
0.884497	0.0575	0.000989483
0.9113	0.0575	0.00082614
0.938103	0.0575	0.000670101
0.964906	0.0575	0.000521391
0.991709	0.0575	0.000380024
1.01851	0.0575	0.000246003
1.04531	0.0575	0.00011933
1.07212	0.0575	0
0	0.06	0.00415598
0.0274248	0.06	0.00415594
0.0548496	0.06	0.00415564
0.0822744	0.06	0.00415521
0.109699	0.06	0.00415472
0.137124	0.06	0.00415427
0.164549	0.06	0.00415394
0.191974	0.06	0.00415373
0.219398	0.06	0.0041535
0.246823	0.06	0.00415285
0.274248	0.06	0.00415099
0.301673	0.06	0.00414662
0.329098	0.06	0.00413774
0.356523	0.06	0.00412159
0.383947	0.06	0.0040947
0.411372	0.06	0.00405308
0.438797	0.06	0.00399268
0.466222	0.06	0.00391002
0.493647	0.06	0.00380281
0.521071	0.06	0.00367047
0.548496	0.06	0.00351432
0.575921	0.06	0.00333741
0.603346	0.06	0.00314407
0.630771	0.06	0.00293919
0.658195	0.06	0.00272763
0.68562	0.06	0.00251364
0.713045	0.06	0.00230064
0.74047	0.06	0.00209112
0.767895	0.06	0.00188678
0.79532	0.06	0.00168867
0.822744	0.06	0.00149745
0.850169	0.06	0.00131347
0.877594	0.06	0.00113694
0.905019	0.06	0.000967977
0.932444	0.06	0.000806648
0.959868	0.06	0.000652986
0.987293	0.06	0.000507007
1.01472	0.06	0.00036872
1.04214	0.06	0.000238124
1.06957	0.06	0.000115218
1.09699	0.06	0
0	0.0625	0.00425165
0.0280467	0.0625	0.00425161
0.0560934	0.0625	0.00425129
0.08414	0.0625	0.00425083
0.112187	0.0625	0.00425032
0.140233	0.0625	0.00424987
0.16828	0.0625	0.00424955
0.196327	0.0625	0.00424936
0.224373	0.0625	0.0042491
0.25242	0.0625	0.00424825
0.280467	0.0625	0.00424584
0.308513	0.0625	0.00424026
0.33656	0.0625	0.00422914
0.364607	0.0625	0.00420928
0.392654	0.0625	0.00417681
0.4207	0.0625	0.00412747
0.448747	0.0625	0.00405723
0.476794	0.0625	0.0039629
0.50484	0.0625	0.00384284
0.532887	0.0625	0.00369728
0.560934	0.0625	0.00352842
0.58898	0.0625	0.00334008
0.617027	0.0625	0.00313709
0.645074	0.0625	0.00292458
0.67312	0.0625	0.00270733
0.701167	0.0625	0.00248939
0.729214	0.0625	0.00227385
0.75726	0.0625	0.0020629
0.785307	0.0625	0.00185798
0.813354	0.0625	0.00165996
0.8414	0.0625	0.00146937
0.869447	0.0625	0.00128648
0.897494	0.0625	0.00111148
0.92554	0.0625	0.00094443
0.953587	0.0625	0.000785392
0.981634	0.0625	0.000634387
1.00968	0.0625	0.000491424
1.03773	0.0625	0.000356506
1.06577	0.0625	0.000229631
1.09382	0.0625	0.000110796
1.12187	0.0625	0
0	0.065	0.00434114
0.0286685	0.065	0.0043411
0.0573371	0.065	0.00434075
0.0860056	0.065	0.00434027
0.114674	0.065	0.00433974
0.143343	0.065	0.00433929
0.172011	0.065	0.00433899
0.20068	0.065	0.00433882
0.229348	0.065	0.00433851
0.258017	0.065	0.00433741
0.286685	0.065	0.00433432
0.315354	0.065	0.0043273
0.344023	0.065	0.00431354
0.372691	0.065	0.00428944
0.40136	0.065	0.00425073
0.430028	0.065	0.004193
0.458697	0.065	0.00411232
0.487365	0.065	0.00400594
0.516034	0.065	0.00387294
0.544702	0.065	0.00371442
0.573371	0.065	0.00353343
0.602039	0.065	0.00333447
0.630708	0.065	0.00312276
0.659377	0.065	0.00290352
0.688045	0.065	0.00268143
0.716714	0.065	0.00246023
0.745382	0.065	0.00224272
0.774051	0.065	0.0020308
0.802719	0.065	0.00182568
0.831388	0.065	0.00162808
0.860056	0.065	0.00143842
0.888725	0.065	0.00125692
0.917393	0.065	0.00108371
0.946062	0.065	0.000918851
0.974731	0.065	0.000762379
1.0034	0.065	0.000614308
1.03207	0.065	0.000474643
1.06074	0.065	0.000343382
1.0894	0.065	0.000220523
1.11807	0.065	0.000106063
1.14674	0.065	0
0	0.0675	0.00442445
0.0292904	0.0675	0.0044244
0.0585808	0.0675	0.00442404
0.0878712	0.0675	0.00442353
0.117162	0.0675	0.00442299
0.146452	0.0675	0.00442253
0.175742	0.0675	0.00442226
0.205033	0.0675	0.00442211
0.234323	0.0675	0.00442173
0.263614	0.0675	0.00442032
0.292904	0.0675	0.0044164
0.322195	0.0675	0.00440766
0.351485	0.0675	0.00439087
0.380775	0.0675	0.00436198
0.410066	0.0675	0.0043164
0.439356	0.0675	0.00424964
0.468647	0.0675	0.004158
0.497937	0.0675	0.00403929
0.527227	0.0675	0.00389338
0.556518	0.0675	0.00372227
0.585808	0.0675	0.0035298
0.615099	0.0675	0.00332105
0.644389	0.0675	0.0031015
0.673679	0.0675	0.0028764
0.70297	0.0675	0.00265019
0.73226	0.0675	0.00242637
0.761551	0.0675	0.0022074
0.790841	0.0675	0.00199493
0.820132	0.0675	0.00178995
0.849422	0.0675	0.00159308
0.878712	0.0675	0.00140464
0.908003	0.0675	0.00122479
0.937293	0.0675	0.00105365
0.966584	0.0675	0.000891248
0.995874	0.0675	0.000737614
1.02516	0.0675	0.000592752
1.05445	0.0675	0.000456664
1.08375	0.0675	0.000329348
1.11304	0.0675	0.0002108
1.14233	0.0675	0.000101018
1.17162	0.0675	0
0	0.07	0.00450159
0.0299123	0.07	0.00450153
0.0598246	0.07	0.00450115
0.0897368	0.07	0.00450062
0.119649	0.07	0.00450005
0.149561	0.07	0.00449961
0.179474	0.07	0.00449936
0.209386	0.07	0.00449923
0.239298	0.07	0.00449876
0.269211	0.07	0.00449695
0.299123	0.07	0.00449203
0.329035	0.07	0.00448129
0.358947	0.07	0.00446105
0.38886	0.07	0.00442681
0.418772	0.07	0.00437374
0.448684	0.07	0.00429737
0.478596	0.07	0.00419433
0.508509	0.07	0.00406312
0.538421	0.07	0.00390445
0.568333	0.07	0.0037212
0.598246	0.07	0.00351794
0.628158	0.07	0.00330021
0.65807	0.07	0.00307368
0.687982	0.07	0.00284348
0.717895	0.07	0.00261386
0.747807	0.07	0.00238797
0.777719	0.07	0.00216799
0.807632	0.07	0.00195534
0.837544	0.07	0.00175084
0.867456	0.07	0.00155499
0.897368	0.07	0.00136803
0.927281	0.07	0.00119012
0.957193	0.07	0.0010213
0.987105	0.07	0.000861627
1.01702	0.07	0.000711098
1.04693	0.07	0.000569719
1.07684	0.07	0.000437489
1.10675	0.07	0.000314404
1.13667	0.07	0.000200462
1.16658	0.07	9.56619e-05
1.19649	0.07	0
0	0.0725	0.00457255
0.0305341	0.0725	0.00457249
0.0610683	0.0725	0.00457208
0.0916024	0.0725	0.00457152
0.122137	0.0725	0.00457095
0.152671	0.0725	0.00457051
0.183205	0.0725	0.0045703
0.213739	0.0725	0.00457018
0.244273	0.0725	0.00456958
0.274807	0.0725	0.00456729
0.305341	0.0725	0.0045612
0.335876	0.0725	0.00454815
0.36641	0.0725	0.00452399
0.396944	0.0725	0.00448385
0.427478	0.0725	0.00442271
0.458012	0.0725	0.00433619
0.488546	0.0725	0.00422142
0.519081	0.0725	0.00407763
0.549615	0.0725	0.00390643
0.580149	0.0725	0.00371155
0.610683	0.0725	0.00349822
0.641217	0.0725	0.00327232
0.671751	0.0725	0.0030396
0.702285	0.0725	0.00280504
0.73282	0.0725	0.00257261
0.763354	0.0725	0.00234515
0.793888	0.0725	0.00212458
0.824422	0.0725	0.0019121
0.854956	0.0725	0.00170838
0.88549	0.0725	0.00151383
0.916024	0.0725	0.00132864
0.946559	0.0725	0.0011529
0.977093	0.0725	0.000986682
1.00763	0.0725	0.00082999
1.03816	0.0725	0.000682832
1.0687	0.0725	0.000545208
1.09923	0.0725	0.000417115
1.12976	0.0725	0.000298549
1.1603	0.0725	0.000189509
1.19083	0.0725	8.99947e-05
1.22137	0.0725	0
0	0.075	0.00463734
0.031156	0.075	0.00463727
0.062312	0.075	0.00463684
0.093468	0.075	0.00463626
0.124624	0.075	0.00463567
0.15578	0.075	0.00463525
0.186936	0.075	0.00463508
0.218092	0.075	0.00463496
0.249248	0.075	0.0046342
0.280404	0.075	0.00463133
0.31156	0.075	0.00462385
0.342716	0.075	0.00460817
0.373872	0.075	0.00457965
0.405028	0.075	0.00453305
0.436184	0.075	0.00446326
0.46734	0.075	0.00436613
0.498496	0.075	0.00423936
0.529652	0.075	0.00408302
0.560808	0.075	0.00389962
0.591964	0.075	0.00369368
0.62312	0.075	0.00347099
0.654276	0.075	0.0032377
0.685432	0.075	0.00299953
0.716588	0.075	0.00276128
0.747744	0.075	0.00252659
0.7789	0.075	0.00229803
0.810056	0.075	0.00207725
0.841212	0.075	0.00186525
0.872368	0.075	0.00166261
0.903524	0.075	0.00146963
0.93468	0.075	0.00128645
0.965836	0.075	0.00111316
0.996992	0.075	0.000949788
1.02815	0.075	0.00079634
1.0593	0.075	0.000652818
1.09046	0.075	0.00051922
1.12162	0.075	0.000395542
1.15277	0.075	0.000281783
1.18393	0.075	0.000177942
1.21508	0.075	8.40172e-05
1.24624	0.075	0
0	0.0775	0.00469595
0.0317779	0.0775	0.00469587
0.0635558	0.0775	0.00469542
0.0953336	0.0775	0.00469481
0.127112	0.0775	0.00469422
0.158889	0.0775	0.00469382
0.190667	0.0775	0.00469369
0.222445	0.0775	0.00469357
0.254223	0.0775	0.00469261
0.286001	0.0775	0.00468904
0.317779	0.0775	0.00467997
0.349557	0.0775	0.0046613
0.381335	0.0775	0.00462794
0.413112	0.0775	0.00457435
0.44489	0.0775	0.00449538
0.476668	0.0775	0.00438724
0.508446	0.0775	0.0042483
0.540224	0.0775	0.00407951
0.572002	0.0775	0.00388428
0.60378	0.0775	0.00366788
0.635558	0.0775	0.00343656
0.667336	0.0775	0.00319662
0.699113	0.0775	0.00295371
0.730891	0.0775	0.00271237
0.762669	0.0775	0.00247594
0.794447	0.0775	0.00224669
0.826225	0.0775	0.00202605
0.858003	0.0775	0.00181485
0.889781	0.0775	0.00161355
0.921559	0.0775	0.0014224
0.953336	0.0775	0.0012415
0.985114	0.0775	0.0010709
1.01689	0.0775	0.000910624
1.04867	0.0775	0.000760677
1.08045	0.0775	0.000621055
1.11223	0.0775	0.000491753
1.144	0.0775	0.000372771
1.17578	0.0775	0.000264106
1.20756	0.0775	0.00016576
1.23934	0.0775	7.77309e-05
1.27112	0.0775	0
0	0.08	0.00474839
0.0323997	0.08	0.00474831
0.0647995	0.08	0.00474783
0.0971992	0.08	0.0047472
0.129599	0.08	0.0047466
0.161999	0.08	0.00474623
0.194398	0.08	0.00474615
0.226798	0.08	0.00474602
0.259198	0.08	0.0047448
0.291598	0.08	0.00474041
0.323997	0.08	0.00472951
0.356397	0.08	0.0047075
0.388797	0.08	0.00466883
0.421197	0.08	0.00460771
0.453596	0.08	0.00451907
0.485996	0.08	0.00439958
0.518396	0.08	0.00424837
0.550796	0.08	0.0040673
0.583195	0.08	0.00386068
0.615595	0.08	0.00363444
0.647995	0.08	0.0033952
0.680395	0.08	0.00314934
0.712794	0.08	0.00290234
0.745194	0.08	0.00265847
0.777594	0.08	0.00242076
0.809994	0.08	0.00219121
0.842393	0.08	0.00197103
0.874793	0.08	0.00176092
0.907193	0.08	0.00156123
0.939593	0.08	0.00137216
0.971992	0.08	0.00119377
1.00439	0.08	0.00102611
1.03679	0.08	0.000869189
1.06919	0.08	0.000723
1.10159	0.08	0.000587541
1.13399	0.08	0.000462808
1.16639	0.08	0.0003488
1.19879	0.08	0.000245519
1.23119	0.08	0.000152967
1.26359	0.08	7.11384e-05
1.29599	0.08	0
0	0.0825	0.00479466
0.0330216	0.0825	0.00479457
0.0660432	0.0825	0.00479407
0.0990648	0.0825	0.00479342
0.132086	0.0825	0.00479282
0.165108	0.0825	0.00479248
0.19813	0.0825	0.00479245
0.231151	0.0825	0.00479229
0.264173	0.0825	0.00479076
0.297195	0.0825	0.00478542
0.330216	0.0825	0.00477245
0.363238	0.0825	0.00474672
0.396259	0.0825	0.00470226
0.429281	0.0825	0.00463309
0.462303	0.0825	0.00453434
0.495324	0.0825	0.00440322
0.528346	0.0825	0.00423971
0.561367	0.0825	0.00404661
0.594389	0.0825	0.00382908
0.627411	0.0825	0.00359363
0.660432	0.0825	0.00334717
0.693454	0.0825	0.00309607
0.726476	0.0825	0.0028456
0.759497	0.0825	0.00259971
0.792519	0.0825	0.00236115
0.82554	0.0825	0.00213165
0.858562	0.0825	0.00191224
0.891584	0.0825	0.00170348
0.924605	0.0825	0.00150566
0.957627	0.0825	0.00131891
0.990648	0.0825	0.00114328
1.02367	0.0825	0.00097881
1.05669	0.0825	0.000825486
1.08971	0.0825	0.00068331
1.12273	0.0825	0.000552276
1.15576	0.0825	0.000432382
1.18878	0.0825	0.00032363
1.2218	0.0825	0.000226024
1.25482	0.0825	0.000139566
1.28784	0.0825	6.42436e-05
1.32086	0.0825	0
0	0.085	0.00483475
0.0336435	0.085	0.00483466
0.067287	0.085	0.00483414
0.10093	0.085	0.00483346
0.134574	0.085	0.00483287
0.168217	0.085	0.00483257
0.201861	0.085	0.00483259
0.235504	0.085	0.00483239
0.269148	0.085	0.00483049
0.302791	0.085	0.00482405
0.336435	0.085	0.00480874
0.370078	0.085	0.00477891
0.403722	0.085	0.00472818
0.437365	0.085	0.00465048
0.471009	0.085	0.00454121
0.504652	0.085	0.00439824
0.538296	0.085	0.00422247
0.571939	0.085	0.00401765
0.605583	0.085	0.00378971
0.639226	0.085	0.0035457
0.67287	0.085	0.00329271
0.706513	0.085	0.00303701
0.740157	0.085	0.00278363
0.7738	0.085	0.00253621
0.807444	0.085	0.00229719
0.841087	0.085	0.00206808
0.874731	0.085	0.00184972
0.908374	0.085	0.00164257
0.942018	0.085	0.00144685
0.975661	0.085	0.00126266
1.0093	0.085	0.00109004
1.04295	0.085	0.00092899
1.07659	0.085	0.000779513
1.11023	0.085	0.000641604
1.14388	0.085	0.000515259
1.17752	0.085	0.000400478
1.21117	0.085	0.000297264
1.24481	0.085	0.000205626
1.27845	0.085	0.000125563
1.3121	0.085	5.70531e-05
1.34574	0.085	0
0	0.0875	0.00486868
0.0342654	0.0875	0.00486857
0.0685307	0.0875	0.00486803
0.102796	0.0875	0.00486734
0.137061	0.0875	0.00486675
0.171327	0.0875	0.0048665
0.205592	0.0875	0.00486658
0.239857	0.0875	0.00486632
0.274123	0.0875	0.00486397
0.308388	0.0875	0.00485628
0.342654	0.0875	0.00483837
0.376919	0.0875	0.00480404
0.411184	0.0875	0.00474657
0.44545	0.0875	0.00465987
0.479715	0.0875	0.00453971
0.51398	0.0875	0.00438474
0.548246	0.0875	0.00419681
0.582511	0.0875	0.0039806
0.616776	0.0875	0.0037428
0.651042	0.0875	0.00349088
0.685307	0.0875	0.00323201
0.719572	0.0875	0.00297232
0.753838	0.0875	0.00271656
0.788103	0.0875	0.00246805
0.822368	0.0875	0.00222894
0.856634	0.0875	0.00200052
0.890899	0.0875	0.00178348
0.925164	0.0875	0.00157819
0.95943	0.0875	0.00138482
0.993695	0.0875	0.00120342
1.02796	0.0875	0.00103403
1.06223	0.0875	0.000876652
1.09649	0.0875	0.00073127
1.13076	0.0875	0.000597883
1.16502	0.0875	0.000476491
1.19929	0.0875	0.000367096
1.23355	0.0875	0.000269705
1.26782	0.0875	0.000184329
1.30208	0.0875	0.000110967
1.33635	0.0875	4.95769e-05
1.37061	0.0875	0
0	0.09	0.00489643
0.0348872	0.09	0.00489632
0.0697744	0.09	0.00489576
0.104662	0.09	0.00489505
0.139549	0.09	0.00489447
0.174436	0.09	0.00489427
0.209323	0.09	0.00489441
0.244211	0.09	0.00489407
0.279098	0.09	0.00489121
0.313985	0.09	0.00488209
0.348872	0.09	0.00486129
0.383759	0.09	0.00482206
0.418647	0.09	0.00475739
0.453534	0.09	0.00466124
0.488421	0.09	0.00452988
0.523308	0.09	0.00436282
0.558195	0.09	0.00416287
0.593083	0.09	0.00393567
0.62797	0.09	0.00368857
0.662857	0.09	0.00342937
0.697744	0.09	0.00316525
0.732632	0.09	0.00290216
0.767519	0.09	0.00264452
0.802406	0.09	0.00239532
0.837293	0.09	0.00215646
0.87218	0.09	0.00192901
0.907068	0.09	0.00171355
0.941955	0.09	0.00151036
0.976842	0.09	0.00131956
1.01173	0.09	0.00114119
1.04662	0.09	0.000975273
1.0815	0.09	0.000821795
1.11639	0.09	0.000680755
1.15128	0.09	0.000552147
1.18617	0.09	0.000435972
1.22105	0.09	0.000332239
1.25594	0.09	0.000240959
1.29083	0.09	0.000162146
1.32571	0.09	9.57943e-05
1.3606	0.09	4.18299e-05
1.39549	0.09	0
0	0.0925	0.00491802
0.0355091	0.0925	0.0049179
0.0710182	0.0925	0.00491732
0.106527	0.0925	0.00491659
0.142036	0.0925	0.00491602
0.177545	0.0925	0.00491588
0.213055	0.0925	0.00491608
0.248564	0.0925	0.00491565
0.284073	0.0925	0.00491218
0.319582	0.0925	0.00490147
0.355091	0.0925	0.00487748
0.3906	0.0925	0.00483295
0.426109	0.0925	0.00476061
0.461618	0.0925	0.00465459
0.497127	0.0925	0.00451177
0.532636	0.0925	0.00433256
0.568145	0.0925	0.0041208
0.603654	0.0925	0.00388304
0.639164	0.0925	0.00362722
0.674673	0.0925	0.00336136
0.710182	0.0925	0.00309262
0.745691	0.0925	0.00282667
0.7812	0.0925	0.00256759
0.816709	0.0925	0.00231809
0.852218	0.0925	0.00207979
0.887727	0.0925	0.00185359
0.923236	0.0925	0.00163995
0.958745	0.0925	0.00143909
0.994254	0.0925	0.00125108
1.02976	0.0925	0.00107597
1.06527	0.0925	0.000913753
1.10078	0.0925	0.00076442
1.13629	0.0925	0.000627968
1.1718	0.0925	0.000504394
1.20731	0.0925	0.000393705
1.24282	0.0925	0.000295912
1.27833	0.0925	0.000211036
1.31384	0.0925	0.000139093
1.34935	0.0925	8.00659e-05
1.38485	0.0925	3.38344e-05
1.42036	0.0925	0
0	0.095	0.00493344
0.036131	0.095	0.00493331
0.0722619	0.095	0.00493271
0.108393	0.095	0.00493196
0.144524	0.095	0.00493141
0.180655	0.095	0.00493134
0.216786	0.095	0.0049316
0.252917	0.095	0.00493104
0.289048	0.095	0.00492689
0.325179	0.095	0.0049144
0.36131	0.095	0.00488691
0.39744	0.095	0.00483667
0.433571	0.095	0.00475622
0.469702	0.095	0.00463994
0.505833	0.095	0.00448543
0.541964	0.095	0.00429407
0.578095	0.095	0.00407076
0.614226	0.095	0.00382289
0.650357	0.095	0.00355892
0.686488	0.095	0.00328704
0.722619	0.095	0.00301426
0.75875	0.095	0.00274595
0.794881	0.095	0.00248588
0.831012	0.095	0.00223642
0.867143	0.095	0.00199897
0.903274	0.095	0.00177427
0.939405	0.095	0.00156268
0.975536	0.095	0.00136437
1.01167	0.095	0.00117939
1.0478	0.095	0.00100776
1.08393	0.095	0.000849474
1.12006	0.095	0.000704525
1.15619	0.095	0.000572908
1.19232	0.095	0.000454627
1.22845	0.095	0.000349693
1.26458	0.095	0.000258125
1.30071	0.095	0.000179951
1.33685	0.095	0.000115192
1.37298	0.095	6.38149e-05
1.40911	0.095	2.56231e-05
1.44524	0.095	0
0	0.0975	0.00494269
0.0367528	0.0975	0.00494256
0.0735056	0.0975	0.00494192
0.110258	0.0975	0.00494117
0.147011	0.0975	0.00494064
0.183764	0.0975	0.00494065
0.220517	0.0975	0.00494097
0.25727	0.0975	0.00494025
0.294023	0.0975	0.00493533
0.330775	0.0975	0.00492085
0.367528	0.0975	0.00488955
0.404281	0.0975	0.0048332
0.441034	0.0975	0.00474419
0.477787	0.0975	0.0046173
0.514539	0.0975	0.0044509
0.551292	0.0975	0.00424745
0.588045	0.0975	0.00401289
0.624798	0.0975	0.0037554
0.661551	0.0975	0.00348386
0.698304	0.0975	0.00320656
0.735056	0.0975	0.0029303
0.771809	0.0975	0.00266013
0.808562	0.0975	0.00239945
0.845315	0.0975	0.00215036
0.882068	0.0975	0.00191403
0.91882	0.0975	0.00169107
0.955573	0.0975	0.00148177
0.992326	0.0975	0.00128622
1.02908	0.0975	0.00110449
1.06583	0.0975	0.000936559
1.10258	0.0975	0.000782435
1.13934	0.0975	0.000642109
1.17609	0.0975	0.000515578
1.21284	0.0975	0.00040285
1.2496	0.0975	0.000303943
1.28635	0.0975	0.00021889
1.3231	0.0975	0.000147729
1.35985	0.0975	9.04821e-05
1.39661	0.0975	4.70896e-05
1.43336	0.0975	1.72433e-05
1.47011	0.0975	0
0	0.1	0.00494577
0.0373747	0.1	0.00494563
0.0747494	0.1	0.00494497
0.112124	0.1	0.0049442
0.149499	0.1	0.00494371
0.186873	0.1	0.0049438
0.224248	0.1	0.00494419
0.261623	0.1	0.00494329
0.298997	0.1	0.00493748
0.336372	0.1	0.00492082
0.373747	0.1	0.00488539
0.411122	0.1	0.0048225
0.448496	0.1	0.00472452
0.485871	0.1	0.00458668
0.523246	0.1	0.00440825
0.56062	0.1	0.00419281
0.597995	0.1	0.00394732
0.63537	0.1	0.00368071
0.672744	0.1	0.00340221
0.710119	0.1	0.00312008
0.747494	0.1	0.00284087
0.784868	0.1	0.00256929
0.822243	0.1	0.00230837
0.859618	0.1	0.00205995
0.896992	0.1	0.001825
0.934367	0.1	0.00160401
0.971742	0.1	0.0013972
1.00912	0.1	0.00120464
1.04649	0.1	0.00102636
1.08387	0.1	0.000862365
1.12124	0.1	0.000712636
1.15862	0.1	0.000577173
1.19599	0.1	0.000455978
1.23336	0.1	0.000349067
1.27074	0.1	0.000256469
1.30811	0.1	0.00017823
1.34549	0.1	0.000114404
1.38286	0.1	6.50143e-05
1.42024	0.1	2.99597e-05
1.45761	0.1	8.76342e-06
1.49499	0.1	0
