0	0	0
0.0125	0	0
0.025	0	0
0.0375	0	0
0.05	0	0
0.0625	0	0
0.075	0	0
0.0875	0	0
0.1	0	0
0.1125	0	0
0.125	0	0
0.1375	0	0
0.15	0	0
0.1625	0	0
0.175	0	0
0.1875	0	0
0.2	0	0
0.2125	0	0
0.225	0	0
0.2375	0	0
0.25	0	0
0.2625	0	0
0.275	0	0
0.2875	0	0
0.3	0	0
0.3125	0	0
0.325	0	0
0.3375	0	0
0.35	0	0
0.3625	0	0
0.375	0	0
0.3875	0	0
0.4	0	0
0.4125	0	0
0.425	0	0
0.4375	0	0
0.45	0	0
0.4625	0	0
0.475	0	0
0.4875	0	0
0.5	0	0
0	0.0075	0.00216597
0.0130962	0.0075	0.00216585
0.0261924	0.0075	0.00216548
0.0392886	0.0075	0.00216484
0.0523848	0.0075	0.00216395
0.0654811	0.0075	0.0021628
0.0785773	0.0075	0.00216137
0.0916735	0.0075	0.00215967
0.10477	0.0075	0.00215768
0.117866	0.0075	0.00215539
0.130962	0.0075	0.00215279
0.144058	0.0075	0.00214987
0.157155	0.0075	0.0021466
0.170251	0.0075	0.00214298
0.183347	0.0075	0.00213897
0.196443	0.0075	0.00213455
0.209539	0.0075	0.0021297
0.222636	0.0075	0.00212438
0.235732	0.0075	0.00211856
0.248828	0.0075	0.00211219
0.261924	0.0075	0.00210524
0.27502	0.0075	0.00209764
0.288117	0.0075	0.00208935
0.301213	0.0075	0.00208029
0.314309	0.0075	0.00207039
0.327405	0.0075	0.00205957
0.340502	0.0075	0.00204772
0.353598	0.0075	0.0020347
0.366694	0.0075	0.00202031
0.37979	0.0075	0.00200424
0.392886	0.0075	0.00198591
0.405983	0.0075	0.00196435
0.419079	0.0075	0.00193778
0.432175	0.0075	0.00190304
0.445271	0.0075	0.00185465
0.458367	0.0075	0.00178316
0.471464	0.0075	0.00167265
0.48456	0.0075	0.00149669
0.497656	0.0075	0.00121221
0.510752	0.0075	0.000749924
0.523848	0.0075	0
0	0.015	0.00427579
0.0136924	0.015	0.00427552
0.0273848	0.015	0.0042747
0.0410773	0.015	0.00427332
0.0547697	0.015	0.00427137
0.0684621	0.015	0.00426884
0.0821545	0.015	0.00426571
0.095847	0.015	0.00426198
0.109539	0.015	0.00425761
0.123232	0.015	0.00425258
0.136924	0.015	0.00424686
0.150617	0.015	0.00424042
0.164309	0.015	0.0042332
0.178002	0.015	0.00422517
0.191694	0.015	0.00421627
0.205386	0.015	0.00420645
0.219079	0.015	0.00419562
0.232771	0.015	0.00418371
0.246464	0.015	0.00417064
0.260156	0.015	0.0041563
0.273848	0.015	0.00414056
0.287541	0.015	0.0041233
0.301233	0.015	0.00410436
0.314926	0.015	0.00408356
0.328618	0.015	0.00406065
0.342311	0.015	0.00403535
0.356003	0.015	0.00400723
0.369695	0.015	0.00397567
0.383388	0.015	0.00393964
0.39708	0.015	0.00389749
0.410773	0.015	0.00384651
0.424465	0.015	0.00378229
0.438158	0.015	0.00369786
0.45185	0.015	0.00358253
0.465542	0.015	0.00342056
0.479235	0.015	0.00318989
0.492927	0.015	0.00286162
0.50662	0.015	0.00240151
0.520312	0.015	0.00177585
0.534005	0.015	0.000966173
0.547697	0.015	0
0	0.0225	0.00632954
0.0142886	0.0225	0.0063291
0.0285773	0.0225	0.00632776
0.0428659	0.0225	0.0063255
0.0571545	0.0225	0.00632231
0.0714432	0.0225	0.00631818
0.0857318	0.0225	0.00631307
0.10002	0.0225	0.00630695
0.114309	0.0225	0.00629979
0.128598	0.0225	0.00629153
0.142886	0.0225	0.00628213
0.157175	0.0225	0.00627151
0.171464	0.0225	0.0062596
0.185752	0.0225	0.00624631
0.200041	0.0225	0.00623155
0.21433	0.0225	0.00621521
0.228618	0.0225	0.00619716
0.242907	0.0225	0.00617724
0.257195	0.0225	0.00615529
0.271484	0.0225	0.00613111
0.285773	0.0225	0.00610446
0.300061	0.0225	0.00607508
0.31435	0.0225	0.00604263
0.328639	0.0225	0.00600667
0.342927	0.0225	0.00596664
0.357216	0.0225	0.00592172
0.371505	0.0225	0.00587067
0.385793	0.0225	0.0058116
0.400082	0.0225	0.00574158
0.41437	0.0225	0.00565609
0.428659	0.0225	0.00554836
0.442948	0.0225	0.00540856
0.457236	0.0225	0.00522304
0.471525	0.0225	0.00497396
0.485814	0.0225	0.00463955
0.500102	0.0225	0.00419594
0.514391	0.0225	0.00362098
0.52868	0.0225	0.00290058
0.542968	0.0225	0.00203699
0.557257	0.0225	0.00105542
0.571545	0.0225	0
0	0.03	0.0083273
0.0148848	0.03	0.00832667
0.0297697	0.03	0.00832473
0.0446545	0.03	0.00832146
0.0595394	0.03	0.00831685
0.0744242	0.03	0.00831087
0.0893091	0.03	0.00830347
0.104194	0.03	0.00829461
0.119079	0.03	0.00828421
0.133964	0.03	0.0082722
0.148848	0.03	0.0082585
0.163733	0.03	0.00824301
0.178618	0.03	0.0082256
0.193503	0.03	0.00820613
0.208388	0.03	0.00818445
0.223273	0.03	0.00816037
0.238158	0.03	0.00813369
0.253042	0.03	0.00810415
0.267927	0.03	0.00807147
0.282812	0.03	0.0080353
0.297697	0.03	0.00799524
0.312582	0.03	0.00795077
0.327467	0.03	0.00790123
0.342352	0.03	0.00784571
0.357236	0.03	0.00778296
0.372121	0.03	0.0077111
0.387006	0.03	0.00762737
0.401891	0.03	0.00752766
0.416776	0.03	0.00740597
0.431661	0.03	0.00725383
0.446545	0.03	0.00705979
0.46143	0.03	0.00680913
0.476315	0.03	0.00648424
0.4912	0.03	0.0060659
0.506085	0.03	0.00553581
0.52097	0.03	0.00488036
0.535855	0.03	0.00409515
0.550739	0.03	0.00318879
0.565624	0.03	0.00218364
0.580509	0.03	0.00111087
0.595394	0.03	0
0	0.0375	0.0102692
0.0154811	0.0375	0.0102683
0.0309621	0.0375	0.0102657
0.0464432	0.0375	0.0102613
0.0619242	0.0375	0.0102551
0.0774053	0.0375	0.010247
0.0928864	0.0375	0.010237
0.108367	0.0375	0.010225
0.123848	0.0375	0.0102109
0.13933	0.0375	0.0101946
0.154811	0.0375	0.0101759
0.170292	0.0375	0.0101548
0.185773	0.0375	0.010131
0.201254	0.0375	0.0101044
0.216735	0.0375	0.0100746
0.232216	0.0375	0.0100414
0.247697	0.0375	0.0100046
0.263178	0.0375	0.0099636
0.278659	0.0375	0.00991808
0.29414	0.0375	0.00986744
0.309621	0.0375	0.00981098
0.325102	0.0375	0.0097478
0.340583	0.0375	0.00967667
0.356064	0.0375	0.00959588
0.371545	0.0375	0.00950299
0.387027	0.0375	0.00939447
0.402508	0.0375	0.00926529
0.417989	0.0375	0.0091084
0.43347	0.0375	0.00891434
0.448951	0.0375	0.00867094
0.464432	0.0375	0.00836349
0.479913	0.0375	0.0079756
0.495394	0.0375	0.00749086
0.510875	0.0375	0.0068954
0.526356	0.0375	0.006181
0.541837	0.0375	0.00534809
0.557318	0.0375	0.00440729
0.572799	0.0375	0.00337843
0.58828	0.0375	0.00228635
0.603761	0.0375	0.00115457
0.619242	0.0375	0
0	0.045	0.0121552
0.0160773	0.045	0.0121541
0.0321545	0.045	0.0121507
0.0482318	0.045	0.0121451
0.0643091	0.045	0.012137
0.0803864	0.045	0.0121266
0.0964636	0.045	0.0121136
0.112541	0.045	0.012098
0.128618	0.045	0.0120797
0.144695	0.045	0.0120586
0.160773	0.045	0.0120343
0.17685	0.045	0.0120068
0.192927	0.045	0.0119757
0.209005	0.045	0.0119407
0.225082	0.045	0.0119016
0.241159	0.045	0.0118579
0.257236	0.045	0.0118091
0.273314	0.045	0.0117547
0.289391	0.045	0.0116939
0.305468	0.045	0.0116259
0.321545	0.045	0.0115495
0.337623	0.045	0.0114633
0.3537	0.045	0.011365
0.369777	0.045	0.0112518
0.385855	0.045	0.0111196
0.401932	0.045	0.0109627
0.418009	0.045	0.0107734
0.434086	0.045	0.0105417
0.450164	0.045	0.0102555
0.466241	0.045	0.00990038
0.482318	0.045	0.00946151
0.498395	0.045	0.00892484
0.514473	0.045	0.00827965
0.53055	0.045	0.00752102
0.546627	0.045	0.00665174
0.562705	0.045	0.00568285
0.578782	0.045	0.00463216
0.594859	0.045	0.0035208
0.610936	0.045	0.00236887
0.627014	0.045	0.00119193
0.643091	0.045	0
0	0.0525	0.0139856
0.0166735	0.0525	0.0139842
0.033347	0.0525	0.01398
0.0500205	0.0525	0.0139728
0.0666939	0.0525	0.0139628
0.0833674	0.0525	0.0139497
0.100041	0.0525	0.0139334
0.116714	0.0525	0.0139139
0.133388	0.0525	0.0138909
0.150061	0.0525	0.0138642
0.166735	0.0525	0.0138336
0.183408	0.0525	0.0137988
0.200082	0.0525	0.0137594
0.216755	0.0525	0.013715
0.233429	0.0525	0.0136651
0.250102	0.0525	0.0136093
0.266776	0.0525	0.0135467
0.283449	0.0525	0.0134765
0.300123	0.0525	0.0133977
0.316796	0.0525	0.013309
0.33347	0.0525	0.0132086
0.350143	0.0525	0.013094
0.366817	0.0525	0.012962
0.38349	0.0525	0.0128081
0.400164	0.0525	0.0126262
0.416837	0.0525	0.0124082
0.433511	0.0525	0.0121442
0.450184	0.0525	0.0118219
0.466858	0.0525	0.011428
0.483531	0.0525	0.0109488
0.500205	0.0525	0.010372
0.516878	0.0525	0.00968904
0.533551	0.0525	0.00889697
0.550225	0.0525	0.00799964
0.566898	0.0525	0.00700783
0.583572	0.0525	0.00593775
0.600245	0.0525	0.00480815
0.616919	0.0525	0.00363701
0.633592	0.0525	0.00243896
0.650266	0.0525	0.00122437
0.666939	0.0525	0
0	0.06	0.0157603
0.0172697	0.06	0.0157586
0.0345394	0.06	0.0157534
0.0518091	0.06	0.0157447
0.0690788	0.06	0.0157324
0.0863485	0.06	0.0157164
0.103618	0.06	0.0156965
0.120888	0.06	0.0156725
0.138158	0.06	0.0156443
0.155427	0.06	0.0156114
0.172697	0.06	0.0155737
0.189967	0.06	0.0155307
0.207236	0.06	0.0154819
0.224506	0.06	0.0154269
0.241776	0.06	0.0153648
0.259045	0.06	0.015295
0.276315	0.06	0.0152165
0.293585	0.06	0.0151281
0.310855	0.06	0.0150282
0.328124	0.06	0.014915
0.345394	0.06	0.0147857
0.362664	0.06	0.0146369
0.379933	0.06	0.0144638
0.397203	0.06	0.0142602
0.414473	0.06	0.0140178
0.431742	0.06	0.0137267
0.449012	0.06	0.0133752
0.466282	0.06	0.0129505
0.483551	0.06	0.01244
0.500821	0.06	0.0118328
0.518091	0.06	0.0111217
0.535361	0.06	0.0103046
0.55263	0.06	0.00938585
0.5699	0.06	0.00837561
0.58717	0.06	0.00728879
0.604439	0.06	0.00614248
0.621709	0.06	0.00495331
0.638979	0.06	0.00373535
0.656248	0.06	0.00249919
0.673518	0.06	0.0012523
0.690788	0.06	0
0	0.0675	0.0174794
0.0178659	0.0675	0.0174774
0.0357318	0.0675	0.0174712
0.0535977	0.0675	0.0174607
0.0714636	0.0675	0.017446
0.0893295	0.0675	0.0174267
0.107195	0.0675	0.0174028
0.125061	0.0675	0.017374
0.142927	0.0675	0.0173399
0.160793	0.0675	0.0173003
0.178659	0.0675	0.0172547
0.196525	0.0675	0.0172025
0.214391	0.0675	0.0171432
0.232257	0.0675	0.0170761
0.250123	0.0675	0.0170003
0.267989	0.0675	0.0169146
0.285855	0.0675	0.0168179
0.30372	0.0675	0.0167084
0.321586	0.0675	0.0165841
0.339452	0.0675	0.0164421
0.357318	0.0675	0.0162788
0.375184	0.0675	0.0160893
0.39305	0.0675	0.0158673
0.410916	0.0675	0.0156048
0.428782	0.0675	0.015292
0.446648	0.0675	0.0149175
0.464514	0.0675	0.0144692
0.48238	0.0675	0.0139354
0.500245	0.0675	0.013306
0.518111	0.0675	0.0125745
0.535977	0.0675	0.0117394
0.553843	0.0675	0.0108047
0.571709	0.0675	0.00978012
0.589575	0.0675	0.00867932
0.607441	0.0675	0.00751818
0.625307	0.0675	0.00631242
0.643173	0.0675	0.00507577
0.661039	0.0675	0.0038191
0.678905	0.0675	0.00255049
0.69677	0.0675	0.0012759
0.714636	0.0675	0
0	0.075	0.0191431
0.0184621	0.075	0.0191407
0.0369242	0.075	0.0191334
0.0553864	0.075	0.019121
0.0738485	0.075	0.0191036
0.0923106	0.075	0.0190808
0.110773	0.075	0.0190525
0.129235	0.075	0.0190183
0.147697	0.075	0.0189779
0.166159	0.075	0.0189307
0.184621	0.075	0.0188764
0.203083	0.075	0.0188141
0.221545	0.075	0.0187431
0.240008	0.075	0.0186625
0.25847	0.075	0.0185712
0.276932	0.075	0.0184676
0.295394	0.075	0.0183502
0.313856	0.075	0.0182166
0.332318	0.075	0.018064
0.35078	0.075	0.0178887
0.369242	0.075	0.0176858
0.387705	0.075	0.0174491
0.406167	0.075	0.0171706
0.424629	0.075	0.0168409
0.443091	0.075	0.0164491
0.461553	0.075	0.0159836
0.480015	0.075	0.0154333
0.498477	0.075	0.0147886
0.516939	0.075	0.0140435
0.535401	0.075	0.0131963
0.553864	0.075	0.0122508
0.572326	0.075	0.0112157
0.590788	0.075	0.0101038
0.60925	0.075	0.00892994
0.627712	0.075	0.00770924
0.646174	0.075	0.00645526
0.664636	0.075	0.00517917
0.683098	0.075	0.00388964
0.701561	0.075	0.00259327
0.720023	0.075	0.00129527
0.738485	0.075	0
0	0.0825	0.0207514
0.0190583	0.0825	0.0207486
0.0381167	0.0825	0.02074
0.057175	0.0825	0.0207256
0.0762333	0.0825	0.0207053
0.0952917	0.0825	0.0206787
0.11435	0.0825	0.0206456
0.133408	0.0825	0.0206055
0.152467	0.0825	0.0205582
0.171525	0.0825	0.0205028
0.190583	0.0825	0.0204388
0.209642	0.0825	0.0203654
0.2287	0.0825	0.0202815
0.247758	0.0825	0.0201859
0.266817	0.0825	0.0200772
0.285875	0.0825	0.0199536
0.304933	0.0825	0.0198128
0.323992	0.0825	0.0196518
0.34305	0.0825	0.0194671
0.362108	0.0825	0.0192537
0.381167	0.0825	0.0190055
0.400225	0.0825	0.018715
0.419283	0.0825	0.018373
0.438342	0.0825	0.017969
0.4574	0.0825	0.017492
0.476458	0.0825	0.0169311
0.495517	0.0825	0.0162773
0.514575	0.0825	0.0155244
0.533633	0.0825	0.0146705
0.552692	0.0825	0.0137187
0.57175	0.0825	0.0126769
0.590808	0.0825	0.0115569
0.609867	0.0825	0.0103727
0.628925	0.0825	0.00913896
0.647983	0.0825	0.00786915
0.667042	0.0825	0.00657481
0.6861	0.0825	0.0052652
0.705158	0.0825	0.00394757
0.724217	0.0825	0.00262772
0.743275	0.0825	0.00131047
0.762333	0.0825	0
0	0.09	0.0223043
0.0196545	0.09	0.0223011
0.0393091	0.09	0.0222912
0.0589636	0.09	0.0222746
0.0786182	0.09	0.0222511
0.0982727	0.09	0.0222204
0.117927	0.09	0.0221821
0.137582	0.09	0.0221358
0.157236	0.09	0.0220808
0.176891	0.09	0.0220165
0.196545	0.09	0.021942
0.2162	0.09	0.0218563
0.235855	0.09	0.0217581
0.255509	0.09	0.021646
0.275164	0.09	0.0215181
0.294818	0.09	0.0213721
0.314473	0.09	0.0212051
0.334127	0.09	0.0210134
0.353782	0.09	0.0207924
0.373436	0.09	0.0205361
0.393091	0.09	0.0202372
0.412745	0.09	0.019887
0.4324	0.09	0.0194754
0.452055	0.09	0.0189918
0.471709	0.09	0.0184257
0.491364	0.09	0.0177681
0.511018	0.09	0.0170126
0.530673	0.09	0.0161568
0.550327	0.09	0.0152031
0.569982	0.09	0.0141584
0.589636	0.09	0.0130335
0.609291	0.09	0.0118416
0.628945	0.09	0.010597
0.6486	0.09	0.00931305
0.668254	0.09	0.00800177
0.687909	0.09	0.006673
0.707564	0.09	0.00533467
0.727218	0.09	0.00399322
0.746873	0.09	0.00265397
0.766527	0.09	0.00132153
0.786182	0.09	0
0	0.0975	0.0238021
0.0202508	0.0975	0.0237984
0.0405015	0.0975	0.0237871
0.0607523	0.0975	0.0237681
0.081003	0.0975	0.0237412
0.101254	0.0975	0.0237061
0.121505	0.0975	0.0236622
0.141755	0.0975	0.023609
0.162006	0.0975	0.0235459
0.182257	0.0975	0.0234718
0.202508	0.0975	0.0233859
0.222758	0.0975	0.0232868
0.243009	0.0975	0.0231731
0.26326	0.0975	0.0230428
0.283511	0.0975	0.0228936
0.303761	0.0975	0.0227228
0.324012	0.0975	0.0225267
0.344263	0.0975	0.0223008
0.364514	0.0975	0.0220394
0.384764	0.0975	0.0217356
0.405015	0.0975	0.0213809
0.425266	0.0975	0.0209659
0.445517	0.0975	0.0204801
0.465767	0.0975	0.0199134
0.486018	0.0975	0.0192567
0.506269	0.0975	0.0185033
0.52652	0.0975	0.0176503
0.54677	0.0975	0.016699
0.567021	0.0975	0.0156552
0.587272	0.0975	0.0145287
0.607523	0.0975	0.013332
0.627773	0.0975	0.0120788
0.648024	0.0975	0.0107827
0.668275	0.0975	0.00945602
0.688526	0.0975	0.00810916
0.708776	0.0975	0.0067508
0.729027	0.0975	0.00538803
0.749278	0.0975	0.00402676
0.769529	0.0975	0.00267209
0.789779	0.0975	0.00132849
0.81003	0.0975	0
0	0.105	0.0252446
0.020847	0.105	0.0252404
0.0416939	0.105	0.0252277
0.0625409	0.105	0.0252062
0.0833879	0.105	0.0251757
0.104235	0.105	0.0251358
0.125082	0.105	0.0250859
0.145929	0.105	0.0250254
0.166776	0.105	0.0249534
0.187623	0.105	0.0248689
0.20847	0.105	0.0247706
0.229317	0.105	0.024657
0.250164	0.105	0.0245262
0.271011	0.105	0.024376
0.291858	0.105	0.0242036
0.312705	0.105	0.0240055
0.333551	0.105	0.0237773
0.354398	0.105	0.0235137
0.375245	0.105	0.0232081
0.396092	0.105	0.0228524
0.416939	0.105	0.0224375
0.437786	0.105	0.0219535
0.458633	0.105	0.0213903
0.47948	0.105	0.0207388
0.500327	0.105	0.0199919
0.521174	0.105	0.0191459
0.542021	0.105	0.018201
0.562868	0.105	0.017162
0.583715	0.105	0.0160375
0.604562	0.105	0.0148391
0.625409	0.105	0.0135801
0.646256	0.105	0.0122741
0.667103	0.105	0.0109337
0.68795	0.105	0.00957005
0.708797	0.105	0.00819246
0.729644	0.105	0.00680876
0.750491	0.105	0.00542551
0.771338	0.105	0.00404832
0.792185	0.105	0.00268214
0.813032	0.105	0.00133137
0.833879	0.105	0
0	0.1125	0.0266321
0.0214432	0.1125	0.0266274
0.0428864	0.1125	0.026613
0.0643295	0.1125	0.0265888
0.0857727	0.1125	0.0265545
0.107216	0.1125	0.0265095
0.128659	0.1125	0.0264533
0.150102	0.1125	0.0263849
0.171545	0.1125	0.0263034
0.192989	0.1125	0.0262076
0.214432	0.1125	0.026096
0.235875	0.1125	0.0259667
0.257318	0.1125	0.0258175
0.278761	0.1125	0.0256457
0.300205	0.1125	0.0254479
0.321648	0.1125	0.02522
0.343091	0.1125	0.0249569
0.364534	0.1125	0.0246522
0.385977	0.1125	0.0242985
0.40742	0.1125	0.0238871
0.428864	0.1125	0.0234083
0.450307	0.1125	0.0228523
0.47175	0.1125	0.0222098
0.493193	0.1125	0.0214734
0.514636	0.1125	0.0206384
0.53608	0.1125	0.0197041
0.557523	0.1125	0.0186738
0.578966	0.1125	0.017555
0.600409	0.1125	0.0163584
0.621852	0.1125	0.0150966
0.643295	0.1125	0.0137833
0.664739	0.1125	0.0124313
0.686182	0.1125	0.0110523
0.707625	0.1125	0.00965641
0.729068	0.1125	0.00825231
0.750511	0.1125	0.00684718
0.771954	0.1125	0.00544726
0.793398	0.1125	0.00405796
0.814841	0.1125	0.00268415
0.836284	0.1125	0.00133018
0.857727	0.1125	0
0	0.12	0.0279646
0.0220394	0.12	0.0279593
0.0440788	0.12	0.0279432
0.0661182	0.12	0.0279162
0.0881576	0.12	0.0278778
0.110197	0.12	0.0278274
0.132236	0.12	0.0277644
0.154276	0.12	0.0276877
0.176315	0.12	0.0275961
0.198355	0.12	0.0274882
0.220394	0.12	0.0273623
0.242433	0.12	0.0272161
0.264473	0.12	0.027047
0.286512	0.12	0.0268518
0.308551	0.12	0.0266266
0.330591	0.12	0.0263664
0.35263	0.12	0.0260654
0.37467	0.12	0.0257165
0.396709	0.12	0.0253114
0.418748	0.12	0.0248409
0.440788	0.12	0.0242953
0.462827	0.12	0.0236653
0.484867	0.12	0.022943
0.506906	0.12	0.0221229
0.528945	0.12	0.021203
0.550985	0.12	0.0201854
0.573024	0.12	0.0190763
0.595064	0.12	0.0178851
0.617103	0.12	0.016624
0.639142	0.12	0.0153062
0.661182	0.12	0.0139449
0.683221	0.12	0.0125524
0.705261	0.12	0.0111396
0.7273	0.12	0.00971582
0.749339	0.12	0.00828908
0.771379	0.12	0.00686626
0.793418	0.12	0.00545337
0.815458	0.12	0.00405574
0.837497	0.12	0.00267816
0.859536	0.12	0.00132494
0.881576	0.12	0
0	0.1275	0.0292421
0.0226356	0.1275	0.0292362
0.0452712	0.1275	0.0292184
0.0679068	0.1275	0.0291884
0.0905424	0.1275	0.0291457
0.113178	0.1275	0.0290896
0.135814	0.1275	0.0290194
0.158449	0.1275	0.0289338
0.181085	0.1275	0.0288315
0.20372	0.1275	0.0287107
0.226356	0.1275	0.0285694
0.248992	0.1275	0.0284051
0.271627	0.1275	0.0282147
0.294263	0.1275	0.0279943
0.316898	0.1275	0.0277395
0.339534	0.1275	0.0274447
0.36217	0.1275	0.0271031
0.384805	0.1275	0.026707
0.407441	0.1275	0.0262475
0.430076	0.1275	0.0257152
0.452712	0.1275	0.0251008
0.475348	0.1275	0.0243959
0.497983	0.1275	0.0235943
0.520619	0.1275	0.0226927
0.543254	0.1275	0.0216918
0.56589	0.1275	0.0205963
0.588526	0.1275	0.0194146
0.611161	0.1275	0.0181578
0.633797	0.1275	0.0168389
0.656433	0.1275	0.0154712
0.679068	0.1275	0.0140674
0.701704	0.1275	0.0126391
0.724339	0.1275	0.0111966
0.746975	0.1275	0.00974872
0.769611	0.1275	0.008303
0.792246	0.1275	0.00686611
0.814882	0.1275	0.00544392
0.837517	0.1275	0.0040417
0.860153	0.1275	0.00266419
0.882789	0.1275	0.00131566
0.905424	0.1275	0
0	0.135	0.0304648
0.0232318	0.135	0.0304583
0.0464636	0.135	0.0304386
0.0696954	0.135	0.0304054
0.0929273	0.135	0.0303581
0.116159	0.135	0.0302961
0.139391	0.135	0.0302183
0.162623	0.135	0.0301233
0.185855	0.135	0.0300096
0.209086	0.135	0.0298751
0.232318	0.135	0.0297176
0.25555	0.135	0.0295339
0.278782	0.135	0.0293207
0.302014	0.135	0.0290734
0.325245	0.135	0.028787
0.348477	0.135	0.0284551
0.371709	0.135	0.0280704
0.394941	0.135	0.0276244
0.418173	0.135	0.027108
0.441405	0.135	0.0265119
0.464636	0.135	0.0258275
0.487868	0.135	0.0250476
0.5111	0.135	0.0241679
0.534332	0.135	0.0231876
0.557564	0.135	0.02211
0.580795	0.135	0.0209419
0.604027	0.135	0.0196936
0.627259	0.135	0.0183773
0.650491	0.135	0.0170063
0.673723	0.135	0.0155938
0.696954	0.135	0.0141521
0.720186	0.135	0.0126922
0.743418	0.135	0.0112238
0.76665	0.135	0.00975537
0.789882	0.135	0.0082942
0.813114	0.135	0.0068468
0.836345	0.135	0.00541896
0.859577	0.135	0.00401588
0.882809	0.135	0.00264227
0.906041	0.135	0.00130237
0.929273	0.135	0
0	0.1425	0.0316326
0.023828	0.1425	0.0316254
0.0476561	0.1425	0.0316038
0.0714841	0.1425	0.0315673
0.0953121	0.1425	0.0315153
0.11914	0.1425	0.031447
0.142968	0.1425	0.0313612
0.166796	0.1425	0.0312563
0.190624	0.1425	0.0311305
0.214452	0.1425	0.0309816
0.23828	0.1425	0.0308068
0.262108	0.1425	0.0306026
0.285936	0.1425	0.0303651
0.309764	0.1425	0.0300892
0.333592	0.1425	0.0297692
0.35742	0.1425	0.0293981
0.381248	0.1425	0.0289678
0.405076	0.1425	0.0284696
0.428905	0.1425	0.0278943
0.452733	0.1425	0.027233
0.476561	0.1425	0.0264778
0.500389	0.1425	0.0256235
0.524217	0.1425	0.0246678
0.548045	0.1425	0.0236122
0.571873	0.1425	0.0224622
0.595701	0.1425	0.0212266
0.619529	0.1425	0.019917
0.643357	0.1425	0.0185465
0.667185	0.1425	0.0171283
0.691013	0.1425	0.0156756
0.714841	0.1425	0.0142
0.738669	0.1425	0.0127122
0.762497	0.1425	0.0112215
0.786325	0.1425	0.00973594
0.810153	0.1425	0.00826278
0.833981	0.1425	0.0068084
0.857809	0.1425	0.00537853
0.881637	0.1425	0.00397832
0.905465	0.1425	0.00261244
0.929293	0.1425	0.00128508
0.953121	0.1425	0
0	0.15	0.0327457
0.0244242	0.15	0.0327378
0.0488485	0.15	0.0327142
0.0732727	0.15	0.0326742
0.097697	0.15	0.0326173
0.122121	0.15	0.0325424
0.146545	0.15	0.0324482
0.17097	0.15	0.0323329
0.195394	0.15	0.0321945
0.219818	0.15	0.0320303
0.244242	0.15	0.0318372
0.268667	0.15	0.0316113
0.293091	0.15	0.0313481
0.317515	0.15	0.031042
0.341939	0.15	0.0306864
0.366364	0.15	0.0302739
0.390788	0.15	0.029796
0.415212	0.15	0.0292437
0.439636	0.15	0.0286078
0.464061	0.15	0.0278803
0.488485	0.15	0.0270546
0.512909	0.15	0.0261271
0.537333	0.15	0.0250977
0.561758	0.15	0.0239702
0.586182	0.15	0.022752
0.610606	0.15	0.0214537
0.63503	0.15	0.0200877
0.659454	0.15	0.0186676
0.683879	0.15	0.0172066
0.708303	0.15	0.0157175
0.732727	0.15	0.0142118
0.757151	0.15	0.0126995
0.781576	0.15	0.0111898
0.806	0.15	0.00969053
0.830424	0.15	0.00820882
0.854848	0.15	0.00675098
0.879273	0.15	0.00532269
0.903697	0.15	0.00392908
0.928121	0.15	0.00257474
0.952545	0.15	0.00126382
0.97697	0.15	0
0	0.1575	0.0338041
0.0250205	0.1575	0.0337955
0.0500409	0.1575	0.0337697
0.0750614	0.1575	0.0337262
0.100082	0.1575	0.0336641
0.125102	0.1575	0.0335823
0.150123	0.1575	0.0334794
0.175143	0.1575	0.0333532
0.200164	0.1575	0.0332016
0.225184	0.1575	0.0330213
0.250205	0.1575	0.032809
0.275225	0.1575	0.0325602
0.300245	0.1575	0.0322699
0.325266	0.1575	0.0319318
0.350286	0.1575	0.0315389
0.375307	0.1575	0.0310832
0.400327	0.1575	0.0305558
0.425348	0.1575	0.0299476
0.450368	0.1575	0.0292501
0.475389	0.1575	0.028456
0.500409	0.1575	0.0275602
0.525429	0.1575	0.0265611
0.55045	0.1575	0.0254607
0.57547	0.1575	0.0242647
0.600491	0.1575	0.0229825
0.625511	0.1575	0.0216257
0.650532	0.1575	0.0202077
0.675552	0.1575	0.0187421
0.700573	0.1575	0.0172422
0.725593	0.1575	0.0157204
0.750614	0.1575	0.0141878
0.775634	0.1575	0.0126543
0.800654	0.1575	0.0111289
0.825675	0.1575	0.00961923
0.850695	0.1575	0.00813238
0.875716	0.1575	0.00667459
0.900736	0.1575	0.00525151
0.925757	0.1575	0.00386821
0.950777	0.1575	0.00252923
0.975798	0.1575	0.00123862
1.00082	0.1575	0
0	0.165	0.0348078
0.0256167	0.165	0.0347986
0.0512333	0.165	0.0347706
0.07685	0.165	0.0347233
0.102467	0.165	0.0346559
0.128083	0.165	0.034567
0.1537	0.165	0.0344549
0.179317	0.165	0.0343174
0.204933	0.165	0.0341518
0.23055	0.165	0.0339548
0.256167	0.165	0.0337223
0.281783	0.165	0.0334495
0.3074	0.165	0.0331306
0.333017	0.165	0.0327591
0.358633	0.165	0.0323272
0.38425	0.165	0.0318265
0.409867	0.165	0.031248
0.435483	0.165	0.0305827
0.4611	0.165	0.0298227
0.486717	0.165	0.028962
0.512333	0.165	0.0279971
0.53795	0.165	0.0269282
0.563567	0.165	0.0257594
0.589183	0.165	0.0244985
0.6148	0.165	0.0231559
0.640417	0.165	0.0217447
0.666033	0.165	0.0202785
0.69165	0.165	0.0187711
0.717267	0.165	0.0172357
0.742883	0.165	0.0156844
0.7685	0.165	0.0141282
0.794117	0.165	0.0125768
0.819733	0.165	0.0110389
0.84535	0.165	0.00952213
0.870967	0.165	0.00803353
0.896583	0.165	0.00657932
0.9222	0.165	0.00516507
0.947817	0.165	0.00379579
0.973433	0.165	0.00247595
0.99905	0.165	0.00120952
1.02467	0.165	0
0	0.1725	0.035757
0.0262129	0.1725	0.035747
0.0524258	0.1725	0.0357167
0.0786386	0.1725	0.0356656
0.104852	0.1725	0.0355927
0.131064	0.1725	0.0354964
0.157277	0.1725	0.0353748
0.18349	0.1725	0.0352255
0.209703	0.1725	0.0350454
0.235916	0.1725	0.0348308
0.262129	0.1725	0.0345772
0.288342	0.1725	0.0342793
0.314555	0.1725	0.0339307
0.340767	0.1725	0.0335242
0.36698	0.1725	0.0330518
0.393193	0.1725	0.0325045
0.419406	0.1725	0.0318735
0.445619	0.1725	0.0311501
0.471832	0.1725	0.0303272
0.498045	0.1725	0.0294002
0.524258	0.1725	0.0283673
0.55047	0.1725	0.0272307
0.576683	0.1725	0.0259963
0.602896	0.1725	0.0246735
0.629109	0.1725	0.0232742
0.655322	0.1725	0.0218121
0.681535	0.1725	0.0203012
0.707748	0.1725	0.0187553
0.733961	0.1725	0.0171877
0.760173	0.1725	0.0156101
0.786386	0.1725	0.0140334
0.812599	0.1725	0.0124671
0.838812	0.1725	0.0109198
0.865025	0.1725	0.00939929
0.891238	0.1725	0.00791238
0.917451	0.1725	0.00646526
0.943664	0.1725	0.00506345
0.969876	0.1725	0.0037119
0.996089	0.1725	0.00241498
1.0223	0.1725	0.00117655
1.04852	0.1725	0
0	0.18	0.0366517
0.0268091	0.18	0.0366409
0.0536182	0.18	0.0366083
0.0804273	0.18	0.0365532
0.107236	0.18	0.0364745
0.134045	0.18	0.0363706
0.160855	0.18	0.0362392
0.187664	0.18	0.0360777
0.214473	0.18	0.0358825
0.241282	0.18	0.0356496
0.268091	0.18	0.035374
0.2949	0.18	0.0350499
0.321709	0.18	0.0346703
0.348518	0.18	0.0342275
0.375327	0.18	0.0337131
0.402136	0.18	0.0331179
0.428945	0.18	0.0324332
0.455754	0.18	0.0316509
0.482564	0.18	0.0307651
0.509373	0.18	0.0297723
0.536182	0.18	0.0286727
0.562991	0.18	0.0274704
0.5898	0.18	0.0261731
0.616609	0.18	0.0247915
0.643418	0.18	0.0233388
0.670227	0.18	0.0218289
0.697036	0.18	0.0202765
0.723845	0.18	0.0186953
0.750654	0.18	0.0170984
0.777464	0.18	0.0154975
0.804273	0.18	0.0139032
0.831082	0.18	0.0123252
0.857891	0.18	0.0107718
0.8847	0.18	0.00925081
0.911509	0.18	0.007769
0.938318	0.18	0.0063325
0.965127	0.18	0.00494677
0.991936	0.18	0.00361664
1.01875	0.18	0.00234639
1.04555	0.18	0.00113976
1.07236	0.18	0
0	0.1875	0.0374919
0.0274053	0.1875	0.0374803
0.0548106	0.1875	0.0374453
0.0822159	0.1875	0.0373861
0.109621	0.1875	0.0373016
0.137027	0.1875	0.0371897
0.164432	0.1875	0.0370482
0.191837	0.1875	0.036874
0.219242	0.1875	0.0366632
0.246648	0.1875	0.0364114
0.274053	0.1875	0.0361129
0.301458	0.1875	0.0357615
0.328864	0.1875	0.0353497
0.356269	0.1875	0.0348694
0.383674	0.1875	0.0343116
0.41108	0.1875	0.0336673
0.438485	0.1875	0.032928
0.46589	0.1875	0.0320864
0.493295	0.1875	0.0311375
0.520701	0.1875	0.0300798
0.548106	0.1875	0.028915
0.575511	0.1875	0.0276491
0.602917	0.1875	0.0262914
0.630322	0.1875	0.0248539
0.657727	0.1875	0.0233505
0.685133	0.1875	0.021796
0.712538	0.1875	0.020205
0.739943	0.1875	0.0185914
0.767348	0.1875	0.0169681
0.794754	0.1875	0.0153467
0.822159	0.1875	0.013738
0.849564	0.1875	0.0121512
0.87697	0.1875	0.010595
0.904375	0.1875	0.0090768
0.93178	0.1875	0.00760353
0.959186	0.1875	0.00618119
0.986591	0.1875	0.00481514
1.014	0.1875	0.00351012
1.0414	0.1875	0.00227027
1.06881	0.1875	0.00109919
1.09621	0.1875	0
0	0.195	0.0382776
0.0280015	0.195	0.0382652
0.056003	0.195	0.0382278
0.0840045	0.195	0.0381645
0.112006	0.195	0.0380738
0.140008	0.195	0.0379539
0.168009	0.195	0.037802
0.196011	0.195	0.0376147
0.224012	0.195	0.0373878
0.252014	0.195	0.0371162
0.280015	0.195	0.0367941
0.308017	0.195	0.0364145
0.336018	0.195	0.0359694
0.36402	0.195	0.0354503
0.392021	0.195	0.034848
0.420023	0.195	0.0341535
0.448024	0.195	0.0333588
0.476026	0.195	0.0324575
0.504027	0.195	0.0314459
0.532029	0.195	0.0303241
0.56003	0.195	0.0290956
0.588032	0.195	0.0277681
0.616033	0.195	0.0263523
0.644035	0.195	0.0248615
0.672036	0.195	0.0233103
0.700038	0.195	0.0217139
0.728039	0.195	0.0200871
0.756041	0.195	0.0184438
0.784042	0.195	0.0167968
0.812044	0.195	0.015158
0.840045	0.195	0.0135376
0.868047	0.195	0.0119453
0.896048	0.195	0.0103894
0.92405	0.195	0.00887739
0.952051	0.195	0.0074161
0.980053	0.195	0.00601146
1.00805	0.195	0.0046687
1.03606	0.195	0.00339244
1.06406	0.195	0.00218669
1.09206	0.195	0.0010549
1.12006	0.195	0
0	0.2025	0.039009
0.0285977	0.2025	0.0389958
0.0571954	0.2025	0.0389558
0.0857932	0.2025	0.0388882
0.114391	0.2025	0.0387914
0.142989	0.2025	0.0386632
0.171586	0.2025	0.0385006
0.200184	0.2025	0.0382998
0.228782	0.2025	0.0380562
0.25738	0.2025	0.0377644
0.285977	0.2025	0.0374178
0.314575	0.2025	0.037009
0.343173	0.2025	0.0365296
0.37177	0.2025	0.0359705
0.400368	0.2025	0.0353226
0.428966	0.2025	0.0345771
0.457564	0.2025	0.0337264
0.486161	0.2025	0.0327652
0.514759	0.2025	0.0316913
0.543357	0.2025	0.0305063
0.571954	0.2025	0.0292156
0.600552	0.2025	0.0278283
0.62915	0.2025	0.0263567
0.657748	0.2025	0.0248151
0.686345	0.2025	0.0232186
0.714943	0.2025	0.0215829
0.743541	0.2025	0.0199229
0.772139	0.2025	0.0182526
0.800736	0.2025	0.0165848
0.829334	0.2025	0.0149312
0.857932	0.2025	0.0133023
0.886529	0.2025	0.0117075
0.915127	0.2025	0.0101551
0.943725	0.2025	0.00865273
0.972323	0.2025	0.00720688
1.00092	0.2025	0.00582346
1.02952	0.2025	0.00450759
1.05812	0.2025	0.00326375
1.08671	0.2025	0.00209577
1.11531	0.2025	0.00100693
1.14391	0.2025	0
0	0.21	0.0396861
0.0291939	0.21	0.039672
0.0583879	0.21	0.0396295
0.0875818	0.21	0.0395575
0.116776	0.21	0.0394544
0.14597	0.21	0.0393177
0.175164	0.21	0.0391441
0.204358	0.21	0.0389295
0.233551	0.21	0.0386688
0.262745	0.21	0.0383561
0.291939	0.21	0.0379843
0.321133	0.21	0.0375454
0.350327	0.21	0.0370306
0.379521	0.21	0.0364306
0.408715	0.21	0.0357362
0.437909	0.21	0.0349388
0.467103	0.21	0.0340316
0.496297	0.21	0.0330104
0.525491	0.21	0.0318747
0.554685	0.21	0.0306274
0.583879	0.21	0.0292759
0.613073	0.21	0.0278308
0.642267	0.21	0.0263055
0.671461	0.21	0.0247152
0.700654	0.21	0.0230759
0.729848	0.21	0.0214033
0.759042	0.21	0.0197126
0.788236	0.21	0.0180179
0.81743	0.21	0.016332
0.846624	0.21	0.0146666
0.875818	0.21	0.0130322
0.905012	0.21	0.011438
0.934206	0.21	0.00989248
0.9634	0.21	0.00840298
0.992594	0.21	0.00697603
1.02179	0.21	0.00561737
1.05098	0.21	0.00433198
1.08018	0.21	0.00312416
1.10937	0.21	0.00199759
1.13856	0.21	0.000955348
1.16776	0.21	0
0	0.2175	0.0403088
0.0297901	0.2175	0.0402939
0.0595803	0.2175	0.0402488
0.0893704	0.2175	0.0401724
0.119161	0.2175	0.0400629
0.148951	0.2175	0.0399175
0.178741	0.2175	0.0397327
0.208531	0.2175	0.0395039
0.238321	0.2175	0.0392257
0.268111	0.2175	0.0388915
0.297901	0.2175	0.0384937
0.327692	0.2175	0.038024
0.357482	0.2175	0.0374729
0.387272	0.2175	0.036831
0.417062	0.2175	0.0360891
0.446852	0.2175	0.0352391
0.476642	0.2175	0.034275
0.506433	0.2175	0.033194
0.536223	0.2175	0.0319968
0.566013	0.2175	0.0306883
0.595803	0.2175	0.0292773
0.625593	0.2175	0.027776
0.655383	0.2175	0.026199
0.685173	0.2175	0.0245623
0.714964	0.2175	0.0228823
0.744754	0.2175	0.0211752
0.774544	0.2175	0.0194564
0.804334	0.2175	0.0177399
0.834124	0.2175	0.0160386
0.863914	0.2175	0.0143643
0.893704	0.2175	0.0127273
0.923495	0.2175	0.011137
0.953285	0.2175	0.00960153
0.983075	0.2175	0.00812833
1.01287	0.2175	0.00672375
1.04266	0.2175	0.00539338
1.07245	0.2175	0.00414203
1.10224	0.2175	0.00297382
1.13203	0.2175	0.00189225
1.16182	0.2175	0.000900199
1.19161	0.2175	0
0	0.225	0.0408773
0.0303864	0.225	0.0408615
0.0607727	0.225	0.0408138
0.0911591	0.225	0.0407329
0.121545	0.225	0.0406169
0.151932	0.225	0.0404627
0.182318	0.225	0.0402664
0.212705	0.225	0.0400232
0.243091	0.225	0.039727
0.273477	0.225	0.0393708
0.303864	0.225	0.0389464
0.33425	0.225	0.038445
0.364636	0.225	0.0378567
0.395023	0.225	0.0371721
0.425409	0.225	0.0363819
0.455795	0.225	0.0354786
0.486182	0.225	0.0344574
0.516568	0.225	0.0333164
0.546954	0.225	0.0320583
0.577341	0.225	0.0306894
0.607727	0.225	0.0292203
0.638114	0.225	0.0276645
0.6685	0.225	0.0260376
0.698886	0.225	0.0243564
0.729273	0.225	0.022638
0.759659	0.225	0.0208988
0.790045	0.225	0.0191542
0.820432	0.225	0.0174185
0.850818	0.225	0.0157047
0.881204	0.225	0.0140243
0.911591	0.225	0.0123878
0.941977	0.225	0.0108045
0.972364	0.225	0.00928251
1.00275	0.225	0.007829
1.03314	0.225	0.00645025
1.06352	0.225	0.00515168
1.09391	0.225	0.00393791
1.1243	0.225	0.00281288
1.15468	0.225	0.00177987
1.18507	0.225	0.000841546
1.21545	0.225	0
0	0.2325	0.0413916
0.0309826	0.2325	0.0413749
0.0619651	0.2325	0.0413245
0.0929477	0.2325	0.0412391
0.12393	0.2325	0.0411165
0.154913	0.2325	0.0409534
0.185895	0.2325	0.0407455
0.216878	0.2325	0.0404875
0.247861	0.2325	0.0401729
0.278843	0.2325	0.0397942
0.309826	0.2325	0.0393426
0.340808	0.2325	0.0388087
0.371791	0.2325	0.0381825
0.402773	0.2325	0.0374542
0.433756	0.2325	0.036615
0.464739	0.2325	0.0356579
0.495721	0.2325	0.0345791
0.526704	0.2325	0.0333784
0.557686	0.2325	0.0320598
0.588669	0.2325	0.0306314
0.619651	0.2325	0.0291054
0.650634	0.2325	0.0274965
0.681617	0.2325	0.0258215
0.712599	0.2325	0.0240979
0.743582	0.2325	0.0223431
0.774564	0.2325	0.020574
0.805547	0.2325	0.0188061
0.836529	0.2325	0.0170539
0.867512	0.2325	0.0153302
0.898495	0.2325	0.0136468
0.929477	0.2325	0.012014
0.96046	0.2325	0.0104409
0.991442	0.2325	0.00893562
1.02242	0.2325	0.00750521
1.05341	0.2325	0.00615575
1.08439	0.2325	0.00489247
1.11537	0.2325	0.00371981
1.14636	0.2325	0.00264148
1.17734	0.2325	0.00166055
1.20832	0.2325	0.000779455
1.2393	0.2325	0
0	0.24	0.0418516
0.0315788	0.24	0.041834
0.0631576	0.24	0.041781
0.0947364	0.24	0.0416911
0.126315	0.24	0.0415618
0.157894	0.24	0.0413896
0.189473	0.24	0.04117
0.221051	0.24	0.040897
0.25263	0.24	0.0405637
0.284209	0.24	0.040162
0.315788	0.24	0.0396826
0.347367	0.24	0.0391155
0.378945	0.24	0.0384505
0.410524	0.24	0.0376778
0.442103	0.24	0.0367888
0.473682	0.24	0.0357773
0.505261	0.24	0.0346408
0.536839	0.24	0.0333803
0.568418	0.24	0.0320016
0.599997	0.24	0.0305146
0.631576	0.24	0.0289328
0.663154	0.24	0.0272723
0.694733	0.24	0.0255509
0.726312	0.24	0.0237867
0.757891	0.24	0.0219977
0.78947	0.24	0.0202009
0.821048	0.24	0.0184123
0.852627	0.24	0.0166461
0.884206	0.24	0.0149155
0.915785	0.24	0.013232
0.947364	0.24	0.0116059
0.978942	0.24	0.0100463
1.01052	0.24	0.00856111
1.0421	0.24	0.0071572
1.07368	0.24	0.00584049
1.10526	0.24	0.00461598
1.13684	0.24	0.00348792
1.16842	0.24	0.00245978
1.19999	0.24	0.00153441
1.23157	0.24	0.000713999
1.26315	0.24	0
0	0.2475	0.0422575
0.032175	0.2475	0.042239
0.06435	0.2475	0.0421833
0.096525	0.2475	0.0420888
0.1287	0.2475	0.0419528
0.160875	0.2475	0.0417716
0.19305	0.2475	0.04154
0.225225	0.2475	0.0412518
0.2574	0.2475	0.0408995
0.289575	0.2475	0.0404743
0.32175	0.2475	0.0399665
0.353925	0.2475	0.0393656
0.3861	0.2475	0.0386611
0.418275	0.2475	0.0378431
0.45045	0.2475	0.0369036
0.482625	0.2475	0.0358373
0.5148	0.2475	0.0346427
0.546975	0.2475	0.0333225
0.57915	0.2475	0.0318841
0.611325	0.2475	0.0303392
0.6435	0.2475	0.0287027
0.675675	0.2475	0.026992
0.70785	0.2475	0.0252257
0.740025	0.2475	0.0234228
0.7722	0.2475	0.0216017
0.804375	0.2475	0.0197796
0.83655	0.2475	0.0179727
0.868725	0.2475	0.0161954
0.9009	0.2475	0.0144606
0.933075	0.2475	0.01278
0.96525	0.2475	0.0111639
0.997425	0.2475	0.009621
1.0296	0.2475	0.00815923
1.06177	0.2475	0.00678523
1.09395	0.2475	0.0055047
1.12612	0.2475	0.00432243
1.1583	0.2475	0.00324242
1.19047	0.2475	0.00226794
1.22265	0.2475	0.00140159
1.25482	0.2475	0.000645263
1.287	0.2475	0
0	0.255	0.0426092
0.0327712	0.255	0.0425898
0.0655424	0.255	0.0425315
0.0983136	0.255	0.0424324
0.131085	0.255	0.0422897
0.163856	0.255	0.0420993
0.196627	0.255	0.0418556
0.229398	0.255	0.0415521
0.26217	0.255	0.0411805
0.294941	0.255	0.0407315
0.327712	0.255	0.0401948
0.360483	0.255	0.0395594
0.393254	0.255	0.0388146
0.426026	0.255	0.0379506
0.458797	0.255	0.0369599
0.491568	0.255	0.0358381
0.524339	0.255	0.0345851
0.557111	0.255	0.0332052
0.589882	0.255	0.0317075
0.622653	0.255	0.0301053
0.655424	0.255	0.0284151
0.688195	0.255	0.0266555
0.720967	0.255	0.024846
0.753738	0.255	0.0230063
0.786509	0.255	0.0211552
0.81928	0.255	0.0193102
0.852051	0.255	0.0174875
0.884823	0.255	0.0157017
0.917594	0.255	0.0139657
0.950365	0.255	0.0122912
0.983136	0.255	0.0106881
1.01591	0.255	0.00916525
1.04868	0.255	0.00773026
1.08145	0.255	0.00638956
1.11422	0.255	0.00514863
1.14699	0.255	0.00401203
1.17976	0.255	0.00298353
1.21253	0.255	0.00206615
1.24531	0.255	0.00126223
1.27808	0.255	0.000573356
1.31085	0.255	0
0	0.2625	0.0429067
0.0333674	0.2625	0.0428865
0.0667348	0.2625	0.0428255
0.100102	0.2625	0.0427218
0.13347	0.2625	0.0425724
0.166837	0.2625	0.0423728
0.200205	0.2625	0.0421171
0.233572	0.2625	0.041798
0.266939	0.2625	0.0414069
0.300307	0.2625	0.0409337
0.333674	0.2625	0.0403675
0.367042	0.2625	0.039697
0.400409	0.2625	0.0389111
0.433776	0.2625	0.0380004
0.467144	0.2625	0.0369578
0.500511	0.2625	0.03578
0.533879	0.2625	0.0344682
0.567246	0.2625	0.0330285
0.600614	0.2625	0.0314718
0.633981	0.2625	0.029813
0.667348	0.2625	0.0280701
0.700716	0.2625	0.0262629
0.734083	0.2625	0.0244119
0.767451	0.2625	0.0225372
0.800818	0.2625	0.0206581
0.834186	0.2625	0.0187925
0.867553	0.2625	0.0169567
0.90092	0.2625	0.0151652
0.934288	0.2625	0.0134311
0.967655	0.2625	0.0117656
1.00102	0.2625	0.0101788
1.03439	0.2625	0.00867934
1.06776	0.2625	0.00727447
1.10112	0.2625	0.00597046
1.13449	0.2625	0.00477254
1.16786	0.2625	0.00368503
1.20123	0.2625	0.00271145
1.23459	0.2625	0.00185459
1.26796	0.2625	0.00111652
1.30133	0.2625	0.000498417
1.3347	0.2625	0
0	0.27	0.0431502
0.0339636	0.27	0.0431291
0.0679273	0.27	0.0430654
0.101891	0.27	0.0429572
0.135855	0.27	0.0428012
0.169818	0.27	0.0425923
0.203782	0.27	0.0423245
0.237745	0.27	0.0419897
0.271709	0.27	0.0415788
0.305673	0.27	0.0410811
0.339636	0.27	0.040485
0.3736	0.27	0.0397787
0.407564	0.27	0.0389511
0.441527	0.27	0.0379928
0.475491	0.27	0.0368976
0.509454	0.27	0.0356631
0.543418	0.27	0.0342921
0.577382	0.27	0.0327925
0.611345	0.27	0.031177
0.645309	0.27	0.0294622
0.679273	0.27	0.0276676
0.713236	0.27	0.0258141
0.7472	0.27	0.0239231
0.781164	0.27	0.0220154
0.815127	0.27	0.0201106
0.849091	0.27	0.0182269
0.883054	0.27	0.0163806
0.917018	0.27	0.0145863
0.950982	0.27	0.0128569
0.984945	0.27	0.0112037
1.01891	0.27	0.00963644
1.05287	0.27	0.00816356
1.08684	0.27	0.00679216
1.1208	0.27	0.00552822
1.15476	0.27	0.0043767
1.18873	0.27	0.00334167
1.22269	0.27	0.00242642
1.25665	0.27	0.00163349
1.29062	0.27	0.000964679
1.32458	0.27	0.00042064
1.35855	0.27	0
0	0.2775	0.0433395
0.0345598	0.2775	0.0433175
0.0691197	0.2775	0.0432513
0.10368	0.2775	0.0431386
0.138239	0.2775	0.0429759
0.172799	0.2775	0.0427579
0.207359	0.2775	0.0424779
0.241919	0.2775	0.0421274
0.276479	0.2775	0.0416965
0.311039	0.2775	0.0411739
0.345598	0.2775	0.0405475
0.380158	0.2775	0.0398048
0.414718	0.2775	0.0389347
0.449278	0.2775	0.0379281
0.483838	0.2775	0.0367793
0.518398	0.2775	0.0354875
0.552958	0.2775	0.0340569
0.587517	0.2775	0.0324973
0.622077	0.2775	0.0308231
0.656637	0.2775	0.0290529
0.691197	0.2775	0.0272075
0.725757	0.2775	0.025309
0.760317	0.2775	0.0233796
0.794876	0.2775	0.0214408
0.829436	0.2775	0.0195126
0.863996	0.2775	0.0176133
0.898556	0.2775	0.0157592
0.933116	0.2775	0.013965
0.967676	0.2775	0.0122434
1.00224	0.2775	0.0106056
1.0368	0.2775	0.00906117
1.07136	0.2775	0.00761822
1.10592	0.2775	0.00628364
1.14047	0.2775	0.00506312
1.17503	0.2775	0.00396137
1.20959	0.2775	0.00298221
1.24415	0.2775	0.0021287
1.27871	0.2775	0.00140315
1.31327	0.2775	0.000807017
1.34783	0.2775	0.000340298
1.38239	0.2775	0
0	0.285	0.0434748
0.0351561	0.285	0.0434519
0.0703121	0.285	0.0433831
0.105468	0.285	0.043266
0.140624	0.285	0.0430967
0.17578	0.285	0.0428696
0.210936	0.285	0.0425774
0.246092	0.285	0.0422112
0.281248	0.285	0.0417602
0.316405	0.285	0.0412125
0.351561	0.285	0.0405552
0.386717	0.285	0.0397756
0.421873	0.285	0.0388622
0.457029	0.285	0.0378063
0.492185	0.285	0.0366032
0.527341	0.285	0.0352533
0.562497	0.285	0.0337625
0.597653	0.285	0.0321426
0.632809	0.285	0.03041
0.667965	0.285	0.0285848
0.703121	0.285	0.0266895
0.738277	0.285	0.0247474
0.773433	0.285	0.0227815
0.808589	0.285	0.0208136
0.843745	0.285	0.0188643
0.878901	0.285	0.0169518
0.914057	0.285	0.0150928
0.949214	0.285	0.0133016
0.98437	0.285	0.0115909
1.01953	0.285	0.00997173
1.05468	0.285	0.00845334
1.08984	0.285	0.00704364
1.12499	0.285	0.00574921
1.16015	0.285	0.00457546
1.19531	0.285	0.00352685
1.23046	0.285	0.00260694
1.26562	0.285	0.00181859
1.30077	0.285	0.00116391
1.33593	0.285	0.000643955
1.37109	0.285	0.000257786
1.40624	0.285	0
0	0.2925	0.0435559
0.0357523	0.2925	0.0435323
0.0715045	0.2925	0.0434609
0.107257	0.2925	0.0433394
0.143009	0.2925	0.0431636
0.178761	0.2925	0.0429275
0.214514	0.2925	0.0426232
0.250266	0.2925	0.0422412
0.286018	0.2925	0.04177
0.32177	0.2925	0.0411969
0.357523	0.2925	0.0405083
0.393275	0.2925	0.0396911
0.429027	0.2925	0.0387337
0.464779	0.2925	0.0376277
0.500532	0.2925	0.0363693
0.536284	0.2925	0.0349604
0.572036	0.2925	0.0334088
0.607789	0.2925	0.0317283
0.643541	0.2925	0.0299374
0.679293	0.2925	0.0280579
0.715045	0.2925	0.0261137
0.750798	0.2925	0.0241293
0.78655	0.2925	0.0221285
0.822302	0.2925	0.0201338
0.858054	0.2925	0.0181657
0.893807	0.2925	0.0162428
0.929559	0.2925	0.0143815
0.965311	0.2925	0.0125964
1.00106	0.2925	0.0108997
1.03682	0.2925	0.00930236
1.07257	0.2925	0.0078133
1.10832	0.2925	0.00644015
1.14407	0.2925	0.00518918
1.17982	0.2925	0.00406555
1.21558	0.2925	0.00307342
1.25133	0.2925	0.00221618
1.28708	0.2925	0.00149649
1.32283	0.2925	0.000916263
1.35859	0.2925	0.000476093
1.39434	0.2925	0.00017368
1.43009	0.2925	0
0	0.3	0.043583
0.0363485	0.3	0.0435585
0.072697	0.3	0.0434847
0.109045	0.3	0.043359
0.145394	0.3	0.0431768
0.181742	0.3	0.0429317
0.218091	0.3	0.0426155
0.254439	0.3	0.0422177
0.290788	0.3	0.0417262
0.327136	0.3	0.0411275
0.363485	0.3	0.0404072
0.399833	0.3	0.0395517
0.436182	0.3	0.0385493
0.47253	0.3	0.0373921
0.508879	0.3	0.0360775
0.545227	0.3	0.0346087
0.581576	0.3	0.0329957
0.617924	0.3	0.0312543
0.654273	0.3	0.0294051
0.690621	0.3	0.0274718
0.72697	0.3	0.0254798
0.763318	0.3	0.0234546
0.799667	0.3	0.0214208
0.836015	0.3	0.0194013
0.872364	0.3	0.0174169
0.908712	0.3	0.0154863
0.94506	0.3	0.0136257
0.981409	0.3	0.0118496
1.01776	0.3	0.0101702
1.05411	0.3	0.00859784
1.09045	0.3	0.00714137
1.1268	0.3	0.00580807
1.16315	0.3	0.00460389
1.1995	0.3	0.0035337
1.23585	0.3	0.00260143
1.2722	0.3	0.0018103
1.30855	0.3	0.00116288
1.34489	0.3	0.000660887
1.38124	0.3	0.000304291
1.41759	0.3	8.88235e-05
1.45394	0.3	0
