0	0	0
0.01125	0	0
0.0225	0	0
0.03375	0	0
0.045	0	0
0.05625	0	0
0.0675	0	0
0.07875	0	0
0.09	0	0
0.10125	0	0
0.1125	0	0
0.12375	0	0
0.135	0	0
0.14625	0	0
0.1575	0	0
0.16875	0	0
0.18	0	0
0.19125	0	0
0.2025	0	0
0.21375	0	0
0.225	0	0
0.23625	0	0
0.2475	0	0
0.25875	0	0
0.27	0	0
0.28125	0	0
0.2925	0	0
0.30375	0	0
0.315	0	0
0.32625	0	0
0.3375	0	0
0.34875	0	0
0.36	0	0
0.37125	0	0
0.3825	0	0
0.39375	0	0
0.405	0	0
0.41625	0	0
0.4275	0	0
0.43875	0	0
0.45	0	0
0	0.0225	0.0112749
0.011588	0.0225	0.0112719
0.023176	0.0225	0.0112632
0.0347641	0.0225	0.0112485
0.0463521	0.0225	0.0112279
0.0579401	0.0225	0.0112013
0.0695281	0.0225	0.0111686
0.0811161	0.0225	0.0111298
0.0927042	0.0225	0.0110847
0.104292	0.0225	0.0110332
0.11588	0.0225	0.010975
0.127468	0.0225	0.0109101
0.139056	0.0225	0.0108382
0.150644	0.0225	0.0107591
0.162232	0.0225	0.0106724
0.17382	0.0225	0.0105779
0.185408	0.0225	0.0104751
0.196996	0.0225	0.0103637
0.208584	0.0225	0.0102432
0.220172	0.0225	0.010113
0.23176	0.0225	0.00997258
0.243348	0.0225	0.00982114
0.254936	0.0225	0.00965789
0.266524	0.0225	0.00948185
0.278112	0.0225	0.0092919
0.289701	0.0225	0.0090867
0.301289	0.0225	0.00886468
0.312877	0.0225	0.00862391
0.324465	0.0225	0.00836204
0.336053	0.0225	0.00807616
0.347641	0.0225	0.00776258
0.359229	0.0225	0.00741655
0.370817	0.0225	0.00703177
0.382405	0.0225	0.00659972
0.393993	0.0225	0.00610852
0.405581	0.0225	0.00554113
0.417169	0.0225	0.00487235
0.428757	0.0225	0.0040639
0.440345	0.0225	0.00305602
0.451933	0.0225	0.00175326
0.463521	0.0225	0
0	0.045	0.0220656
0.011926	0.045	0.0220594
0.0238521	0.045	0.0220409
0.0357781	0.045	0.02201
0.0477042	0.045	0.0219666
0.0596302	0.045	0.0219105
0.0715562	0.045	0.0218417
0.0834823	0.045	0.0217598
0.0954083	0.045	0.0216646
0.107334	0.045	0.0215559
0.11926	0.045	0.0214332
0.131186	0.045	0.0212961
0.143112	0.045	0.0211441
0.155039	0.045	0.0209767
0.166965	0.045	0.0207933
0.178891	0.045	0.0205931
0.190817	0.045	0.0203754
0.202743	0.045	0.0201391
0.214669	0.045	0.0198833
0.226595	0.045	0.0196066
0.238521	0.045	0.0193078
0.250447	0.045	0.0189852
0.262373	0.045	0.0186369
0.274299	0.045	0.0182608
0.286225	0.045	0.0178543
0.298151	0.045	0.0174144
0.310077	0.045	0.0169375
0.322003	0.045	0.0164193
0.333929	0.045	0.0158545
0.345855	0.045	0.0152366
0.357781	0.045	0.0145577
0.369707	0.045	0.0138075
0.381633	0.045	0.0129731
0.393559	0.045	0.0120381
0.405485	0.045	0.010981
0.417411	0.045	0.00977422
0.429337	0.045	0.00838241
0.441264	0.045	0.00676144
0.45319	0.045	0.00485891
0.465116	0.045	0.00261933
0.477042	0.045	0
0	0.0675	0.032394
0.0122641	0.0675	0.0323843
0.0245281	0.0675	0.0323552
0.0367922	0.0675	0.0323066
0.0490562	0.0675	0.0322383
0.0613203	0.0675	0.0321502
0.0735844	0.0675	0.0320419
0.0858484	0.0675	0.0319131
0.0981125	0.0675	0.0317633
0.110377	0.0675	0.0315921
0.122641	0.0675	0.0313989
0.134905	0.0675	0.031183
0.147169	0.0675	0.0309436
0.159433	0.0675	0.0306798
0.171697	0.0675	0.0303905
0.183961	0.0675	0.0300747
0.196225	0.0675	0.029731
0.208489	0.0675	0.0293578
0.220753	0.0675	0.0289534
0.233017	0.0675	0.028516
0.245281	0.0675	0.028043
0.257545	0.0675	0.0275321
0.269809	0.0675	0.0269801
0.282073	0.0675	0.0263836
0.294337	0.0675	0.0257385
0.306602	0.0675	0.02504
0.318866	0.0675	0.0242823
0.33113	0.0675	0.023459
0.343394	0.0675	0.0225618
0.355658	0.0675	0.0215812
0.367922	0.0675	0.0205057
0.380186	0.0675	0.0193212
0.39245	0.0675	0.0180111
0.404714	0.0675	0.0165551
0.416978	0.0675	0.0149296
0.429242	0.0675	0.0131072
0.441506	0.0675	0.0110574
0.45377	0.0675	0.00874814
0.466034	0.0675	0.00614935
0.478298	0.0675	0.00323736
0.490562	0.0675	0
0	0.09	0.0422814
0.0126021	0.09	0.0422679
0.0252042	0.09	0.0422274
0.0378062	0.09	0.0421599
0.0504083	0.09	0.0420649
0.0630104	0.09	0.0419423
0.0756125	0.09	0.0417917
0.0882146	0.09	0.0416125
0.100817	0.09	0.0414042
0.113419	0.09	0.041166
0.126021	0.09	0.0408971
0.138623	0.09	0.0405965
0.151225	0.09	0.0402632
0.163827	0.09	0.0398958
0.176429	0.09	0.0394928
0.189031	0.09	0.0390528
0.201633	0.09	0.0385736
0.214235	0.09	0.0380534
0.226837	0.09	0.0374895
0.23944	0.09	0.0368793
0.252042	0.09	0.0362195
0.264644	0.09	0.0355066
0.277246	0.09	0.0347365
0.289848	0.09	0.0339042
0.30245	0.09	0.0330045
0.315052	0.09	0.0320307
0.327654	0.09	0.0309757
0.340256	0.09	0.0298307
0.352858	0.09	0.0285857
0.36546	0.09	0.0272293
0.378062	0.09	0.0257479
0.390665	0.09	0.0241262
0.403267	0.09	0.0223467
0.415869	0.09	0.0203898
0.428471	0.09	0.0182345
0.441073	0.09	0.0158584
0.453675	0.09	0.0132395
0.466277	0.09	0.0103578
0.478879	0.09	0.00719692
0.491481	0.09	0.00374591
0.504083	0.09	0
0	0.1125	0.0517486
0.0129401	0.1125	0.0517311
0.0258802	0.1125	0.0516786
0.0388203	0.1125	0.0515909
0.0517604	0.1125	0.0514677
0.0647005	0.1125	0.0513087
0.0776406	0.1125	0.0511132
0.0905807	0.1125	0.0508807
0.103521	0.1125	0.0506103
0.116461	0.1125	0.0503012
0.129401	0.1125	0.0499522
0.142341	0.1125	0.049562
0.155281	0.1125	0.0491293
0.168221	0.1125	0.0486523
0.181161	0.1125	0.0481292
0.194102	0.1125	0.0475579
0.207042	0.1125	0.0469359
0.219982	0.1125	0.0462604
0.232922	0.1125	0.0455285
0.245862	0.1125	0.0447365
0.258802	0.1125	0.0438805
0.271742	0.1125	0.042956
0.284682	0.1125	0.0419577
0.297622	0.1125	0.0408799
0.310562	0.1125	0.0397159
0.323503	0.1125	0.0384581
0.336443	0.1125	0.037098
0.349383	0.1125	0.0356257
0.362323	0.1125	0.0340304
0.375263	0.1125	0.0322996
0.388203	0.1125	0.0304197
0.401143	0.1125	0.0283757
0.414083	0.1125	0.0261514
0.427023	0.1125	0.02373
0.439963	0.1125	0.0210943
0.452904	0.1125	0.0182277
0.465844	0.1125	0.0151151
0.478784	0.1125	0.0117438
0.491724	0.1125	0.00810418
0.504664	0.1125	0.00419044
0.517604	0.1125	0
0	0.135	0.0608153
0.0132781	0.135	0.0607936
0.0265562	0.135	0.0607285
0.0398344	0.135	0.0606198
0.0531125	0.135	0.060467
0.0663906	0.135	0.0602698
0.0796687	0.135	0.0600275
0.0929469	0.135	0.0597392
0.106225	0.135	0.059404
0.119503	0.135	0.0590207
0.132781	0.135	0.058588
0.146059	0.135	0.0581043
0.159337	0.135	0.0575679
0.172616	0.135	0.0569767
0.185894	0.135	0.0563284
0.199172	0.135	0.0556205
0.21245	0.135	0.0548499
0.225728	0.135	0.0540135
0.239006	0.135	0.0531075
0.252284	0.135	0.0521277
0.265562	0.135	0.0510694
0.278841	0.135	0.0499273
0.292119	0.135	0.0486956
0.305397	0.135	0.0473675
0.318675	0.135	0.0459357
0.331953	0.135	0.0443918
0.345231	0.135	0.0427266
0.358509	0.135	0.0409299
0.371787	0.135	0.0389907
0.385066	0.135	0.0368967
0.398344	0.135	0.0346351
0.411622	0.135	0.0321922
0.4249	0.135	0.0295542
0.438178	0.135	0.0267071
0.451456	0.135	0.0236376
0.464734	0.135	0.0203334
0.478012	0.135	0.016784
0.491291	0.135	0.0129808
0.504569	0.135	0.0089179
0.517847	0.135	0.00459149
0.531125	0.135	0
0	0.1575	0.0695003
0.0136161	0.1575	0.0694743
0.0272323	0.1575	0.0693962
0.0408484	0.1575	0.0692656
0.0544646	0.1575	0.0690823
0.0680807	0.1575	0.0688456
0.0816969	0.1575	0.0685547
0.095313	0.1575	0.0682087
0.108929	0.1575	0.0678065
0.122545	0.1575	0.0673466
0.136161	0.1575	0.0668274
0.149778	0.1575	0.0662472
0.163394	0.1575	0.0656039
0.17701	0.1575	0.0648951
0.190626	0.1575	0.064118
0.204242	0.1575	0.0632698
0.217858	0.1575	0.0623471
0.231474	0.1575	0.0613459
0.245091	0.1575	0.0602622
0.258707	0.1575	0.0590913
0.272323	0.1575	0.0578277
0.285939	0.1575	0.0564659
0.299555	0.1575	0.0549992
0.313171	0.1575	0.0534205
0.326787	0.1575	0.051722
0.340404	0.1575	0.0498951
0.35402	0.1575	0.0479304
0.367636	0.1575	0.0458179
0.381252	0.1575	0.0435469
0.394868	0.1575	0.041106
0.408484	0.1575	0.0384836
0.4221	0.1575	0.0356678
0.435717	0.1575	0.0326469
0.449333	0.1575	0.0294097
0.462949	0.1575	0.0259457
0.476565	0.1575	0.0222459
0.490181	0.1575	0.0183026
0.503797	0.1575	0.0141097
0.517413	0.1575	0.00966311
0.53103	0.1575	0.00496024
0.544646	0.1575	0
0	0.18	0.0778214
0.0139542	0.18	0.0777909
0.0279083	0.18	0.0776993
0.0418625	0.18	0.0775464
0.0558167	0.18	0.0773317
0.0697708	0.18	0.0770545
0.083725	0.18	0.0767139
0.0976791	0.18	0.0763088
0.111633	0.18	0.0758378
0.125587	0.18	0.0752995
0.139542	0.18	0.074692
0.153496	0.18	0.0740133
0.16745	0.18	0.0732609
0.181404	0.18	0.0724322
0.195358	0.18	0.0715243
0.209312	0.18	0.0705337
0.223267	0.18	0.0694566
0.237221	0.18	0.0682891
0.251175	0.18	0.0670263
0.265129	0.18	0.0656632
0.279083	0.18	0.0641942
0.293037	0.18	0.0626131
0.306992	0.18	0.0609131
0.320946	0.18	0.0590869
0.3349	0.18	0.0571264
0.348854	0.18	0.0550233
0.362808	0.18	0.0527683
0.376762	0.18	0.0503518
0.390717	0.18	0.0477639
0.404671	0.18	0.0449943
0.418625	0.18	0.0420327
0.432579	0.18	0.038869
0.446533	0.18	0.0354933
0.460487	0.18	0.0318967
0.474442	0.18	0.0280709
0.488396	0.18	0.024009
0.50235	0.18	0.019705
0.516304	0.18	0.0151546
0.530258	0.18	0.0103547
0.544212	0.18	0.00530343
0.558167	0.18	0
0	0.2025	0.0857947
0.0142922	0.2025	0.0857597
0.0285844	0.2025	0.0856545
0.0428766	0.2025	0.0854789
0.0571687	0.2025	0.0852322
0.0714609	0.2025	0.0849138
0.0857531	0.2025	0.0845226
0.100045	0.2025	0.0840574
0.114337	0.2025	0.0835168
0.12863	0.2025	0.082899
0.142922	0.2025	0.0822019
0.157214	0.2025	0.0814234
0.171506	0.2025	0.0805608
0.185798	0.2025	0.0796112
0.200091	0.2025	0.0785714
0.214383	0.2025	0.0774376
0.228675	0.2025	0.0762058
0.242967	0.2025	0.0748717
0.257259	0.2025	0.0734302
0.271551	0.2025	0.0718761
0.285844	0.2025	0.0702035
0.300136	0.2025	0.0684059
0.314428	0.2025	0.0664767
0.32872	0.2025	0.0644084
0.343012	0.2025	0.0621931
0.357305	0.2025	0.0598226
0.371597	0.2025	0.0572884
0.385889	0.2025	0.0545813
0.400181	0.2025	0.0516923
0.414473	0.2025	0.0486123
0.428766	0.2025	0.0453323
0.443058	0.2025	0.0418436
0.45735	0.2025	0.038138
0.471642	0.2025	0.0342083
0.485934	0.2025	0.0300477
0.500226	0.2025	0.0256508
0.514519	0.2025	0.021013
0.528811	0.2025	0.0161309
0.543103	0.2025	0.0110022
0.557395	0.2025	0.0056254
0.571687	0.2025	0
0	0.225	0.0934356
0.0146302	0.225	0.093396
0.0292604	0.225	0.093277
0.0438906	0.225	0.0930784
0.0585208	0.225	0.0927995
0.073151	0.225	0.0924394
0.0877812	0.225	0.0919972
0.102411	0.225	0.0914714
0.117042	0.225	0.0908605
0.131672	0.225	0.0901626
0.146302	0.225	0.0893756
0.160932	0.225	0.0884969
0.175562	0.225	0.0875238
0.190193	0.225	0.0864531
0.204823	0.225	0.0852814
0.219453	0.225	0.0840048
0.234083	0.225	0.0826191
0.248713	0.225	0.0811196
0.263344	0.225	0.0795014
0.277974	0.225	0.0777588
0.292604	0.225	0.075886
0.307234	0.225	0.0738766
0.321864	0.225	0.0717237
0.336495	0.225	0.0694203
0.351125	0.225	0.0669587
0.365755	0.225	0.0643312
0.380385	0.225	0.0615296
0.395016	0.225	0.0585457
0.409646	0.225	0.0553713
0.424276	0.225	0.0519984
0.438906	0.225	0.0484191
0.453536	0.225	0.044626
0.468167	0.225	0.0406123
0.482797	0.225	0.0363719
0.497427	0.225	0.0318994
0.512057	0.225	0.0271903
0.526687	0.225	0.022241
0.541318	0.225	0.0170488
0.555948	0.225	0.0116118
0.570578	0.225	0.00592905
0.585208	0.225	0
0	0.2475	0.100758
0.0149682	0.2475	0.100713
0.0299364	0.2475	0.100581
0.0449047	0.2475	0.100359
0.0598729	0.2475	0.100048
0.0748411	0.2475	0.0996458
0.0898093	0.2475	0.0991524
0.104778	0.2475	0.0985659
0.119746	0.2475	0.0978847
0.134714	0.2475	0.0971067
0.149682	0.2475	0.0962297
0.16465	0.2475	0.095251
0.179619	0.2475	0.0941678
0.194587	0.2475	0.0929767
0.209555	0.2475	0.0916741
0.224523	0.2475	0.0902561
0.239492	0.2475	0.0887182
0.25446	0.2475	0.0870558
0.269428	0.2475	0.0852637
0.284396	0.2475	0.0833364
0.299364	0.2475	0.0812681
0.314333	0.2475	0.0790523
0.329301	0.2475	0.0766826
0.344269	0.2475	0.074152
0.359237	0.2475	0.0714534
0.374206	0.2475	0.0685794
0.389174	0.2475	0.0655226
0.404142	0.2475	0.0622755
0.41911	0.2475	0.0588308
0.434079	0.2475	0.0551812
0.449047	0.2475	0.0513202
0.464015	0.2475	0.0472412
0.478983	0.2475	0.0429385
0.493951	0.2475	0.038407
0.50892	0.2475	0.0336422
0.523888	0.2475	0.0286405
0.538856	0.2475	0.0233989
0.553824	0.2475	0.0179152
0.568793	0.2475	0.012188
0.583761	0.2475	0.00621633
0.598729	0.2475	0
0	0.27	0.107774
0.0153062	0.27	0.107725
0.0306125	0.27	0.107578
0.0459187	0.27	0.107333
0.061225	0.27	0.10699
0.0765312	0.27	0.106546
0.0918375	0.27	0.106002
0.107144	0.27	0.105355
0.12245	0.27	0.104603
0.137756	0.27	0.103746
0.153062	0.27	0.102779
0.168369	0.27	0.101701
0.183675	0.27	0.100509
0.198981	0.27	0.0991988
0.214287	0.27	0.097767
0.229594	0.27	0.0962096
0.2449	0.27	0.0945222
0.260206	0.27	0.0927
0.275512	0.27	0.0907378
0.290819	0.27	0.0886304
0.306125	0.27	0.0863719
0.321431	0.27	0.0839561
0.336737	0.27	0.0813769
0.352044	0.27	0.0786275
0.36735	0.27	0.0757014
0.382656	0.27	0.0725917
0.397962	0.27	0.0692915
0.413269	0.27	0.0657943
0.428575	0.27	0.0620933
0.443881	0.27	0.0581823
0.459187	0.27	0.0540553
0.474494	0.27	0.049707
0.4898	0.27	0.0451324
0.505106	0.27	0.0403271
0.520412	0.27	0.0352874
0.535719	0.27	0.0300103
0.551025	0.27	0.0244934
0.566331	0.27	0.0187348
0.581637	0.27	0.0127335
0.596944	0.27	0.00648857
0.61225	0.27	0
0	0.2925	0.114494
0.0156443	0.2925	0.114441
0.0312885	0.2925	0.11428
0.0469328	0.2925	0.114013
0.0625771	0.2925	0.113637
0.0782213	0.2925	0.113152
0.0938656	0.2925	0.112557
0.10951	0.2925	0.11185
0.125154	0.2925	0.111029
0.140798	0.2925	0.110093
0.156443	0.2925	0.109038
0.172087	0.2925	0.107862
0.187731	0.2925	0.106562
0.203375	0.2925	0.105134
0.21902	0.2925	0.103575
0.234664	0.2925	0.101881
0.250308	0.2925	0.100047
0.265953	0.2925	0.098069
0.281597	0.2925	0.0959413
0.297241	0.2925	0.0936587
0.312885	0.2925	0.0912158
0.32853	0.2925	0.0886068
0.344174	0.2925	0.0858256
0.359818	0.2925	0.0828661
0.375462	0.2925	0.079722
0.391107	0.2925	0.076387
0.406751	0.2925	0.072855
0.422395	0.2925	0.0691199
0.438039	0.2925	0.0651759
0.453684	0.2925	0.0610174
0.469328	0.2925	0.0566392
0.484972	0.2925	0.0520366
0.500616	0.2925	0.0472054
0.516261	0.2925	0.0421419
0.531905	0.2925	0.036843
0.547549	0.2925	0.0313061
0.563194	0.2925	0.0255292
0.578838	0.2925	0.019511
0.594482	0.2925	0.0132503
0.610126	0.2925	0.00674664
0.625771	0.2925	0
0	0.315	0.12093
0.0159823	0.315	0.120872
0.0319646	0.315	0.120698
0.0479469	0.315	0.120407
0.0639291	0.315	0.12
0.0799114	0.315	0.119474
0.0958937	0.315	0.118829
0.111876	0.315	0.118062
0.127858	0.315	0.117173
0.143841	0.315	0.116158
0.159823	0.315	0.115016
0.175805	0.315	0.113744
0.191787	0.315	0.112338
0.20777	0.315	0.110796
0.223752	0.315	0.109112
0.239734	0.315	0.107284
0.255717	0.315	0.105308
0.271699	0.315	0.103177
0.287681	0.315	0.100889
0.303663	0.315	0.0984363
0.319646	0.315	0.0958152
0.335628	0.315	0.0930198
0.35161	0.315	0.0900443
0.367593	0.315	0.086883
0.383575	0.315	0.0835302
0.399557	0.315	0.0799802
0.415539	0.315	0.0762273
0.431522	0.315	0.072266
0.447504	0.315	0.0680913
0.463486	0.315	0.0636982
0.479469	0.315	0.0590821
0.495451	0.315	0.0542391
0.511433	0.315	0.0491654
0.527415	0.315	0.043858
0.543398	0.315	0.0383143
0.55938	0.315	0.0325319
0.575362	0.315	0.0265094
0.591345	0.315	0.0202456
0.607327	0.315	0.0137396
0.623309	0.315	0.00699106
0.639291	0.315	0
0	0.3375	0.127089
0.0163203	0.3375	0.127027
0.0326406	0.3375	0.126839
0.0489609	0.3375	0.126526
0.0652812	0.3375	0.126087
0.0816015	0.3375	0.125521
0.0979218	0.3375	0.124826
0.114242	0.3375	0.124001
0.130562	0.3375	0.123044
0.146883	0.3375	0.121953
0.163203	0.3375	0.120726
0.179523	0.3375	0.119359
0.195844	0.3375	0.117849
0.212164	0.3375	0.116194
0.228484	0.3375	0.114389
0.244805	0.3375	0.112431
0.261125	0.3375	0.110315
0.277445	0.3375	0.108037
0.293766	0.3375	0.105592
0.310086	0.3375	0.102975
0.326406	0.3375	0.100182
0.342726	0.3375	0.0972072
0.359047	0.3375	0.094045
0.375367	0.3375	0.0906903
0.391687	0.3375	0.0871379
0.408008	0.3375	0.0833824
0.424328	0.3375	0.079419
0.440648	0.3375	0.0752426
0.456969	0.3375	0.0708487
0.473289	0.3375	0.0662331
0.489609	0.3375	0.0613917
0.50593	0.3375	0.056321
0.52225	0.3375	0.051018
0.53857	0.3375	0.04548
0.55489	0.3375	0.0397047
0.571211	0.3375	0.0336905
0.587531	0.3375	0.0274359
0.603851	0.3375	0.0209399
0.620172	0.3375	0.0142021
0.636492	0.3375	0.00722209
0.652812	0.3375	0
0	0.36	0.13298
0.0166583	0.36	0.132913
0.0333167	0.36	0.132712
0.049975	0.36	0.132377
0.0666333	0.36	0.131907
0.0832916	0.36	0.131301
0.09995	0.36	0.130557
0.116608	0.36	0.129675
0.133267	0.36	0.128652
0.149925	0.36	0.127485
0.166583	0.36	0.126174
0.183242	0.36	0.124714
0.1999	0.36	0.123103
0.216558	0.36	0.121338
0.233217	0.36	0.119414
0.249875	0.36	0.117329
0.266533	0.36	0.115078
0.283192	0.36	0.112657
0.29985	0.36	0.110061
0.316508	0.36	0.107286
0.333167	0.36	0.104327
0.349825	0.36	0.101179
0.366483	0.36	0.0978372
0.383142	0.36	0.0942971
0.3998	0.36	0.0905536
0.416458	0.36	0.0866021
0.433116	0.36	0.0824379
0.449775	0.36	0.0780568
0.466433	0.36	0.0734547
0.483091	0.36	0.0686278
0.49975	0.36	0.0635728
0.516408	0.36	0.0582866
0.533066	0.36	0.0527665
0.549725	0.36	0.0470105
0.566383	0.36	0.0410165
0.583041	0.36	0.0347831
0.5997	0.36	0.0283094
0.616358	0.36	0.0215945
0.633016	0.36	0.014638
0.649675	0.36	0.00743978
0.666333	0.36	0
0	0.3825	0.138608
0.0169963	0.3825	0.138537
0.0339927	0.3825	0.138323
0.050989	0.3825	0.137966
0.0679854	0.3825	0.137466
0.0849817	0.3825	0.13682
0.101978	0.3825	0.136029
0.118974	0.3825	0.13509
0.135971	0.3825	0.134002
0.152967	0.3825	0.132762
0.169963	0.3825	0.131368
0.18696	0.3825	0.129818
0.203956	0.3825	0.128108
0.220953	0.3825	0.126235
0.237949	0.3825	0.124196
0.254945	0.3825	0.121987
0.271942	0.3825	0.119605
0.288938	0.3825	0.117045
0.305934	0.3825	0.114303
0.322931	0.3825	0.111375
0.339927	0.3825	0.108256
0.356923	0.3825	0.104942
0.37392	0.3825	0.101428
0.390916	0.3825	0.0977101
0.407912	0.3825	0.0937839
0.424909	0.3825	0.089645
0.441905	0.3825	0.0852895
0.458901	0.3825	0.0807135
0.475898	0.3825	0.0759134
0.492894	0.3825	0.070886
0.50989	0.3825	0.0656285
0.526887	0.3825	0.0601381
0.543883	0.3825	0.0544128
0.560879	0.3825	0.0484507
0.577876	0.3825	0.0422502
0.594872	0.3825	0.0358103
0.611869	0.3825	0.0291301
0.628865	0.3825	0.0222091
0.645861	0.3825	0.0150471
0.662858	0.3825	0.00764397
0.679854	0.3825	0
0	0.405	0.14398
0.0173344	0.405	0.143905
0.0346687	0.405	0.143678
0.0520031	0.405	0.1433
0.0693375	0.405	0.142769
0.0866718	0.405	0.142086
0.104006	0.405	0.141247
0.121341	0.405	0.140253
0.138675	0.405	0.139101
0.156009	0.405	0.137789
0.173344	0.405	0.136315
0.190678	0.405	0.134676
0.208012	0.405	0.132869
0.225347	0.405	0.130892
0.242681	0.405	0.12874
0.260016	0.405	0.126412
0.27735	0.405	0.123902
0.294684	0.405	0.121208
0.312019	0.405	0.118324
0.329353	0.405	0.115248
0.346687	0.405	0.111975
0.364022	0.405	0.108501
0.381356	0.405	0.104822
0.39869	0.405	0.100934
0.416025	0.405	0.0968329
0.433359	0.405	0.0925151
0.450694	0.405	0.0879771
0.468028	0.405	0.0832155
0.485362	0.405	0.0782272
0.502697	0.405	0.0730096
0.520031	0.405	0.0675601
0.537365	0.405	0.0618766
0.5547	0.405	0.0559573
0.572034	0.405	0.0498007
0.589369	0.405	0.0434058
0.606703	0.405	0.0367715
0.624037	0.405	0.0298974
0.641372	0.405	0.0227833
0.658706	0.405	0.0154288
0.67604	0.405	0.00783434
0.693375	0.405	0
0	0.4275	0.149101
0.0176724	0.4275	0.149021
0.0353448	0.4275	0.148782
0.0530172	0.4275	0.148382
0.0706896	0.4275	0.147822
0.0883619	0.4275	0.147101
0.106034	0.4275	0.146217
0.123707	0.4275	0.145168
0.141379	0.4275	0.143954
0.159051	0.4275	0.142571
0.176724	0.4275	0.141018
0.194396	0.4275	0.139293
0.212069	0.4275	0.137392
0.229741	0.4275	0.135313
0.247413	0.4275	0.133052
0.265086	0.4275	0.130607
0.282758	0.4275	0.127974
0.300431	0.4275	0.125149
0.318103	0.4275	0.122129
0.335775	0.4275	0.11891
0.353448	0.4275	0.115489
0.37112	0.4275	0.111861
0.388793	0.4275	0.108023
0.406465	0.4275	0.103972
0.424137	0.4275	0.0997032
0.44181	0.4275	0.0952145
0.459482	0.4275	0.0905024
0.477154	0.4275	0.0855641
0.494827	0.4275	0.0803971
0.512499	0.4275	0.0749989
0.530172	0.4275	0.0693676
0.547844	0.4275	0.0635016
0.565516	0.4275	0.0573993
0.583189	0.4275	0.0510597
0.600861	0.4275	0.044482
0.618534	0.4275	0.0376656
0.636206	0.4275	0.0306102
0.653878	0.4275	0.0233158
0.671551	0.4275	0.0157825
0.689223	0.4275	0.00801041
0.706896	0.4275	0
0	0.45	0.153973
0.0180104	0.45	0.153889
0.0360208	0.45	0.153638
0.0540312	0.45	0.153218
0.0720416	0.45	0.152629
0.090052	0.45	0.151871
0.108062	0.45	0.150941
0.126073	0.45	0.14984
0.144083	0.45	0.148564
0.162094	0.45	0.147112
0.180104	0.45	0.145483
0.198114	0.45	0.143673
0.216125	0.45	0.14168
0.234135	0.45	0.139502
0.252146	0.45	0.137135
0.270156	0.45	0.134576
0.288167	0.45	0.131823
0.306177	0.45	0.128873
0.324187	0.45	0.12572
0.342198	0.45	0.122364
0.360208	0.45	0.118799
0.378219	0.45	0.115023
0.396229	0.45	0.111033
0.414239	0.45	0.106824
0.43225	0.45	0.102396
0.45026	0.45	0.0977438
0.468271	0.45	0.0928657
0.486281	0.45	0.0877593
0.504291	0.45	0.0824223
0.522302	0.45	0.076853
0.540312	0.45	0.0710498
0.558323	0.45	0.0650115
0.576333	0.45	0.058737
0.594343	0.45	0.0522256
0.612354	0.45	0.0454769
0.630364	0.45	0.0384906
0.648375	0.45	0.0312667
0.666385	0.45	0.0238053
0.684396	0.45	0.0161068
0.702406	0.45	0.00817154
0.720416	0.45	0
0	0.4725	0.158602
0.0183484	0.4725	0.158514
0.0366969	0.4725	0.15825
0.0550453	0.4725	0.15781
0.0733937	0.4725	0.157193
0.0917421	0.4725	0.156398
0.110091	0.4725	0.155425
0.128439	0.4725	0.154271
0.146787	0.4725	0.152935
0.165136	0.4725	0.151416
0.183484	0.4725	0.149711
0.201833	0.4725	0.147819
0.220181	0.4725	0.145736
0.23853	0.4725	0.143461
0.256878	0.4725	0.140991
0.275226	0.4725	0.138322
0.293575	0.4725	0.135453
0.311923	0.4725	0.13238
0.330272	0.4725	0.1291
0.34862	0.4725	0.12561
0.366969	0.4725	0.121907
0.385317	0.4725	0.117988
0.403665	0.4725	0.113851
0.422014	0.4725	0.109493
0.440362	0.4725	0.104911
0.458711	0.4725	0.100102
0.477059	0.4725	0.0950659
0.495408	0.4725	0.0897994
0.513756	0.4725	0.0843011
0.532104	0.4725	0.0785698
0.550453	0.4725	0.0726043
0.568801	0.4725	0.0664038
0.58715	0.4725	0.0599677
0.605498	0.4725	0.0532957
0.623847	0.4725	0.0463877
0.642195	0.4725	0.0392438
0.660543	0.4725	0.0318644
0.678892	0.4725	0.0242497
0.69724	0.4725	0.0164004
0.715589	0.4725	0.00831693
0.733937	0.4725	0
0	0.495	0.162988
0.0186864	0.495	0.162896
0.0373729	0.495	0.162621
0.0560593	0.495	0.162161
0.0747458	0.495	0.161516
0.0934322	0.495	0.160686
0.112119	0.495	0.159669
0.130805	0.495	0.158464
0.149492	0.495	0.157069
0.168178	0.495	0.155484
0.186864	0.495	0.153706
0.205551	0.495	0.151733
0.224237	0.495	0.149563
0.242924	0.495	0.147193
0.26161	0.495	0.144622
0.280297	0.495	0.141846
0.298983	0.495	0.138864
0.31767	0.495	0.135672
0.336356	0.495	0.132268
0.355043	0.495	0.128649
0.373729	0.495	0.124812
0.392415	0.495	0.120756
0.411102	0.495	0.116478
0.429788	0.495	0.111975
0.448475	0.495	0.107246
0.467161	0.495	0.102288
0.485848	0.495	0.0971007
0.504534	0.495	0.0916819
0.523221	0.495	0.0860307
0.541907	0.495	0.0801461
0.560593	0.495	0.0740277
0.57928	0.495	0.0676749
0.597966	0.495	0.0610878
0.616653	0.495	0.0542664
0.635339	0.495	0.047211
0.654026	0.495	0.0399221
0.672712	0.495	0.0324004
0.691399	0.495	0.0246465
0.710085	0.495	0.0166613
0.728772	0.495	0.00844559
0.747458	0.495	0
0	0.5175	0.167135
0.0190245	0.5175	0.167039
0.0380489	0.5175	0.166752
0.0570734	0.5175	0.166272
0.0760979	0.5175	0.1656
0.0951223	0.5175	0.164735
0.114147	0.5175	0.163675
0.133171	0.5175	0.16242
0.152196	0.5175	0.160968
0.17122	0.5175	0.159318
0.190245	0.5175	0.157468
0.209269	0.5175	0.155416
0.228294	0.5175	0.15316
0.247318	0.5175	0.150698
0.266343	0.5175	0.148028
0.285367	0.5175	0.145148
0.304392	0.5175	0.142056
0.323416	0.5175	0.138748
0.34244	0.5175	0.135224
0.361465	0.5175	0.13148
0.380489	0.5175	0.127514
0.399514	0.5175	0.123325
0.418538	0.5175	0.118911
0.437563	0.5175	0.114269
0.456587	0.5175	0.109399
0.475612	0.5175	0.104298
0.494636	0.5175	0.0989668
0.513661	0.5175	0.0934032
0.532685	0.5175	0.0876069
0.55171	0.5175	0.0815777
0.570734	0.5175	0.0753154
0.589759	0.5175	0.0688203
0.608783	0.5175	0.0620926
0.627808	0.5175	0.055133
0.646832	0.5175	0.0479422
0.665856	0.5175	0.0405213
0.684881	0.5175	0.0328711
0.703905	0.5175	0.0249929
0.72293	0.5175	0.0168876
0.741954	0.5175	0.00855634
0.760979	0.5175	0
0	0.54	0.171044
0.0193625	0.54	0.170944
0.038725	0.54	0.170645
0.0580875	0.54	0.170147
0.07745	0.54	0.169448
0.0968125	0.54	0.168548
0.116175	0.54	0.167446
0.135537	0.54	0.166142
0.1549	0.54	0.164633
0.174262	0.54	0.162919
0.193625	0.54	0.160998
0.212987	0.54	0.158869
0.23235	0.54	0.156529
0.251712	0.54	0.153977
0.271075	0.54	0.151211
0.290437	0.54	0.148229
0.3098	0.54	0.145029
0.329162	0.54	0.141609
0.348525	0.54	0.137967
0.367887	0.54	0.134102
0.38725	0.54	0.130011
0.406612	0.54	0.125693
0.425975	0.54	0.121148
0.445337	0.54	0.116372
0.4647	0.54	0.111366
0.484062	0.54	0.106129
0.503425	0.54	0.10066
0.522787	0.54	0.0949585
0.54215	0.54	0.0890249
0.561512	0.54	0.0828593
0.580875	0.54	0.0764622
0.600237	0.54	0.0698343
0.6196	0.54	0.0629766
0.638962	0.54	0.0558901
0.658325	0.54	0.0485763
0.677687	0.54	0.0410366
0.69705	0.54	0.0332724
0.716412	0.54	0.0252852
0.735775	0.54	0.0170766
0.755137	0.54	0.0086478
0.7745	0.54	0
0	0.5625	0.174716
0.0197005	0.5625	0.174613
0.039401	0.5625	0.174302
0.0591015	0.5625	0.173784
0.078802	0.5625	0.173059
0.0985026	0.5625	0.172125
0.118203	0.5625	0.170982
0.137904	0.5625	0.169629
0.157604	0.5625	0.168065
0.177305	0.5625	0.166288
0.197005	0.5625	0.164297
0.216706	0.5625	0.162092
0.236406	0.5625	0.159669
0.256107	0.5625	0.157029
0.275807	0.5625	0.154168
0.295508	0.5625	0.151086
0.315208	0.5625	0.147781
0.334909	0.5625	0.144251
0.354609	0.5625	0.140495
0.37431	0.5625	0.136512
0.39401	0.5625	0.1323
0.413711	0.5625	0.127857
0.433411	0.5625	0.123185
0.453112	0.5625	0.11828
0.472812	0.5625	0.113144
0.492513	0.5625	0.107775
0.512213	0.5625	0.102175
0.531914	0.5625	0.0963422
0.551614	0.5625	0.0902786
0.571315	0.5625	0.0839846
0.591015	0.5625	0.0774614
0.610716	0.5625	0.0707104
0.630416	0.5625	0.0637331
0.650117	0.5625	0.0565314
0.669817	0.5625	0.0491071
0.689518	0.5625	0.0414623
0.709218	0.5625	0.0335991
0.728919	0.5625	0.0255194
0.748619	0.5625	0.0172252
0.76832	0.5625	0.0087183
0.78802	0.5625	0
0	0.585	0.178152
0.0200385	0.585	0.178045
0.0400771	0.585	0.177723
0.0601156	0.585	0.177186
0.0801541	0.585	0.176435
0.100193	0.585	0.175467
0.120231	0.585	0.174283
0.14027	0.585	0.172882
0.160308	0.585	0.171263
0.180347	0.585	0.169424
0.200385	0.585	0.167365
0.220424	0.585	0.165084
0.240462	0.585	0.16258
0.260501	0.585	0.159853
0.280539	0.585	0.156899
0.300578	0.585	0.153719
0.320616	0.585	0.150311
0.340655	0.585	0.146674
0.360694	0.585	0.142806
0.380732	0.585	0.138707
0.400771	0.585	0.134377
0.420809	0.585	0.129813
0.440848	0.585	0.125017
0.460886	0.585	0.119988
0.480925	0.585	0.114726
0.500963	0.585	0.109231
0.521002	0.585	0.103505
0.54104	0.585	0.0975477
0.561079	0.585	0.091361
0.581117	0.585	0.0849464
0.601156	0.585	0.0783057
0.621194	0.585	0.071441
0.641233	0.585	0.0643547
0.661272	0.585	0.0570493
0.68131	0.585	0.0495274
0.701349	0.585	0.0417918
0.721387	0.585	0.0338453
0.741426	0.585	0.0256905
0.761464	0.585	0.01733
0.781503	0.585	0.00876589
0.801541	0.585	0
0	0.6075	0.181352
0.0203766	0.6075	0.181241
0.0407531	0.6075	0.180908
0.0611297	0.6075	0.180353
0.0815062	0.6075	0.179575
0.101883	0.6075	0.178574
0.122259	0.6075	0.17735
0.142636	0.6075	0.175901
0.163012	0.6075	0.174227
0.183389	0.6075	0.172327
0.203766	0.6075	0.1702
0.224142	0.6075	0.167845
0.244519	0.6075	0.165261
0.264895	0.6075	0.162447
0.285272	0.6075	0.159403
0.305648	0.6075	0.156126
0.326025	0.6075	0.152616
0.346401	0.6075	0.148873
0.366778	0.6075	0.144896
0.387154	0.6075	0.140684
0.407531	0.6075	0.136238
0.427908	0.6075	0.131556
0.448284	0.6075	0.12664
0.468661	0.6075	0.12149
0.489037	0.6075	0.116106
0.509414	0.6075	0.11049
0.52979	0.6075	0.104643
0.550167	0.6075	0.0985672
0.570543	0.6075	0.0922641
0.59092	0.6075	0.0857362
0.611297	0.6075	0.0789862
0.631673	0.6075	0.0720172
0.65205	0.6075	0.0648324
0.672426	0.6075	0.057435
0.692803	0.6075	0.0498288
0.713179	0.6075	0.0420173
0.733556	0.6075	0.0340041
0.753932	0.6075	0.0257928
0.774309	0.6075	0.0173866
0.794686	0.6075	0.00878821
0.815062	0.6075	0
0	0.63	0.184317
0.0207146	0.63	0.184202
0.0414291	0.63	0.183858
0.0621437	0.63	0.183284
0.0828583	0.63	0.182481
0.103573	0.63	0.181447
0.124287	0.63	0.180182
0.145002	0.63	0.178686
0.165717	0.63	0.176958
0.186431	0.63	0.174997
0.207146	0.63	0.172802
0.22786	0.63	0.170374
0.248575	0.63	0.16771
0.269289	0.63	0.164811
0.290004	0.63	0.161676
0.310719	0.63	0.158304
0.331433	0.63	0.154694
0.352148	0.63	0.150847
0.372862	0.63	0.146762
0.393577	0.63	0.142439
0.414291	0.63	0.137878
0.435006	0.63	0.133081
0.455721	0.63	0.128048
0.476435	0.63	0.12278
0.49715	0.63	0.117278
0.517864	0.63	0.111545
0.538579	0.63	0.105582
0.559293	0.63	0.0993922
0.580008	0.63	0.0929786
0.600723	0.63	0.0863444
0.621437	0.63	0.0794932
0.642152	0.63	0.072429
0.662866	0.63	0.0651559
0.683581	0.63	0.0576786
0.704295	0.63	0.0500016
0.72501	0.63	0.0421296
0.745725	0.63	0.0340674
0.766439	0.63	0.0258194
0.787154	0.63	0.0173899
0.807868	0.63	0.00878245
0.828583	0.63	0
0	0.6525	0.187046
0.0210526	0.6525	0.186928
0.0421052	0.6525	0.186573
0.0631578	0.6525	0.18598
0.0842104	0.6525	0.185151
0.105263	0.6525	0.184084
0.126316	0.6525	0.182779
0.147368	0.6525	0.181236
0.168421	0.6525	0.179453
0.189473	0.6525	0.177432
0.210526	0.6525	0.17517
0.231579	0.6525	0.172669
0.252631	0.6525	0.169926
0.273684	0.6525	0.166942
0.294736	0.6525	0.163717
0.315789	0.6525	0.16025
0.336841	0.6525	0.156541
0.357894	0.6525	0.15259
0.378947	0.6525	0.148398
0.399999	0.6525	0.143966
0.421052	0.6525	0.139293
0.442104	0.6525	0.134382
0.463157	0.6525	0.129234
0.48421	0.6525	0.12385
0.505262	0.6525	0.118233
0.526315	0.6525	0.112386
0.547367	0.6525	0.106311
0.56842	0.6525	0.100013
0.589473	0.6525	0.0934943
0.610525	0.6525	0.0867603
0.631578	0.6525	0.0798154
0.65263	0.6525	0.0726647
0.673683	0.6525	0.0653138
0.694736	0.6525	0.0577684
0.715788	0.6525	0.0500344
0.736841	0.6525	0.0421181
0.757893	0.6525	0.0340254
0.778946	0.6525	0.0257621
0.799999	0.6525	0.0173338
0.821051	0.6525	0.0087452
0.842104	0.6525	0
0	0.675	0.18954
0.0213906	0.675	0.189418
0.0427812	0.675	0.189052
0.0641718	0.675	0.188441
0.0855625	0.675	0.187586
0.106953	0.675	0.186485
0.128344	0.675	0.18514
0.149734	0.675	0.18355
0.171125	0.675	0.181714
0.192516	0.675	0.179631
0.213906	0.675	0.177303
0.235297	0.675	0.174728
0.256687	0.675	0.171906
0.278078	0.675	0.168838
0.299469	0.675	0.165523
0.320859	0.675	0.161961
0.34225	0.675	0.158153
0.36364	0.675	0.1541
0.385031	0.675	0.149802
0.406422	0.675	0.14526
0.427812	0.675	0.140476
0.449203	0.675	0.135452
0.470593	0.675	0.13019
0.491984	0.675	0.124693
0.513375	0.675	0.118963
0.534765	0.675	0.113005
0.556156	0.675	0.106822
0.577547	0.675	0.100418
0.598937	0.675	0.0937998
0.620328	0.675	0.0869717
0.641718	0.675	0.07994
0.663109	0.675	0.0727112
0.6845	0.675	0.0652924
0.70589	0.675	0.0576908
0.727281	0.675	0.0499141
0.748671	0.675	0.0419701
0.770062	0.675	0.0338665
0.791453	0.675	0.0256111
0.812843	0.675	0.0172109
0.834234	0.675	0.00867225
0.855625	0.675	0
0	0.6975	0.191798
0.0217286	0.6975	0.191672
0.0434573	0.6975	0.191295
0.0651859	0.6975	0.190665
0.0869145	0.6975	0.189784
0.108643	0.6975	0.188651
0.130372	0.6975	0.187265
0.1521	0.6975	0.185627
0.173829	0.6975	0.183737
0.195558	0.6975	0.181594
0.217286	0.6975	0.179198
0.239015	0.6975	0.17655
0.260744	0.6975	0.173649
0.282472	0.6975	0.170496
0.304201	0.6975	0.167091
0.32593	0.6975	0.163434
0.347658	0.6975	0.159527
0.369387	0.6975	0.155371
0.391115	0.6975	0.150967
0.412844	0.6975	0.146316
0.434573	0.6975	0.141421
0.456301	0.6975	0.136285
0.47803	0.6975	0.13091
0.499759	0.6975	0.1253
0.521487	0.6975	0.119459
0.543216	0.6975	0.113391
0.564944	0.6975	0.107102
0.586673	0.6975	0.100597
0.608402	0.6975	0.0938821
0.63013	0.6975	0.0869649
0.651859	0.6975	0.0798527
0.673588	0.6975	0.0725536
0.695316	0.6975	0.0650764
0.717045	0.6975	0.0574304
0.738774	0.6975	0.0496251
0.760502	0.6975	0.0416706
0.782231	0.6975	0.0335771
0.803959	0.6975	0.0253544
0.825688	0.6975	0.017012
0.847417	0.6975	0.00855834
0.869145	0.6975	0
0	0.72	0.19382
0.0220667	0.72	0.19369
0.0441333	0.72	0.193302
0.0662	0.72	0.192653
0.0882666	0.72	0.191746
0.110333	0.72	0.190579
0.1324	0.72	0.189153
0.154467	0.72	0.187468
0.176533	0.72	0.185523
0.1986	0.72	0.183318
0.220667	0.72	0.180855
0.242733	0.72	0.178133
0.2648	0.72	0.175152
0.286866	0.72	0.171913
0.308933	0.72	0.168417
0.331	0.72	0.164665
0.353066	0.72	0.160659
0.375133	0.72	0.156399
0.3972	0.72	0.151888
0.419266	0.72	0.147128
0.441333	0.72	0.142121
0.4634	0.72	0.136873
0.485466	0.72	0.131385
0.507533	0.72	0.125662
0.5296	0.72	0.11971
0.551666	0.72	0.113534
0.573733	0.72	0.10714
0.5958	0.72	0.100535
0.617866	0.72	0.0937271
0.639933	0.72	0.0867248
0.662	0.72	0.0795374
0.684066	0.72	0.0721748
0.706133	0.72	0.0646481
0.7282	0.72	0.0569687
0.750266	0.72	0.049149
0.772333	0.72	0.0412018
0.7944	0.72	0.0331401
0.816466	0.72	0.0249771
0.838533	0.72	0.0167255
0.860599	0.72	0.00839675
0.882666	0.72	0
0	0.7425	0.195605
0.0224047	0.7425	0.195472
0.0448093	0.7425	0.195072
0.067214	0.7425	0.194405
0.0896187	0.7425	0.193471
0.112023	0.7425	0.19227
0.134428	0.7425	0.190803
0.156833	0.7425	0.189069
0.179237	0.7425	0.187069
0.201642	0.7425	0.184803
0.224047	0.7425	0.182271
0.246451	0.7425	0.179474
0.268856	0.7425	0.176412
0.291261	0.7425	0.173087
0.313665	0.7425	0.1695
0.33607	0.7425	0.165651
0.358475	0.7425	0.161543
0.380879	0.7425	0.157179
0.403284	0.7425	0.152559
0.425689	0.7425	0.147689
0.448093	0.7425	0.14257
0.470498	0.7425	0.137207
0.492903	0.7425	0.131605
0.515308	0.7425	0.125769
0.537712	0.7425	0.119705
0.560117	0.7425	0.11342
0.582522	0.7425	0.106922
0.604926	0.7425	0.100218
0.627331	0.7425	0.0933191
0.649736	0.7425	0.0862344
0.67214	0.7425	0.0789758
0.694545	0.7425	0.0715554
0.71695	0.7425	0.0639869
0.739354	0.7425	0.0562846
0.761759	0.7425	0.0484641
0.784164	0.7425	0.0405418
0.806568	0.7425	0.0325348
0.828973	0.7425	0.0244607
0.851378	0.7425	0.0163366
0.873782	0.7425	0.00817865
0.896187	0.7425	0
0	0.765	0.197153
0.0227427	0.765	0.197016
0.0454854	0.765	0.196605
0.0682281	0.765	0.195918
0.0909708	0.765	0.194958
0.113713	0.765	0.193723
0.136456	0.765	0.192214
0.159199	0.765	0.190432
0.181942	0.765	0.188376
0.204684	0.765	0.186046
0.227427	0.765	0.183445
0.25017	0.765	0.180572
0.272912	0.765	0.177428
0.295655	0.765	0.174015
0.318398	0.765	0.170334
0.34114	0.765	0.166387
0.363883	0.765	0.162177
0.386626	0.765	0.157706
0.409369	0.765	0.152976
0.432111	0.765	0.147993
0.454854	0.765	0.142759
0.477597	0.765	0.137281
0.500339	0.765	0.131562
0.523082	0.765	0.125611
0.545825	0.765	0.119434
0.568567	0.765	0.113039
0.59131	0.765	0.106435
0.614053	0.765	0.0996315
0.636795	0.765	0.0926409
0.659538	0.765	0.0854749
0.682281	0.765	0.0781474
0.705024	0.765	0.0706733
0.727766	0.765	0.0630692
0.750509	0.765	0.055353
0.773252	0.765	0.0475444
0.795994	0.765	0.0396644
0.818737	0.765	0.0317355
0.84148	0.765	0.0237813
0.864222	0.765	0.0158257
0.886965	0.765	0.00789206
0.909708	0.765	0
0	0.7875	0.198464
0.0230807	0.7875	0.198323
0.0461614	0.7875	0.1979
0.0692421	0.7875	0.197194
0.0923229	0.7875	0.196207
0.115404	0.7875	0.194937
0.138484	0.7875	0.193386
0.161565	0.7875	0.191553
0.184646	0.7875	0.18944
0.207726	0.7875	0.187047
0.230807	0.7875	0.184375
0.253888	0.7875	0.181424
0.276969	0.7875	0.178197
0.300049	0.7875	0.174694
0.32313	0.7875	0.170918
0.346211	0.7875	0.166871
0.369291	0.7875	0.162555
0.392372	0.7875	0.157974
0.415453	0.7875	0.153132
0.438534	0.7875	0.148033
0.461614	0.7875	0.142682
0.484695	0.7875	0.137084
0.507776	0.7875	0.131247
0.530856	0.7875	0.125177
0.553937	0.7875	0.118883
0.577018	0.7875	0.112375
0.600099	0.7875	0.105662
0.623179	0.7875	0.0987573
0.64626	0.7875	0.0916735
0.669341	0.7875	0.0844254
0.692421	0.7875	0.0770293
0.715502	0.7875	0.0695033
0.738583	0.7875	0.0618676
0.761664	0.7875	0.0541445
0.784744	0.7875	0.0463585
0.807825	0.7875	0.0385368
0.830906	0.7875	0.0307091
0.853986	0.7875	0.0229075
0.877067	0.7875	0.0151663
0.900148	0.7875	0.00752004
0.923229	0.7875	0
0	0.81	0.199537
0.0234187	0.81	0.199392
0.0468375	0.81	0.198957
0.0702562	0.81	0.198232
0.0936749	0.81	0.197216
0.117094	0.81	0.195911
0.140512	0.81	0.194317
0.163931	0.81	0.192434
0.18735	0.81	0.190262
0.210769	0.81	0.187804
0.234187	0.81	0.185059
0.257606	0.81	0.182029
0.281025	0.81	0.178716
0.304444	0.81	0.175121
0.327862	0.81	0.171247
0.351281	0.81	0.167097
0.3747	0.81	0.162673
0.398119	0.81	0.15798
0.421537	0.81	0.153021
0.444956	0.81	0.147803
0.468375	0.81	0.14233
0.491793	0.81	0.136609
0.515212	0.81	0.130648
0.538631	0.81	0.124455
0.56205	0.81	0.11804
0.585468	0.81	0.111414
0.608887	0.81	0.104588
0.632306	0.81	0.0975773
0.655725	0.81	0.0903965
0.679143	0.81	0.0830629
0.702562	0.81	0.0755958
0.725981	0.81	0.0680169
0.7494	0.81	0.0603506
0.772818	0.81	0.0526242
0.796237	0.81	0.0448685
0.819656	0.81	0.0371184
0.843074	0.81	0.0294131
0.866493	0.81	0.0217972
0.889912	0.81	0.0143206
0.913331	0.81	0.00703737
0.936749	0.81	0
0	0.8325	0.200373
0.0237568	0.8325	0.200223
0.0475135	0.8325	0.199776
0.0712703	0.8325	0.19903
0.095027	0.8325	0.197987
0.118784	0.8325	0.196645
0.142541	0.8325	0.195007
0.166297	0.8325	0.193071
0.190054	0.8325	0.19084
0.213811	0.8325	0.188315
0.237568	0.8325	0.185495
0.261324	0.8325	0.182384
0.285081	0.8325	0.178983
0.308838	0.8325	0.175293
0.332595	0.8325	0.171319
0.356351	0.8325	0.167062
0.380108	0.8325	0.162527
0.403865	0.8325	0.157717
0.427622	0.8325	0.152638
0.451378	0.8325	0.147295
0.475135	0.8325	0.141696
0.498892	0.8325	0.135846
0.522649	0.8325	0.129756
0.546405	0.8325	0.123434
0.570162	0.8325	0.116891
0.593919	0.8325	0.110141
0.617676	0.8325	0.103196
0.641432	0.8325	0.096072
0.665189	0.8325	0.0887875
0.688946	0.8325	0.0813621
0.712703	0.8325	0.0738184
0.736459	0.8325	0.0661819
0.760216	0.8325	0.0584817
0.783973	0.8325	0.0507511
0.80773	0.8325	0.0430284
0.831486	0.8325	0.0353578
0.855243	0.8325	0.0277914
0.879	0.8325	0.0203914
0.902757	0.8325	0.0132328
0.926513	0.8325	0.00640418
0.95027	0.8325	0
0	0.855	0.200969
0.0240948	0.855	0.200816
0.0481896	0.855	0.200356
0.0722843	0.855	0.19959
0.0963791	0.855	0.198517
0.120474	0.855	0.197138
0.144569	0.855	0.195454
0.168663	0.855	0.193466
0.192758	0.855	0.191174
0.216853	0.855	0.188579
0.240948	0.855	0.185683
0.265043	0.855	0.182488
0.289137	0.855	0.178996
0.313232	0.855	0.175209
0.337327	0.855	0.17113
0.361422	0.855	0.166763
0.385516	0.855	0.162112
0.409611	0.855	0.157181
0.433706	0.855	0.151976
0.457801	0.855	0.146504
0.481896	0.855	0.140771
0.50599	0.855	0.134787
0.530085	0.855	0.12856
0.55418	0.855	0.122101
0.578275	0.855	0.115423
0.602369	0.855	0.10854
0.626464	0.855	0.101466
0.650559	0.855	0.0942205
0.674654	0.855	0.0868228
0.698749	0.855	0.0792958
0.722843	0.855	0.0716656
0.746938	0.855	0.0639619
0.771033	0.855	0.0562191
0.795128	0.855	0.0484768
0.819222	0.855	0.0407818
0.843317	0.855	0.0331896
0.867412	0.855	0.0257684
0.891507	0.855	0.0186051
0.915602	0.855	0.0118153
0.939696	0.855	0.00555296
0.963791	0.855	0
0	0.8775	0.201327
0.0244328	0.8775	0.20117
0.0488656	0.8775	0.200697
0.0732984	0.8775	0.199909
0.0977312	0.8775	0.198807
0.122164	0.8775	0.19739
0.146597	0.8775	0.19566
0.17103	0.8775	0.193617
0.195462	0.8775	0.191262
0.219895	0.8775	0.188596
0.244328	0.8775	0.185621
0.268761	0.8775	0.18234
0.293194	0.8775	0.178754
0.317626	0.8775	0.174865
0.342059	0.8775	0.170678
0.366492	0.8775	0.166196
0.390925	0.8775	0.161424
0.415358	0.8775	0.156367
0.43979	0.8775	0.15103
0.464223	0.8775	0.145422
0.488656	0.8775	0.139549
0.513089	0.8775	0.133422
0.537522	0.8775	0.12705
0.561954	0.8775	0.120445
0.586387	0.8775	0.113622
0.61082	0.8775	0.106595
0.635253	0.8775	0.0993812
0.659686	0.8775	0.0920012
0.684118	0.8775	0.0844771
0.708551	0.8775	0.0768346
0.732984	0.8775	0.0691032
0.757417	0.8775	0.061317
0.781849	0.8775	0.0535154
0.806282	0.8775	0.0457449
0.830715	0.8775	0.0380609
0.855148	0.8775	0.0305305
0.879581	0.8775	0.0232401
0.904013	0.8775	0.01631
0.928446	0.8775	0.00992275
0.952879	0.8775	0.00436067
0.977312	0.8775	0
0	0.9	0.201447
0.0247708	0.9	0.201285
0.0495416	0.9	0.200799
0.0743125	0.9	0.199989
0.0990833	0.9	0.198856
0.123854	0.9	0.197401
0.148625	0.9	0.195622
0.173396	0.9	0.193523
0.198167	0.9	0.191103
0.222937	0.9	0.188364
0.247708	0.9	0.185308
0.272479	0.9	0.181937
0.29725	0.9	0.178253
0.322021	0.9	0.17426
0.346791	0.9	0.16996
0.371562	0.9	0.165359
0.396333	0.9	0.16046
0.421104	0.9	0.15527
0.445875	0.9	0.149795
0.470646	0.9	0.144042
0.495416	0.9	0.138022
0.520187	0.9	0.131742
0.544958	0.9	0.125215
0.569729	0.9	0.118454
0.5945	0.9	0.111473
0.61927	0.9	0.104289
0.644041	0.9	0.0969214
0.668812	0.9	0.0893914
0.693583	0.9	0.081724
0.718354	0.9	0.0739475
0.743125	0.9	0.0660946
0.767895	0.9	0.0582033
0.792666	0.9	0.0503181
0.817437	0.9	0.0424914
0.842208	0.9	0.034785
0.866979	0.9	0.0272748
0.891749	0.9	0.0200616
0.91652	0.9	0.0133043
0.941291	0.9	0.00729665
0.966062	0.9	0.00258665
0.990833	0.9	0
