0	0	0
0.00625	0	0
0.0125	0	0
0.01875	0	0
0.025	0	0
0.03125	0	0
0.0375	0	0
0.04375	0	0
0.05	0	0
0.05625	0	0
0.0625	0	0
0.06875	0	0
0.075	0	0
0.08125	0	0
0.0875	0	0
0.09375	0	0
0.1	0	0
0.10625	0	0
0.1125	0	0
0.11875	0	0
0.125	0	0
0.13125	0	0
0.1375	0	0
0.14375	0	0
0.15	0	0
0.15625	0	0
0.1625	0	0
0.16875	0	0
0.175	0	0
0.18125	0	0
0.1875	0	0
0.19375	0	0
0.2	0	0
0.20625	0	0
0.2125	0	0
0.21875	0	0
0.225	0	0
0.23125	0	0
0.2375	0	0
0.24375	0	0
0.25	0	0
0	0.0075	0.00205307
0.00700842	0.0075	0.00205294
0.0140168	0.0075	0.00205254
0.0210252	0.0075	0.00205186
0.0280337	0.0075	0.00205091
0.0350421	0.0075	0.00204968
0.0420505	0.0075	0.00204817
0.0490589	0.0075	0.00204637
0.0560673	0.0075	0.00204428
0.0630757	0.0075	0.00204188
0.0700842	0.0075	0.00203918
0.0770926	0.0075	0.00203615
0.084101	0.0075	0.0020328
0.0911094	0.0075	0.00202911
0.0981178	0.0075	0.00202507
0.105126	0.0075	0.00202068
0.112135	0.0075	0.00201593
0.119143	0.0075	0.00201081
0.126151	0.0075	0.00200529
0.13316	0.0075	0.00199934
0.140168	0.0075	0.00199289
0.147177	0.0075	0.00198584
0.154185	0.0075	0.00197801
0.161194	0.0075	0.00196914
0.168202	0.0075	0.00195884
0.17521	0.0075	0.00194656
0.182219	0.0075	0.00193155
0.189227	0.0075	0.00191281
0.196236	0.0075	0.00188902
0.203244	0.0075	0.00185849
0.210252	0.0075	0.00181913
0.217261	0.0075	0.00176829
0.224269	0.0075	0.00170279
0.231278	0.0075	0.00161875
0.238286	0.0075	0.00151154
0.245295	0.0075	0.00137567
0.252303	0.0075	0.00120469
0.259311	0.0075	0.000991066
0.26632	0.0075	0.000726056
0.273328	0.0075	0.000399565
0.280337	0.0075	0
0	0.015	0.00405021
0.00776683	0.015	0.00404989
0.0155337	0.015	0.0040489
0.0233005	0.015	0.00404724
0.0310673	0.015	0.0040449
0.0388342	0.015	0.00404187
0.046601	0.015	0.00403814
0.0543678	0.015	0.00403368
0.0621347	0.015	0.00402849
0.0699015	0.015	0.00402253
0.0776683	0.015	0.00401578
0.0854352	0.015	0.00400821
0.093202	0.015	0.00399978
0.100969	0.015	0.00399045
0.108736	0.015	0.00398017
0.116502	0.015	0.00396887
0.124269	0.015	0.00395646
0.132036	0.015	0.00394278
0.139803	0.015	0.00392763
0.14757	0.015	0.00391067
0.155337	0.015	0.00389143
0.163103	0.015	0.00386925
0.17087	0.015	0.00384322
0.178637	0.015	0.00381214
0.186404	0.015	0.00377446
0.194171	0.015	0.00372824
0.201938	0.015	0.00367113
0.209704	0.015	0.00360036
0.217471	0.015	0.00351274
0.225238	0.015	0.00340472
0.233005	0.015	0.00327245
0.240772	0.015	0.00311192
0.248539	0.015	0.00291915
0.256305	0.015	0.0026904
0.264072	0.015	0.00242248
0.271839	0.015	0.00211315
0.279606	0.015	0.00176156
0.287373	0.015	0.00136886
0.29514	0.015	0.00093881
0.302906	0.015	0.000478651
0.310673	0.015	0
0	0.0225	0.00599175
0.00852525	0.0225	0.00599117
0.0170505	0.0225	0.00598938
0.0255757	0.0225	0.00598637
0.034101	0.0225	0.00598214
0.0426262	0.0225	0.00597665
0.0511515	0.0225	0.00596988
0.0596767	0.0225	0.00596178
0.068202	0.0225	0.00595231
0.0767272	0.0225	0.0059414
0.0852525	0.0225	0.005929
0.0937777	0.0225	0.00591501
0.102303	0.0225	0.00589933
0.110828	0.0225	0.00588182
0.119353	0.0225	0.0058623
0.127879	0.0225	0.00584049
0.136404	0.0225	0.00581604
0.144929	0.0225	0.00578841
0.153454	0.0225	0.00575687
0.16198	0.0225	0.00572042
0.170505	0.0225	0.00567775
0.17903	0.0225	0.00562716
0.187555	0.0225	0.00556656
0.196081	0.0225	0.00549344
0.204606	0.0225	0.00540485
0.213131	0.0225	0.00529753
0.221656	0.0225	0.00516794
0.230182	0.0225	0.0050124
0.238707	0.0225	0.00482731
0.247232	0.0225	0.00460932
0.255757	0.0225	0.00435558
0.264283	0.0225	0.00406403
0.272808	0.0225	0.00373361
0.281333	0.0225	0.00336454
0.289858	0.0225	0.00295843
0.298384	0.0225	0.00251843
0.306909	0.0225	0.00204912
0.315434	0.0225	0.00155629
0.323959	0.0225	0.00104645
0.332485	0.0225	0.000525987
0.34101	0.0225	0
0	0.03	0.007878
0.00928367	0.03	0.00787708
0.0185673	0.03	0.00787425
0.027851	0.03	0.00786951
0.0371347	0.03	0.00786282
0.0464183	0.03	0.00785413
0.055702	0.03	0.00784339
0.0649857	0.03	0.00783052
0.0742693	0.03	0.00781541
0.083553	0.03	0.00779795
0.0928367	0.03	0.00777798
0.10212	0.03	0.00775531
0.111404	0.03	0.00772968
0.120688	0.03	0.00770074
0.129971	0.03	0.00766801
0.139255	0.03	0.00763085
0.148539	0.03	0.00758835
0.157822	0.03	0.00753932
0.167106	0.03	0.0074822
0.17639	0.03	0.00741504
0.185673	0.03	0.00733542
0.194957	0.03	0.00724052
0.204241	0.03	0.00712711
0.213524	0.03	0.00699171
0.222808	0.03	0.00683064
0.232092	0.03	0.00664032
0.241375	0.03	0.00641741
0.250659	0.03	0.00615905
0.259943	0.03	0.00586317
0.269226	0.03	0.00552862
0.27851	0.03	0.00515542
0.287794	0.03	0.00474481
0.297077	0.03	0.00429924
0.306361	0.03	0.00382234
0.315645	0.03	0.00331859
0.324928	0.03	0.00279307
0.334212	0.03	0.00225097
0.343496	0.03	0.00169716
0.352779	0.03	0.00113567
0.362063	0.03	0.000569387
0.371347	0.03	0
0	0.0375	0.00970927
0.0100421	0.0375	0.00970792
0.0200842	0.0375	0.0097038
0.0301262	0.0375	0.00969689
0.0401683	0.0375	0.00968712
0.0502104	0.0375	0.00967443
0.0602525	0.0375	0.0096587
0.0702946	0.0375	0.00963978
0.0803367	0.0375	0.00961751
0.0903787	0.0375	0.00959165
0.100421	0.0375	0.0095619
0.110463	0.0375	0.00952787
0.120505	0.0375	0.00948904
0.130547	0.0375	0.0094447
0.140589	0.0375	0.00939391
0.150631	0.0375	0.00933541
0.160673	0.0375	0.00926757
0.170715	0.0375	0.00918833
0.180757	0.0375	0.00909517
0.1908	0.0375	0.00898514
0.200842	0.0375	0.00885489
0.210884	0.0375	0.00870078
0.220926	0.0375	0.00851911
0.230968	0.0375	0.00830625
0.24101	0.0375	0.00805895
0.251052	0.0375	0.00777456
0.261094	0.0375	0.00745129
0.271136	0.0375	0.00708837
0.281178	0.0375	0.0066862
0.29122	0.0375	0.00624638
0.301262	0.0375	0.00577164
0.311305	0.0375	0.00526567
0.321347	0.0375	0.00473284
0.331389	0.0375	0.00417788
0.341431	0.0375	0.00360553
0.351473	0.0375	0.00302017
0.361515	0.0375	0.00242552
0.371557	0.0375	0.00182447
0.381599	0.0375	0.00121909
0.391641	0.0375	0.000610669
0.401683	0.0375	0
0	0.045	0.0114859
0.0108005	0.045	0.011484
0.021601	0.045	0.0114783
0.0324015	0.045	0.0114688
0.043202	0.045	0.0114553
0.0540025	0.045	0.0114377
0.064803	0.045	0.0114158
0.0756035	0.045	0.0113895
0.086404	0.045	0.0113584
0.0972045	0.045	0.0113221
0.108005	0.045	0.01128
0.118805	0.045	0.0112316
0.129606	0.045	0.0111758
0.140406	0.045	0.0111116
0.151207	0.045	0.0110372
0.162007	0.045	0.0109507
0.172808	0.045	0.0108497
0.183608	0.045	0.0107311
0.194409	0.045	0.0105917
0.205209	0.045	0.0104277
0.21601	0.045	0.0102354
0.22681	0.045	0.010011
0.237611	0.045	0.00975106
0.248411	0.045	0.00945294
0.259212	0.045	0.0091147
0.270012	0.045	0.00873554
0.280813	0.045	0.0083158
0.291613	0.045	0.00785707
0.302414	0.045	0.00736201
0.313214	0.045	0.00683425
0.324015	0.045	0.00627805
0.334815	0.045	0.00569802
0.345616	0.045	0.00509877
0.356416	0.045	0.00448459
0.367217	0.045	0.00385926
0.378017	0.045	0.00322584
0.388818	0.045	0.00258668
0.399618	0.045	0.00194349
0.410419	0.045	0.00129744
0.421219	0.045	0.000649388
0.43202	0.045	0
0	0.0525	0.0132081
0.0115589	0.0525	0.0132056
0.0231178	0.0525	0.0131981
0.0346767	0.0525	0.0131854
0.0462357	0.0525	0.0131675
0.0577946	0.0525	0.0131441
0.0693535	0.0525	0.0131149
0.0809124	0.0525	0.0130797
0.0924713	0.0525	0.0130379
0.10403	0.0525	0.0129888
0.115589	0.0525	0.0129318
0.127148	0.0525	0.0128656
0.138707	0.0525	0.0127889
0.150266	0.0525	0.0126998
0.161825	0.0525	0.0125961
0.173384	0.0525	0.0124749
0.184943	0.0525	0.012333
0.196502	0.0525	0.0121668
0.20806	0.0525	0.0119724
0.219619	0.0525	0.011746
0.231178	0.0525	0.0114837
0.242737	0.0525	0.0111827
0.254296	0.0525	0.0108406
0.265855	0.0525	0.0104561
0.277414	0.0525	0.0100293
0.288973	0.0525	0.00956144
0.300532	0.0525	0.00905484
0.312091	0.0525	0.00851293
0.32365	0.0525	0.00793982
0.335209	0.0525	0.00734007
0.346767	0.0525	0.00671831
0.358326	0.0525	0.00607899
0.369885	0.0525	0.00542608
0.381444	0.0525	0.00476296
0.393003	0.0525	0.00409236
0.404562	0.0525	0.00341638
0.416121	0.0525	0.00273661
0.42768	0.0525	0.00205423
0.439239	0.0525	0.00137016
0.450798	0.0525	0.000685181
0.462357	0.0525	0
0	0.06	0.0148762
0.0123173	0.06	0.014873
0.0246347	0.06	0.0148633
0.036952	0.06	0.014847
0.0492693	0.06	0.0148239
0.0615867	0.06	0.0147937
0.073904	0.06	0.014756
0.0862213	0.06	0.0147103
0.0985386	0.06	0.0146559
0.110856	0.06	0.0145918
0.123173	0.06	0.0145168
0.135491	0.06	0.0144294
0.147808	0.06	0.0143276
0.160125	0.06	0.0142088
0.172443	0.06	0.0140701
0.18476	0.06	0.0139079
0.197077	0.06	0.0137185
0.209395	0.06	0.0134979
0.221712	0.06	0.0132421
0.234029	0.06	0.0129476
0.246347	0.06	0.0126116
0.258664	0.06	0.0122321
0.270981	0.06	0.0118085
0.283299	0.06	0.0113414
0.295616	0.06	0.0108325
0.307933	0.06	0.0102849
0.320251	0.06	0.00970241
0.332568	0.06	0.0090895
0.344885	0.06	0.00845087
0.357203	0.06	0.00779115
0.36952	0.06	0.00711466
0.381837	0.06	0.0064252
0.394155	0.06	0.00572595
0.406472	0.06	0.0050195
0.418789	0.06	0.00430788
0.431107	0.06	0.00359265
0.443424	0.06	0.00287508
0.455741	0.06	0.00215617
0.468059	0.06	0.00143683
0.480376	0.06	0.000717859
0.492693	0.06	0
0	0.0675	0.0164905
0.0130757	0.0675	0.0164865
0.0261515	0.0675	0.0164744
0.0392272	0.0675	0.0164539
0.052303	0.0675	0.0164249
0.0653787	0.0675	0.0163869
0.0784545	0.0675	0.0163394
0.0915302	0.0675	0.0162816
0.104606	0.0675	0.0162125
0.117682	0.0675	0.0161309
0.130757	0.0675	0.0160351
0.143833	0.0675	0.015923
0.156909	0.0675	0.0157919
0.169985	0.0675	0.0156388
0.18306	0.0675	0.0154599
0.196136	0.0675	0.0152514
0.209212	0.0675	0.0150092
0.222288	0.0675	0.0147292
0.235363	0.0675	0.0144081
0.248439	0.0675	0.0140431
0.261515	0.0675	0.0136326
0.274591	0.0675	0.0131762
0.287666	0.0675	0.012675
0.300742	0.0675	0.0121312
0.313818	0.0675	0.0115482
0.326894	0.0675	0.0109301
0.339969	0.0675	0.0102817
0.353045	0.0675	0.00960769
0.366121	0.0675	0.00891285
0.379197	0.0675	0.00820142
0.392272	0.0675	0.00747714
0.405348	0.0675	0.00674316
0.418424	0.0675	0.00600202
0.4315	0.0675	0.0052558
0.444575	0.0675	0.00450612
0.457651	0.0675	0.00375435
0.470727	0.0675	0.00300162
0.483803	0.0675	0.00224895
0.496878	0.0675	0.00149723
0.509954	0.0675	0.000747324
0.52303	0.0675	0
0	0.075	0.0180513
0.0138342	0.075	0.0180464
0.0276683	0.075	0.0180315
0.0415025	0.075	0.0180063
0.0553367	0.075	0.0179706
0.0691708	0.075	0.0179238
0.083005	0.075	0.0178651
0.0968391	0.075	0.0177936
0.110673	0.075	0.0177079
0.124507	0.075	0.0176064
0.138342	0.075	0.0174868
0.152176	0.075	0.0173466
0.16601	0.075	0.0171825
0.179844	0.075	0.0169908
0.193678	0.075	0.0167674
0.207512	0.075	0.0165083
0.221347	0.075	0.0162094
0.235181	0.075	0.0158671
0.249015	0.075	0.0154789
0.262849	0.075	0.0150433
0.276683	0.075	0.0145601
0.290517	0.075	0.0140304
0.304352	0.075	0.013457
0.318186	0.075	0.0128433
0.33202	0.075	0.0121938
0.345854	0.075	0.0115134
0.359688	0.075	0.010807
0.373522	0.075	0.0100794
0.387357	0.075	0.00933489
0.401191	0.075	0.0085773
0.415025	0.075	0.0078098
0.428859	0.075	0.00703503
0.442693	0.075	0.00625514
0.456527	0.075	0.0054719
0.470362	0.075	0.00468679
0.484196	0.075	0.00390109
0.49803	0.075	0.00311592
0.511864	0.075	0.00233232
0.525698	0.075	0.00155123
0.539532	0.075	0.000773519
0.553367	0.075	0
0	0.0825	0.0195589
0.0145926	0.0825	0.0195529
0.0291852	0.0825	0.0195349
0.0437777	0.0825	0.0195045
0.0583703	0.0825	0.0194613
0.0729629	0.0825	0.0194047
0.0875555	0.0825	0.0193335
0.102148	0.0825	0.0192466
0.116741	0.0825	0.0191423
0.131333	0.0825	0.0190185
0.145926	0.0825	0.0188724
0.160518	0.0825	0.0187009
0.175111	0.0825	0.0185003
0.189704	0.0825	0.0182664
0.204296	0.0825	0.0179951
0.218889	0.0825	0.0176823
0.233481	0.0825	0.0173243
0.248074	0.0825	0.0169185
0.262666	0.0825	0.0164633
0.277259	0.0825	0.0159586
0.291852	0.0825	0.0154058
0.306444	0.0825	0.0148075
0.321037	0.0825	0.0141675
0.335629	0.0825	0.0134903
0.350222	0.0825	0.0127811
0.364814	0.0825	0.0120449
0.379407	0.0825	0.0112867
0.394	0.0825	0.0105109
0.408592	0.0825	0.00972133
0.423185	0.0825	0.00892145
0.437777	0.0825	0.00811401
0.45237	0.0825	0.0073013
0.466963	0.0825	0.00648527
0.481555	0.0825	0.00566754
0.496148	0.0825	0.00484955
0.51074	0.0825	0.00403257
0.525333	0.0825	0.00321775
0.539925	0.0825	0.00240614
0.554518	0.0825	0.00159873
0.569111	0.0825	0.000796403
0.583703	0.0825	0
0	0.09	0.0210134
0.015351	0.09	0.0210063
0.030702	0.09	0.0209848
0.046053	0.09	0.0209487
0.061404	0.09	0.0208973
0.076755	0.09	0.0208298
0.092106	0.09	0.0207449
0.107457	0.09	0.020641
0.122808	0.09	0.0205162
0.138159	0.09	0.0203677
0.15351	0.09	0.0201925
0.168861	0.09	0.0199869
0.184212	0.09	0.0197468
0.199563	0.09	0.019468
0.214914	0.09	0.0191461
0.230265	0.09	0.0187775
0.245616	0.09	0.0183593
0.260967	0.09	0.01789
0.276318	0.09	0.0173691
0.291669	0.09	0.016798
0.30702	0.09	0.0161795
0.322371	0.09	0.0155172
0.337722	0.09	0.014816
0.353073	0.09	0.014081
0.368424	0.09	0.0133176
0.383775	0.09	0.0125308
0.399126	0.09	0.0117253
0.414477	0.09	0.0109052
0.429828	0.09	0.010074
0.445179	0.09	0.0092348
0.46053	0.09	0.00839006
0.475881	0.09	0.0075419
0.491232	0.09	0.00669215
0.506583	0.09	0.00584242
0.521934	0.09	0.00499413
0.537285	0.09	0.00414858
0.552636	0.09	0.00330694
0.567987	0.09	0.0024703
0.583338	0.09	0.00163966
0.598689	0.09	0.000815944
0.61404	0.09	0
0	0.0975	0.0224151
0.0161094	0.0975	0.0224068
0.0322188	0.0975	0.0223816
0.0483282	0.0975	0.0223392
0.0644376	0.0975	0.0222788
0.0805471	0.0975	0.0221994
0.0966565	0.0975	0.0220995
0.112766	0.0975	0.0219771
0.128875	0.0975	0.0218298
0.144985	0.0975	0.0216547
0.161094	0.0975	0.021448
0.177204	0.0975	0.0212059
0.193313	0.0975	0.0209238
0.209422	0.0975	0.0205976
0.225532	0.0975	0.0202234
0.241641	0.0975	0.0197981
0.257751	0.0975	0.0193197
0.27386	0.0975	0.0187877
0.289969	0.0975	0.0182033
0.306079	0.0975	0.017569
0.322188	0.0975	0.0168886
0.338298	0.0975	0.0161669
0.354407	0.0975	0.0154092
0.370516	0.0975	0.0146211
0.386626	0.0975	0.0138078
0.402735	0.0975	0.0129743
0.418845	0.0975	0.012125
0.434954	0.0975	0.0112637
0.451064	0.0975	0.0103936
0.467173	0.0975	0.00951752
0.483282	0.0975	0.00863784
0.499392	0.0975	0.00775657
0.515501	0.0975	0.00687552
0.531611	0.0975	0.00599629
0.54772	0.0975	0.00512032
0.563829	0.0975	0.00424895
0.579939	0.0975	0.00338337
0.596048	0.0975	0.00252471
0.612158	0.0975	0.00167398
0.628267	0.0975	0.000832121
0.644376	0.0975	0
0	0.105	0.0237642
0.0168678	0.105	0.0237546
0.0337357	0.105	0.0237254
0.0506035	0.105	0.0236762
0.0674713	0.105	0.0236061
0.0843391	0.105	0.0235138
0.101207	0.105	0.0233976
0.118075	0.105	0.0232553
0.134943	0.105	0.0230839
0.15181	0.105	0.0228801
0.168678	0.105	0.0226399
0.185546	0.105	0.022359
0.202414	0.105	0.0220331
0.219282	0.105	0.021658
0.23615	0.105	0.0212304
0.253017	0.105	0.020748
0.269885	0.105	0.02021
0.286753	0.105	0.019617
0.303621	0.105	0.0189715
0.320489	0.105	0.0182771
0.337357	0.105	0.0175387
0.354224	0.105	0.0167615
0.371092	0.105	0.0159514
0.38796	0.105	0.0151139
0.404828	0.105	0.0142542
0.421696	0.105	0.0133772
0.438564	0.105	0.0124869
0.455431	0.105	0.0115868
0.472299	0.105	0.0106802
0.489167	0.105	0.0097695
0.506035	0.105	0.00885713
0.522903	0.105	0.00794507
0.539771	0.105	0.00703513
0.556638	0.105	0.00612893
0.573506	0.105	0.00522795
0.590374	0.105	0.00433354
0.607242	0.105	0.00344695
0.62411	0.105	0.0025693
0.640977	0.105	0.00170164
0.657845	0.105	0.000844918
0.674713	0.105	0
0	0.1125	0.025061
0.0176262	0.1125	0.0250499
0.0352525	0.1125	0.0250164
0.0528787	0.1125	0.0249599
0.070505	0.1125	0.0248794
0.0881312	0.1125	0.0247733
0.105757	0.1125	0.0246397
0.123384	0.1125	0.0244759
0.14101	0.1125	0.0242788
0.158636	0.1125	0.0240446
0.176262	0.1125	0.023769
0.193889	0.1125	0.0234477
0.211515	0.1125	0.0230764
0.229141	0.1125	0.0226513
0.246767	0.1125	0.0221699
0.264394	0.1125	0.0216308
0.28202	0.1125	0.0210343
0.299646	0.1125	0.0203823
0.317272	0.1125	0.0196783
0.334899	0.1125	0.0189269
0.352525	0.1125	0.0181337
0.370151	0.1125	0.0173046
0.387777	0.1125	0.0164453
0.405404	0.1125	0.0155616
0.42303	0.1125	0.0146584
0.440656	0.1125	0.0137403
0.458282	0.1125	0.0128113
0.475909	0.1125	0.0118747
0.493535	0.1125	0.0109336
0.511161	0.1125	0.0099905
0.528787	0.1125	0.00904767
0.546414	0.1125	0.00810715
0.56404	0.1125	0.00717076
0.581666	0.1125	0.00624016
0.599292	0.1125	0.00531688
0.616919	0.1125	0.00440227
0.634545	0.1125	0.00349761
0.652171	0.1125	0.00260405
0.669797	0.1125	0.00172264
0.687424	0.1125	0.000854328
0.70505	0.1125	0
0	0.12	0.0263057
0.0183847	0.12	0.026293
0.0367693	0.12	0.0262549
0.055154	0.12	0.0261906
0.0735386	0.12	0.0260989
0.0919233	0.12	0.0259782
0.110308	0.12	0.025826
0.128693	0.12	0.0256396
0.147077	0.12	0.0254153
0.165462	0.12	0.0251491
0.183847	0.12	0.0248366
0.202231	0.12	0.0244734
0.220616	0.12	0.0240556
0.239001	0.12	0.02358
0.257385	0.12	0.0230447
0.27577	0.12	0.0224496
0.294155	0.12	0.021796
0.312539	0.12	0.0210869
0.330924	0.12	0.020327
0.349309	0.12	0.0195215
0.367693	0.12	0.0186766
0.386078	0.12	0.0177983
0.404463	0.12	0.0168927
0.422847	0.12	0.0159652
0.441232	0.12	0.0150208
0.459617	0.12	0.0140639
0.478001	0.12	0.0130983
0.496386	0.12	0.0121272
0.514771	0.12	0.0111537
0.533155	0.12	0.0101803
0.55154	0.12	0.00920924
0.569924	0.12	0.0082426
0.588309	0.12	0.00728225
0.606694	0.12	0.00632987
0.625078	0.12	0.00538701
0.643463	0.12	0.00445506
0.661848	0.12	0.00353531
0.680232	0.12	0.00262892
0.698617	0.12	0.00173695
0.717002	0.12	0.00086035
0.735386	0.12	0
0	0.1275	0.0274984
0.0191431	0.1275	0.0274841
0.0382862	0.1275	0.0274411
0.0574292	0.1275	0.0273685
0.0765723	0.1275	0.027265
0.0957154	0.1275	0.0271287
0.114858	0.1275	0.026957
0.134002	0.1275	0.0267466
0.153145	0.1275	0.0264938
0.172288	0.1275	0.0261942
0.191431	0.1275	0.0258435
0.210574	0.1275	0.0254374
0.229717	0.1275	0.0249724
0.24886	0.1275	0.024446
0.268003	0.1275	0.0238572
0.287146	0.1275	0.023207
0.306289	0.1275	0.0224978
0.325432	0.1275	0.0217337
0.344575	0.1275	0.0209202
0.363718	0.1275	0.0200631
0.382862	0.1275	0.019169
0.402005	0.1275	0.0182441
0.421148	0.1275	0.0172944
0.440291	0.1275	0.0163253
0.459434	0.1275	0.0153418
0.478577	0.1275	0.014348
0.49772	0.1275	0.0133477
0.516863	0.1275	0.0123441
0.536006	0.1275	0.0113403
0.555149	0.1275	0.0103387
0.574292	0.1275	0.00934164
0.593435	0.1275	0.00835127
0.612578	0.1275	0.00736947
0.631722	0.1275	0.00639795
0.650865	0.1275	0.00543828
0.670008	0.1275	0.00449187
0.689151	0.1275	0.00356003
0.708294	0.1275	0.00264391
0.727437	0.1275	0.00174458
0.74658	0.1275	0.000862991
0.765723	0.1275	0
0	0.135	0.0286392
0.0199015	0.135	0.0286232
0.039803	0.135	0.028575
0.0597045	0.135	0.0284938
0.079606	0.135	0.0283779
0.0995075	0.135	0.0282252
0.119409	0.135	0.0280329
0.13931	0.135	0.0277975
0.159212	0.135	0.0275149
0.179113	0.135	0.0271808
0.199015	0.135	0.0267908
0.218916	0.135	0.026341
0.238818	0.135	0.0258282
0.258719	0.135	0.025251
0.278621	0.135	0.0246093
0.298522	0.135	0.0239051
0.318424	0.135	0.0231419
0.338325	0.135	0.0223248
0.358227	0.135	0.0214597
0.378128	0.135	0.0205533
0.39803	0.135	0.0196121
0.417931	0.135	0.0186427
0.437833	0.135	0.0176509
0.457734	0.135	0.0166422
0.477636	0.135	0.0156213
0.497537	0.135	0.0145924
0.517439	0.135	0.0135593
0.53734	0.135	0.0125252
0.557242	0.135	0.011493
0.577143	0.135	0.0104654
0.597045	0.135	0.00944469
0.616946	0.135	0.00843302
0.636848	0.135	0.00743232
0.656749	0.135	0.00644433
0.676651	0.135	0.00547065
0.696552	0.135	0.00451269
0.716454	0.135	0.00357177
0.736355	0.135	0.00264904
0.756257	0.135	0.00174556
0.776158	0.135	0.000862264
0.79606	0.135	0
0	0.1425	0.0297285
0.0206599	0.1425	0.0297107
0.0413198	0.1425	0.0296571
0.0619797	0.1425	0.0295666
0.0826396	0.1425	0.0294377
0.1033	0.1425	0.0292679
0.123959	0.1425	0.0290541
0.144619	0.1425	0.0287926
0.165279	0.1425	0.0284793
0.185939	0.1425	0.0281096
0.206599	0.1425	0.0276794
0.227259	0.1425	0.0271852
0.247919	0.1425	0.0266245
0.268579	0.1425	0.0259967
0.289239	0.1425	0.0253028
0.309899	0.1425	0.0245457
0.330559	0.1425	0.02373
0.351218	0.1425	0.0228615
0.371878	0.1425	0.0219468
0.392538	0.1425	0.0209929
0.413198	0.1425	0.0200067
0.433858	0.1425	0.0189945
0.454518	0.1425	0.0179624
0.475178	0.1425	0.0169158
0.495838	0.1425	0.0158593
0.516498	0.1425	0.0147971
0.537158	0.1425	0.013733
0.557818	0.1425	0.0126702
0.578477	0.1425	0.0116118
0.599137	0.1425	0.0105603
0.619797	0.1425	0.00951827
0.640457	0.1425	0.00848775
0.661117	0.1425	0.00747074
0.681777	0.1425	0.00646899
0.702437	0.1425	0.00548411
0.723097	0.1425	0.00451754
0.743757	0.1425	0.00357056
0.764417	0.1425	0.00264434
0.785077	0.1425	0.00173991
0.805736	0.1425	0.000858187
0.826396	0.1425	0
0	0.15	0.0307662
0.0214183	0.15	0.0307465
0.0428367	0.15	0.0306872
0.064255	0.15	0.0305872
0.0856733	0.15	0.0304447
0.107092	0.15	0.030257
0.12851	0.15	0.0300209
0.149928	0.15	0.0297325
0.171347	0.15	0.0293874
0.192765	0.15	0.0289812
0.214183	0.15	0.0285102
0.235602	0.15	0.0279711
0.25702	0.15	0.0273624
0.278438	0.15	0.0266843
0.299857	0.15	0.0259389
0.321275	0.15	0.02513
0.342693	0.15	0.0242632
0.364112	0.15	0.023345
0.38553	0.15	0.0223824
0.406948	0.15	0.0213827
0.428367	0.15	0.020353
0.449785	0.15	0.0192997
0.471203	0.15	0.0182289
0.492622	0.15	0.0171459
0.51404	0.15	0.0160554
0.535458	0.15	0.0149617
0.556876	0.15	0.0138684
0.578295	0.15	0.012779
0.599713	0.15	0.0116964
0.621131	0.15	0.0106234
0.64255	0.15	0.0095623
0.663968	0.15	0.00851542
0.685386	0.15	0.00748471
0.706805	0.15	0.00647193
0.728223	0.15	0.0054787
0.749641	0.15	0.00450644
0.77106	0.15	0.00355645
0.792478	0.15	0.00262985
0.813896	0.15	0.00172766
0.835315	0.15	0.000850782
0.856733	0.15	0
0	0.1575	0.0317526
0.0221767	0.1575	0.031731
0.0443535	0.1575	0.0316658
0.0665302	0.1575	0.0315558
0.088707	0.1575	0.0313991
0.110884	0.1575	0.0311929
0.13306	0.1575	0.0309336
0.155237	0.1575	0.0306173
0.177414	0.1575	0.0302396
0.199591	0.1575	0.0297963
0.221767	0.1575	0.0292837
0.243944	0.1575	0.0286995
0.266121	0.1575	0.0280429
0.288298	0.1575	0.0273149
0.310474	0.1575	0.0265188
0.332651	0.1575	0.0256592
0.354828	0.1575	0.0247425
0.377005	0.1575	0.0237759
0.399181	0.1575	0.0227668
0.421358	0.1575	0.0217229
0.443535	0.1575	0.0206511
0.465712	0.1575	0.0195583
0.487888	0.1575	0.0184503
0.510065	0.1575	0.0173324
0.532242	0.1575	0.0162096
0.554419	0.1575	0.015086
0.576595	0.1575	0.0139655
0.598772	0.1575	0.0128513
0.620949	0.1575	0.0117467
0.643126	0.1575	0.0106544
0.665302	0.1575	0.00957672
0.687479	0.1575	0.00851601
0.709656	0.1575	0.00747424
0.731833	0.1575	0.00645319
0.754009	0.1575	0.00545446
0.776186	0.1575	0.00447947
0.798363	0.1575	0.00352949
0.820539	0.1575	0.00260562
0.842716	0.1575	0.00170887
0.864893	0.1575	0.000840073
0.88707	0.1575	0
0	0.165	0.0326878
0.0229352	0.165	0.0326641
0.0458703	0.165	0.0325928
0.0688055	0.165	0.0324725
0.0917406	0.165	0.0323011
0.114676	0.165	0.0320757
0.137611	0.165	0.0317926
0.160546	0.165	0.0314476
0.183481	0.165	0.0310365
0.206416	0.165	0.0305553
0.229352	0.165	0.0300008
0.252287	0.165	0.0293713
0.275222	0.165	0.0286668
0.298157	0.165	0.0278894
0.321092	0.165	0.0270432
0.344027	0.165	0.0261339
0.366963	0.165	0.0251685
0.389898	0.165	0.0241547
0.412833	0.165	0.0231005
0.435768	0.165	0.0220136
0.458703	0.165	0.0209012
0.481638	0.165	0.0197701
0.504573	0.165	0.0186262
0.527509	0.165	0.0174751
0.550444	0.165	0.0163216
0.573379	0.165	0.0151699
0.596314	0.165	0.0140239
0.619249	0.165	0.0128872
0.642184	0.165	0.0117627
0.66512	0.165	0.0106533
0.688055	0.165	0.00956151
0.71099	0.165	0.00848953
0.733925	0.165	0.00743938
0.75686	0.165	0.00641283
0.779795	0.165	0.00541147
0.802731	0.165	0.0044367
0.825666	0.165	0.00348976
0.848601	0.165	0.00257174
0.871536	0.165	0.00168357
0.894471	0.165	0.00082609
0.917406	0.165	0
0	0.1725	0.0335719
0.0236936	0.1725	0.0335461
0.0473872	0.1725	0.0334683
0.0710807	0.1725	0.0333373
0.0947743	0.1725	0.0331508
0.118468	0.1725	0.0329056
0.142161	0.1725	0.0325979
0.165855	0.1725	0.0322236
0.189549	0.1725	0.0317785
0.213242	0.1725	0.0312588
0.236936	0.1725	0.030662
0.260629	0.1725	0.0299869
0.284323	0.1725	0.0292347
0.308016	0.1725	0.0284083
0.33171	0.1725	0.0275127
0.355404	0.1725	0.0265545
0.379097	0.1725	0.0255415
0.402791	0.1725	0.0244817
0.426484	0.1725	0.0233835
0.450178	0.1725	0.0222547
0.473872	0.1725	0.0211029
0.497565	0.1725	0.0199349
0.521259	0.1725	0.0187567
0.544952	0.1725	0.0175738
0.568646	0.1725	0.0163912
0.592339	0.1725	0.0152132
0.616033	0.1725	0.0140437
0.639727	0.1725	0.0128864
0.66342	0.1725	0.0117443
0.687114	0.1725	0.0106202
0.710807	0.1725	0.00951671
0.734501	0.1725	0.00843605
0.758194	0.1725	0.00738019
0.781888	0.1725	0.00635093
0.805582	0.1725	0.00534982
0.829275	0.1725	0.00437823
0.852969	0.1725	0.00343736
0.876662	0.1725	0.00252826
0.900356	0.1725	0.00165184
0.924049	0.1725	0.000808861
0.947743	0.1725	0
0	0.18	0.0344049
0.024452	0.18	0.0343769
0.048904	0.18	0.0342926
0.073356	0.18	0.0341506
0.097808	0.18	0.0339484
0.12226	0.18	0.0336828
0.146712	0.18	0.03335
0.171164	0.18	0.0329457
0.195616	0.18	0.0324658
0.220068	0.18	0.0319072
0.24452	0.18	0.0312676
0.268972	0.18	0.030547
0.293424	0.18	0.0297471
0.317876	0.18	0.0288721
0.342328	0.18	0.0279278
0.36678	0.18	0.0269215
0.391232	0.18	0.0258617
0.415684	0.18	0.0247569
0.440136	0.18	0.0236157
0.464588	0.18	0.0224463
0.48904	0.18	0.0212563
0.513492	0.18	0.0200525
0.537944	0.18	0.0188413
0.562396	0.18	0.0176282
0.586848	0.18	0.0164182
0.6113	0.18	0.0152157
0.635752	0.18	0.0140247
0.660204	0.18	0.0128489
0.684656	0.18	0.0116914
0.709108	0.18	0.0105551
0.73356	0.18	0.00944237
0.758012	0.18	0.00835562
0.782464	0.18	0.00729678
0.806916	0.18	0.0062676
0.831368	0.18	0.00526961
0.85582	0.18	0.00430415
0.880272	0.18	0.00337237
0.904724	0.18	0.00247527
0.929176	0.18	0.00161371
0.953628	0.18	0.000788415
0.97808	0.18	0
0	0.1875	0.0351871
0.0252104	0.1875	0.0351568
0.0504208	0.1875	0.0350658
0.0756312	0.1875	0.0349124
0.100842	0.1875	0.0346941
0.126052	0.1875	0.0344076
0.151262	0.1875	0.0340489
0.176473	0.1875	0.033614
0.201683	0.1875	0.0330989
0.226894	0.1875	0.0325007
0.252104	0.1875	0.0318182
0.277314	0.1875	0.0310519
0.302525	0.1875	0.0302046
0.327735	0.1875	0.0292812
0.352946	0.1875	0.0282887
0.378156	0.1875	0.027235
0.403367	0.1875	0.0261292
0.428577	0.1875	0.0249802
0.453787	0.1875	0.023797
0.478998	0.1875	0.022588
0.504208	0.1875	0.0213609
0.529419	0.1875	0.0201228
0.554629	0.1875	0.01888
0.579839	0.1875	0.0176382
0.60505	0.1875	0.0164025
0.63026	0.1875	0.0151774
0.655471	0.1875	0.0139669
0.680681	0.1875	0.0127748
0.705891	0.1875	0.0116042
0.731102	0.1875	0.0104579
0.756312	0.1875	0.00933857
0.781523	0.1875	0.00824837
0.806733	0.1875	0.00718926
0.831943	0.1875	0.00616297
0.857154	0.1875	0.00517098
0.882364	0.1875	0.00421458
0.907575	0.1875	0.00329489
0.932785	0.1875	0.00241284
0.957996	0.1875	0.00156925
0.983206	0.1875	0.000764782
1.00842	0.1875	0
0	0.195	0.0359184
0.0259688	0.195	0.0358859
0.0519376	0.195	0.0357878
0.0779065	0.195	0.0356228
0.103875	0.195	0.035388
0.129844	0.195	0.0350801
0.155813	0.195	0.034695
0.181782	0.195	0.0342288
0.207751	0.195	0.0336778
0.233719	0.195	0.0330398
0.259688	0.195	0.032314
0.285657	0.195	0.0315018
0.311626	0.195	0.0306072
0.337595	0.195	0.0296358
0.363564	0.195	0.0285955
0.389532	0.195	0.0274951
0.415501	0.195	0.0263439
0.44147	0.195	0.0251516
0.467439	0.195	0.0239273
0.493408	0.195	0.0226797
0.519376	0.195	0.0214167
0.545345	0.195	0.0201455
0.571314	0.195	0.0188726
0.597283	0.195	0.0176036
0.623252	0.195	0.016344
0.649221	0.195	0.0150981
0.675189	0.195	0.0138703
0.701158	0.195	0.012664
0.727127	0.195	0.0114826
0.753096	0.195	0.0103289
0.779065	0.195	0.00920543
0.805034	0.195	0.00811441
0.831002	0.195	0.00705776
0.856971	0.195	0.00603716
0.88294	0.195	0.00505404
0.908909	0.195	0.00410964
0.934878	0.195	0.00320502
0.960846	0.195	0.00234106
0.986815	0.195	0.00151851
1.01278	0.195	0.000737991
1.03875	0.195	0
0	0.2025	0.036599
0.0267272	0.2025	0.0365641
0.0534545	0.2025	0.0364589
0.0801817	0.2025	0.0362819
0.106909	0.2025	0.0360302
0.133636	0.2025	0.0357003
0.160363	0.2025	0.0352883
0.187091	0.2025	0.0347903
0.213818	0.2025	0.034203
0.240545	0.2025	0.0335246
0.267272	0.2025	0.0327552
0.294	0.2025	0.0318971
0.320727	0.2025	0.0309551
0.347454	0.2025	0.029936
0.374181	0.2025	0.0288483
0.400909	0.2025	0.0277016
0.427636	0.2025	0.0265058
0.454363	0.2025	0.0252709
0.48109	0.2025	0.0240064
0.507818	0.2025	0.0227212
0.534545	0.2025	0.0214234
0.561272	0.2025	0.0201204
0.587999	0.2025	0.0188188
0.614727	0.2025	0.0175244
0.641454	0.2025	0.0162426
0.668181	0.2025	0.014978
0.694908	0.2025	0.0137347
0.721635	0.2025	0.0125166
0.748363	0.2025	0.0113267
0.77509	0.2025	0.0101681
0.801817	0.2025	0.00904306
0.828544	0.2025	0.00795389
0.855272	0.2025	0.00690244
0.881999	0.2025	0.00589033
0.908726	0.2025	0.00491894
0.935453	0.2025	0.00398946
0.962181	0.2025	0.00310287
0.988908	0.2025	0.00226001
1.01564	0.2025	0.00146155
1.04236	0.2025	0.000708068
1.06909	0.2025	0
0	0.21	0.037229
0.0274857	0.21	0.0371916
0.0549713	0.21	0.0370791
0.082457	0.21	0.0368898
0.109943	0.21	0.0366208
0.137428	0.21	0.0362685
0.164914	0.21	0.0358291
0.1924	0.21	0.0352987
0.219885	0.21	0.0346745
0.247371	0.21	0.0339553
0.274857	0.21	0.033142
0.302342	0.21	0.0322379
0.329828	0.21	0.0312485
0.357314	0.21	0.0301818
0.384799	0.21	0.0290471
0.412285	0.21	0.0278545
0.439771	0.21	0.0266147
0.467256	0.21	0.0253379
0.494742	0.21	0.024034
0.522227	0.21	0.0227123
0.549713	0.21	0.0213809
0.577199	0.21	0.0200474
0.604684	0.21	0.0187186
0.63217	0.21	0.0174004
0.659656	0.21	0.0160983
0.687141	0.21	0.0148169
0.714627	0.21	0.0135604
0.742113	0.21	0.0123327
0.769598	0.21	0.0111368
0.797084	0.21	0.00997561
0.82457	0.21	0.00885163
0.852055	0.21	0.00776697
0.879541	0.21	0.00672344
0.907027	0.21	0.00572261
0.934512	0.21	0.00476581
0.961998	0.21	0.00385415
0.989484	0.21	0.00298854
1.01697	0.21	0.00216976
1.04445	0.21	0.00139843
1.07194	0.21	0.000675041
1.09943	0.21	0
0	0.2175	0.0378083
0.0282441	0.2175	0.0377684
0.0564881	0.2175	0.0376485
0.0847322	0.2175	0.0374466
0.112976	0.2175	0.03716
0.14122	0.2175	0.0367848
0.169464	0.2175	0.0363174
0.197709	0.2175	0.035754
0.225953	0.2175	0.0350925
0.254197	0.2175	0.0343321
0.282441	0.2175	0.0334745
0.310685	0.2175	0.0325241
0.338929	0.2175	0.0314874
0.367173	0.2175	0.0303732
0.395417	0.2175	0.0291917
0.423661	0.2175	0.0279536
0.451905	0.2175	0.0266703
0.480149	0.2175	0.0253523
0.508393	0.2175	0.0240099
0.536637	0.2175	0.0226526
0.564881	0.2175	0.0212888
0.593126	0.2175	0.0199262
0.62137	0.2175	0.0185718
0.649614	0.2175	0.0172316
0.677858	0.2175	0.015911
0.706102	0.2175	0.0146149
0.734346	0.2175	0.0133474
0.76259	0.2175	0.0121123
0.790834	0.2175	0.0109128
0.819078	0.2175	0.00975166
0.847322	0.2175	0.0086313
0.875566	0.2175	0.00755381
0.90381	0.2175	0.00652093
0.932054	0.2175	0.00553418
0.960298	0.2175	0.0045948
0.988543	0.2175	0.00370382
1.01679	0.2175	0.00286212
1.04503	0.2175	0.00207039
1.07327	0.2175	0.00132918
1.10152	0.2175	0.000638934
1.12976	0.2175	0
0	0.225	0.0383371
0.0290025	0.225	0.0382946
0.058005	0.225	0.0381671
0.0870075	0.225	0.0379524
0.11601	0.225	0.0376477
0.145012	0.225	0.0372493
0.174015	0.225	0.0367533
0.203017	0.225	0.0361565
0.23202	0.225	0.035457
0.261022	0.225	0.0346549
0.290025	0.225	0.0337528
0.319027	0.225	0.0327558
0.34803	0.225	0.0316716
0.377032	0.225	0.03051
0.406035	0.225	0.0292818
0.435037	0.225	0.0279987
0.46404	0.225	0.0266724
0.493042	0.225	0.0253139
0.522045	0.225	0.0239339
0.551047	0.225	0.0225421
0.58005	0.225	0.0211471
0.609052	0.225	0.0197569
0.638055	0.225	0.0183784
0.667057	0.225	0.0170179
0.69606	0.225	0.0156809
0.725062	0.225	0.0143721
0.754065	0.225	0.0130958
0.783067	0.225	0.0118557
0.81207	0.225	0.010655
0.841072	0.225	0.00949639
0.870075	0.225	0.00838225
0.899077	0.225	0.00731458
0.92808	0.225	0.00629508
0.957082	0.225	0.00532517
0.986085	0.225	0.00440603
1.01509	0.225	0.00353861
1.04409	0.225	0.00272371
1.07309	0.225	0.00196196
1.10209	0.225	0.00125385
1.1311	0.225	0.00059977
1.1601	0.225	0
0	0.2325	0.0388153
0.0297609	0.2325	0.0387703
0.0595218	0.2325	0.038635
0.0892827	0.2325	0.0384073
0.119044	0.2325	0.0380842
0.148805	0.2325	0.037662
0.178565	0.2325	0.037137
0.208326	0.2325	0.0365062
0.238087	0.2325	0.0357682
0.267848	0.2325	0.0349239
0.297609	0.2325	0.0339767
0.32737	0.2325	0.0329329
0.357131	0.2325	0.0318011
0.386892	0.2325	0.0305921
0.416653	0.2325	0.0293175
0.446414	0.2325	0.0279896
0.476174	0.2325	0.0266207
0.505935	0.2325	0.0252225
0.535696	0.2325	0.0238057
0.565457	0.2325	0.0223805
0.595218	0.2325	0.0209556
0.624979	0.2325	0.0195392
0.65474	0.2325	0.0181384
0.684501	0.2325	0.0167595
0.714262	0.2325	0.0154079
0.744023	0.2325	0.0140886
0.773784	0.2325	0.0128058
0.803544	0.2325	0.011563
0.833305	0.2325	0.0103635
0.863066	0.2325	0.00920997
0.892827	0.2325	0.00810464
0.922588	0.2325	0.00704947
0.952349	0.2325	0.00604606
0.98211	0.2325	0.00509575
1.01187	0.2325	0.00419964
1.04163	0.2325	0.00335862
1.07139	0.2325	0.0025734
1.10115	0.2325	0.00184454
1.13091	0.2325	0.00117249
1.16068	0.2325	0.000557572
1.19044	0.2325	0
0	0.24	0.0392432
0.0305193	0.24	0.0391955
0.0610386	0.24	0.0390522
0.091558	0.24	0.0388113
0.122077	0.24	0.0384695
0.152597	0.24	0.0380231
0.183116	0.24	0.0374685
0.213635	0.24	0.0368031
0.244155	0.24	0.0360261
0.274674	0.24	0.035139
0.305193	0.24	0.0341463
0.335713	0.24	0.0330553
0.366232	0.24	0.0318758
0.396751	0.24	0.0306192
0.427271	0.24	0.0292982
0.45779	0.24	0.027926
0.488309	0.24	0.0265151
0.518828	0.24	0.0250778
0.549348	0.24	0.0236252
0.579867	0.24	0.0221677
0.610386	0.24	0.0207143
0.640906	0.24	0.0192732
0.671425	0.24	0.0178518
0.701944	0.24	0.0164562
0.732464	0.24	0.0150922
0.762983	0.24	0.0137645
0.793502	0.24	0.0124774
0.824022	0.24	0.0112344
0.854541	0.24	0.0100386
0.88506	0.24	0.0088926
0.91558	0.24	0.00779868
0.946099	0.24	0.00675864
0.976618	0.24	0.00577402
1.00714	0.24	0.00484605
1.03766	0.24	0.00397576
1.06818	0.24	0.00316395
1.0987	0.24	0.00241126
1.12921	0.24	0.0017182
1.15973	0.24	0.00108515
1.19025	0.24	0.000512367
1.22077	0.24	0
0	0.2475	0.0396206
0.0312777	0.2475	0.0395702
0.0625555	0.2475	0.0394189
0.0938332	0.2475	0.0391644
0.125111	0.2475	0.0388036
0.156389	0.2475	0.0383325
0.187666	0.2475	0.0377479
0.218944	0.2475	0.0370474
0.250222	0.2475	0.0362307
0.2815	0.2475	0.0353002
0.312777	0.2475	0.0342615
0.344055	0.2475	0.0331229
0.375333	0.2475	0.0318953
0.406611	0.2475	0.0305911
0.437888	0.2475	0.0292239
0.469166	0.2475	0.0278075
0.500444	0.2475	0.0263552
0.531722	0.2475	0.0248796
0.562999	0.2475	0.0233922
0.594277	0.2475	0.0219035
0.625555	0.2475	0.020423
0.656833	0.2475	0.0189589
0.68811	0.2475	0.0175185
0.719388	0.2475	0.0161083
0.750666	0.2475	0.0147339
0.781943	0.2475	0.0134
0.813221	0.2475	0.0121108
0.844499	0.2475	0.0108699
0.875777	0.2475	0.0096803
0.907054	0.2475	0.00854447
0.938332	0.2475	0.00746454
0.96961	0.2475	0.00644229
1.00089	0.2475	0.00547912
1.03217	0.2475	0.00457622
1.06344	0.2475	0.0037345
1.09472	0.2475	0.00295469
1.126	0.2475	0.00223738
1.15728	0.2475	0.00158299
1.18855	0.2475	0.000991859
1.21983	0.2475	0.000464185
1.25111	0.2475	0
0	0.255	0.0399476
0.0320362	0.255	0.0398945
0.0640723	0.255	0.039735
0.0961085	0.255	0.0394668
0.128145	0.255	0.0390866
0.160181	0.255	0.0385905
0.192217	0.255	0.0379752
0.224253	0.255	0.0372389
0.256289	0.255	0.0363819
0.288325	0.255	0.0354075
0.320362	0.255	0.0343222
0.352398	0.255	0.0331355
0.384434	0.255	0.0318594
0.41647	0.255	0.0305076
0.448506	0.255	0.0290943
0.480542	0.255	0.0276341
0.512578	0.255	0.0261408
0.544615	0.255	0.0246276
0.576651	0.255	0.0231064
0.608687	0.255	0.0215879
0.640723	0.255	0.0200816
0.672759	0.255	0.0185961
0.704795	0.255	0.0171387
0.736832	0.255	0.0157158
0.768868	0.255	0.0143331
0.800904	0.255	0.0129952
0.83294	0.255	0.0117063
0.864976	0.255	0.01047
0.897012	0.255	0.00928895
0.929048	0.255	0.00816576
0.961085	0.255	0.00710242
0.993121	0.255	0.00610056
1.02516	0.255	0.00516153
1.05719	0.255	0.00428639
1.08923	0.255	0.00347598
1.12127	0.255	0.00273095
1.1533	0.255	0.00205182
1.18534	0.255	0.00143898
1.21737	0.255	0.000892686
1.24941	0.255	0.000413071
1.28145	0.255	0
0	0.2625	0.0402243
0.0327946	0.2625	0.0401685
0.0655891	0.2625	0.0400006
0.0983837	0.2625	0.0397185
0.131178	0.2625	0.0393185
0.163973	0.2625	0.0387969
0.196767	0.2625	0.0381505
0.229562	0.2625	0.0373777
0.262357	0.2625	0.0364797
0.295151	0.2625	0.0354606
0.327946	0.2625	0.034328
0.36074	0.2625	0.0330928
0.393535	0.2625	0.031768
0.426329	0.2625	0.0303683
0.459124	0.2625	0.028909
0.491919	0.2625	0.0274053
0.524713	0.2625	0.0258717
0.557508	0.2625	0.0243218
0.590302	0.2625	0.0227678
0.623097	0.2625	0.0212207
0.655891	0.2625	0.0196903
0.688686	0.2625	0.018185
0.721481	0.2625	0.0167124
0.754275	0.2625	0.0152788
0.78707	0.2625	0.0138899
0.819864	0.2625	0.0125503
0.852659	0.2625	0.0112641
0.885453	0.2625	0.0100346
0.918248	0.2625	0.00886469
0.951043	0.2625	0.00775669
0.983837	0.2625	0.00671249
1.01663	0.2625	0.00573365
1.04943	0.2625	0.00482139
1.08222	0.2625	0.00397668
1.11502	0.2625	0.0032003
1.14781	0.2625	0.00249281
1.1806	0.2625	0.00185468
1.2134	0.2625	0.00128624
1.24619	0.2625	0.000787704
1.27899	0.2625	0.000359091
1.31178	0.2625	0
0	0.27	0.0404506
0.033553	0.27	0.040392
0.067106	0.27	0.0402158
0.100659	0.27	0.0399195
0.134212	0.27	0.0394995
0.167765	0.27	0.0389519
0.201318	0.27	0.0382738
0.234871	0.27	0.0374639
0.268424	0.27	0.036524
0.301977	0.27	0.0354594
0.33553	0.27	0.034279
0.369083	0.27	0.0329946
0.402636	0.27	0.0316207
0.436189	0.27	0.030173
0.469742	0.27	0.0286678
0.503295	0.27	0.0271209
0.536848	0.27	0.0255477
0.570401	0.27	0.023962
0.603954	0.27	0.0223763
0.637507	0.27	0.020802
0.67106	0.27	0.0192489
0.704613	0.27	0.0177257
0.738166	0.27	0.0162397
0.771719	0.27	0.0147975
0.805272	0.27	0.0134045
0.838825	0.27	0.0120655
0.872378	0.27	0.0107842
0.905931	0.27	0.00956407
0.939484	0.27	0.00840774
0.973037	0.27	0.00731742
1.00659	0.27	0.00629493
1.04014	0.27	0.00534169
1.0737	0.27	0.00445882
1.10725	0.27	0.00364722
1.1408	0.27	0.00290756
1.17435	0.27	0.00224036
1.20791	0.27	0.00164603
1.24146	0.27	0.00112487
1.27501	0.27	0.000677029
1.30857	0.27	0.000302355
1.34212	0.27	0
0	0.2775	0.0406267
0.0343114	0.2775	0.0405652
0.0686228	0.2775	0.0403805
0.102934	0.2775	0.0400699
0.137246	0.2775	0.0396295
0.171557	0.2775	0.0390555
0.205868	0.2775	0.038345
0.24018	0.2775	0.0374972
0.274491	0.2775	0.0365147
0.308803	0.2775	0.0354039
0.343114	0.2775	0.0341748
0.377425	0.2775	0.0328407
0.411737	0.2775	0.0314172
0.446048	0.2775	0.0299214
0.48036	0.2775	0.0283703
0.514671	0.2775	0.0267808
0.548982	0.2775	0.0251685
0.583294	0.2775	0.0235479
0.617605	0.2775	0.0219318
0.651917	0.2775	0.0203317
0.686228	0.2775	0.0187576
0.720539	0.2775	0.0172181
0.754851	0.2775	0.0157208
0.789162	0.2775	0.014272
0.823474	0.2775	0.0128772
0.857785	0.2775	0.0115409
0.892096	0.2775	0.010267
0.926408	0.2775	0.0090586
0.960719	0.2775	0.00791828
0.995031	0.2775	0.00684817
1.02934	0.2775	0.00584991
1.06365	0.2775	0.00492484
1.09796	0.2775	0.00407397
1.13228	0.2775	0.00329811
1.16659	0.2775	0.00259786
1.2009	0.2775	0.0019737
1.23521	0.2775	0.001426
1.26952	0.2775	0.000955021
1.30383	0.2775	0.000560843
1.33814	0.2775	0.000243041
1.37246	0.2775	0
0	0.285	0.0407524
0.0350698	0.285	0.0406881
0.0701396	0.285	0.0404948
0.105209	0.285	0.0401696
0.140279	0.285	0.0397086
0.175349	0.285	0.0391078
0.210419	0.285	0.0383642
0.245489	0.285	0.0374778
0.280559	0.285	0.0364518
0.315628	0.285	0.0352938
0.350698	0.285	0.0340151
0.385768	0.285	0.0326306
0.420838	0.285	0.0311573
0.455908	0.285	0.0296131
0.490977	0.285	0.0280164
0.526047	0.285	0.0263846
0.561117	0.285	0.024734
0.596187	0.285	0.0230795
0.631257	0.285	0.0214342
0.666327	0.285	0.0198098
0.701396	0.285	0.0182163
0.736466	0.285	0.0166625
0.771536	0.285	0.0151558
0.806606	0.285	0.0137025
0.841676	0.285	0.0123081
0.876746	0.285	0.0109769
0.911815	0.285	0.00971263
0.946885	0.285	0.00851836
0.981955	0.285	0.00739653
1.01702	0.285	0.00634909
1.05209	0.285	0.00537759
1.08716	0.285	0.00448324
1.12223	0.285	0.00366696
1.1573	0.285	0.00292947
1.19237	0.285	0.00227131
1.22744	0.285	0.00169295
1.26251	0.285	0.00119473
1.29758	0.285	0.000776917
1.33265	0.285	0.000439441
1.36772	0.285	0.00018144
1.40279	0.285	0
0	0.2925	0.0408279
0.0358282	0.2925	0.0407607
0.0716565	0.2925	0.0405587
0.107485	0.2925	0.0402189
0.143313	0.2925	0.0397369
0.179141	0.2925	0.0391086
0.214969	0.2925	0.0383314
0.250798	0.2925	0.0374054
0.286626	0.2925	0.036335
0.322454	0.2925	0.0351288
0.358282	0.2925	0.0337998
0.394111	0.2925	0.0323642
0.429939	0.2925	0.0308405
0.465767	0.2925	0.0292479
0.501595	0.2925	0.0276056
0.537424	0.2925	0.0259321
0.573252	0.2925	0.024244
0.60908	0.2925	0.0225567
0.644908	0.2925	0.0208836
0.680736	0.2925	0.0192364
0.716565	0.2925	0.0176252
0.752393	0.2925	0.0160589
0.788221	0.2925	0.0145449
0.824049	0.2925	0.0130893
0.859878	0.2925	0.0116974
0.895706	0.2925	0.0103735
0.931534	0.2925	0.00912131
0.967362	0.2925	0.00794358
1.00319	0.2925	0.00684266
1.03902	0.2925	0.00582036
1.07485	0.2925	0.00487812
1.11068	0.2925	0.00401702
1.1465	0.2925	0.0032379
1.18233	0.2925	0.0025414
1.21816	0.2925	0.00192805
1.25399	0.2925	0.00139828
1.28982	0.2925	0.000952497
1.32564	0.2925	0.000590922
1.36147	0.2925	0.000313306
1.3973	0.2925	0.00011803
1.43313	0.2925	0
0	0.3	0.0408531
0.0365867	0.3	0.0407829
0.0731733	0.3	0.0405723
0.10976	0.3	0.0402176
0.146347	0.3	0.0397143
0.182933	0.3	0.0390582
0.21952	0.3	0.0382465
0.256107	0.3	0.0372801
0.292693	0.3	0.0361641
0.32928	0.3	0.0349088
0.365867	0.3	0.0335285
0.402453	0.3	0.0320411
0.43904	0.3	0.0304665
0.475626	0.3	0.0288254
0.512213	0.3	0.0271379
0.5488	0.3	0.0254231
0.585386	0.3	0.0236985
0.621973	0.3	0.0219795
0.65856	0.3	0.0202799
0.695146	0.3	0.0186114
0.731733	0.3	0.0169844
0.76832	0.3	0.0154076
0.804906	0.3	0.0138881
0.841493	0.3	0.0124323
0.87808	0.3	0.0110453
0.914666	0.3	0.0097311
0.951253	0.3	0.00849324
0.98784	0.3	0.00733444
1.02443	0.3	0.00625685
1.06101	0.3	0.00526215
1.0976	0.3	0.00435165
1.13419	0.3	0.00352632
1.17077	0.3	0.00278691
1.20736	0.3	0.00213404
1.24395	0.3	0.00156823
1.28053	0.3	0.00108995
1.31712	0.3	0.000699675
1.35371	0.3	0.00039762
1.39029	0.3	0.000183213
1.42688	0.3	5.35781e-05
1.46347	0.3	0
