0	0	0
0.0125	0	0
0.025	0	0
0.0375	0	0
0.05	0	0
0.0625	0	0
0.075	0	0
0.0875	0	0
0.1	0	0
0.1125	0	0
0.125	0	0
0.1375	0	0
0.15	0	0
0.1625	0	0
0.175	0	0
0.1875	0	0
0.2	0	0
0.2125	0	0
0.225	0	0
0.2375	0	0
0.25	0	0
0.2625	0	0
0.275	0	0
0.2875	0	0
0.3	0	0
0.3125	0	0
0.325	0	0
0.3375	0	0
0.35	0	0
0.3625	0	0
0.375	0	0
0.3875	0	0
0.4	0	0
0.4125	0	0
0.425	0	0
0.4375	0	0
0.45	0	0
0.4625	0	0
0.475	0	0
0.4875	0	0
0.5	0	0
0	0.01	0.00371145
0.0130728	0.01	0.00371112
0.0261456	0.01	0.00371014
0.0392185	0.01	0.0037085
0.0522913	0.01	0.00370619
0.0653641	0.01	0.00370321
0.0784369	0.01	0.00369954
0.0915098	0.01	0.00369517
0.104583	0.01	0.00369007
0.117655	0.01	0.00368423
0.130728	0.01	0.00367762
0.143801	0.01	0.00367022
0.156874	0.01	0.00366198
0.169947	0.01	0.00365287
0.18302	0.01	0.00364285
0.196092	0.01	0.00363185
0.209165	0.01	0.00361984
0.222238	0.01	0.00360672
0.235311	0.01	0.00359244
0.248384	0.01	0.00357689
0.261456	0.01	0.00355998
0.274529	0.01	0.00354159
0.287602	0.01	0.00352156
0.300675	0.01	0.00349974
0.313748	0.01	0.00347593
0.326821	0.01	0.00344989
0.339893	0.01	0.00342132
0.352966	0.01	0.00338985
0.366039	0.01	0.00335497
0.379112	0.01	0.00331595
0.392185	0.01	0.00327172
0.405257	0.01	0.00322056
0.41833	0.01	0.00315961
0.431403	0.01	0.0030841
0.444476	0.01	0.00298588
0.457549	0.01	0.00285105
0.470622	0.01	0.00265617
0.483694	0.01	0.00236189
0.496767	0.01	0.0019031
0.50984	0.01	0.00117322
0.522913	0.01	0
0	0.02	0.00732329
0.0136456	0.02	0.00732258
0.0272913	0.02	0.00732045
0.0409369	0.02	0.00731687
0.0545826	0.02	0.00731185
0.0682282	0.02	0.00730534
0.0818739	0.02	0.00729733
0.0955195	0.02	0.00728779
0.109165	0.02	0.00727665
0.122811	0.02	0.00726388
0.136456	0.02	0.00724942
0.150102	0.02	0.00723318
0.163748	0.02	0.0072151
0.177393	0.02	0.00719507
0.191039	0.02	0.00717298
0.204685	0.02	0.00714871
0.21833	0.02	0.00712211
0.231976	0.02	0.00709301
0.245622	0.02	0.00706122
0.259267	0.02	0.0070265
0.272913	0.02	0.00698858
0.286559	0.02	0.00694716
0.300204	0.02	0.00690183
0.31385	0.02	0.00685216
0.327495	0.02	0.00679755
0.341141	0.02	0.00673729
0.354787	0.02	0.00667041
0.368432	0.02	0.00659558
0.382078	0.02	0.00651092
0.395724	0.02	0.00641361
0.409369	0.02	0.00629936
0.423015	0.02	0.0061616
0.436661	0.02	0.00599022
0.450306	0.02	0.00576997
0.463952	0.02	0.00547838
0.477598	0.02	0.00508365
0.491243	0.02	0.00454328
0.504889	0.02	0.0038052
0.518534	0.02	0.00281527
0.53218	0.02	0.0015376
0.545826	0.02	0
0	0.03	0.0108359
0.0142185	0.03	0.0108348
0.0284369	0.03	0.0108313
0.0426554	0.03	0.0108255
0.0568739	0.03	0.0108173
0.0710923	0.03	0.0108067
0.0853108	0.03	0.0107937
0.0995293	0.03	0.0107781
0.113748	0.03	0.0107599
0.127966	0.03	0.0107391
0.142185	0.03	0.0107154
0.156403	0.03	0.0106889
0.170622	0.03	0.0106592
0.18484	0.03	0.0106263
0.199059	0.03	0.0105899
0.213277	0.03	0.0105499
0.227495	0.03	0.0105059
0.241714	0.03	0.0104576
0.255932	0.03	0.0104047
0.270151	0.03	0.0103468
0.284369	0.03	0.0102832
0.298588	0.03	0.0102134
0.312806	0.03	0.0101365
0.327025	0.03	0.0100517
0.341243	0.03	0.00995769
0.355462	0.03	0.00985272
0.36968	0.03	0.00973455
0.383899	0.03	0.00959995
0.398117	0.03	0.00944427
0.412336	0.03	0.00926081
0.426554	0.03	0.00903989
0.440772	0.03	0.00876777
0.454991	0.03	0.00842559
0.469209	0.03	0.00798846
0.483428	0.03	0.00742549
0.497646	0.03	0.00670163
0.511865	0.03	0.00578225
0.526083	0.03	0.00464165
0.540302	0.03	0.00327488
0.55452	0.03	0.00170885
0.568739	0.03	0
0	0.04	0.0142497
0.0147913	0.04	0.0142481
0.0295826	0.04	0.0142431
0.0443739	0.04	0.0142347
0.0591652	0.04	0.0142229
0.0739564	0.04	0.0142076
0.0887477	0.04	0.0141888
0.103539	0.04	0.0141664
0.11833	0.04	0.0141401
0.133122	0.04	0.01411
0.147913	0.04	0.0140757
0.162704	0.04	0.0140372
0.177495	0.04	0.0139941
0.192287	0.04	0.0139463
0.207078	0.04	0.0138933
0.221869	0.04	0.0138348
0.236661	0.04	0.0137703
0.251452	0.04	0.0136994
0.266243	0.04	0.0136214
0.281034	0.04	0.0135356
0.295826	0.04	0.0134411
0.310617	0.04	0.0133367
0.325408	0.04	0.0132211
0.3402	0.04	0.0130925
0.354991	0.04	0.0129484
0.369782	0.04	0.0127856
0.384573	0.04	0.0125997
0.399365	0.04	0.0123845
0.414156	0.04	0.0121314
0.428947	0.04	0.0118288
0.443739	0.04	0.0114612
0.45853	0.04	0.0110087
0.473321	0.04	0.0104473
0.488112	0.04	0.00975001
0.502904	0.04	0.00888972
0.517695	0.04	0.00784392
0.532486	0.04	0.00660077
0.547278	0.04	0.00516495
0.562069	0.04	0.00356033
0.57686	0.04	0.00182531
0.591652	0.04	0
0	0.05	0.017565
0.0153641	0.05	0.0175628
0.0307282	0.05	0.0175561
0.0460923	0.05	0.0175448
0.0614564	0.05	0.017529
0.0768205	0.05	0.0175085
0.0921847	0.05	0.0174831
0.107549	0.05	0.0174528
0.122913	0.05	0.0174174
0.138277	0.05	0.0173767
0.153641	0.05	0.0173304
0.169005	0.05	0.0172782
0.184369	0.05	0.0172198
0.199733	0.05	0.0171548
0.215098	0.05	0.0170826
0.230462	0.05	0.0170028
0.245826	0.05	0.0169146
0.26119	0.05	0.0168172
0.276554	0.05	0.0167098
0.291918	0.05	0.0165911
0.307282	0.05	0.0164597
0.322646	0.05	0.0163137
0.33801	0.05	0.0161509
0.353375	0.05	0.0159682
0.368739	0.05	0.0157616
0.384103	0.05	0.0155256
0.399467	0.05	0.015253
0.414831	0.05	0.0149341
0.430195	0.05	0.0145561
0.445559	0.05	0.0141031
0.460923	0.05	0.0135557
0.476287	0.05	0.0128919
0.491652	0.05	0.0120889
0.507016	0.05	0.0111258
0.52238	0.05	0.00998767
0.537744	0.05	0.00866953
0.553108	0.05	0.00717926
0.568472	0.05	0.00553764
0.583836	0.05	0.00377429
0.5992	0.05	0.00192011
0.614564	0.05	0
0	0.06	0.0207823
0.0159369	0.06	0.0207795
0.0318739	0.06	0.0207708
0.0478108	0.06	0.0207563
0.0637477	0.06	0.0207359
0.0796847	0.06	0.0207095
0.0956216	0.06	0.0206768
0.111559	0.06	0.0206378
0.127495	0.06	0.0205921
0.143432	0.06	0.0205395
0.159369	0.06	0.0204796
0.175306	0.06	0.020412
0.191243	0.06	0.0203362
0.20718	0.06	0.0202516
0.223117	0.06	0.0201576
0.239054	0.06	0.0200534
0.254991	0.06	0.0199379
0.270928	0.06	0.01981
0.286865	0.06	0.0196684
0.302802	0.06	0.0195112
0.318739	0.06	0.0193363
0.334676	0.06	0.019141
0.350612	0.06	0.0189216
0.366549	0.06	0.0186735
0.382486	0.06	0.0183906
0.398423	0.06	0.018065
0.41436	0.06	0.0176862
0.430297	0.06	0.0172414
0.446234	0.06	0.0167147
0.462171	0.06	0.0160879
0.478108	0.06	0.0153413
0.494045	0.06	0.0144555
0.509982	0.06	0.0134141
0.525919	0.06	0.0122067
0.541856	0.06	0.0108319
0.557793	0.06	0.00929816
0.57373	0.06	0.0076238
0.589666	0.06	0.00583322
0.605603	0.06	0.00395198
0.62154	0.06	0.00200215
0.637477	0.06	0
0	0.07	0.0239019
0.0165098	0.07	0.0238984
0.0330195	0.07	0.0238876
0.0495293	0.07	0.0238695
0.066039	0.07	0.0238441
0.0825488	0.07	0.0238111
0.0990585	0.07	0.0237703
0.115568	0.07	0.0237215
0.132078	0.07	0.0236644
0.148588	0.07	0.0235985
0.165098	0.07	0.0235235
0.181607	0.07	0.0234386
0.198117	0.07	0.0233433
0.214627	0.07	0.0232368
0.231137	0.07	0.0231181
0.247646	0.07	0.0229862
0.264156	0.07	0.0228397
0.280666	0.07	0.0226769
0.297176	0.07	0.022496
0.313685	0.07	0.0222944
0.330195	0.07	0.0220689
0.346705	0.07	0.0218157
0.363215	0.07	0.0215297
0.379724	0.07	0.0212043
0.396234	0.07	0.0208312
0.412744	0.07	0.0203998
0.429254	0.07	0.0198974
0.445763	0.07	0.0193088
0.462273	0.07	0.0186169
0.478783	0.07	0.0178041
0.495293	0.07	0.0168538
0.511802	0.07	0.0157525
0.528312	0.07	0.0144927
0.544822	0.07	0.0130744
0.561332	0.07	0.0115061
0.577841	0.07	0.00980383
0.594351	0.07	0.00798862
0.610861	0.07	0.00608262
0.627371	0.07	0.00410586
0.64388	0.07	0.00207432
0.66039	0.07	0
0	0.08	0.0269242
0.0170826	0.08	0.0269198
0.0341652	0.08	0.0269067
0.0512477	0.08	0.0268847
0.0683303	0.08	0.0268538
0.0854129	0.08	0.0268136
0.102495	0.08	0.0267639
0.119578	0.08	0.0267044
0.136661	0.08	0.0266346
0.153743	0.08	0.0265541
0.170826	0.08	0.0264622
0.187908	0.08	0.0263582
0.204991	0.08	0.0262412
0.222073	0.08	0.0261102
0.239156	0.08	0.0259639
0.256239	0.08	0.0258009
0.273321	0.08	0.0256194
0.290404	0.08	0.0254172
0.307486	0.08	0.0251916
0.324569	0.08	0.0249392
0.341652	0.08	0.0246558
0.358734	0.08	0.024336
0.375817	0.08	0.0239732
0.392899	0.08	0.0235588
0.409982	0.08	0.0230824
0.427064	0.08	0.0225316
0.444147	0.08	0.0218919
0.46123	0.08	0.0211476
0.478312	0.08	0.0202827
0.495395	0.08	0.0192825
0.512477	0.08	0.0181357
0.52956	0.08	0.0168363
0.546642	0.08	0.015385
0.563725	0.08	0.0137896
0.580808	0.08	0.0120644
0.59789	0.08	0.0102279
0.614973	0.08	0.00829991
0.632055	0.08	0.00629899
0.649138	0.08	0.00424083
0.66622	0.08	0.00213787
0.683303	0.08	0
0	0.09	0.0298495
0.0176554	0.09	0.0298443
0.0353108	0.09	0.0298286
0.0529662	0.09	0.0298024
0.0706216	0.09	0.0297653
0.088277	0.09	0.0297173
0.105932	0.09	0.0296578
0.123588	0.09	0.0295866
0.141243	0.09	0.029503
0.158899	0.09	0.0294064
0.176554	0.09	0.029296
0.194209	0.09	0.0291709
0.211865	0.09	0.0290299
0.22952	0.09	0.0288718
0.247176	0.09	0.028695
0.264831	0.09	0.0284975
0.282486	0.09	0.0282769
0.300142	0.09	0.0280305
0.317797	0.09	0.0277547
0.335453	0.09	0.027445
0.353108	0.09	0.0270962
0.370763	0.09	0.0267012
0.388419	0.09	0.0262519
0.406074	0.09	0.0257379
0.42373	0.09	0.0251473
0.441385	0.09	0.0244664
0.45904	0.09	0.0236807
0.476696	0.09	0.0227755
0.494351	0.09	0.0217376
0.512007	0.09	0.020557
0.529662	0.09	0.0192285
0.547317	0.09	0.0177527
0.564973	0.09	0.0161368
0.582628	0.09	0.0143936
0.600284	0.09	0.0125394
0.617939	0.09	0.0105925
0.635594	0.09	0.00857032
0.65325	0.09	0.00648826
0.670905	0.09	0.00435915
0.688561	0.09	0.00219347
0.706216	0.09	0
0	0.1	0.0326782
0.0182282	0.1	0.0326721
0.0364564	0.1	0.0326537
0.0546847	0.1	0.0326228
0.0729129	0.1	0.0325792
0.0911411	0.1	0.0325226
0.109369	0.1	0.0324525
0.127598	0.1	0.0323685
0.145826	0.1	0.0322698
0.164054	0.1	0.0321557
0.182282	0.1	0.0320252
0.20051	0.1	0.031877
0.218739	0.1	0.0317098
0.236967	0.1	0.031522
0.255195	0.1	0.0313114
0.273423	0.1	0.0310758
0.291652	0.1	0.030812
0.30988	0.1	0.0305166
0.328108	0.1	0.030185
0.346336	0.1	0.0298118
0.364564	0.1	0.0293902
0.382793	0.1	0.028912
0.401021	0.1	0.0283675
0.419249	0.1	0.027745
0.437477	0.1	0.0270319
0.455705	0.1	0.0262145
0.473934	0.1	0.0252791
0.492162	0.1	0.0242136
0.51039	0.1	0.0230088
0.528618	0.1	0.0216598
0.546847	0.1	0.020167
0.565075	0.1	0.0185367
0.583303	0.1	0.0167802
0.601531	0.1	0.0149123
0.619759	0.1	0.0129498
0.637988	0.1	0.0109093
0.656216	0.1	0.00880616
0.674444	0.1	0.00665337
0.692672	0.1	0.00446202
0.710901	0.1	0.0022415
0.729129	0.1	0
0	0.11	0.0354107
0.018801	0.11	0.0354036
0.0376021	0.11	0.0353822
0.0564031	0.11	0.0353463
0.0752042	0.11	0.0352956
0.0940052	0.11	0.0352298
0.112806	0.11	0.0351483
0.131607	0.11	0.0350505
0.150408	0.11	0.0349356
0.169209	0.11	0.0348025
0.18801	0.11	0.03465
0.206811	0.11	0.0344768
0.225612	0.11	0.0342811
0.244414	0.11	0.0340608
0.263215	0.11	0.0338135
0.282016	0.11	0.0335361
0.300817	0.11	0.033225
0.319618	0.11	0.0328758
0.338419	0.11	0.032483
0.35722	0.11	0.0320401
0.376021	0.11	0.031539
0.394822	0.11	0.0309705
0.413623	0.11	0.0303236
0.432424	0.11	0.0295861
0.451225	0.11	0.0287453
0.470026	0.11	0.0277883
0.488827	0.11	0.0267039
0.507628	0.11	0.0254831
0.526429	0.11	0.0241212
0.54523	0.11	0.0226181
0.564031	0.11	0.020979
0.582832	0.11	0.0192139
0.601633	0.11	0.0173362
0.620434	0.11	0.0153617
0.639235	0.11	0.0133062
0.658036	0.11	0.0111847
0.676837	0.11	0.00901078
0.695639	0.11	0.0067959
0.71444	0.11	0.00455011
0.733241	0.11	0.0022822
0.752042	0.11	0
0	0.12	0.0380472
0.0193739	0.12	0.0380391
0.0387477	0.12	0.0380145
0.0581216	0.12	0.0379732
0.0774955	0.12	0.037915
0.0968693	0.12	0.0378393
0.116243	0.12	0.0377456
0.135617	0.12	0.0376329
0.154991	0.12	0.0375005
0.174365	0.12	0.0373469
0.193739	0.12	0.0371709
0.213112	0.12	0.0369706
0.232486	0.12	0.036744
0.25186	0.12	0.0364886
0.271234	0.12	0.0362014
0.290608	0.12	0.0358788
0.309982	0.12	0.0355163
0.329356	0.12	0.0351087
0.34873	0.12	0.0346496
0.368103	0.12	0.0341313
0.387477	0.12	0.0335449
0.406851	0.12	0.03288
0.426225	0.12	0.0321253
0.445599	0.12	0.0312684
0.464973	0.12	0.0302975
0.484347	0.12	0.0292016
0.50372	0.12	0.0279721
0.523094	0.12	0.026604
0.542468	0.12	0.0250966
0.561842	0.12	0.023454
0.581216	0.12	0.0216849
0.60059	0.12	0.0198017
0.619964	0.12	0.0178188
0.639337	0.12	0.0157515
0.658711	0.12	0.0136148
0.678085	0.12	0.0114223
0.697459	0.12	0.00918604
0.716833	0.12	0.00691676
0.736207	0.12	0.00462383
0.755581	0.12	0.00231568
0.774955	0.12	0
0	0.13	0.0405882
0.0199467	0.13	0.0405789
0.0398934	0.13	0.0405509
0.0598401	0.13	0.040504
0.0797867	0.13	0.0404377
0.0997334	0.13	0.0403515
0.11968	0.13	0.0402446
0.139627	0.13	0.0401161
0.159573	0.13	0.0399649
0.17952	0.13	0.0397895
0.199467	0.13	0.0395882
0.219414	0.13	0.0393589
0.23936	0.13	0.0390991
0.259307	0.13	0.038806
0.279254	0.13	0.0384758
0.2992	0.13	0.0381044
0.319147	0.13	0.0376866
0.339094	0.13	0.0372163
0.35904	0.13	0.0366861
0.378987	0.13	0.0360875
0.398934	0.13	0.0354108
0.41888	0.13	0.034645
0.438827	0.13	0.0337787
0.458774	0.13	0.0328005
0.47872	0.13	0.0316997
0.498667	0.13	0.0304678
0.518614	0.13	0.0290995
0.538561	0.13	0.0275934
0.558507	0.13	0.0259524
0.578454	0.13	0.0241841
0.598401	0.13	0.0222995
0.618347	0.13	0.0203121
0.638294	0.13	0.0182365
0.658241	0.13	0.0160876
0.678187	0.13	0.0138792
0.698134	0.13	0.0116239
0.718081	0.13	0.009333
0.738027	0.13	0.00701645
0.757974	0.13	0.00468337
0.777921	0.13	0.00234201
0.797867	0.13	0
0	0.14	0.0430339
0.0205195	0.14	0.0430235
0.041039	0.14	0.0429918
0.0615585	0.14	0.0429388
0.082078	0.14	0.042864
0.102598	0.14	0.0427666
0.123117	0.14	0.0426458
0.143637	0.14	0.0425005
0.164156	0.14	0.0423293
0.184676	0.14	0.0421306
0.205195	0.14	0.0419023
0.225715	0.14	0.041642
0.246234	0.14	0.0413468
0.266754	0.14	0.0410133
0.287273	0.14	0.0406373
0.307793	0.14	0.0402138
0.328312	0.14	0.039737
0.348832	0.14	0.0391999
0.369351	0.14	0.0385944
0.389871	0.14	0.0379113
0.41039	0.14	0.0371403
0.43091	0.14	0.0362705
0.451429	0.14	0.0352908
0.471949	0.14	0.034191
0.492468	0.14	0.0329625
0.512988	0.14	0.0315995
0.533507	0.14	0.0300998
0.554027	0.14	0.0284655
0.574546	0.14	0.0267026
0.595066	0.14	0.0248209
0.615585	0.14	0.0228329
0.636105	0.14	0.0207528
0.656624	0.14	0.0185951
0.677144	0.14	0.0163736
0.697663	0.14	0.0141016
0.718183	0.14	0.0117909
0.738702	0.14	0.00945222
0.759222	0.14	0.00709521
0.779741	0.14	0.00472879
0.800261	0.14	0.00236118
0.82078	0.14	0
0	0.15	0.0453847
0.0210923	0.15	0.045373
0.0421847	0.15	0.0453376
0.063277	0.15	0.0452782
0.0843693	0.15	0.0451942
0.105462	0.15	0.045085
0.126554	0.15	0.0449495
0.147646	0.15	0.0447864
0.168739	0.15	0.044594
0.189831	0.15	0.0443706
0.210923	0.15	0.0441137
0.232016	0.15	0.0438205
0.253108	0.15	0.0434877
0.2742	0.15	0.0431114
0.295293	0.15	0.0426866
0.316385	0.15	0.042208
0.337477	0.15	0.0416687
0.35857	0.15	0.0410613
0.379662	0.15	0.0403769
0.400754	0.15	0.0396059
0.421847	0.15	0.0387377
0.442939	0.15	0.0377619
0.464031	0.15	0.0366684
0.485124	0.15	0.0354484
0.506216	0.15	0.0340959
0.527308	0.15	0.0326077
0.548401	0.15	0.0309847
0.569493	0.15	0.0292317
0.590585	0.15	0.0273574
0.611678	0.15	0.0253732
0.63277	0.15	0.0232923
0.653862	0.15	0.0211292
0.674955	0.15	0.0188978
0.696047	0.15	0.0166117
0.717139	0.15	0.0142832
0.738232	0.15	0.0119239
0.759324	0.15	0.00954398
0.780416	0.15	0.00715311
0.801509	0.15	0.00476008
0.822601	0.15	0.00237314
0.843693	0.15	0
0	0.16	0.0476409
0.0216652	0.16	0.0476278
0.0433303	0.16	0.0475884
0.0649955	0.16	0.0475222
0.0866606	0.16	0.0474288
0.108326	0.16	0.0473071
0.129991	0.16	0.047156
0.151656	0.16	0.0469741
0.173321	0.16	0.0467595
0.194986	0.16	0.04651
0.216652	0.16	0.0462229
0.238317	0.16	0.045895
0.259982	0.16	0.0455225
0.281647	0.16	0.0451008
0.303312	0.16	0.0446247
0.324977	0.16	0.044088
0.346642	0.16	0.0434832
0.368308	0.16	0.0428023
0.389973	0.16	0.042036
0.411638	0.16	0.0411745
0.433303	0.16	0.0402074
0.454968	0.16	0.0391249
0.476633	0.16	0.0379183
0.498298	0.16	0.0365809
0.519964	0.16	0.0351088
0.541629	0.16	0.0335018
0.563294	0.16	0.0317635
0.584959	0.16	0.029901
0.606624	0.16	0.0279247
0.628289	0.16	0.0258473
0.649955	0.16	0.0236824
0.67162	0.16	0.0214444
0.693285	0.16	0.0191469
0.71495	0.16	0.016803
0.736615	0.16	0.0144246
0.75828	0.16	0.012023
0.779945	0.16	0.00960832
0.801611	0.16	0.00719008
0.823276	0.16	0.00477715
0.844941	0.16	0.00237784
0.866606	0.16	0
0	0.17	0.0498027
0.022238	0.17	0.0497882
0.0444759	0.17	0.0497446
0.0667139	0.17	0.0496714
0.0889519	0.17	0.0495679
0.11119	0.17	0.0494332
0.133428	0.17	0.0492659
0.155666	0.17	0.0490642
0.177904	0.17	0.0488262
0.200142	0.17	0.0485493
0.22238	0.17	0.0482304
0.244618	0.17	0.0478659
0.266856	0.17	0.0474517
0.289094	0.17	0.0469825
0.311332	0.17	0.0464526
0.33357	0.17	0.0458551
0.355808	0.17	0.0451821
0.378046	0.17	0.0444251
0.400284	0.17	0.0435746
0.422521	0.17	0.0426207
0.444759	0.17	0.0415537
0.466997	0.17	0.0403649
0.489235	0.17	0.039047
0.511473	0.17	0.0375955
0.533711	0.17	0.036009
0.555949	0.17	0.0342898
0.578187	0.17	0.0324437
0.600425	0.17	0.0304799
0.622663	0.17	0.0284101
0.644901	0.17	0.0262476
0.667139	0.17	0.0240064
0.689377	0.17	0.0217006
0.711615	0.17	0.0193436
0.733853	0.17	0.0169482
0.756091	0.17	0.0145261
0.778329	0.17	0.0120884
0.800567	0.17	0.00964516
0.822805	0.17	0.007206
0.845043	0.17	0.00477986
0.867281	0.17	0.00237519
0.889519	0.17	0
0	0.18	0.0518705
0.0228108	0.18	0.0518546
0.0456216	0.18	0.0518065
0.0684324	0.18	0.051726
0.0912432	0.18	0.0516121
0.114054	0.18	0.0514637
0.136865	0.18	0.0512793
0.159676	0.18	0.051057
0.182486	0.18	0.0507945
0.205297	0.18	0.0504888
0.228108	0.18	0.0501367
0.250919	0.18	0.0497341
0.27373	0.18	0.0492761
0.29654	0.18	0.0487573
0.319351	0.18	0.0481713
0.342162	0.18	0.0475106
0.364973	0.18	0.0467672
0.387784	0.18	0.0459319
0.410594	0.18	0.0449953
0.433405	0.18	0.043948
0.456216	0.18	0.042781
0.479027	0.18	0.0414869
0.501837	0.18	0.0400602
0.524648	0.18	0.0384986
0.547459	0.18	0.036803
0.57027	0.18	0.0349779
0.593081	0.18	0.0330312
0.615891	0.18	0.0309735
0.638702	0.18	0.0288175
0.661513	0.18	0.0265771
0.684324	0.18	0.0242663
0.707135	0.18	0.021899
0.729945	0.18	0.0194887
0.752756	0.18	0.0170477
0.775567	0.18	0.0145878
0.798378	0.18	0.0121199
0.821189	0.18	0.0096543
0.843999	0.18	0.00720065
0.86681	0.18	0.00476804
0.889621	0.18	0.0023651
0.912432	0.18	0
0	0.19	0.0538445
0.0233836	0.19	0.053827
0.0467672	0.19	0.0537744
0.0701509	0.19	0.0536862
0.0935345	0.19	0.0535614
0.116918	0.19	0.0533988
0.140302	0.19	0.0531967
0.163685	0.19	0.0529529
0.187069	0.19	0.0526648
0.210453	0.19	0.0523292
0.233836	0.19	0.0519425
0.25722	0.19	0.0515
0.280603	0.19	0.0509966
0.303987	0.19	0.0504262
0.327371	0.19	0.049782
0.350754	0.19	0.0490561
0.374138	0.19	0.0482401
0.397521	0.19	0.0473248
0.420905	0.19	0.046301
0.444289	0.19	0.0451598
0.467672	0.19	0.0438934
0.491056	0.19	0.0424956
0.51444	0.19	0.0409632
0.537823	0.19	0.0392956
0.561207	0.19	0.0374961
0.58459	0.19	0.0355711
0.607974	0.19	0.0335303
0.631358	0.19	0.0313854
0.654741	0.19	0.0291498
0.678125	0.19	0.0268377
0.701509	0.19	0.0244633
0.724892	0.19	0.0220404
0.748276	0.19	0.0195823
0.771659	0.19	0.0171014
0.795043	0.19	0.0146093
0.818427	0.19	0.0121173
0.84181	0.19	0.00963548
0.865194	0.19	0.00717381
0.888577	0.19	0.00474153
0.911961	0.19	0.00234747
0.935345	0.19	0
0	0.2	0.0557249
0.0239564	0.2	0.0557059
0.0479129	0.2	0.0556486
0.0718693	0.2	0.0555524
0.0958258	0.2	0.0554163
0.119782	0.2	0.0552389
0.143739	0.2	0.0550184
0.167695	0.2	0.0547522
0.191652	0.2	0.0544376
0.215608	0.2	0.054071
0.239564	0.2	0.0536482
0.263521	0.2	0.0531644
0.287477	0.2	0.0526139
0.311434	0.2	0.0519901
0.33539	0.2	0.0512859
0.359347	0.2	0.050493
0.383303	0.2	0.0496028
0.407259	0.2	0.0486063
0.431216	0.2	0.0474945
0.455172	0.2	0.0462595
0.479129	0.2	0.0448946
0.503085	0.2	0.0433953
0.527042	0.2	0.0417602
0.550998	0.2	0.0399909
0.574955	0.2	0.0380925
0.598911	0.2	0.0360733
0.622867	0.2	0.0339442
0.646824	0.2	0.031718
0.67078	0.2	0.0294087
0.694737	0.2	0.0270306
0.718693	0.2	0.0245981
0.74265	0.2	0.022125
0.766606	0.2	0.0196245
0.790562	0.2	0.0171091
0.814519	0.2	0.0145906
0.838475	0.2	0.0120802
0.862432	0.2	0.00958838
0.886388	0.2	0.0071252
0.910345	0.2	0.00470014
0.934301	0.2	0.00232221
0.958258	0.2	0
0	0.21	0.0575121
0.0245293	0.21	0.0574914
0.0490585	0.21	0.0574292
0.0735878	0.21	0.0573248
0.098117	0.21	0.057177
0.122646	0.21	0.0569844
0.147176	0.21	0.0567448
0.171705	0.21	0.0564555
0.196234	0.21	0.0561134
0.220763	0.21	0.0557146
0.245293	0.21	0.0552545
0.269822	0.21	0.0547279
0.294351	0.21	0.0541287
0.31888	0.21	0.05345
0.34341	0.21	0.0526841
0.367939	0.21	0.0518227
0.392468	0.21	0.050857
0.416997	0.21	0.0497783
0.441527	0.21	0.0485784
0.466056	0.21	0.04725
0.490585	0.21	0.0457879
0.515114	0.21	0.0441895
0.539644	0.21	0.042455
0.564173	0.21	0.0405881
0.588702	0.21	0.0385956
0.613232	0.21	0.0364873
0.637761	0.21	0.0342754
0.66229	0.21	0.0319733
0.686819	0.21	0.0295954
0.711349	0.21	0.0271565
0.735878	0.21	0.024671
0.760407	0.21	0.0221527
0.784936	0.21	0.019615
0.809466	0.21	0.0170705
0.833995	0.21	0.0145311
0.858524	0.21	0.0120083
0.883053	0.21	0.00951268
0.907583	0.21	0.00705457
0.932112	0.21	0.00464366
0.956641	0.21	0.00228921
0.98117	0.21	0
0	0.22	0.0592062
0.0251021	0.22	0.0591839
0.0502042	0.22	0.0591166
0.0753062	0.22	0.0590037
0.100408	0.22	0.0588439
0.12551	0.22	0.0586355
0.150612	0.22	0.0583762
0.175715	0.22	0.058063
0.200817	0.22	0.0576925
0.225919	0.22	0.0572605
0.251021	0.22	0.056762
0.276123	0.22	0.0561914
0.301225	0.22	0.0555421
0.326327	0.22	0.0548069
0.351429	0.22	0.0539779
0.376531	0.22	0.0530467
0.401633	0.22	0.0520045
0.426735	0.22	0.0508431
0.451837	0.22	0.049555
0.47694	0.22	0.048134
0.502042	0.22	0.0465764
0.527144	0.22	0.0448813
0.552246	0.22	0.0430507
0.577348	0.22	0.0410901
0.60245	0.22	0.0390079
0.627552	0.22	0.0368153
0.652654	0.22	0.0345253
0.677756	0.22	0.0321521
0.702858	0.22	0.0297106
0.72796	0.22	0.0272156
0.753062	0.22	0.0246818
0.778165	0.22	0.0221233
0.803267	0.22	0.0195535
0.828369	0.22	0.0169851
0.853471	0.22	0.0144305
0.878573	0.22	0.0119011
0.903675	0.22	0.00940802
0.928777	0.22	0.00696164
0.953879	0.22	0.00457194
0.978981	0.22	0.00224839
1.00408	0.22	0
0	0.23	0.0608075
0.0256749	0.23	0.0607834
0.0513498	0.23	0.060711
0.0770247	0.23	0.0605893
0.1027	0.23	0.0604172
0.128375	0.23	0.0601926
0.154049	0.23	0.0599129
0.179724	0.23	0.0595752
0.205399	0.23	0.0591755
0.231074	0.23	0.0587093
0.256749	0.23	0.0581712
0.282424	0.23	0.0575553
0.308099	0.23	0.0568547
0.333774	0.23	0.0560618
0.359449	0.23	0.0551685
0.385124	0.23	0.0541664
0.410798	0.23	0.053047
0.436473	0.23	0.0518026
0.462148	0.23	0.0504265
0.487823	0.23	0.0489139
0.513498	0.23	0.0472626
0.539173	0.23	0.0454733
0.564848	0.23	0.0435497
0.590523	0.23	0.0414991
0.616198	0.23	0.0393313
0.641873	0.23	0.0370587
0.667548	0.23	0.034695
0.693222	0.23	0.0322551
0.718897	0.23	0.0297544
0.744572	0.23	0.0272079
0.770247	0.23	0.0246304
0.795922	0.23	0.0220364
0.821597	0.23	0.0194394
0.847272	0.23	0.0168526
0.872947	0.23	0.0142883
0.898622	0.23	0.0117584
0.924297	0.23	0.00927407
0.949971	0.23	0.00684614
0.975646	0.23	0.00448478
1.00132	0.23	0.00219966
1.027	0.23	0
0	0.24	0.0623162
0.0262477	0.24	0.0622904
0.0524955	0.24	0.0622126
0.0787432	0.24	0.062082
0.104991	0.24	0.0618971
0.131239	0.24	0.0616558
0.157486	0.24	0.0613554
0.183734	0.24	0.0609925
0.209982	0.24	0.0605627
0.23623	0.24	0.0600614
0.262477	0.24	0.0594829
0.288725	0.24	0.0588206
0.314973	0.24	0.0580674
0.34122	0.24	0.0572157
0.367468	0.24	0.056257
0.393716	0.24	0.0551831
0.419964	0.24	0.053986
0.446211	0.24	0.0526585
0.472459	0.24	0.0511949
0.498707	0.24	0.0495919
0.524955	0.24	0.0478486
0.551202	0.24	0.0459675
0.57745	0.24	0.043954
0.603698	0.24	0.0418168
0.629945	0.24	0.0395672
0.656193	0.24	0.0372183
0.682441	0.24	0.034785
0.708689	0.24	0.0322826
0.734936	0.24	0.0297267
0.761184	0.24	0.027133
0.787432	0.24	0.0245164
0.81368	0.24	0.0218915
0.839927	0.24	0.0192724
0.866175	0.24	0.0166723
0.892423	0.24	0.014104
0.91867	0.24	0.0115795
0.944918	0.24	0.00911047
0.971166	0.24	0.00670784
0.997414	0.24	0.00438204
1.02366	0.24	0.00214296
1.04991	0.24	0
0	0.25	0.0637325
0.0268205	0.25	0.0637048
0.0536411	0.25	0.0636216
0.0804616	0.25	0.0634819
0.107282	0.25	0.063284
0.134103	0.25	0.0630257
0.160923	0.25	0.062704
0.187744	0.25	0.0623151
0.214564	0.25	0.0618547
0.241385	0.25	0.0613175
0.268205	0.25	0.0606974
0.295026	0.25	0.0599878
0.321847	0.25	0.0591811
0.348667	0.25	0.0582694
0.375488	0.25	0.0572444
0.402308	0.25	0.0560981
0.429129	0.25	0.0548229
0.455949	0.25	0.0534123
0.48277	0.25	0.051862
0.50959	0.25	0.0501697
0.536411	0.25	0.0483362
0.563232	0.25	0.0463656
0.590052	0.25	0.044265
0.616873	0.25	0.0420444
0.643693	0.25	0.0397163
0.670514	0.25	0.0372949
0.697334	0.25	0.0347956
0.724155	0.25	0.0322344
0.750975	0.25	0.0296274
0.777796	0.25	0.0269905
0.804616	0.25	0.0243391
0.831437	0.25	0.021688
0.858258	0.25	0.0190517
0.885078	0.25	0.0164437
0.911899	0.25	0.013877
0.938719	0.25	0.0113642
0.96554	0.25	0.00891692
0.99236	0.25	0.0065465
1.01918	0.25	0.00426357
1.046	0.25	0.00207822
1.07282	0.25	0
0	0.26	0.0650565
0.0273934	0.26	0.065027
0.0547867	0.26	0.0649382
0.0821801	0.26	0.0647892
0.109573	0.26	0.064578
0.136967	0.26	0.0643023
0.16436	0.26	0.0639589
0.191754	0.26	0.0635436
0.219147	0.26	0.0630518
0.24654	0.26	0.0624779
0.273934	0.26	0.0618155
0.301327	0.26	0.0610576
0.32872	0.26	0.0601964
0.356114	0.26	0.0592239
0.383507	0.26	0.0581319
0.410901	0.26	0.0569126
0.438294	0.26	0.055559
0.465687	0.26	0.0540656
0.493081	0.26	0.0524291
0.520474	0.26	0.0506487
0.547867	0.26	0.0487268
0.575261	0.26	0.0466689
0.602654	0.26	0.0444837
0.630048	0.26	0.0421826
0.657441	0.26	0.0397791
0.684834	0.26	0.0372884
0.712228	0.26	0.0347266
0.739621	0.26	0.0321102
0.767014	0.26	0.0294559
0.794408	0.26	0.0267798
0.821801	0.26	0.0240979
0.849195	0.26	0.0214253
0.876588	0.26	0.0187768
0.903981	0.26	0.0161663
0.931375	0.26	0.0136071
0.958768	0.26	0.011112
0.986161	0.26	0.00869313
1.01355	0.26	0.00636192
1.04095	0.26	0.00412926
1.06834	0.26	0.0020054
1.09573	0.26	0
0	0.27	0.0662885
0.0279662	0.27	0.0662571
0.0559324	0.27	0.0661627
0.0838986	0.27	0.0660041
0.111865	0.27	0.0657795
0.139831	0.27	0.0654861
0.167797	0.27	0.0651204
0.195763	0.27	0.0646783
0.22373	0.27	0.0641545
0.251696	0.27	0.0635432
0.279662	0.27	0.0628377
0.307628	0.27	0.0620306
0.335594	0.27	0.0611141
0.363561	0.27	0.06008
0.391527	0.27	0.0589203
0.419493	0.27	0.0576275
0.447459	0.27	0.0561954
0.475425	0.27	0.0546194
0.503391	0.27	0.0528974
0.531358	0.27	0.0510301
0.559324	0.27	0.0490214
0.58729	0.27	0.0468783
0.615256	0.27	0.0446109
0.643222	0.27	0.0422319
0.671189	0.27	0.0397558
0.699155	0.27	0.0371988
0.727121	0.27	0.0345777
0.755087	0.27	0.0319096
0.783053	0.27	0.0292116
0.81102	0.27	0.0265004
0.838986	0.27	0.0237922
0.866952	0.27	0.0211028
0.894918	0.27	0.0184471
0.922884	0.27	0.0158394
0.950851	0.27	0.0132936
0.978817	0.27	0.0108226
1.00678	0.27	0.00843883
1.03475	0.27	0.00615394
1.06272	0.27	0.00397901
1.09068	0.27	0.00192445
1.11865	0.27	0
0	0.28	0.0674286
0.028539	0.28	0.0673953
0.057078	0.28	0.0672952
0.085617	0.28	0.0671269
0.114156	0.28	0.0668885
0.142695	0.28	0.0665771
0.171234	0.28	0.066189
0.199773	0.28	0.0657195
0.228312	0.28	0.0651632
0.256851	0.28	0.0645139
0.28539	0.28	0.0637645
0.313929	0.28	0.0629075
0.342468	0.28	0.0619349
0.371007	0.28	0.0608385
0.399546	0.28	0.0596105
0.428085	0.28	0.0582439
0.456624	0.28	0.0567332
0.485163	0.28	0.0550749
0.513702	0.28	0.0532681
0.542241	0.28	0.0513149
0.57078	0.28	0.0492208
0.599319	0.28	0.0469942
0.627858	0.28	0.0446468
0.656397	0.28	0.0421922
0.684936	0.28	0.0396463
0.713475	0.28	0.0370259
0.742014	0.28	0.0343485
0.770553	0.28	0.031632
0.799092	0.28	0.0288938
0.827631	0.28	0.0261514
0.85617	0.28	0.0234213
0.884709	0.28	0.0207197
0.913248	0.28	0.0180619
0.941787	0.28	0.0154627
0.970327	0.28	0.0129362
0.998866	0.28	0.0104957
1.0274	0.28	0.0081538
1.05594	0.28	0.0059224
1.08448	0.28	0.00381276
1.11302	0.28	0.00183537
1.14156	0.28	0
0	0.29	0.068477
0.0291118	0.29	0.0684417
0.0582237	0.29	0.0683358
0.0873355	0.29	0.0681578
0.116447	0.29	0.0679055
0.145559	0.29	0.0675758
0.174671	0.29	0.0671648
0.203783	0.29	0.0666675
0.232895	0.29	0.0660782
0.262007	0.29	0.0653903
0.291118	0.29	0.0645965
0.32023	0.29	0.0636889
0.349342	0.29	0.0626595
0.378454	0.29	0.0615001
0.407566	0.29	0.0602033
0.436678	0.29	0.0587625
0.465789	0.29	0.0571732
0.494901	0.29	0.0554328
0.524013	0.29	0.0535417
0.553125	0.29	0.0515037
0.582237	0.29	0.0493255
0.611349	0.29	0.0470171
0.64046	0.29	0.0445915
0.669572	0.29	0.0420636
0.698684	0.29	0.0394501
0.727796	0.29	0.0367689
0.756908	0.29	0.0340383
0.78602	0.29	0.0312765
0.815131	0.29	0.0285019
0.844243	0.29	0.0257321
0.873355	0.29	0.0229844
0.902467	0.29	0.0202753
0.931579	0.29	0.0176207
0.960691	0.29	0.0150357
0.989802	0.29	0.0125346
1.01891	0.29	0.010131
1.04803	0.29	0.00783785
1.07714	0.29	0.00566722
1.10625	0.29	0.00363046
1.13536	0.29	0.00173814
1.16447	0.29	0
0	0.3	0.0694337
0.0296847	0.3	0.0693965
0.0593693	0.3	0.0692847
0.089054	0.3	0.0690968
0.118739	0.3	0.0688305
0.148423	0.3	0.0684824
0.178108	0.3	0.0680482
0.207793	0.3	0.0675228
0.237477	0.3	0.0669001
0.267162	0.3	0.066173
0.296847	0.3	0.0653342
0.326531	0.3	0.0643754
0.356216	0.3	0.0632885
0.385901	0.3	0.0620656
0.415585	0.3	0.0606994
0.44527	0.3	0.0591842
0.474955	0.3	0.057516
0.504639	0.3	0.0556937
0.534324	0.3	0.053719
0.564009	0.3	0.0515968
0.593693	0.3	0.0493357
0.623378	0.3	0.046947
0.653062	0.3	0.0444449
0.682747	0.3	0.0418456
0.712432	0.3	0.0391669
0.742116	0.3	0.0364274
0.771801	0.3	0.0336463
0.801486	0.3	0.0308425
0.83117	0.3	0.0280349
0.860855	0.3	0.0252418
0.89054	0.3	0.0224809
0.920224	0.3	0.0197692
0.949909	0.3	0.017123
0.979594	0.3	0.0145578
1.00928	0.3	0.0120883
1.03896	0.3	0.00972825
1.06865	0.3	0.00749085
1.09833	0.3	0.00538832
1.12802	0.3	0.00343212
1.1577	0.3	0.0016328
1.18739	0.3	0
0	0.31	0.070299
0.0302575	0.31	0.0702598
0.060515	0.31	0.0701421
0.0907724	0.31	0.0699442
0.12103	0.31	0.0696637
0.151287	0.31	0.069297
0.181545	0.31	0.0688395
0.211802	0.31	0.0682856
0.24206	0.31	0.067629
0.272317	0.31	0.0668624
0.302575	0.31	0.065978
0.332832	0.31	0.0649674
0.36309	0.31	0.0638225
0.393347	0.31	0.0625355
0.423605	0.31	0.0610995
0.453862	0.31	0.0595094
0.48412	0.31	0.0577624
0.514377	0.31	0.0558582
0.544635	0.31	0.0538001
0.574892	0.31	0.0515946
0.60515	0.31	0.0492514
0.635407	0.31	0.0467836
0.665665	0.31	0.0442066
0.695922	0.31	0.0415378
0.72618	0.31	0.0387959
0.756437	0.31	0.0360006
0.786695	0.31	0.0331717
0.816952	0.31	0.030329
0.847209	0.31	0.027492
0.877467	0.31	0.0246796
0.907724	0.31	0.02191
0.937982	0.31	0.0192007
0.968239	0.31	0.0165683
0.998497	0.31	0.0140288
1.02875	0.31	0.0115971
1.05901	0.31	0.00928728
1.08927	0.31	0.0071127
1.11953	0.31	0.0050857
1.14978	0.31	0.00321775
1.18004	0.31	0.00151938
1.2103	0.31	0
0	0.32	0.0710729
0.0308303	0.32	0.0710317
0.0616606	0.32	0.0709081
0.0924909	0.32	0.0707002
0.123321	0.32	0.0704054
0.154152	0.32	0.0700199
0.184982	0.32	0.0695389
0.215812	0.32	0.0689563
0.246642	0.32	0.0682656
0.277473	0.32	0.067459
0.308303	0.32	0.0665285
0.339133	0.32	0.0654656
0.369964	0.32	0.064262
0.400794	0.32	0.0629103
0.431624	0.32	0.061404
0.462455	0.32	0.0597387
0.493285	0.32	0.0579125
0.524115	0.32	0.0559266
0.554945	0.32	0.0537854
0.585776	0.32	0.0514969
0.616606	0.32	0.0490726
0.647436	0.32	0.0465267
0.678267	0.32	0.0438761
0.709097	0.32	0.0411394
0.739927	0.32	0.0383363
0.770758	0.32	0.0354875
0.801588	0.32	0.0326137
0.832418	0.32	0.0297353
0.863248	0.32	0.0268726
0.894079	0.32	0.0240449
0.924909	0.32	0.0212711
0.955739	0.32	0.0185692
0.98657	0.32	0.0159561
1.0174	0.32	0.0134482
1.04823	0.32	0.0110607
1.07906	0.32	0.00880798
1.10989	0.32	0.00670337
1.14072	0.32	0.00475937
1.17155	0.32	0.00298745
1.20238	0.32	0.00139798
1.23321	0.32	0
0	0.33	0.0717555
0.0314031	0.33	0.0717124
0.0628062	0.33	0.0715827
0.0942094	0.33	0.0713648
0.125612	0.33	0.0710558
0.157016	0.33	0.0706514
0.188419	0.33	0.0701467
0.219822	0.33	0.0695352
0.251225	0.33	0.06881
0.282628	0.33	0.0679631
0.314031	0.33	0.066986
0.345434	0.33	0.0658703
0.376837	0.33	0.0646076
0.408241	0.33	0.0631906
0.439644	0.33	0.0616135
0.471047	0.33	0.0598725
0.50245	0.33	0.0579669
0.533853	0.33	0.055899
0.565256	0.33	0.0536748
0.596659	0.33	0.0513037
0.628062	0.33	0.0487988
0.659466	0.33	0.0461758
0.690869	0.33	0.0434528
0.722272	0.33	0.0406497
0.753675	0.33	0.0377874
0.785078	0.33	0.0348874
0.816481	0.33	0.0319713
0.847884	0.33	0.0290605
0.879287	0.33	0.0261756
0.910691	0.33	0.0233369
0.942094	0.33	0.0205636
0.973497	0.33	0.0178742
1.0049	0.33	0.0152861
1.0363	0.33	0.0128159
1.06771	0.33	0.0104791
1.09911	0.33	0.00829026
1.13051	0.33	0.00626288
1.16192	0.33	0.00440944
1.19332	0.33	0.00274134
1.22472	0.33	0.00126871
1.25612	0.33	0
0	0.34	0.0723469
0.0319759	0.34	0.0723018
0.0639519	0.34	0.0721662
0.0959278	0.34	0.0719383
0.127904	0.34	0.0716149
0.15988	0.34	0.0711916
0.191856	0.34	0.0706631
0.223832	0.34	0.0700226
0.255808	0.34	0.0692627
0.287784	0.34	0.0683751
0.319759	0.34	0.0673511
0.351735	0.34	0.066182
0.383711	0.34	0.0648596
0.415687	0.34	0.0633767
0.447663	0.34	0.0617282
0.479639	0.34	0.059911
0.511615	0.34	0.0579255
0.543591	0.34	0.0557754
0.575567	0.34	0.0534681
0.607543	0.34	0.0510146
0.639519	0.34	0.0484296
0.671495	0.34	0.0457301
0.703471	0.34	0.0429358
0.735447	0.34	0.0400678
0.767423	0.34	0.0371481
0.799399	0.34	0.0341993
0.831375	0.34	0.0312437
0.863351	0.34	0.0283036
0.895327	0.34	0.0254004
0.927302	0.34	0.0225549
0.959278	0.34	0.0197869
0.991254	0.34	0.0171152
1.02323	0.34	0.0145579
1.05521	0.34	0.0121316
1.08718	0.34	0.00985209
1.11916	0.34	0.00773414
1.15113	0.34	0.00579131
1.18311	0.34	0.00403605
1.21509	0.34	0.00247963
1.24706	0.34	0.00113176
1.27904	0.34	0
0	0.35	0.0728473
0.0325488	0.35	0.0728002
0.0650975	0.35	0.0726587
0.0976463	0.35	0.0724207
0.130195	0.35	0.072083
0.162744	0.35	0.0716408
0.195293	0.35	0.0710884
0.227841	0.35	0.0704188
0.26039	0.35	0.069624
0.292939	0.35	0.0686955
0.325488	0.35	0.0676241
0.358036	0.35	0.0664012
0.390585	0.35	0.0650185
0.423134	0.35	0.0634691
0.455683	0.35	0.0617484
0.488232	0.35	0.0598544
0.52078	0.35	0.0577884
0.553329	0.35	0.0555557
0.585878	0.35	0.053165
0.618427	0.35	0.0506292
0.650975	0.35	0.0479642
0.683524	0.35	0.0451889
0.716073	0.35	0.0423243
0.748622	0.35	0.0393927
0.78117	0.35	0.0364175
0.813719	0.35	0.0334221
0.846268	0.35	0.0304299
0.878817	0.35	0.0274639
0.911366	0.35	0.0245462
0.943914	0.35	0.0216983
0.976463	0.35	0.0189404
1.00901	0.35	0.016292
1.04156	0.35	0.0137712
1.07411	0.35	0.0113951
1.10666	0.35	0.00917965
1.13921	0.35	0.00713969
1.17176	0.35	0.00528882
1.2043	0.35	0.00363946
1.23685	0.35	0.00220262
1.2694	0.35	0.000987427
1.30195	0.35	0
0	0.36	0.0732565
0.0331216	0.36	0.0732075
0.0662432	0.36	0.0730601
0.0993648	0.36	0.0728122
0.132486	0.36	0.0724601
0.165608	0.36	0.0719991
0.19873	0.36	0.0714229
0.231851	0.36	0.070724
0.264973	0.36	0.0698942
0.298094	0.36	0.0689245
0.331216	0.36	0.0678055
0.364337	0.36	0.0665282
0.397459	0.36	0.0650846
0.430581	0.36	0.063468
0.463702	0.36	0.0616744
0.496824	0.36	0.0597028
0.529945	0.36	0.0575556
0.563067	0.36	0.0552396
0.596189	0.36	0.0527651
0.62931	0.36	0.0501467
0.662432	0.36	0.0474019
0.695553	0.36	0.0445513
0.728675	0.36	0.0416172
0.761797	0.36	0.0386235
0.794918	0.36	0.0355945
0.82804	0.36	0.0325549
0.861161	0.36	0.0295289
0.894283	0.36	0.0265404
0.927405	0.36	0.0236123
0.960526	0.36	0.0207664
0.993648	0.36	0.0180238
1.02677	0.36	0.0154041
1.05989	0.36	0.0129258
1.09301	0.36	0.0106064
1.12613	0.36	0.00846182
1.15926	0.36	0.00650705
1.19238	0.36	0.00475569
1.2255	0.36	0.00322004
1.25862	0.36	0.00191077
1.29174	0.36	0.000836118
1.32486	0.36	0
0	0.37	0.0735748
0.0336944	0.37	0.0735238
0.0673888	0.37	0.0733706
0.101083	0.37	0.0731128
0.134778	0.37	0.0727466
0.168472	0.37	0.0722668
0.202166	0.37	0.0716667
0.235861	0.37	0.0709386
0.269555	0.37	0.0700737
0.30325	0.37	0.0690626
0.336944	0.37	0.0678955
0.370639	0.37	0.0665634
0.404333	0.37	0.0650582
0.438027	0.37	0.0633736
0.471722	0.37	0.0615062
0.505416	0.37	0.059456
0.539111	0.37	0.0572268
0.572805	0.37	0.0548267
0.606499	0.37	0.0522679
0.640194	0.37	0.0495665
0.673888	0.37	0.0467419
0.707583	0.37	0.0438163
0.741277	0.37	0.0408137
0.774971	0.37	0.037759
0.808666	0.37	0.0346782
0.84236	0.37	0.0315967
0.876055	0.37	0.02854
0.909749	0.37	0.0255325
0.943444	0.37	0.022598
0.977138	0.37	0.0197588
1.01083	0.37	0.0170366
1.04453	0.37	0.0144512
1.07822	0.37	0.0120217
1.11192	0.37	0.00976544
1.14561	0.37	0.00769873
1.1793	0.37	0.00583647
1.213	0.37	0.00419229
1.24669	0.37	0.00277832
1.28039	0.37	0.00160475
1.31408	0.37	0.000678464
1.34778	0.37	0
0	0.38	0.0738021
0.0342672	0.38	0.0737492
0.0685345	0.38	0.0735902
0.102802	0.38	0.0733226
0.137069	0.38	0.0729424
0.171336	0.38	0.0724439
0.205603	0.38	0.0718202
0.239871	0.38	0.0710629
0.274138	0.38	0.0701628
0.308405	0.38	0.0691101
0.342672	0.38	0.0678946
0.37694	0.38	0.0665072
0.411207	0.38	0.0649396
0.445474	0.38	0.0631861
0.479741	0.38	0.061244
0.514009	0.38	0.0591141
0.548276	0.38	0.0568017
0.582543	0.38	0.0543166
0.61681	0.38	0.0516726
0.651077	0.38	0.0488877
0.685345	0.38	0.0459832
0.719612	0.38	0.0429829
0.753879	0.38	0.0399124
0.788146	0.38	0.0367983
0.822414	0.38	0.0336674
0.856681	0.38	0.0305466
0.890948	0.38	0.0274621
0.925215	0.38	0.0244394
0.959483	0.38	0.0215026
0.99375	0.38	0.0186751
1.02802	0.38	0.0159785
1.06228	0.38	0.0134333
1.09655	0.38	0.0110587
1.13082	0.38	0.00887239
1.16509	0.38	0.0068906
1.19935	0.38	0.00512833
1.23362	0.38	0.00359918
1.26789	0.38	0.00231507
1.30215	0.38	0.00128552
1.33642	0.38	0.000515407
1.37069	0.38	0
0	0.39	0.0739385
0.0348401	0.39	0.0738837
0.0696801	0.39	0.073719
0.10452	0.39	0.0734418
0.13936	0.39	0.0730477
0.1742	0.39	0.0725307
0.20904	0.39	0.0718835
0.24388	0.39	0.0710971
0.27872	0.39	0.0701619
0.313561	0.39	0.0690673
0.348401	0.39	0.0678032
0.383241	0.39	0.0663597
0.418081	0.39	0.064729
0.452921	0.39	0.0629056
0.487761	0.39	0.0608875
0.522601	0.39	0.0586767
0.557441	0.39	0.0562799
0.592281	0.39	0.0537085
0.627121	0.39	0.0509784
0.661961	0.39	0.0481094
0.696801	0.39	0.0451247
0.731641	0.39	0.04205
0.766481	0.39	0.0389124
0.801321	0.39	0.0357401
0.836161	0.39	0.0325611
0.871001	0.39	0.0294036
0.905841	0.39	0.0262946
0.940682	0.39	0.0232603
0.975522	0.39	0.0203258
1.01036	0.39	0.0175147
1.0452	0.39	0.0148492
1.08004	0.39	0.0123503
1.11488	0.39	0.010037
1.14972	0.39	0.0079274
1.18456	0.39	0.00603776
1.2194	0.39	0.00438315
1.25424	0.39	0.00297712
1.28908	0.39	0.0018314
1.32392	0.39	0.000954531
1.35876	0.39	0.000348365
1.3936	0.39	0
0	0.4	0.073984
0.0354129	0.4	0.0739274
0.0708258	0.4	0.0737571
0.106239	0.4	0.0734704
0.141652	0.4	0.0730626
0.177064	0.4	0.0725274
0.212477	0.4	0.0718568
0.24789	0.4	0.0710415
0.283303	0.4	0.0700711
0.318716	0.4	0.0689347
0.354129	0.4	0.0676214
0.389542	0.4	0.0661214
0.424955	0.4	0.0644267
0.460367	0.4	0.0625322
0.49578	0.4	0.0604368
0.531193	0.4	0.0581436
0.566606	0.4	0.0556608
0.602019	0.4	0.0530018
0.637432	0.4	0.0501844
0.672845	0.4	0.0472305
0.708258	0.4	0.0441653
0.74367	0.4	0.0410163
0.779083	0.4	0.0378125
0.814496	0.4	0.0345833
0.849909	0.4	0.0313584
0.885322	0.4	0.0281668
0.920735	0.4	0.0250365
0.956148	0.4	0.0219947
0.991561	0.4	0.0190669
1.02697	0.4	0.0162774
1.06239	0.4	0.0136487
1.0978	0.4	0.011202
1.13321	0.4	0.00895665
1.16862	0.4	0.00693073
1.20404	0.4	0.00514069
1.23945	0.4	0.00360164
1.27486	0.4	0.00232722
1.31028	0.4	0.00132893
1.34569	0.4	0.000613925
1.3811	0.4	0.000179467
1.41652	0.4	0
