0	0	0
0.01	0	0
0.02	0	0
0.03	0	0
0.04	0	0
0.05	0	0
0.06	0	0
0.07	0	0
0.08	0	0
0.09	0	0
0.1	0	0
0.11	0	0
0.12	0	0
0.13	0	0
0.14	0	0
0.15	0	0
0.16	0	0
0.17	0	0
0.18	0	0
0.19	0	0
0.2	0	0
0.21	0	0
0.22	0	0
0.23	0	0
0.24	0	0
0.25	0	0
0.26	0	0
0.27	0	0
0.28	0	0
0.29	0	0
0.3	0	0
0.31	0	0
0.32	0	0
0.33	0	0
0.34	0	0
0.35	0	0
0.36	0	0
0.37	0	0
0.38	0	0
0.39	0	0
0.4	0	0
0	0.025	0.0109858
0.0102864	0.025	0.0109825
0.0205728	0.025	0.0109724
0.0308592	0.025	0.0109556
0.0411456	0.025	0.010932
0.0514321	0.025	0.0109016
0.0617185	0.025	0.0108643
0.0720049	0.025	0.01082
0.0822913	0.025	0.0107685
0.0925777	0.025	0.0107097
0.102864	0.025	0.0106435
0.113151	0.025	0.0105697
0.123437	0.025	0.0104879
0.133723	0.025	0.0103981
0.14401	0.025	0.0102999
0.154296	0.025	0.010193
0.164583	0.025	0.0100771
0.174869	0.025	0.00995162
0.185155	0.025	0.00981622
0.195442	0.025	0.00967034
0.205728	0.025	0.00951337
0.216015	0.025	0.00934463
0.226301	0.025	0.00916331
0.236587	0.025	0.00896849
0.246874	0.025	0.00875911
0.25716	0.025	0.00853389
0.267447	0.025	0.00829137
0.277733	0.025	0.00802975
0.28802	0.025	0.00774689
0.298306	0.025	0.00744016
0.308592	0.025	0.00710629
0.318879	0.025	0.00674113
0.329165	0.025	0.00633936
0.339452	0.025	0.00589397
0.349738	0.025	0.00539557
0.360024	0.025	0.00483125
0.370311	0.025	0.00418288
0.380597	0.025	0.00342442
0.390884	0.025	0.00251765
0.40117	0.025	0.0014053
0.411456	0.025	0
0	0.05	0.0213862
0.0105728	0.05	0.0213792
0.0211456	0.05	0.0213581
0.0317185	0.05	0.0213229
0.0422913	0.05	0.0212735
0.0528641	0.05	0.0212097
0.0634369	0.05	0.0211314
0.0740098	0.05	0.0210383
0.0845826	0.05	0.0209303
0.0951554	0.05	0.0208069
0.105728	0.05	0.0206679
0.116301	0.05	0.0205128
0.126874	0.05	0.0203411
0.137447	0.05	0.0201523
0.14802	0.05	0.0199458
0.158592	0.05	0.0197209
0.169165	0.05	0.0194768
0.179738	0.05	0.0192127
0.190311	0.05	0.0189274
0.200884	0.05	0.0186198
0.211456	0.05	0.0182887
0.222029	0.05	0.0179324
0.232602	0.05	0.0175494
0.243175	0.05	0.0171375
0.253748	0.05	0.0166946
0.264321	0.05	0.0162178
0.274893	0.05	0.015704
0.285466	0.05	0.0151496
0.296039	0.05	0.01455
0.306612	0.05	0.0138998
0.317185	0.05	0.0131927
0.327757	0.05	0.0124208
0.33833	0.05	0.0115742
0.348903	0.05	0.0106413
0.359476	0.05	0.00960717
0.370049	0.05	0.00845377
0.380622	0.05	0.00715899
0.391194	0.05	0.00569647
0.401767	0.05	0.00403606
0.41234	0.05	0.00214618
0.422913	0.05	0
0	0.075	0.0312403
0.0108592	0.075	0.0312293
0.0217185	0.075	0.0311964
0.0325777	0.075	0.0311413
0.0434369	0.075	0.0310641
0.0542962	0.075	0.0309644
0.0651554	0.075	0.0308419
0.0760146	0.075	0.0306965
0.0868739	0.075	0.0305275
0.0977331	0.075	0.0303346
0.108592	0.075	0.0301172
0.119452	0.075	0.0298746
0.130311	0.075	0.0296061
0.14117	0.075	0.0293107
0.152029	0.075	0.0289877
0.162888	0.075	0.0286357
0.173748	0.075	0.0282537
0.184607	0.075	0.0278401
0.195466	0.075	0.0273934
0.206325	0.075	0.0269119
0.217185	0.075	0.0263934
0.228044	0.075	0.0258356
0.238903	0.075	0.0252359
0.249762	0.075	0.0245913
0.260622	0.075	0.0238983
0.271481	0.075	0.0231528
0.28234	0.075	0.0223503
0.293199	0.075	0.0214855
0.304059	0.075	0.0205521
0.314918	0.075	0.0195429
0.325777	0.075	0.0184496
0.336636	0.075	0.0172623
0.347495	0.075	0.0159698
0.358355	0.075	0.014559
0.369214	0.075	0.0130152
0.380073	0.075	0.0113219
0.390932	0.075	0.00946141
0.401792	0.075	0.00741528
0.412651	0.075	0.00516582
0.42351	0.075	0.00269774
0.434369	0.075	0
0	0.1	0.0405858
0.0111456	0.1	0.0405707
0.0222913	0.1	0.0405251
0.0334369	0.1	0.0404491
0.0445826	0.1	0.0403425
0.0557282	0.1	0.0402048
0.0668739	0.1	0.0400358
0.0780195	0.1	0.0398349
0.0891652	0.1	0.0396016
0.100311	0.1	0.0393353
0.111456	0.1	0.0390351
0.122602	0.1	0.0387001
0.133748	0.1	0.0383294
0.144893	0.1	0.0379216
0.156039	0.1	0.0374756
0.167185	0.1	0.0369899
0.17833	0.1	0.0364626
0.189476	0.1	0.035892
0.200622	0.1	0.0352759
0.211767	0.1	0.034612
0.222913	0.1	0.0338974
0.234059	0.1	0.0331292
0.245204	0.1	0.032304
0.25635	0.1	0.0314178
0.267495	0.1	0.0304664
0.278641	0.1	0.0294447
0.289787	0.1	0.0283471
0.300932	0.1	0.0271675
0.312078	0.1	0.0258985
0.323224	0.1	0.0245323
0.334369	0.1	0.0230599
0.345515	0.1	0.0214714
0.356661	0.1	0.0197558
0.367806	0.1	0.0179014
0.378952	0.1	0.0158956
0.390098	0.1	0.0137255
0.401243	0.1	0.0113784
0.412389	0.1	0.00884197
0.423534	0.1	0.00610554
0.43468	0.1	0.00316035
0.445826	0.1	0
0	0.125	0.049459
0.0114321	0.125	0.0494395
0.0228641	0.125	0.0493809
0.0342962	0.125	0.0492831
0.0457282	0.125	0.0491457
0.0571603	0.125	0.0489686
0.0685923	0.125	0.048751
0.0800244	0.125	0.0484926
0.0914564	0.125	0.0481924
0.102888	0.125	0.0478497
0.114321	0.125	0.0474636
0.125753	0.125	0.0470328
0.137185	0.125	0.046556
0.148617	0.125	0.0460319
0.160049	0.125	0.0454587
0.171481	0.125	0.0448346
0.182913	0.125	0.0441576
0.194345	0.125	0.0434252
0.205777	0.125	0.042635
0.217209	0.125	0.041784
0.228641	0.125	0.0408691
0.240073	0.125	0.0398865
0.251505	0.125	0.0388323
0.262937	0.125	0.0377021
0.274369	0.125	0.0364909
0.285801	0.125	0.0351933
0.297233	0.125	0.0338031
0.308665	0.125	0.0323137
0.320098	0.125	0.0307178
0.33153	0.125	0.0290074
0.342962	0.125	0.027174
0.354394	0.125	0.0252084
0.365826	0.125	0.0231009
0.377258	0.125	0.0208416
0.38869	0.125	0.0184205
0.400122	0.125	0.0158277
0.411554	0.125	0.013054
0.422986	0.125	0.010091
0.434418	0.125	0.0069313
0.44585	0.125	0.00356913
0.457282	0.125	0
0	0.15	0.0578939
0.0117185	0.15	0.0578699
0.0234369	0.15	0.0577979
0.0351554	0.15	0.0576777
0.0468739	0.15	0.0575089
0.0585923	0.15	0.0572911
0.0703108	0.15	0.0570238
0.0820293	0.15	0.0567063
0.0937477	0.15	0.0563375
0.105466	0.15	0.0559167
0.117185	0.15	0.0554425
0.128903	0.15	0.0549137
0.140622	0.15	0.0543287
0.15234	0.15	0.0536858
0.164059	0.15	0.0529831
0.175777	0.15	0.0522184
0.187495	0.15	0.0513893
0.199214	0.15	0.0504932
0.210932	0.15	0.0495272
0.222651	0.15	0.0484879
0.234369	0.15	0.0473718
0.246088	0.15	0.0461749
0.257806	0.15	0.0448929
0.269525	0.15	0.0435209
0.281243	0.15	0.0420539
0.292962	0.15	0.0404861
0.30468	0.15	0.0388114
0.316399	0.15	0.0370232
0.328117	0.15	0.0351144
0.339836	0.15	0.0330776
0.351554	0.15	0.030905
0.363272	0.15	0.0285885
0.374991	0.15	0.0261199
0.386709	0.15	0.023491
0.398428	0.15	0.0206937
0.410146	0.15	0.0177205
0.421865	0.15	0.0145645
0.433583	0.15	0.0112192
0.445302	0.15	0.00767949
0.45702	0.15	0.00394089
0.468739	0.15	0
0	0.175	0.0659223
0.0120049	0.175	0.0658937
0.0240098	0.175	0.0658081
0.0360146	0.175	0.0656651
0.0480195	0.175	0.0654644
0.0600244	0.175	0.0652055
0.0720293	0.175	0.0648877
0.0840341	0.175	0.0645102
0.096039	0.175	0.064072
0.108044	0.175	0.063572
0.120049	0.175	0.0630089
0.132054	0.175	0.0623811
0.144059	0.175	0.0616869
0.156063	0.175	0.0609244
0.168068	0.175	0.0600915
0.180073	0.175	0.0591858
0.192078	0.175	0.0582045
0.204083	0.175	0.0571449
0.216088	0.175	0.0560038
0.228093	0.175	0.0547776
0.240098	0.175	0.0534625
0.252102	0.175	0.0520544
0.264107	0.175	0.0505488
0.276112	0.175	0.0489407
0.288117	0.175	0.047225
0.300122	0.175	0.0453962
0.312127	0.175	0.0434481
0.324132	0.175	0.0413746
0.336137	0.175	0.0391691
0.348141	0.175	0.0368249
0.360146	0.175	0.0343349
0.372151	0.175	0.0316923
0.384156	0.175	0.0288899
0.396161	0.175	0.0259211
0.408166	0.175	0.0227794
0.420171	0.175	0.0194586
0.432176	0.175	0.0159533
0.44418	0.175	0.0122587
0.456185	0.175	0.00837046
0.46819	0.175	0.00428515
0.480195	0.175	0
0	0.2	0.0735732
0.0122913	0.2	0.0735402
0.0245826	0.2	0.0734408
0.0368739	0.2	0.0732749
0.0491652	0.2	0.0730421
0.0614564	0.2	0.0727418
0.0737477	0.2	0.0723733
0.086039	0.2	0.0719357
0.0983303	0.2	0.0714279
0.110622	0.2	0.0708487
0.122913	0.2	0.0701965
0.135204	0.2	0.0694698
0.147495	0.2	0.0686666
0.159787	0.2	0.067785
0.172078	0.2	0.0668226
0.184369	0.2	0.0657768
0.196661	0.2	0.0646449
0.208952	0.2	0.0634238
0.221243	0.2	0.0621101
0.233534	0.2	0.0607003
0.245826	0.2	0.0591905
0.258117	0.2	0.0575763
0.270408	0.2	0.0558534
0.2827	0.2	0.0540169
0.294991	0.2	0.0520617
0.307282	0.2	0.0499824
0.319573	0.2	0.0477735
0.331865	0.2	0.0454291
0.344156	0.2	0.0429432
0.356447	0.2	0.0403097
0.368739	0.2	0.0375226
0.38103	0.2	0.0345757
0.393321	0.2	0.0314632
0.405612	0.2	0.0281793
0.417904	0.2	0.0247187
0.430195	0.2	0.0210764
0.442486	0.2	0.0172479
0.454778	0.2	0.0132291
0.467069	0.2	0.00901674
0.47936	0.2	0.00460782
0.491652	0.2	0
0	0.225	0.0808733
0.0125777	0.225	0.0808356
0.0251554	0.225	0.0807226
0.0377331	0.225	0.0805339
0.0503108	0.225	0.0802691
0.0628885	0.225	0.0799276
0.0754662	0.225	0.0795086
0.0880439	0.225	0.0790112
0.100622	0.225	0.0784341
0.113199	0.225	0.0777761
0.125777	0.225	0.0770356
0.138355	0.225	0.0762109
0.150932	0.225	0.0753
0.16351	0.225	0.0743006
0.176088	0.225	0.0732105
0.188665	0.225	0.0720269
0.201243	0.225	0.070747
0.213821	0.225	0.0693676
0.226399	0.225	0.0678854
0.238976	0.225	0.0662966
0.251554	0.225	0.0645975
0.264132	0.225	0.0627838
0.276709	0.225	0.0608511
0.289287	0.225	0.0587948
0.301865	0.225	0.0566099
0.314442	0.225	0.0542916
0.32702	0.225	0.0518344
0.339598	0.225	0.0492331
0.352176	0.225	0.0464823
0.364753	0.225	0.0435765
0.377331	0.225	0.0405103
0.389909	0.225	0.0372785
0.402486	0.225	0.0338759
0.415064	0.225	0.0302977
0.427642	0.225	0.0265394
0.440219	0.225	0.0225967
0.452797	0.225	0.0184658
0.465375	0.225	0.0141434
0.477953	0.225	0.00962656
0.49053	0.225	0.00491278
0.503108	0.225	0
0	0.25	0.087846
0.0128641	0.25	0.0878039
0.0257282	0.25	0.0876773
0.0385923	0.25	0.087466
0.0514564	0.25	0.0871695
0.0643205	0.25	0.0867872
0.0771847	0.25	0.0863183
0.0900488	0.25	0.0857617
0.102913	0.25	0.0851163
0.115777	0.25	0.0843807
0.128641	0.25	0.0835532
0.141505	0.25	0.082632
0.154369	0.25	0.0816151
0.167233	0.25	0.0805002
0.180098	0.25	0.079285
0.192962	0.25	0.0779666
0.205826	0.25	0.0765423
0.21869	0.25	0.0750088
0.231554	0.25	0.0733628
0.244418	0.25	0.0716006
0.257282	0.25	0.0697185
0.270146	0.25	0.0677123
0.28301	0.25	0.0655779
0.295875	0.25	0.0633109
0.308739	0.25	0.0609065
0.321603	0.25	0.0583602
0.334467	0.25	0.0556671
0.347331	0.25	0.0528222
0.360195	0.25	0.0498208
0.373059	0.25	0.0466579
0.385923	0.25	0.0433288
0.398787	0.25	0.0398288
0.411652	0.25	0.0361535
0.424516	0.25	0.0322987
0.43738	0.25	0.0282604
0.450244	0.25	0.024035
0.463108	0.25	0.0196193
0.475972	0.25	0.0150103
0.488836	0.25	0.0102055
0.5017	0.25	0.00520268
0.514564	0.25	0
0	0.275	0.0945126
0.0131505	0.275	0.094466
0.026301	0.275	0.094326
0.0394516	0.275	0.0940924
0.0526021	0.275	0.0937648
0.0657526	0.275	0.0933424
0.0789031	0.275	0.0928244
0.0920536	0.275	0.0922097
0.105204	0.275	0.0914972
0.118355	0.275	0.0906854
0.131505	0.275	0.0897725
0.144656	0.275	0.0887569
0.157806	0.275	0.0876364
0.170957	0.275	0.0864088
0.184107	0.275	0.0850717
0.197258	0.275	0.0836222
0.210408	0.275	0.0820576
0.223559	0.275	0.0803746
0.236709	0.275	0.0785701
0.24986	0.275	0.0766405
0.26301	0.275	0.0745821
0.276161	0.275	0.0723909
0.289311	0.275	0.0700631
0.302462	0.275	0.0675943
0.315612	0.275	0.0649804
0.328763	0.275	0.0622168
0.341914	0.275	0.0592993
0.355064	0.275	0.0562233
0.368215	0.275	0.0529844
0.381365	0.275	0.0495782
0.394516	0.275	0.0460005
0.407666	0.275	0.0422471
0.420817	0.275	0.0383142
0.433967	0.275	0.0341981
0.447118	0.275	0.0298952
0.460268	0.275	0.0254024
0.473419	0.275	0.0207169
0.486569	0.275	0.015836
0.49972	0.275	0.0107575
0.51287	0.275	0.00547938
0.526021	0.275	0
0	0.3	0.100891
0.0134369	0.3	0.10084
0.0268739	0.3	0.100687
0.0403108	0.3	0.100432
0.0537477	0.3	0.100074
0.0671847	0.3	0.099612
0.0806216	0.3	0.099046
0.0940585	0.3	0.0983745
0.107495	0.3	0.0975963
0.120932	0.3	0.0967101
0.134369	0.3	0.095714
0.147806	0.3	0.0946064
0.161243	0.3	0.0933851
0.17468	0.3	0.0920478
0.188117	0.3	0.0905922
0.201554	0.3	0.0890156
0.214991	0.3	0.0873152
0.228428	0.3	0.0854878
0.241865	0.3	0.0835304
0.255302	0.3	0.0814395
0.268739	0.3	0.0792115
0.282176	0.3	0.0768429
0.295612	0.3	0.0743297
0.309049	0.3	0.0716681
0.322486	0.3	0.0688541
0.335923	0.3	0.0658835
0.34936	0.3	0.0627524
0.362797	0.3	0.0594567
0.376234	0.3	0.0559923
0.389671	0.3	0.0523553
0.403108	0.3	0.0485418
0.416545	0.3	0.0445483
0.429982	0.3	0.0403712
0.443419	0.3	0.0360073
0.456856	0.3	0.0314533
0.470293	0.3	0.0267066
0.48373	0.3	0.0217645
0.497166	0.3	0.0166247
0.510603	0.3	0.0112852
0.52404	0.3	0.00574416
0.537477	0.3	0
0	0.325	0.106998
0.0137233	0.325	0.106943
0.0274467	0.325	0.106777
0.04117	0.325	0.106501
0.0548934	0.325	0.106112
0.0686167	0.325	0.105612
0.0823401	0.325	0.105
0.0960634	0.325	0.104273
0.109787	0.325	0.103431
0.12351	0.325	0.102472
0.137233	0.325	0.101395
0.150957	0.325	0.100198
0.16468	0.325	0.0988786
0.178403	0.325	0.0974351
0.192127	0.325	0.0958648
0.20585	0.325	0.0941653
0.219573	0.325	0.0923336
0.233297	0.325	0.090367
0.24702	0.325	0.0882624
0.260744	0.325	0.0860164
0.274467	0.325	0.0836257
0.28819	0.325	0.0810869
0.301914	0.325	0.0783963
0.315637	0.325	0.0755503
0.32936	0.325	0.0725452
0.343084	0.325	0.0693772
0.356807	0.325	0.0660426
0.37053	0.325	0.0625377
0.384254	0.325	0.0588589
0.397977	0.325	0.0550024
0.4117	0.325	0.050965
0.425424	0.325	0.0467433
0.439147	0.325	0.0423341
0.45287	0.325	0.0377344
0.466594	0.325	0.0329416
0.480317	0.325	0.027953
0.49404	0.325	0.0227664
0.507764	0.325	0.0173795
0.521487	0.325	0.0117906
0.53521	0.325	0.00599792
0.548934	0.325	0
0	0.35	0.112847
0.0140098	0.35	0.112788
0.0280195	0.35	0.112609
0.0420293	0.35	0.112312
0.056039	0.35	0.111895
0.0700488	0.35	0.111358
0.0840585	0.35	0.110699
0.0980683	0.35	0.109918
0.112078	0.35	0.109014
0.126088	0.35	0.107985
0.140098	0.35	0.10683
0.154107	0.35	0.105546
0.168117	0.35	0.104132
0.182127	0.35	0.102586
0.196137	0.35	0.100904
0.210146	0.35	0.0990862
0.224156	0.35	0.0971282
0.238166	0.35	0.0950274
0.252176	0.35	0.0927811
0.266185	0.35	0.0903862
0.280195	0.35	0.0878393
0.294205	0.35	0.0851374
0.308215	0.35	0.082277
0.322224	0.35	0.0792548
0.336234	0.35	0.0760672
0.350244	0.35	0.0727108
0.364254	0.35	0.0691822
0.378263	0.35	0.065478
0.392273	0.35	0.0615948
0.406283	0.35	0.0575294
0.420293	0.35	0.0532787
0.434302	0.35	0.0488397
0.448312	0.35	0.0442094
0.462322	0.35	0.0393853
0.476332	0.35	0.0343648
0.490341	0.35	0.0291455
0.504351	0.35	0.0237254
0.518361	0.35	0.0181024
0.532371	0.35	0.0122749
0.54638	0.35	0.00624123
0.56039	0.35	0
0	0.375	0.118449
0.0142962	0.375	0.118386
0.0285923	0.375	0.118196
0.0428885	0.375	0.117878
0.0571847	0.375	0.117433
0.0714808	0.375	0.116859
0.085777	0.375	0.116156
0.100073	0.375	0.115323
0.114369	0.375	0.114359
0.128665	0.375	0.113262
0.142962	0.375	0.11203
0.157258	0.375	0.110663
0.171554	0.375	0.109157
0.18585	0.375	0.107511
0.200146	0.375	0.105723
0.214442	0.375	0.103791
0.228739	0.375	0.101711
0.243035	0.375	0.0994811
0.257331	0.375	0.0970987
0.271627	0.375	0.0945606
0.285923	0.375	0.0918641
0.300219	0.375	0.0890059
0.314516	0.375	0.0859829
0.328812	0.375	0.0827921
0.343108	0.375	0.0794301
0.357404	0.375	0.0758938
0.3717	0.375	0.07218
0.385996	0.375	0.0682857
0.400293	0.375	0.0642077
0.414589	0.375	0.0599432
0.428885	0.375	0.0554892
0.443181	0.375	0.050843
0.457477	0.375	0.046002
0.471773	0.375	0.0409638
0.48607	0.375	0.035726
0.500366	0.375	0.0302865
0.514662	0.375	0.0246433
0.528958	0.375	0.0187947
0.543254	0.375	0.0127389
0.55755	0.375	0.00647443
0.571847	0.375	0
0	0.4	0.123815
0.0145826	0.4	0.123748
0.0291652	0.4	0.123545
0.0437477	0.4	0.123208
0.0583303	0.4	0.122736
0.0729129	0.4	0.122127
0.0874955	0.4	0.121381
0.102078	0.4	0.120498
0.116661	0.4	0.119475
0.131243	0.4	0.118312
0.145826	0.4	0.117007
0.160408	0.4	0.115558
0.174991	0.4	0.113964
0.189573	0.4	0.112222
0.204156	0.4	0.110331
0.218739	0.4	0.108288
0.233321	0.4	0.106091
0.247904	0.4	0.103737
0.262486	0.4	0.101224
0.277069	0.4	0.0985489
0.291652	0.4	0.0957087
0.306234	0.4	0.0927008
0.320817	0.4	0.0895222
0.335399	0.4	0.08617
0.349982	0.4	0.0826413
0.364564	0.4	0.0789331
0.379147	0.4	0.0750425
0.39373	0.4	0.0709668
0.408312	0.4	0.066703
0.422895	0.4	0.0622484
0.437477	0.4	0.0576005
0.45206	0.4	0.0527568
0.466642	0.4	0.0477148
0.481225	0.4	0.0424723
0.495808	0.4	0.0370271
0.51039	0.4	0.0313774
0.524973	0.4	0.0255212
0.539555	0.4	0.0194569
0.554138	0.4	0.0131829
0.56872	0.4	0.00669768
0.583303	0.4	0
0	0.425	0.128951
0.014869	0.425	0.12888
0.029738	0.425	0.128667
0.044607	0.425	0.128311
0.0594759	0.425	0.127812
0.0743449	0.425	0.127169
0.0892139	0.425	0.126382
0.104083	0.425	0.125449
0.118952	0.425	0.12437
0.133821	0.425	0.123143
0.14869	0.425	0.121767
0.163559	0.425	0.12024
0.178428	0.425	0.11856
0.193297	0.425	0.116726
0.208166	0.425	0.114736
0.223035	0.425	0.112587
0.237904	0.425	0.110277
0.252773	0.425	0.107804
0.267642	0.425	0.105165
0.282511	0.425	0.102358
0.29738	0.425	0.0993797
0.312249	0.425	0.0962282
0.327118	0.425	0.0929006
0.341987	0.425	0.089394
0.356856	0.425	0.0857059
0.371725	0.425	0.0818334
0.386594	0.425	0.077774
0.401463	0.425	0.0735249
0.416332	0.425	0.0690837
0.431201	0.425	0.0644479
0.44607	0.425	0.0596151
0.460939	0.425	0.0545829
0.475808	0.425	0.0493492
0.490677	0.425	0.0439119
0.505546	0.425	0.0382691
0.520415	0.425	0.0324188
0.535284	0.425	0.0263594
0.550153	0.425	0.0200893
0.565021	0.425	0.0136069
0.57989	0.425	0.00691094
0.594759	0.425	0
0	0.45	0.133865
0.0151554	0.45	0.133791
0.0303108	0.45	0.133566
0.0454662	0.45	0.133192
0.0606216	0.45	0.132667
0.075777	0.45	0.131991
0.0909324	0.45	0.131164
0.106088	0.45	0.130184
0.121243	0.45	0.12905
0.136399	0.45	0.127761
0.151554	0.45	0.126316
0.166709	0.45	0.124714
0.181865	0.45	0.122952
0.19702	0.45	0.121029
0.212176	0.45	0.118942
0.227331	0.45	0.116691
0.242486	0.45	0.114273
0.257642	0.45	0.111685
0.272797	0.45	0.108925
0.287953	0.45	0.105991
0.303108	0.45	0.102881
0.318263	0.45	0.0995923
0.333419	0.45	0.0961219
0.348574	0.45	0.0924677
0.36373	0.45	0.088627
0.378885	0.45	0.0845975
0.39404	0.45	0.0803767
0.409196	0.45	0.0759623
0.424351	0.45	0.0713518
0.439507	0.45	0.0665431
0.454662	0.45	0.0615338
0.469817	0.45	0.0563221
0.484973	0.45	0.0509057
0.500128	0.45	0.0452829
0.515284	0.45	0.0394517
0.530439	0.45	0.0334105
0.545594	0.45	0.0271576
0.56075	0.45	0.0206915
0.575905	0.45	0.0140108
0.591061	0.45	0.00711404
0.606216	0.45	0
0	0.475	0.138562
0.0154418	0.475	0.138484
0.0308836	0.475	0.138248
0.0463254	0.475	0.137856
0.0617672	0.475	0.137306
0.077209	0.475	0.136599
0.0926509	0.475	0.135732
0.108093	0.475	0.134706
0.123534	0.475	0.13352
0.138976	0.475	0.132172
0.154418	0.475	0.13066
0.16986	0.475	0.128985
0.185302	0.475	0.127143
0.200744	0.475	0.125134
0.216185	0.475	0.122955
0.231627	0.475	0.120605
0.247069	0.475	0.118082
0.262511	0.475	0.115384
0.277953	0.475	0.112509
0.293394	0.475	0.109453
0.308836	0.475	0.106216
0.324278	0.475	0.102796
0.33972	0.475	0.0991884
0.355162	0.475	0.0953926
0.370603	0.475	0.0914061
0.386045	0.475	0.0872265
0.401487	0.475	0.0828516
0.416929	0.475	0.0782793
0.432371	0.475	0.0735073
0.447812	0.475	0.0685338
0.463254	0.475	0.0633566
0.478696	0.475	0.0579738
0.494138	0.475	0.0523836
0.50958	0.475	0.0465843
0.525021	0.475	0.0405741
0.540463	0.475	0.0343515
0.555905	0.475	0.0279149
0.571347	0.475	0.0212628
0.586789	0.475	0.0143938
0.602231	0.475	0.00730666
0.617672	0.475	0
0	0.5	0.143044
0.0157282	0.5	0.142963
0.0314564	0.5	0.142717
0.0471847	0.5	0.142308
0.0629129	0.5	0.141734
0.0786411	0.5	0.140995
0.0943693	0.5	0.140091
0.110098	0.5	0.139021
0.125826	0.5	0.137783
0.141554	0.5	0.136377
0.157282	0.5	0.134801
0.17301	0.5	0.133055
0.188739	0.5	0.131137
0.204467	0.5	0.129044
0.220195	0.5	0.126777
0.235923	0.5	0.124332
0.251652	0.5	0.121708
0.26738	0.5	0.118904
0.283108	0.5	0.115917
0.298836	0.5	0.112745
0.314564	0.5	0.109386
0.330293	0.5	0.105839
0.346021	0.5	0.1021
0.361749	0.5	0.0981693
0.377477	0.5	0.0940432
0.393205	0.5	0.0897201
0.408934	0.5	0.0851981
0.424662	0.5	0.0804751
0.44039	0.5	0.0755493
0.456118	0.5	0.0704188
0.471847	0.5	0.0650818
0.487575	0.5	0.0595365
0.503303	0.5	0.0537813
0.519031	0.5	0.0478146
0.534759	0.5	0.0416348
0.550488	0.5	0.0352404
0.566216	0.5	0.0286299
0.581944	0.5	0.021802
0.597672	0.5	0.0147552
0.613401	0.5	0.00748835
0.629129	0.5	0
0	0.525	0.147316
0.0160146	0.525	0.147231
0.0320293	0.525	0.146975
0.0480439	0.525	0.146549
0.0640585	0.525	0.145952
0.0800732	0.525	0.145183
0.0960878	0.525	0.144242
0.112102	0.525	0.143129
0.128117	0.525	0.141841
0.144132	0.525	0.14038
0.160146	0.525	0.138742
0.176161	0.525	0.136927
0.192176	0.525	0.134935
0.20819	0.525	0.132762
0.224205	0.525	0.130408
0.240219	0.525	0.127872
0.256234	0.525	0.125151
0.272249	0.525	0.122245
0.288263	0.525	0.11915
0.304278	0.525	0.115866
0.320293	0.525	0.11239
0.336307	0.525	0.108721
0.352322	0.525	0.104857
0.368337	0.525	0.100797
0.384351	0.525	0.096537
0.400366	0.525	0.0920769
0.41638	0.525	0.0874144
0.432395	0.525	0.0825479
0.44841	0.525	0.0774756
0.464424	0.525	0.0721959
0.480439	0.525	0.0667071
0.496454	0.525	0.0610078
0.512468	0.525	0.0550963
0.528483	0.525	0.0489713
0.544497	0.525	0.0426313
0.560512	0.525	0.0360749
0.576527	0.525	0.0293008
0.592541	0.525	0.0223075
0.608556	0.525	0.0150939
0.624571	0.525	0.0076585
0.640585	0.525	0
0	0.55	0.151377
0.016301	0.55	0.151289
0.0326021	0.55	0.151024
0.0489031	0.55	0.150581
0.0652042	0.55	0.149961
0.0815052	0.55	0.149163
0.0978062	0.55	0.148187
0.114107	0.55	0.147032
0.130408	0.55	0.145697
0.146709	0.55	0.14418
0.16301	0.55	0.142483
0.179311	0.55	0.140602
0.195612	0.55	0.138537
0.211914	0.55	0.136287
0.228215	0.55	0.13385
0.244516	0.55	0.131225
0.260817	0.55	0.128411
0.277118	0.55	0.125405
0.293419	0.55	0.122207
0.30972	0.55	0.118815
0.326021	0.55	0.115227
0.342322	0.55	0.111442
0.358623	0.55	0.107457
0.374924	0.55	0.103272
0.391225	0.55	0.098885
0.407526	0.55	0.094294
0.423827	0.55	0.0894976
0.440128	0.55	0.0844943
0.456429	0.55	0.0792828
0.47273	0.55	0.0738615
0.489031	0.55	0.068229
0.505332	0.55	0.062384
0.521633	0.55	0.0563251
0.537934	0.55	0.0500511
0.554235	0.55	0.0435605
0.570536	0.55	0.0368523
0.586837	0.55	0.0299251
0.603139	0.55	0.0227775
0.61944	0.55	0.0154084
0.635741	0.55	0.00781636
0.652042	0.55	0
0	0.575	0.155231
0.0165875	0.575	0.155139
0.0331749	0.575	0.154864
0.0497624	0.575	0.154406
0.0663498	0.575	0.153764
0.0829373	0.575	0.152938
0.0995247	0.575	0.151927
0.116112	0.575	0.150731
0.1327	0.575	0.149349
0.149287	0.575	0.14778
0.165875	0.575	0.146023
0.182462	0.575	0.144078
0.199049	0.575	0.141944
0.215637	0.575	0.139618
0.232224	0.575	0.137101
0.248812	0.575	0.134391
0.265399	0.575	0.131486
0.281987	0.575	0.128385
0.298574	0.575	0.125087
0.315162	0.575	0.121591
0.331749	0.575	0.117895
0.348337	0.575	0.113997
0.364924	0.575	0.109897
0.381511	0.575	0.105593
0.398099	0.575	0.101084
0.414686	0.575	0.0963676
0.431274	0.575	0.0914436
0.447861	0.575	0.0863103
0.464449	0.575	0.0809666
0.481036	0.575	0.0754112
0.497624	0.575	0.069643
0.514211	0.575	0.0636608
0.530798	0.575	0.0574634
0.547386	0.575	0.0510498
0.563973	0.575	0.0444187
0.580561	0.575	0.0375691
0.597148	0.575	0.0304998
0.613736	0.575	0.0232095
0.630323	0.575	0.015697
0.646911	0.575	0.00796102
0.663498	0.575	0
0	0.6	0.158875
0.0168739	0.6	0.15878
0.0337477	0.6	0.158496
0.0506216	0.6	0.158023
0.0674955	0.6	0.157359
0.0843693	0.6	0.156505
0.101243	0.6	0.15546
0.118117	0.6	0.154225
0.134991	0.6	0.152797
0.151865	0.6	0.151177
0.168739	0.6	0.149364
0.185612	0.6	0.147356
0.202486	0.6	0.145154
0.21936	0.6	0.142755
0.236234	0.6	0.14016
0.253108	0.6	0.137366
0.269982	0.6	0.134373
0.286856	0.6	0.13118
0.30373	0.6	0.127786
0.320603	0.6	0.124189
0.337477	0.6	0.120389
0.354351	0.6	0.116384
0.371225	0.6	0.112173
0.388099	0.6	0.107754
0.404973	0.6	0.103128
0.421847	0.6	0.0982928
0.43872	0.6	0.0932472
0.455594	0.6	0.0879905
0.472468	0.6	0.0825216
0.489342	0.6	0.0768396
0.506216	0.6	0.0709436
0.52309	0.6	0.0648327
0.539964	0.6	0.0585059
0.556837	0.6	0.0519624
0.573711	0.6	0.0452011
0.590585	0.6	0.0382211
0.607459	0.6	0.0310213
0.624333	0.6	0.0236006
0.641207	0.6	0.0159577
0.658081	0.6	0.00809136
0.674955	0.6	0
0	0.625	0.162311
0.0171603	0.625	0.162213
0.0343205	0.625	0.16192
0.0514808	0.625	0.161431
0.0686411	0.625	0.160746
0.0858014	0.625	0.159865
0.102962	0.625	0.158788
0.120122	0.625	0.157513
0.137282	0.625	0.156041
0.154442	0.625	0.154371
0.171603	0.625	0.152502
0.188763	0.625	0.150433
0.205923	0.625	0.148164
0.223084	0.625	0.145695
0.240244	0.625	0.143023
0.257404	0.625	0.140149
0.274564	0.625	0.137071
0.291725	0.625	0.133789
0.308885	0.625	0.130301
0.326045	0.625	0.126607
0.343205	0.625	0.122706
0.360366	0.625	0.118597
0.377526	0.625	0.114279
0.394686	0.625	0.109751
0.411847	0.625	0.105013
0.429007	0.625	0.100064
0.446167	0.625	0.0949024
0.463327	0.625	0.0895285
0.480488	0.625	0.0839413
0.497648	0.625	0.0781401
0.514808	0.625	0.0721243
0.531969	0.625	0.0658933
0.549129	0.625	0.0594464
0.566289	0.625	0.0527829
0.583449	0.625	0.0459021
0.60061	0.625	0.0388031
0.61777	0.625	0.0314852
0.63493	0.625	0.0239472
0.65209	0.625	0.0161879
0.669251	0.625	0.00820605
0.686411	0.625	0
0	0.65	0.165537
0.0174467	0.65	0.165436
0.0348934	0.65	0.165134
0.0523401	0.65	0.16463
0.0697867	0.65	0.163925
0.0872334	0.65	0.163017
0.10468	0.65	0.161907
0.122127	0.65	0.160594
0.139573	0.65	0.159078
0.15702	0.65	0.157359
0.174467	0.65	0.155435
0.191914	0.65	0.153307
0.20936	0.65	0.150974
0.226807	0.65	0.148434
0.244254	0.65	0.145689
0.2617	0.65	0.142736
0.279147	0.65	0.139575
0.296594	0.65	0.136205
0.31404	0.65	0.132627
0.331487	0.65	0.128839
0.348934	0.65	0.12484
0.36638	0.65	0.120631
0.383827	0.65	0.11621
0.401274	0.65	0.111577
0.41872	0.65	0.106731
0.436167	0.65	0.101673
0.453614	0.65	0.0964018
0.471061	0.65	0.0909168
0.488507	0.65	0.085218
0.505954	0.65	0.0793049
0.523401	0.65	0.0731773
0.540847	0.65	0.0668348
0.558294	0.65	0.0602773
0.575741	0.65	0.0535041
0.593187	0.65	0.046515
0.610634	0.65	0.0393093
0.628081	0.65	0.0318863
0.645527	0.65	0.0242451
0.662974	0.65	0.0163846
0.680421	0.65	0.00830349
0.697867	0.65	0
0	0.675	0.168552
0.0177331	0.675	0.168448
0.0354662	0.675	0.168137
0.0531993	0.675	0.167619
0.0709324	0.675	0.166892
0.0886655	0.675	0.165959
0.106399	0.675	0.164817
0.124132	0.675	0.163466
0.141865	0.675	0.161908
0.159598	0.675	0.16014
0.177331	0.675	0.158163
0.195064	0.675	0.155976
0.212797	0.675	0.153579
0.23053	0.675	0.150971
0.248263	0.675	0.148152
0.265996	0.675	0.145122
0.28373	0.675	0.14188
0.301463	0.675	0.138426
0.319196	0.675	0.134759
0.336929	0.675	0.130879
0.354662	0.675	0.126786
0.372395	0.675	0.122479
0.390128	0.675	0.117958
0.407861	0.675	0.113224
0.425594	0.675	0.108276
0.443327	0.675	0.103113
0.461061	0.675	0.0977372
0.478794	0.675	0.0921469
0.496527	0.675	0.0863428
0.51426	0.675	0.080325
0.531993	0.675	0.0740935
0.549726	0.675	0.0676484
0.567459	0.675	0.0609899
0.585192	0.675	0.0541178
0.602925	0.675	0.0470321
0.620658	0.675	0.0397324
0.638391	0.675	0.0322184
0.656125	0.675	0.0244894
0.673858	0.675	0.0165443
0.691591	0.675	0.00838173
0.709324	0.675	0
0	0.7	0.171354
0.0180195	0.7	0.171247
0.036039	0.7	0.170928
0.0540585	0.7	0.170395
0.072078	0.7	0.169648
0.0900975	0.7	0.168688
0.108117	0.7	0.167515
0.126137	0.7	0.166128
0.144156	0.7	0.164526
0.162176	0.7	0.162711
0.180195	0.7	0.16068
0.198215	0.7	0.158435
0.216234	0.7	0.155976
0.234254	0.7	0.153301
0.252273	0.7	0.15041
0.270293	0.7	0.147304
0.288312	0.7	0.143982
0.306332	0.7	0.140444
0.324351	0.7	0.136691
0.342371	0.7	0.132721
0.36039	0.7	0.128536
0.37841	0.7	0.124134
0.396429	0.7	0.119517
0.414449	0.7	0.114685
0.432468	0.7	0.109637
0.450488	0.7	0.104375
0.468507	0.7	0.0988989
0.486527	0.7	0.0932089
0.504546	0.7	0.0873058
0.522566	0.7	0.0811901
0.540585	0.7	0.0748625
0.558605	0.7	0.0683236
0.576624	0.7	0.0615739
0.594644	0.7	0.0546139
0.612663	0.7	0.0474439
0.630683	0.7	0.040064
0.648702	0.7	0.0324742
0.666722	0.7	0.0246739
0.684741	0.7	0.0166624
0.702761	0.7	0.00843843
0.72078	0.7	0
0	0.725	0.173942
0.0183059	0.725	0.173832
0.0366118	0.725	0.173504
0.0549178	0.725	0.172956
0.0732237	0.725	0.17219
0.0915296	0.725	0.171204
0.109836	0.725	0.169999
0.128141	0.725	0.168575
0.146447	0.725	0.166931
0.164753	0.725	0.165068
0.183059	0.725	0.162985
0.201365	0.725	0.160683
0.219671	0.725	0.158161
0.237977	0.725	0.155419
0.256283	0.725	0.152457
0.274589	0.725	0.149276
0.292895	0.725	0.145875
0.311201	0.725	0.142255
0.329507	0.725	0.138416
0.347812	0.725	0.134358
0.366118	0.725	0.130082
0.384424	0.725	0.125588
0.40273	0.725	0.120877
0.421036	0.725	0.11595
0.439342	0.725	0.110806
0.457648	0.725	0.105448
0.475954	0.725	0.0998763
0.49426	0.725	0.0940915
0.512566	0.725	0.0880952
0.530872	0.725	0.0818884
0.549178	0.725	0.0754724
0.567483	0.725	0.0688484
0.585789	0.725	0.0620175
0.604095	0.725	0.0549809
0.622401	0.725	0.0477395
0.640707	0.725	0.0402939
0.659013	0.725	0.0326445
0.677319	0.725	0.0247913
0.695625	0.725	0.0167338
0.713931	0.725	0.00847068
0.732237	0.725	0
0	0.75	0.176313
0.0185923	0.75	0.176201
0.0371847	0.75	0.175864
0.055777	0.75	0.175302
0.0743693	0.75	0.174515
0.0929616	0.75	0.173504
0.111554	0.75	0.172267
0.130146	0.75	0.170806
0.148739	0.75	0.16912
0.167331	0.75	0.167209
0.185923	0.75	0.165074
0.204516	0.75	0.162714
0.223108	0.75	0.16013
0.2417	0.75	0.157321
0.260293	0.75	0.154289
0.278885	0.75	0.151033
0.297477	0.75	0.147554
0.31607	0.75	0.143852
0.334662	0.75	0.139929
0.353254	0.75	0.135784
0.371847	0.75	0.131418
0.390439	0.75	0.126833
0.409031	0.75	0.12203
0.427624	0.75	0.117009
0.446216	0.75	0.111772
0.464808	0.75	0.106321
0.483401	0.75	0.100657
0.501993	0.75	0.0947822
0.520585	0.75	0.0886979
0.539178	0.75	0.0824062
0.55777	0.75	0.0759091
0.576362	0.75	0.0692086
0.594955	0.75	0.0623066
0.613547	0.75	0.055205
0.632139	0.75	0.0479056
0.650732	0.75	0.0404098
0.669324	0.75	0.0327186
0.687916	0.75	0.0248326
0.706509	0.75	0.0167517
0.725101	0.75	0.00847485
0.743693	0.75	0
0	0.775	0.178467
0.0188787	0.775	0.178352
0.0377575	0.775	0.178006
0.0566362	0.775	0.177429
0.075515	0.775	0.176622
0.0943937	0.775	0.175584
0.113272	0.775	0.174316
0.132151	0.775	0.172818
0.15103	0.775	0.171089
0.169909	0.775	0.169131
0.188787	0.775	0.166943
0.207666	0.775	0.164525
0.226545	0.775	0.161878
0.245424	0.775	0.159003
0.264302	0.775	0.1559
0.283181	0.775	0.152569
0.30206	0.775	0.149011
0.320939	0.775	0.145228
0.339817	0.775	0.14122
0.358696	0.775	0.136988
0.377575	0.775	0.132534
0.396454	0.775	0.127858
0.415332	0.775	0.122964
0.434211	0.775	0.117851
0.45309	0.775	0.112523
0.471969	0.775	0.106981
0.490847	0.775	0.101228
0.509726	0.775	0.0952669
0.528605	0.775	0.0890991
0.547483	0.775	0.0827281
0.566362	0.775	0.0761567
0.585241	0.775	0.0693879
0.60412	0.775	0.0624247
0.622998	0.775	0.0552699
0.641877	0.775	0.0479265
0.660756	0.775	0.0403968
0.679635	0.775	0.032683
0.698513	0.775	0.0247865
0.717392	0.775	0.0167078
0.736271	0.775	0.00844634
0.75515	0.775	0
0	0.8	0.1804
0.0191652	0.8	0.180282
0.0383303	0.8	0.179927
0.0574955	0.8	0.179336
0.0766606	0.8	0.178508
0.0958258	0.8	0.177444
0.114991	0.8	0.176144
0.134156	0.8	0.174608
0.153321	0.8	0.172836
0.172486	0.8	0.17083
0.191652	0.8	0.168588
0.210817	0.8	0.166112
0.229982	0.8	0.163402
0.249147	0.8	0.160459
0.268312	0.8	0.157284
0.287477	0.8	0.153878
0.306642	0.8	0.150242
0.325808	0.8	0.146376
0.344973	0.8	0.142283
0.364138	0.8	0.137964
0.383303	0.8	0.13342
0.402468	0.8	0.128654
0.421633	0.8	0.123668
0.440798	0.8	0.118465
0.459964	0.8	0.113046
0.479129	0.8	0.107415
0.498294	0.8	0.101575
0.517459	0.8	0.0955296
0.536624	0.8	0.0892821
0.555789	0.8	0.0828365
0.574955	0.8	0.0761969
0.59412	0.8	0.0693673
0.613285	0.8	0.0623523
0.63245	0.8	0.0551561
0.651615	0.8	0.0477829
0.67078	0.8	0.0402367
0.689945	0.8	0.0325211
0.709111	0.8	0.0246388
0.728276	0.8	0.0165914
0.747441	0.8	0.00837913
0.766606	0.8	0
0	0.825	0.182111
0.0194516	0.825	0.18199
0.0389031	0.825	0.181626
0.0583547	0.825	0.18102
0.0778062	0.825	0.180171
0.0972578	0.825	0.17908
0.116709	0.825	0.177748
0.136161	0.825	0.176174
0.155612	0.825	0.174358
0.175064	0.825	0.172302
0.194516	0.825	0.170006
0.213967	0.825	0.167471
0.233419	0.825	0.164697
0.25287	0.825	0.161686
0.272322	0.825	0.158438
0.291773	0.825	0.154954
0.311225	0.825	0.151237
0.330677	0.825	0.147288
0.350128	0.825	0.143109
0.36958	0.825	0.138701
0.389031	0.825	0.134067
0.408483	0.825	0.12921
0.427934	0.825	0.124132
0.447386	0.825	0.118836
0.466837	0.825	0.113327
0.486289	0.825	0.107607
0.505741	0.825	0.101681
0.525192	0.825	0.0955529
0.544644	0.825	0.089228
0.564095	0.825	0.0827113
0.583547	0.825	0.0760082
0.602998	0.825	0.0691246
0.62245	0.825	0.0620664
0.641902	0.825	0.0548399
0.661353	0.825	0.0474513
0.680805	0.825	0.0399066
0.700256	0.825	0.0322116
0.719708	0.825	0.024371
0.739159	0.825	0.0163883
0.758611	0.825	0.00826515
0.778062	0.825	0
0	0.85	0.183598
0.019738	0.85	0.183474
0.0394759	0.85	0.183101
0.0592139	0.85	0.182479
0.0789519	0.85	0.181609
0.0986899	0.85	0.180491
0.118428	0.85	0.179125
0.138166	0.85	0.177512
0.157904	0.85	0.175652
0.177642	0.85	0.173545
0.19738	0.85	0.171194
0.217118	0.85	0.168598
0.236856	0.85	0.165758
0.256594	0.85	0.162676
0.276332	0.85	0.159354
0.29607	0.85	0.155792
0.315808	0.85	0.151993
0.335546	0.85	0.147958
0.355284	0.85	0.14369
0.375021	0.85	0.139191
0.394759	0.85	0.134465
0.414497	0.85	0.129514
0.434235	0.85	0.124342
0.453973	0.85	0.118953
0.473711	0.85	0.113351
0.493449	0.85	0.107541
0.513187	0.85	0.101528
0.532925	0.85	0.0953173
0.552663	0.85	0.0889158
0.572401	0.85	0.0823297
0.592139	0.85	0.0755665
0.611877	0.85	0.0686337
0.631615	0.85	0.0615397
0.651353	0.85	0.0542931
0.671091	0.85	0.0469027
0.690829	0.85	0.0393778
0.710567	0.85	0.0317271
0.730305	0.85	0.0239587
0.750043	0.85	0.0160793
0.769781	0.85	0.00809314
0.789519	0.85	0
0	0.875	0.184859
0.0200244	0.875	0.184732
0.0400488	0.875	0.184349
0.0600732	0.875	0.183712
0.0800975	0.875	0.18282
0.100122	0.875	0.181674
0.120146	0.875	0.180274
0.140171	0.875	0.17862
0.160195	0.875	0.176714
0.180219	0.875	0.174556
0.200244	0.875	0.172147
0.220268	0.875	0.169488
0.240293	0.875	0.166581
0.260317	0.875	0.163427
0.280341	0.875	0.160027
0.300366	0.875	0.156384
0.32039	0.875	0.1525
0.340415	0.875	0.148377
0.360439	0.875	0.144017
0.380463	0.875	0.139425
0.400488	0.875	0.134603
0.420512	0.875	0.129556
0.440536	0.875	0.124286
0.460561	0.875	0.1188
0.480585	0.875	0.113103
0.50061	0.875	0.107199
0.520634	0.875	0.101097
0.540658	0.875	0.0948014
0.560683	0.875	0.0883218
0.580707	0.875	0.081666
0.600732	0.875	0.0748435
0.620756	0.875	0.0678643
0.64078	0.875	0.0607395
0.660805	0.875	0.0534808
0.680829	0.875	0.0461009
0.700853	0.875	0.0386132
0.720878	0.875	0.0310313
0.740902	0.875	0.0233685
0.760927	0.875	0.0156372
0.780951	0.875	0.00784653
0.800975	0.875	0
0	0.9	0.185893
0.0203108	0.9	0.185762
0.0406216	0.9	0.18537
0.0609324	0.9	0.184717
0.0812432	0.9	0.183802
0.101554	0.9	0.182627
0.121865	0.9	0.181191
0.142176	0.9	0.179496
0.162486	0.9	0.177543
0.182797	0.9	0.175331
0.203108	0.9	0.172863
0.223419	0.9	0.170139
0.24373	0.9	0.167162
0.26404	0.9	0.163933
0.284351	0.9	0.160453
0.304662	0.9	0.156726
0.324973	0.9	0.152753
0.345284	0.9	0.148538
0.365594	0.9	0.144083
0.385905	0.9	0.139393
0.406216	0.9	0.134471
0.426527	0.9	0.129322
0.446837	0.9	0.123951
0.467148	0.9	0.118363
0.487459	0.9	0.112565
0.50777	0.9	0.106563
0.528081	0.9	0.100366
0.548391	0.9	0.093982
0.568702	0.9	0.0874202
0.589013	0.9	0.0806914
0.609324	0.9	0.0738074
0.629635	0.9	0.066781
0.649945	0.9	0.0596268
0.670256	0.9	0.0523607
0.690567	0.9	0.0450003
0.710878	0.9	0.0375648
0.731189	0.9	0.0300751
0.751499	0.9	0.0225531
0.77181	0.9	0.0150212
0.792121	0.9	0.00749934
0.812432	0.9	0
0	0.925	0.186699
0.0205972	0.925	0.186565
0.0411944	0.925	0.186162
0.0617916	0.925	0.185492
0.0823888	0.925	0.184554
0.102986	0.925	0.183349
0.123583	0.925	0.181876
0.14418	0.925	0.180138
0.164778	0.925	0.178135
0.185375	0.925	0.175868
0.205972	0.925	0.173338
0.226569	0.925	0.170548
0.247166	0.925	0.167497
0.267764	0.925	0.164189
0.288361	0.925	0.160626
0.308958	0.925	0.156811
0.329555	0.925	0.152745
0.350153	0.925	0.148433
0.37075	0.925	0.143879
0.391347	0.925	0.139085
0.411944	0.925	0.134058
0.432541	0.925	0.128801
0.453139	0.925	0.123322
0.473736	0.925	0.117625
0.494333	0.925	0.11172
0.51493	0.925	0.105613
0.535527	0.925	0.0993146
0.556125	0.925	0.0928339
0.576722	0.925	0.0861827
0.597319	0.925	0.0793738
0.617916	0.925	0.0724218
0.638513	0.925	0.0653429
0.659111	0.925	0.0581556
0.679708	0.925	0.050881
0.700305	0.925	0.043543
0.720902	0.925	0.0361689
0.741499	0.925	0.0287901
0.762097	0.925	0.0214425
0.782694	0.925	0.0141669
0.803291	0.925	0.00700705
0.823888	0.925	0
0	0.95	0.187275
0.0208836	0.95	0.187137
0.0417672	0.95	0.186725
0.0626509	0.95	0.186037
0.0835345	0.95	0.185074
0.104418	0.95	0.183838
0.125302	0.95	0.182327
0.146185	0.95	0.180544
0.167069	0.95	0.17849
0.187953	0.95	0.176165
0.208836	0.95	0.173571
0.22972	0.95	0.17071
0.250603	0.95	0.167583
0.271487	0.95	0.164193
0.292371	0.95	0.160542
0.313254	0.95	0.156634
0.334138	0.95	0.152471
0.355021	0.95	0.148057
0.375905	0.95	0.143396
0.396789	0.95	0.138493
0.417672	0.95	0.133353
0.438556	0.95	0.127982
0.45944	0.95	0.122386
0.480323	0.95	0.116573
0.501207	0.95	0.110551
0.52209	0.95	0.104329
0.542974	0.95	0.0979187
0.563858	0.95	0.0913307
0.584741	0.95	0.0845788
0.605625	0.95	0.0776783
0.626509	0.95	0.0706464
0.647392	0.95	0.0635032
0.668276	0.95	0.0562717
0.689159	0.95	0.0489788
0.710043	0.95	0.0416559
0.730927	0.95	0.0343406
0.75181	0.95	0.0270787
0.772694	0.95	0.0199278
0.793577	0.95	0.0129635
0.814461	0.95	0.00628456
0.835345	0.95	0
0	0.975	0.187621
0.02117	0.975	0.18748
0.0423401	0.975	0.187056
0.0635101	0.975	0.18635
0.0846801	0.975	0.185362
0.10585	0.975	0.184093
0.12702	0.975	0.182543
0.14819	0.975	0.180713
0.16936	0.975	0.178605
0.19053	0.975	0.176219
0.2117	0.975	0.173558
0.23287	0.975	0.170623
0.25404	0.975	0.167416
0.27521	0.975	0.16394
0.29638	0.975	0.160197
0.31755	0.975	0.15619
0.33872	0.975	0.151924
0.35989	0.975	0.147402
0.381061	0.975	0.142628
0.402231	0.975	0.137608
0.423401	0.975	0.132347
0.444571	0.975	0.126852
0.465741	0.975	0.12113
0.486911	0.975	0.11519
0.508081	0.975	0.10904
0.529251	0.975	0.102691
0.550421	0.975	0.096155
0.571591	0.975	0.0894451
0.592761	0.975	0.0825768
0.613931	0.975	0.0755675
0.635101	0.975	0.0684374
0.656271	0.975	0.0612101
0.677441	0.975	0.0539132
0.698611	0.975	0.0465795
0.719781	0.975	0.0392483
0.740951	0.975	0.0319676
0.762121	0.975	0.0247995
0.783291	0.975	0.0178312
0.804461	0.975	0.0112024
0.825631	0.975	0.00514701
0.846801	0.975	0
0	1	0.187736
0.0214564	1	0.187591
0.0429129	1	0.187156
0.0643693	1	0.186431
0.0858258	1	0.185417
0.107282	1	0.184113
0.128739	1	0.182522
0.150195	1	0.180643
0.171652	1	0.178479
0.193108	1	0.17603
0.214564	1	0.173298
0.236021	1	0.170285
0.257477	1	0.166994
0.278934	1	0.163427
0.30039	1	0.159586
0.321847	1	0.155476
0.343303	1	0.1511
0.364759	1	0.146462
0.386216	1	0.141567
0.407672	1	0.136421
0.429129	1	0.13103
0.450585	1	0.125401
0.472042	1	0.119542
0.493498	1	0.113461
0.514955	1	0.10717
0.536411	1	0.100678
0.557867	1	0.094
0.579324	1	0.0871496
0.60078	1	0.0801441
0.622237	1	0.0730029
0.643693	1	0.0657486
0.66515	1	0.0584079
0.686606	1	0.0510121
0.708062	1	0.0435989
0.729519	1	0.0362129
0.750975	1	0.0289069
0.772432	1	0.0217483
0.793888	1	0.0148475
0.815345	1	0.00844986
0.836801	1	0.00313551
0.858258	1	0
