0	0	0
0.005	0	0
0.01	0	0
0.015	0	0
0.02	0	0
0.025	0	0
0.03	0	0
0.035	0	0
0.04	0	0
0.045	0	0
0.05	0	0
0.055	0	0
0.06	0	0
0.065	0	0
0.07	0	0
0.075	0	0
0.08	0	0
0.085	0	0
0.09	0	0
0.095	0	0
0.1	0	0
0.105	0	0
0.11	0	0
0.115	0	0
0.12	0	0
0.125	0	0
0.13	0	0
0.135	0	0
0.14	0	0
0.145	0	0
0.15	0	0
0.155	0	0
0.16	0	0
0.165	0	0
0.17	0	0
0.175	0	0
0.18	0	0
0.185	0	0
0.19	0	0
0.195	0	0
0.2	0	0
0	0.0075	0.00200735
0.00579057	0.0075	0.00200722
0.0115811	0.0075	0.00200682
0.0173717	0.0075	0.00200614
0.0231623	0.0075	0.00200519
0.0289528	0.0075	0.00200396
0.0347434	0.0075	0.00200246
0.040534	0.0075	0.00200066
0.0463246	0.0075	0.00199858
0.0521151	0.0075	0.00199619
0.0579057	0.0075	0.00199351
0.0636963	0.0075	0.00199052
0.0694868	0.0075	0.00198723
0.0752774	0.0075	0.00198361
0.081068	0.0075	0.00197968
0.0868585	0.0075	0.00197542
0.0926491	0.0075	0.00197079
0.0984397	0.0075	0.00196576
0.10423	0.0075	0.00196024
0.110021	0.0075	0.00195411
0.115811	0.0075	0.00194719
0.121602	0.0075	0.00193922
0.127393	0.0075	0.00192983
0.133183	0.0075	0.00191855
0.138974	0.0075	0.00190478
0.144764	0.0075	0.00188772
0.150555	0.0075	0.00186645
0.156345	0.0075	0.00183979
0.162136	0.0075	0.0018064
0.167927	0.0075	0.00176464
0.173717	0.0075	0.00171267
0.179508	0.0075	0.00164833
0.185298	0.0075	0.0015692
0.191089	0.0075	0.00147252
0.196879	0.0075	0.00135522
0.20267	0.0075	0.00121389
0.20846	0.0075	0.00104472
0.214251	0.0075	0.00084354
0.220042	0.0075	0.000605776
0.225832	0.0075	0.000326415
0.231623	0.0075	0
0	0.015	0.00395892
0.00658114	0.015	0.00395858
0.0131623	0.015	0.00395753
0.0197434	0.015	0.00395578
0.0263246	0.015	0.00395332
0.0329057	0.015	0.00395012
0.0394868	0.015	0.00394619
0.046068	0.015	0.00394149
0.0526491	0.015	0.00393602
0.0592302	0.015	0.00392973
0.0658114	0.015	0.00392261
0.0723925	0.015	0.00391461
0.0789737	0.015	0.00390568
0.0855548	0.015	0.00389574
0.0921359	0.015	0.00388467
0.0987171	0.015	0.0038723
0.105298	0.015	0.00385837
0.111879	0.015	0.00384253
0.11846	0.015	0.00382429
0.125042	0.015	0.00380298
0.131623	0.015	0.00377778
0.138204	0.015	0.00374762
0.144785	0.015	0.00371123
0.151366	0.015	0.0036671
0.157947	0.015	0.00361351
0.164528	0.015	0.00354851
0.17111	0.015	0.00346999
0.177691	0.015	0.0033757
0.184272	0.015	0.00326332
0.190853	0.015	0.00313052
0.197434	0.015	0.00297507
0.204015	0.015	0.00279493
0.210596	0.015	0.00258836
0.217178	0.015	0.00235408
0.223759	0.015	0.00209139
0.23034	0.015	0.00180035
0.236921	0.015	0.00148198
0.243502	0.015	0.00113843
0.250083	0.015	0.00077321
0.256664	0.015	0.000391416
0.263246	0.015	0
0	0.0225	0.00585517
0.00737171	0.0225	0.00585453
0.0147434	0.0225	0.00585256
0.0221151	0.0225	0.00584926
0.0294868	0.0225	0.00584461
0.0368585	0.0225	0.00583857
0.0442302	0.0225	0.00583111
0.051602	0.0225	0.00582217
0.0589737	0.0225	0.00581168
0.0663454	0.0225	0.00579957
0.0737171	0.0225	0.00578572
0.0810888	0.0225	0.00576997
0.0884605	0.0225	0.00575211
0.0958322	0.0225	0.00573183
0.103204	0.0225	0.00570872
0.110576	0.0225	0.0056822
0.117947	0.0225	0.00565151
0.125319	0.0225	0.00561566
0.132691	0.0225	0.00557341
0.140062	0.0225	0.00552328
0.147434	0.0225	0.0054635
0.154806	0.0225	0.00539209
0.162178	0.0225	0.00530686
0.169549	0.0225	0.0052055
0.176921	0.0225	0.00508565
0.184293	0.0225	0.00494497
0.191664	0.0225	0.00478129
0.199036	0.0225	0.00459271
0.206408	0.0225	0.00437771
0.21378	0.0225	0.00413526
0.221151	0.0225	0.00386493
0.228523	0.0225	0.00356694
0.235895	0.0225	0.00324226
0.243266	0.0225	0.00289258
0.250638	0.0225	0.00252029
0.25801	0.0225	0.00212842
0.265381	0.0225	0.00172045
0.272753	0.0225	0.00130016
0.280125	0.0225	0.000871275
0.287497	0.0225	0.000437089
0.294868	0.0225	0
0	0.03	0.00769658
0.00816228	0.03	0.00769553
0.0163246	0.03	0.00769232
0.0244868	0.03	0.00768693
0.0326491	0.03	0.00767933
0.0408114	0.03	0.00766943
0.0489737	0.03	0.00765716
0.0571359	0.03	0.00764239
0.0652982	0.03	0.00762497
0.0734605	0.03	0.00760468
0.0816228	0.03	0.00758124
0.0897851	0.03	0.00755426
0.0979473	0.03	0.0075232
0.10611	0.03	0.00748737
0.114272	0.03	0.00744583
0.122434	0.03	0.00739738
0.130596	0.03	0.00734053
0.138759	0.03	0.00727352
0.146921	0.03	0.00719429
0.155083	0.03	0.00710055
0.163246	0.03	0.00698986
0.171408	0.03	0.00685969
0.17957	0.03	0.00670759
0.187732	0.03	0.00653126
0.195895	0.03	0.00632874
0.204057	0.03	0.00609848
0.212219	0.03	0.00583952
0.220381	0.03	0.00555151
0.228544	0.03	0.0052348
0.236706	0.03	0.00489044
0.244868	0.03	0.00452017
0.253031	0.03	0.0041263
0.261193	0.03	0.00371163
0.269355	0.03	0.00327929
0.277517	0.03	0.00283253
0.28568	0.03	0.00237452
0.293842	0.03	0.00190818
0.302004	0.03	0.00143598
0.310167	0.03	0.000959805
0.318329	0.03	0.00048091
0.326491	0.03	0
0	0.0375	0.00948358
0.00895285	0.0375	0.009482
0.0179057	0.0375	0.00947721
0.0268585	0.0375	0.00946915
0.0358114	0.0375	0.00945775
0.0447642	0.0375	0.00944288
0.0537171	0.0375	0.00942436
0.0626699	0.0375	0.00940197
0.0716228	0.0375	0.0093754
0.0805756	0.0375	0.00934421
0.0895285	0.0375	0.00930784
0.0984813	0.0375	0.00926555
0.107434	0.0375	0.00921633
0.116387	0.0375	0.00915892
0.12534	0.0375	0.00909172
0.134293	0.0375	0.00901284
0.143246	0.0375	0.00892006
0.152198	0.0375	0.00881091
0.161151	0.0375	0.00868275
0.170104	0.0375	0.00853292
0.179057	0.0375	0.00835882
0.18801	0.0375	0.00815812
0.196963	0.0375	0.00792891
0.205915	0.0375	0.00766979
0.214868	0.0375	0.00738004
0.223821	0.0375	0.00705966
0.232774	0.0375	0.00670936
0.241727	0.0375	0.00633062
0.25068	0.0375	0.00592551
0.259633	0.0375	0.00549666
0.268585	0.0375	0.00504702
0.277538	0.0375	0.00457975
0.286491	0.0375	0.00409801
0.295444	0.0375	0.00360479
0.304397	0.0375	0.00310275
0.31335	0.0375	0.00259415
0.322302	0.0375	0.00208076
0.331255	0.0375	0.0015639
0.340208	0.0375	0.00104445
0.349161	0.0375	0.000523019
0.358114	0.0375	0
0	0.045	0.0112166
0.00974342	0.045	0.0112144
0.0194868	0.045	0.0112076
0.0292302	0.045	0.0111963
0.0389737	0.045	0.0111802
0.0487171	0.045	0.0111591
0.0584605	0.045	0.0111328
0.0682039	0.045	0.0111008
0.0779473	0.045	0.0110627
0.0876907	0.045	0.0110176
0.0974342	0.045	0.0109647
0.107178	0.045	0.0109027
0.116921	0.045	0.01083
0.126664	0.045	0.0107447
0.136408	0.045	0.0106447
0.146151	0.045	0.0105273
0.155895	0.045	0.0103898
0.165638	0.045	0.0102294
0.175381	0.045	0.0100433
0.185125	0.045	0.00982892
0.194868	0.045	0.0095843
0.204612	0.045	0.0093079
0.214355	0.045	0.00899897
0.224099	0.045	0.00865752
0.233842	0.045	0.00828437
0.243585	0.045	0.00788109
0.253329	0.045	0.00744993
0.263072	0.045	0.00699362
0.272816	0.045	0.00651525
0.282559	0.045	0.00601806
0.292302	0.045	0.00550525
0.302046	0.045	0.00497984
0.311789	0.045	0.00444452
0.321533	0.045	0.00390158
0.331276	0.045	0.00335289
0.34102	0.045	0.00279989
0.350763	0.045	0.00224367
0.360506	0.045	0.00168502
0.37025	0.045	0.00112455
0.379993	0.045	0.000562732
0.389737	0.045	0
0	0.0525	0.0128961
0.010534	0.0525	0.0128931
0.021068	0.0525	0.012884
0.031602	0.0525	0.0128687
0.0421359	0.0525	0.0128469
0.0526699	0.0525	0.0128184
0.0632039	0.0525	0.0127827
0.0737379	0.0525	0.0127391
0.0842719	0.0525	0.0126868
0.0948059	0.0525	0.0126248
0.10534	0.0525	0.0125515
0.115874	0.0525	0.0124652
0.126408	0.0525	0.0123639
0.136942	0.0525	0.0122449
0.147476	0.0525	0.0121056
0.15801	0.0525	0.0119429
0.168544	0.0525	0.0117538
0.179078	0.0525	0.0115357
0.189612	0.0525	0.011286
0.200146	0.0525	0.0110031
0.21068	0.0525	0.0106858
0.221214	0.0525	0.0103338
0.231748	0.0525	0.00994786
0.242282	0.0525	0.00952938
0.252816	0.0525	0.00908057
0.26335	0.0525	0.00860421
0.273884	0.0525	0.00810345
0.284418	0.0525	0.00758165
0.294952	0.0525	0.00704216
0.305486	0.0525	0.00648816
0.31602	0.0525	0.00592253
0.326554	0.0525	0.00534775
0.337088	0.0525	0.00476592
0.347622	0.0525	0.00417871
0.358156	0.0525	0.00358744
0.36869	0.0525	0.00299312
0.379223	0.0525	0.00239657
0.389757	0.0525	0.00179845
0.400291	0.0525	0.0011993
0.410825	0.0525	0.000599662
0.421359	0.0525	0
0	0.06	0.0145225
0.0113246	0.06	0.0145186
0.0226491	0.06	0.0145067
0.0339737	0.06	0.0144868
0.0452982	0.06	0.0144584
0.0566228	0.06	0.0144211
0.0679473	0.06	0.0143743
0.0792719	0.06	0.014317
0.0905964	0.06	0.014248
0.101921	0.06	0.0141658
0.113246	0.06	0.0140686
0.12457	0.06	0.0139539
0.135895	0.06	0.0138191
0.147219	0.06	0.0136613
0.158544	0.06	0.0134773
0.169868	0.06	0.0132641
0.181193	0.06	0.0130189
0.192517	0.06	0.0127394
0.203842	0.06	0.0124239
0.215167	0.06	0.0120717
0.226491	0.06	0.0116831
0.237816	0.06	0.011259
0.24914	0.06	0.0108014
0.260465	0.06	0.0103131
0.271789	0.06	0.00979704
0.283114	0.06	0.00925679
0.294438	0.06	0.00869587
0.305763	0.06	0.00811772
0.317088	0.06	0.00752549
0.328412	0.06	0.006922
0.339737	0.06	0.00630967
0.351061	0.06	0.00569048
0.362386	0.06	0.00506606
0.37371	0.06	0.0044377
0.385035	0.06	0.00380646
0.396359	0.06	0.0031732
0.407684	0.06	0.00253865
0.419009	0.06	0.00190348
0.430333	0.06	0.00126829
0.441658	0.06	0.000633616
0.452982	0.06	0
0	0.0675	0.0160961
0.0121151	0.0675	0.0160912
0.0242302	0.0675	0.0160762
0.0363454	0.0675	0.0160509
0.0484605	0.0675	0.016015
0.0605756	0.0675	0.0159676
0.0726907	0.0675	0.015908
0.0848059	0.0675	0.0158349
0.096921	0.0675	0.0157467
0.109036	0.0675	0.0156415
0.121151	0.0675	0.0155168
0.133266	0.0675	0.0153698
0.145381	0.0675	0.0151975
0.157497	0.0675	0.0149967
0.169612	0.0675	0.0147642
0.181727	0.0675	0.014497
0.193842	0.0675	0.0141931
0.205957	0.0675	0.0138509
0.218072	0.0675	0.0134697
0.230187	0.0675	0.0130502
0.242302	0.0675	0.0125936
0.254418	0.0675	0.0121023
0.266533	0.0675	0.0115793
0.278648	0.0675	0.0110281
0.290763	0.0675	0.0104522
0.302878	0.0675	0.00985552
0.314993	0.0675	0.00924146
0.327108	0.0675	0.00861328
0.339223	0.0675	0.00797379
0.351339	0.0675	0.00732541
0.363454	0.0675	0.00667015
0.375569	0.0675	0.00600966
0.387684	0.0675	0.00534529
0.399799	0.0675	0.00467818
0.411914	0.0675	0.00400927
0.424029	0.0675	0.0033394
0.436144	0.0675	0.00266932
0.44826	0.0675	0.00199973
0.460375	0.0675	0.00133125
0.47249	0.0675	0.000664488
0.484605	0.0675	0
0	0.075	0.0176173
0.0129057	0.075	0.0176112
0.0258114	0.075	0.0175927
0.0387171	0.075	0.0175615
0.0516228	0.075	0.017517
0.0645285	0.075	0.0174583
0.0774342	0.075	0.0173843
0.0903399	0.075	0.0172934
0.103246	0.075	0.0171836
0.116151	0.075	0.0170525
0.129057	0.075	0.0168973
0.141963	0.075	0.0167149
0.154868	0.075	0.0165017
0.167774	0.075	0.0162548
0.18068	0.075	0.015971
0.193585	0.075	0.0156481
0.206491	0.075	0.0152846
0.219397	0.075	0.0148801
0.232302	0.075	0.014435
0.245208	0.075	0.0139511
0.258114	0.075	0.0134309
0.27102	0.075	0.0128777
0.283925	0.075	0.012295
0.296831	0.075	0.0116869
0.309737	0.075	0.0110572
0.322642	0.075	0.0104096
0.335548	0.075	0.00974734
0.348454	0.075	0.00907343
0.361359	0.075	0.00839033
0.374265	0.075	0.00770015
0.387171	0.075	0.00700462
0.400077	0.075	0.00630522
0.412982	0.075	0.00560316
0.425888	0.075	0.00489953
0.438794	0.075	0.00419526
0.451699	0.075	0.00349123
0.464605	0.075	0.00278821
0.477511	0.075	0.00208692
0.490416	0.075	0.00138804
0.503322	0.075	0.00069221
0.516228	0.075	0
0	0.0825	0.0190865
0.0136963	0.0825	0.0190791
0.0273925	0.0825	0.0190567
0.0410888	0.0825	0.0190188
0.0547851	0.0825	0.0189648
0.0684813	0.0825	0.0188936
0.0821776	0.0825	0.0188036
0.0958738	0.0825	0.018693
0.10957	0.0825	0.0185595
0.123266	0.0825	0.0184001
0.136963	0.0825	0.0182118
0.150659	0.0825	0.0179911
0.164355	0.0825	0.0177346
0.178051	0.0825	0.0174393
0.191748	0.0825	0.0171029
0.205444	0.0825	0.0167236
0.21914	0.0825	0.016301
0.232836	0.0825	0.0158356
0.246533	0.0825	0.0153293
0.260229	0.0825	0.0147847
0.273925	0.0825	0.0142051
0.287622	0.0825	0.0135946
0.301318	0.0825	0.0129573
0.315014	0.0825	0.0122971
0.32871	0.0825	0.0116181
0.342407	0.0825	0.0109235
0.356103	0.0825	0.0102167
0.369799	0.0825	0.0095001
0.383495	0.0825	0.00877606
0.397192	0.0825	0.00804644
0.410888	0.0825	0.00731286
0.424584	0.0825	0.00657668
0.43828	0.0825	0.00583911
0.451977	0.0825	0.00510123
0.465673	0.0825	0.00436401
0.479369	0.0825	0.00362834
0.493065	0.0825	0.00289504
0.506762	0.0825	0.00216488
0.520458	0.0825	0.00143856
0.534154	0.0825	0.000716729
0.547851	0.0825	0
0	0.09	0.020504
0.0144868	0.09	0.0204951
0.0289737	0.09	0.0204684
0.0434605	0.09	0.0204233
0.0579473	0.09	0.0203589
0.0724342	0.09	0.0202739
0.086921	0.09	0.0201665
0.101408	0.09	0.0200345
0.115895	0.09	0.0198752
0.130381	0.09	0.0196854
0.144868	0.09	0.0194617
0.159355	0.09	0.0192006
0.173842	0.09	0.018899
0.188329	0.09	0.0185542
0.202816	0.09	0.0181645
0.217302	0.09	0.0177291
0.231789	0.09	0.0172485
0.246276	0.09	0.0167245
0.260763	0.09	0.0161599
0.27525	0.09	0.015558
0.289737	0.09	0.0149231
0.304223	0.09	0.0142595
0.31871	0.09	0.0135714
0.333197	0.09	0.012863
0.347684	0.09	0.0121379
0.362171	0.09	0.0113995
0.376658	0.09	0.0106507
0.391144	0.09	0.00989378
0.405631	0.09	0.00913096
0.420118	0.09	0.00836397
0.434605	0.09	0.00759438
0.449092	0.09	0.00682354
0.463579	0.09	0.00605267
0.478065	0.09	0.00528287
0.492552	0.09	0.00451516
0.507039	0.09	0.00375047
0.521526	0.09	0.00298964
0.536013	0.09	0.00223348
0.5505	0.09	0.00148271
0.564986	0.09	0.000738005
0.579473	0.09	0
0	0.0975	0.02187
0.0152774	0.0975	0.0218596
0.0305548	0.0975	0.0218282
0.0458322	0.0975	0.0217752
0.0611096	0.0975	0.0216996
0.076387	0.0975	0.0215997
0.0916644	0.0975	0.0214736
0.106942	0.0975	0.0213186
0.122219	0.0975	0.0211318
0.137497	0.0975	0.0209097
0.152774	0.0975	0.0206488
0.168051	0.0975	0.0203458
0.183329	0.0975	0.0199979
0.198606	0.0975	0.0196029
0.213884	0.0975	0.0191599
0.229161	0.0975	0.0186693
0.244438	0.0975	0.0181325
0.259716	0.0975	0.0175523
0.274993	0.0975	0.0169322
0.290271	0.0975	0.0162764
0.305548	0.0975	0.0155895
0.320825	0.0975	0.0148761
0.336103	0.0975	0.0141404
0.35138	0.0975	0.0133866
0.366658	0.0975	0.0126182
0.381935	0.0975	0.0118383
0.397212	0.0975	0.0110495
0.41249	0.0975	0.0102543
0.427767	0.0975	0.00945469
0.443045	0.0975	0.0086523
0.458322	0.0975	0.00784873
0.473599	0.0975	0.00704537
0.488877	0.0975	0.00624346
0.504154	0.0975	0.00544414
0.519432	0.0975	0.00464847
0.534709	0.0975	0.00385741
0.549986	0.0975	0.00307184
0.565264	0.0975	0.0022926
0.580541	0.0975	0.00152042
0.595819	0.0975	0.000756007
0.611096	0.0975	0
0	0.105	0.0231849
0.016068	0.105	0.0231728
0.0321359	0.105	0.0231364
0.0482039	0.105	0.023075
0.0642719	0.105	0.0229872
0.0803399	0.105	0.0228715
0.0964078	0.105	0.0227253
0.112476	0.105	0.0225459
0.128544	0.105	0.02233
0.144612	0.105	0.0220741
0.16068	0.105	0.0217747
0.176748	0.105	0.0214287
0.192816	0.105	0.0210337
0.208884	0.105	0.0205885
0.224952	0.105	0.0200929
0.24102	0.105	0.0195482
0.257088	0.105	0.018957
0.273156	0.105	0.0183229
0.289223	0.105	0.01765
0.305291	0.105	0.0169431
0.321359	0.105	0.0162071
0.337427	0.105	0.0154466
0.353495	0.105	0.0146659
0.369563	0.105	0.013869
0.385631	0.105	0.0130593
0.401699	0.105	0.0122398
0.417767	0.105	0.0114131
0.433835	0.105	0.0105814
0.449903	0.105	0.00974682
0.465971	0.105	0.00891098
0.482039	0.105	0.0080755
0.498107	0.105	0.00724179
0.514175	0.105	0.00641115
0.530243	0.105	0.00558476
0.546311	0.105	0.00476371
0.562379	0.105	0.003949
0.578447	0.105	0.00314154
0.594515	0.105	0.00234216
0.610583	0.105	0.00155165
0.626651	0.105	0.000770715
0.642719	0.105	0
0	0.1125	0.0244488
0.0168585	0.1125	0.0244349
0.0337171	0.1125	0.0243932
0.0505756	0.1125	0.0243228
0.0674342	0.1125	0.0242222
0.0842927	0.1125	0.0240896
0.101151	0.1125	0.0239223
0.11801	0.1125	0.0237172
0.134868	0.1125	0.0234709
0.151727	0.1125	0.0231799
0.168585	0.1125	0.0228409
0.185444	0.1125	0.0224511
0.202302	0.1125	0.0220088
0.219161	0.1125	0.0215136
0.23602	0.1125	0.0209662
0.252878	0.1125	0.0203689
0.269737	0.1125	0.0197252
0.286595	0.1125	0.0190392
0.303454	0.1125	0.0183159
0.320312	0.1125	0.0175604
0.337171	0.1125	0.0167776
0.354029	0.1125	0.0159723
0.370888	0.1125	0.0151486
0.387746	0.1125	0.0143105
0.404605	0.1125	0.0134613
0.421464	0.1125	0.012604
0.438322	0.1125	0.011741
0.455181	0.1125	0.0108747
0.472039	0.1125	0.0100069
0.488898	0.1125	0.00913963
0.505756	0.1125	0.00827432
0.522615	0.1125	0.0074125
0.539473	0.1125	0.0065555
0.556332	0.1125	0.00570454
0.57319	0.1125	0.00486074
0.590049	0.1125	0.00402512
0.606907	0.1125	0.00319863
0.623766	0.1125	0.00238212
0.640625	0.1125	0.00157637
0.657483	0.1125	0.000782116
0.674342	0.1125	0
0	0.12	0.0256619
0.0176491	0.12	0.0256462
0.0352982	0.12	0.0255989
0.0529473	0.12	0.0255189
0.0705964	0.12	0.0254049
0.0882456	0.12	0.0252545
0.105895	0.12	0.0250649
0.123544	0.12	0.024833
0.141193	0.12	0.0245553
0.158842	0.12	0.0242282
0.176491	0.12	0.0238488
0.19414	0.12	0.0234147
0.211789	0.12	0.0229252
0.229438	0.12	0.0223804
0.247088	0.12	0.0217822
0.264737	0.12	0.0211337
0.282386	0.12	0.0204391
0.300035	0.12	0.0197034
0.317684	0.12	0.0189318
0.335333	0.12	0.0181296
0.352982	0.12	0.0173019
0.370631	0.12	0.0164536
0.38828	0.12	0.0155887
0.40593	0.12	0.0147111
0.423579	0.12	0.013824
0.441228	0.12	0.0129304
0.458877	0.12	0.0120329
0.476526	0.12	0.0111336
0.494175	0.12	0.0102347
0.511824	0.12	0.00933789
0.529473	0.12	0.00844491
0.547122	0.12	0.00755726
0.564772	0.12	0.0066763
0.582421	0.12	0.00580331
0.60007	0.12	0.00493942
0.617719	0.12	0.00408569
0.635368	0.12	0.00324306
0.653017	0.12	0.00241243
0.670666	0.12	0.00159457
0.688315	0.12	0.000790208
0.705964	0.12	0
0	0.1275	0.0268246
0.0184397	0.1275	0.0268069
0.0368794	0.1275	0.0267536
0.055319	0.1275	0.0266637
0.0737587	0.1275	0.0265354
0.0921984	0.1275	0.0263664
0.110638	0.1275	0.0261538
0.129078	0.1275	0.0258941
0.147517	0.1275	0.0255839
0.165957	0.1275	0.0252199
0.184397	0.1275	0.0247995
0.202836	0.1275	0.024321
0.221276	0.1275	0.0237843
0.239716	0.1275	0.0231906
0.258156	0.1275	0.0225426
0.276595	0.1275	0.0218443
0.295035	0.1275	0.0211005
0.313475	0.1275	0.0203166
0.331914	0.1275	0.0194984
0.350354	0.1275	0.0186513
0.368794	0.1275	0.0177805
0.387233	0.1275	0.0168906
0.405673	0.1275	0.015986
0.424113	0.1275	0.0150704
0.442552	0.1275	0.014147
0.460992	0.1275	0.0132188
0.479432	0.1275	0.0122883
0.497871	0.1275	0.0113579
0.516311	0.1275	0.0104297
0.534751	0.1275	0.00950549
0.55319	0.1275	0.00858702
0.57163	0.1275	0.00767585
0.59007	0.1275	0.0067734
0.608509	0.1275	0.00588095
0.626949	0.1275	0.00499967
0.645389	0.1275	0.00413064
0.663828	0.1275	0.00327482
0.682268	0.1275	0.00243309
0.700708	0.1275	0.00160624
0.719148	0.1275	0.000794996
0.737587	0.1275	0
0	0.135	0.0279369
0.0192302	0.135	0.0279172
0.0384605	0.135	0.0278577
0.0576907	0.135	0.0277573
0.076921	0.135	0.0276142
0.0961512	0.135	0.0274259
0.115381	0.135	0.0271892
0.134612	0.135	0.0269009
0.153842	0.135	0.0265574
0.173072	0.135	0.0261559
0.192302	0.135	0.0256941
0.211533	0.135	0.0251711
0.230763	0.135	0.0245876
0.249993	0.135	0.0239456
0.269223	0.135	0.0232488
0.288454	0.135	0.0225019
0.307684	0.135	0.0217102
0.326914	0.135	0.0208798
0.346144	0.135	0.0200165
0.365375	0.135	0.0191259
0.384605	0.135	0.0182133
0.403835	0.135	0.0172834
0.423065	0.135	0.0163404
0.442296	0.135	0.0153882
0.461526	0.135	0.0144299
0.480756	0.135	0.0134687
0.499986	0.135	0.012507
0.519217	0.135	0.0115473
0.538447	0.135	0.0105917
0.557677	0.135	0.00964218
0.576907	0.135	0.00870045
0.596138	0.135	0.00776814
0.615368	0.135	0.00684668
0.634598	0.135	0.00593739
0.653828	0.135	0.00504146
0.673059	0.135	0.00415997
0.692289	0.135	0.00329389
0.711519	0.135	0.00244411
0.730749	0.135	0.0016114
0.74998	0.135	0.00079649
0.76921	0.135	0
0	0.1425	0.0289991
0.0200208	0.1425	0.0289772
0.0400416	0.1425	0.0289112
0.0600625	0.1425	0.0287999
0.0800833	0.1425	0.0286414
0.100104	0.1425	0.0284331
0.120125	0.1425	0.0281717
0.140146	0.1425	0.0278539
0.160167	0.1425	0.0274765
0.180187	0.1425	0.0270369
0.200208	0.1425	0.0265335
0.220229	0.1425	0.025966
0.24025	0.1425	0.025336
0.260271	0.1425	0.0246465
0.280291	0.1425	0.0239018
0.300312	0.1425	0.0231073
0.320333	0.1425	0.0222691
0.340354	0.1425	0.0213934
0.360375	0.1425	0.0204862
0.380396	0.1425	0.0195534
0.400416	0.1425	0.0186003
0.420437	0.1425	0.0176316
0.440458	0.1425	0.0166516
0.460479	0.1425	0.0156641
0.4805	0.1425	0.0146725
0.50052	0.1425	0.0136797
0.520541	0.1425	0.0126885
0.540562	0.1425	0.0117014
0.560583	0.1425	0.0107205
0.580604	0.1425	0.00974777
0.600625	0.1425	0.00878507
0.620645	0.1425	0.00783402
0.640666	0.1425	0.00689608
0.660687	0.1425	0.0059726
0.680708	0.1425	0.00506477
0.700729	0.1425	0.00417368
0.720749	0.1425	0.00330031
0.74077	0.1425	0.00244551
0.760791	0.1425	0.00161008
0.780812	0.1425	0.000794706
0.800833	0.1425	0
0	0.15	0.0300112
0.0208114	0.15	0.029987
0.0416228	0.15	0.0299143
0.0624342	0.15	0.0297918
0.0832456	0.15	0.0296173
0.104057	0.15	0.0293883
0.124868	0.15	0.0291015
0.14568	0.15	0.0287536
0.166491	0.15	0.0283417
0.187302	0.15	0.0278636
0.208114	0.15	0.0273183
0.228925	0.15	0.0267065
0.249737	0.15	0.0260304
0.270548	0.15	0.0252939
0.291359	0.15	0.0245022
0.312171	0.15	0.0236612
0.332982	0.15	0.0227774
0.353794	0.15	0.0218574
0.374605	0.15	0.0209076
0.395416	0.15	0.0199337
0.416228	0.15	0.0189411
0.437039	0.15	0.0179348
0.457851	0.15	0.0169191
0.478662	0.15	0.0158977
0.499473	0.15	0.0148742
0.520285	0.15	0.0138516
0.541096	0.15	0.0128327
0.561907	0.15	0.0118201
0.582719	0.15	0.0108159
0.60353	0.15	0.00982214
0.624342	0.15	0.00884078
0.645153	0.15	0.00787343
0.665964	0.15	0.00692157
0.686776	0.15	0.00598657
0.707587	0.15	0.00506962
0.728399	0.15	0.00417181
0.74921	0.15	0.0032941
0.770021	0.15	0.00243734
0.790833	0.15	0.00160231
0.811644	0.15	0.000789665
0.832456	0.15	0
0	0.1575	0.0309734
0.021602	0.1575	0.0309469
0.0432039	0.1575	0.0308672
0.0648059	0.1575	0.030733
0.0864078	0.1575	0.0305421
0.10801	0.1575	0.0302918
0.129612	0.1575	0.0299789
0.151214	0.1575	0.0296003
0.172816	0.1575	0.0291533
0.194418	0.1575	0.0286364
0.21602	0.1575	0.0280491
0.237622	0.1575	0.027393
0.259223	0.1575	0.0266713
0.280825	0.1575	0.0258884
0.302427	0.1575	0.0250504
0.324029	0.1575	0.0241637
0.345631	0.1575	0.0232353
0.367233	0.1575	0.022272
0.388835	0.1575	0.0212804
0.410437	0.1575	0.0202664
0.432039	0.1575	0.0192356
0.453641	0.1575	0.0181929
0.475243	0.1575	0.0171426
0.496845	0.1575	0.0160888
0.518447	0.1575	0.0150349
0.540049	0.1575	0.0139841
0.561651	0.1575	0.0129393
0.583253	0.1575	0.0119031
0.604855	0.1575	0.0108777
0.626457	0.1575	0.0098652
0.648059	0.1575	0.00886753
0.669661	0.1575	0.00788635
0.691263	0.1575	0.00692317
0.712865	0.1575	0.00597934
0.734467	0.1575	0.00505607
0.756069	0.1575	0.00415441
0.77767	0.1575	0.00327533
0.799272	0.1575	0.00241966
0.820874	0.1575	0.00158813
0.842476	0.1575	0.00078139
0.864078	0.1575	0
0	0.165	0.0318857
0.0223925	0.165	0.0318569
0.0447851	0.165	0.03177
0.0671776	0.165	0.0316237
0.0895701	0.165	0.0314159
0.111963	0.165	0.0311438
0.134355	0.165	0.0308042
0.156748	0.165	0.0303943
0.17914	0.165	0.0299119
0.201533	0.165	0.0293557
0.223925	0.165	0.0287264
0.246318	0.165	0.0280262
0.26871	0.165	0.027259
0.291103	0.165	0.0264303
0.313495	0.165	0.0255465
0.335888	0.165	0.0246149
0.35828	0.165	0.0236427
0.380673	0.165	0.022637
0.403065	0.165	0.0216045
0.425458	0.165	0.0205515
0.447851	0.165	0.0194834
0.470243	0.165	0.0184054
0.492636	0.165	0.0173219
0.515028	0.165	0.016237
0.537421	0.165	0.0151543
0.559813	0.165	0.014077
0.582206	0.165	0.0130082
0.604598	0.165	0.0119503
0.626991	0.165	0.0109059
0.649383	0.165	0.00987688
0.671776	0.165	0.0088653
0.694168	0.165	0.00787281
0.716561	0.165	0.00690092
0.738953	0.165	0.00595098
0.761346	0.165	0.00502417
0.783738	0.165	0.00412156
0.806131	0.165	0.00324407
0.828524	0.165	0.00239251
0.850916	0.165	0.00156759
0.873309	0.165	0.000769906
0.895701	0.165	0
0	0.1725	0.0327484
0.0231831	0.1725	0.0327171
0.0463662	0.1725	0.0326228
0.0695493	0.1725	0.0324641
0.0927324	0.1725	0.0322389
0.115915	0.1725	0.0319444
0.139099	0.1725	0.0315776
0.162282	0.1725	0.0311359
0.185465	0.1725	0.0306175
0.208648	0.1725	0.030022
0.231831	0.1725	0.0293505
0.255014	0.1725	0.0286062
0.278197	0.1725	0.0277938
0.30138	0.1725	0.0269197
0.324563	0.1725	0.0259908
0.347746	0.1725	0.0250149
0.37093	0.1725	0.0239995
0.394113	0.1725	0.0229521
0.417296	0.1725	0.0218796
0.440479	0.1725	0.0207884
0.463662	0.1725	0.0196841
0.486845	0.1725	0.0185719
0.510028	0.1725	0.0174565
0.533211	0.1725	0.016342
0.556394	0.1725	0.0152321
0.579577	0.1725	0.0141301
0.602761	0.1725	0.0130391
0.625944	0.1725	0.0119617
0.649127	0.1725	0.0109004
0.67231	0.1725	0.0098572
0.695493	0.1725	0.00883413
0.718676	0.1725	0.00783285
0.741859	0.1725	0.00685488
0.765042	0.1725	0.00590155
0.788225	0.1725	0.00497403
0.811408	0.1725	0.00407335
0.834591	0.1725	0.0032004
0.857775	0.1725	0.00235597
0.880958	0.1725	0.00154073
0.904141	0.1725	0.00075524
0.927324	0.1725	0
0	0.18	0.0335614
0.0239737	0.18	0.0335276
0.0479473	0.18	0.0334256
0.071921	0.18	0.0332543
0.0958947	0.18	0.0330112
0.119868	0.18	0.0326938
0.143842	0.18	0.0322993
0.167816	0.18	0.0318253
0.191789	0.18	0.0312706
0.215763	0.18	0.0306353
0.239737	0.18	0.0299215
0.26371	0.18	0.0291332
0.287684	0.18	0.0282759
0.311658	0.18	0.0273566
0.335631	0.18	0.0263831
0.359605	0.18	0.0253633
0.383579	0.18	0.0243055
0.407552	0.18	0.0232171
0.431526	0.18	0.0221054
0.4555	0.18	0.0209769
0.479473	0.18	0.0198374
0.503447	0.18	0.0186923
0.527421	0.18	0.0175463
0.551394	0.18	0.0164036
0.575368	0.18	0.0152681
0.599342	0.18	0.0141433
0.623315	0.18	0.0130321
0.647289	0.18	0.0119372
0.671263	0.18	0.0108612
0.695236	0.18	0.00980619
0.71921	0.18	0.00877407
0.743184	0.18	0.00776656
0.767157	0.18	0.00678516
0.791131	0.18	0.00583117
0.815105	0.18	0.00490574
0.839078	0.18	0.00400987
0.863052	0.18	0.00314441
0.887026	0.18	0.00231012
0.910999	0.18	0.00150761
0.934973	0.18	0.000737418
0.958947	0.18	0
0	0.1875	0.0343249
0.0247642	0.1875	0.0342884
0.0495285	0.1875	0.0341787
0.0742927	0.1875	0.0339943
0.0990569	0.1875	0.033733
0.123821	0.1875	0.0333922
0.148585	0.1875	0.0329694
0.17335	0.1875	0.0324626
0.198114	0.1875	0.0318711
0.222878	0.1875	0.0311958
0.247642	0.1875	0.0304397
0.272407	0.1875	0.0296073
0.297171	0.1875	0.0287052
0.321935	0.1875	0.0277411
0.346699	0.1875	0.0267232
0.371464	0.1875	0.0256602
0.396228	0.1875	0.0245603
0.420992	0.1875	0.0234317
0.445756	0.1875	0.0222815
0.47052	0.1875	0.0211166
0.495285	0.1875	0.019943
0.520049	0.1875	0.0187662
0.544813	0.1875	0.0175909
0.569577	0.1875	0.0164217
0.594342	0.1875	0.0152624
0.619106	0.1875	0.0141164
0.64387	0.1875	0.012987
0.668634	0.1875	0.0118768
0.693399	0.1875	0.0107884
0.718163	0.1875	0.00972389
0.742927	0.1875	0.00868521
0.767691	0.1875	0.00767404
0.792456	0.1875	0.00669186
0.81722	0.1875	0.00573995
0.841984	0.1875	0.00481942
0.866748	0.1875	0.00393123
0.891512	0.1875	0.00307619
0.916277	0.1875	0.00225501
0.941041	0.1875	0.00146827
0.965805	0.1875	0.000716466
0.990569	0.1875	0
0	0.195	0.0350389
0.0255548	0.195	0.0349998
0.0511096	0.195	0.034882
0.0766644	0.195	0.0346842
0.102219	0.195	0.0344042
0.127774	0.195	0.0340396
0.153329	0.195	0.033588
0.178884	0.195	0.0330479
0.204438	0.195	0.0324193
0.229993	0.195	0.0317037
0.255548	0.195	0.0309049
0.281103	0.195	0.0300285
0.306658	0.195	0.0290817
0.332212	0.195	0.0280729
0.357767	0.195	0.027011
0.383322	0.195	0.0259051
0.408877	0.195	0.0247638
0.434432	0.195	0.0235955
0.459986	0.195	0.0224077
0.485541	0.195	0.0212073
0.511096	0.195	0.0200007
0.536651	0.195	0.0187934
0.562206	0.195	0.0175903
0.587761	0.195	0.0163961
0.613315	0.195	0.0152146
0.63887	0.195	0.0140495
0.664425	0.195	0.0129039
0.68998	0.195	0.0117806
0.715535	0.195	0.010682
0.741089	0.195	0.00961041
0.766644	0.195	0.00856766
0.792199	0.195	0.00755541
0.817754	0.195	0.00657511
0.843309	0.195	0.00562801
0.868863	0.195	0.00471518
0.894418	0.195	0.00383753
0.919973	0.195	0.00299583
0.945528	0.195	0.00219073
0.971083	0.195	0.00142278
0.996637	0.195	0.000692411
1.02219	0.195	0
0	0.2025	0.0357035
0.0263454	0.2025	0.0356616
0.0526907	0.2025	0.0355356
0.0790361	0.2025	0.0353241
0.105381	0.2025	0.035025
0.131727	0.2025	0.0346361
0.158072	0.2025	0.0341552
0.184418	0.2025	0.0335814
0.210763	0.2025	0.0329151
0.237108	0.2025	0.0321589
0.263454	0.2025	0.0313173
0.289799	0.2025	0.0303967
0.316144	0.2025	0.0294053
0.34249	0.2025	0.0283519
0.368835	0.2025	0.0272463
0.395181	0.2025	0.0260977
0.421526	0.2025	0.0249155
0.447871	0.2025	0.0237082
0.474217	0.2025	0.0224835
0.500562	0.2025	0.0212487
0.526907	0.2025	0.0200102
0.553253	0.2025	0.0187736
0.579598	0.2025	0.0175443
0.605944	0.2025	0.0163267
0.632289	0.2025	0.0151249
0.658634	0.2025	0.0139425
0.68498	0.2025	0.0127828
0.711325	0.2025	0.0116485
0.73767	0.2025	0.0105421
0.764016	0.2025	0.00946587
0.790361	0.2025	0.00842154
0.816707	0.2025	0.0074108
0.843052	0.2025	0.00643506
0.869397	0.2025	0.0054955
0.895743	0.2025	0.00459315
0.922088	0.2025	0.00372889
0.948433	0.2025	0.00290342
0.974779	0.2025	0.00211734
1.00112	0.2025	0.00137116
1.02747	0.2025	0.000665275
1.05381	0.2025	0
0	0.21	0.0363187
0.0271359	0.21	0.036274
0.0542719	0.21	0.0361396
0.0814078	0.21	0.0359141
0.108544	0.21	0.0355955
0.13568	0.21	0.0351817
0.162816	0.21	0.034671
0.189952	0.21	0.034063
0.217088	0.21	0.0333587
0.244223	0.21	0.0325615
0.271359	0.21	0.0316767
0.298495	0.21	0.0307118
0.325631	0.21	0.0296756
0.352767	0.21	0.0285778
0.379903	0.21	0.0274286
0.407039	0.21	0.0262379
0.434175	0.21	0.0250152
0.461311	0.21	0.0237695
0.488447	0.21	0.0225088
0.515583	0.21	0.0212405
0.542719	0.21	0.0199712
0.569855	0.21	0.0187068
0.596991	0.21	0.0174526
0.624127	0.21	0.0162134
0.651263	0.21	0.0149931
0.678399	0.21	0.0137955
0.705535	0.21	0.0126238
0.73267	0.21	0.0114807
0.759806	0.21	0.0103689
0.786942	0.21	0.00929038
0.814078	0.21	0.00824701
0.841214	0.21	0.00724037
0.86835	0.21	0.00627183
0.895486	0.21	0.00534254
0.922622	0.21	0.00445346
0.949758	0.21	0.00360541
0.976894	0.21	0.00279904
1.00403	0.21	0.00203492
1.03117	0.21	0.00131348
1.0583	0.21	0.000635081
1.08544	0.21	0
0	0.2175	0.0368846
0.0279265	0.2175	0.036837
0.055853	0.2175	0.036694
0.0837795	0.2175	0.0364541
0.111706	0.2175	0.0361156
0.139633	0.2175	0.0356765
0.167559	0.2175	0.0351355
0.195486	0.2175	0.0344927
0.223412	0.2175	0.0337499
0.251339	0.2175	0.0329112
0.279265	0.2175	0.031983
0.307192	0.2175	0.0309736
0.335118	0.2175	0.0298926
0.363045	0.2175	0.0287504
0.390971	0.2175	0.0275578
0.418898	0.2175	0.0263251
0.446824	0.2175	0.0250625
0.474751	0.2175	0.023779
0.502677	0.2175	0.0224831
0.530604	0.2175	0.0211824
0.55853	0.2175	0.0198836
0.586457	0.2175	0.0185928
0.614383	0.2175	0.0173154
0.64231	0.2175	0.0160562
0.670236	0.2175	0.0148193
0.698163	0.2175	0.0136084
0.726089	0.2175	0.0124269
0.754016	0.2175	0.0112774
0.781942	0.2175	0.0101624
0.809869	0.2175	0.00908412
0.837795	0.2175	0.00804421
0.865722	0.2175	0.00704427
0.893648	0.2175	0.0060856
0.921575	0.2175	0.00516928
0.949501	0.2175	0.00429623
0.977428	0.2175	0.0034672
1.00535	0.2175	0.00268279
1.03328	0.2175	0.00194352
1.06121	0.2175	0.00124977
1.08913	0.2175	0.000601849
1.11706	0.2175	0
0	0.225	0.0374011
0.0287171	0.225	0.0373506
0.0574342	0.225	0.0371988
0.0861512	0.225	0.0369443
0.114868	0.225	0.0365855
0.143585	0.225	0.0361206
0.172302	0.225	0.0355487
0.20102	0.225	0.0348705
0.229737	0.225	0.0340886
0.258454	0.225	0.0332081
0.287171	0.225	0.0322361
0.315888	0.225	0.0311819
0.344605	0.225	0.0300559
0.373322	0.225	0.0288693
0.402039	0.225	0.0276334
0.430756	0.225	0.0263592
0.459473	0.225	0.0250571
0.48819	0.225	0.0237366
0.516907	0.225	0.0224064
0.545625	0.225	0.0210743
0.574342	0.225	0.0197472
0.603059	0.225	0.0184315
0.631776	0.225	0.0171325
0.660493	0.225	0.0158551
0.68921	0.225	0.0146035
0.717927	0.225	0.0133815
0.746644	0.225	0.0121923
0.775361	0.225	0.0110386
0.804078	0.225	0.0099229
0.832795	0.225	0.00884722
0.861512	0.225	0.00781331
0.89023	0.225	0.00682266
0.918947	0.225	0.00587649
0.947664	0.225	0.00497585
0.976381	0.225	0.00412157
1.0051	0.225	0.00331435
1.03381	0.225	0.00255475
1.06253	0.225	0.0018432
1.09125	0.225	0.00118006
1.11997	0.225	0.000565599
1.14868	0.225	0
0	0.2325	0.0378684
0.0295077	0.2325	0.0378149
0.0590153	0.2325	0.0376541
0.088523	0.2325	0.0373847
0.118031	0.2325	0.0370051
0.147538	0.2325	0.0365139
0.177046	0.2325	0.0359106
0.206554	0.2325	0.0351964
0.236061	0.2325	0.0343749
0.265569	0.2325	0.0334519
0.295077	0.2325	0.0324357
0.324584	0.2325	0.0313364
0.354092	0.2325	0.0301652
0.383599	0.2325	0.0289342
0.413107	0.2325	0.0276552
0.442615	0.2325	0.0263398
0.472122	0.2325	0.0249987
0.50163	0.2325	0.0236419
0.531138	0.2325	0.0222783
0.560645	0.2325	0.020916
0.590153	0.2325	0.019562
0.619661	0.2325	0.0182228
0.649168	0.2325	0.0169038
0.678676	0.2325	0.0156101
0.708184	0.2325	0.0143459
0.737691	0.2325	0.0131148
0.767199	0.2325	0.0119201
0.796707	0.2325	0.0107645
0.826214	0.2325	0.00965043
0.855722	0.2325	0.00857986
0.88523	0.2325	0.00755448
0.914737	0.2325	0.00657569
0.944245	0.2325	0.00564467
0.973753	0.2325	0.00476238
1.00326	0.2325	0.00392961
1.03277	0.2325	0.00314697
1.06228	0.2325	0.00241498
1.09178	0.2325	0.00173402
1.12129	0.2325	0.00110441
1.1508	0.2325	0.000526348
1.18031	0.2325	0
0	0.24	0.0382865
0.0302982	0.24	0.0382299
0.0605964	0.24	0.0380599
0.0908947	0.24	0.0377752
0.121193	0.24	0.0373744
0.151491	0.24	0.0368563
0.181789	0.24	0.036221
0.212088	0.24	0.0354703
0.242386	0.24	0.0346085
0.272684	0.24	0.0336426
0.302982	0.24	0.0325816
0.33328	0.24	0.0314368
0.363579	0.24	0.0302203
0.393877	0.24	0.0289447
0.424175	0.24	0.0276228
0.454473	0.24	0.0262665
0.484772	0.24	0.0248871
0.51507	0.24	0.0234948
0.545368	0.24	0.0220988
0.575666	0.24	0.0207073
0.605964	0.24	0.0193278
0.636263	0.24	0.0179667
0.666561	0.24	0.0166296
0.696859	0.24	0.0153214
0.727157	0.24	0.0140464
0.757456	0.24	0.0128084
0.787754	0.24	0.0116104
0.818052	0.24	0.0104553
0.84835	0.24	0.00934522
0.878648	0.24	0.00828222
0.908947	0.24	0.00726788
0.939245	0.24	0.00630353
0.969543	0.24	0.00539027
0.999841	0.24	0.004529
1.03014	0.24	0.00372044
1.06044	0.24	0.00296514
1.09074	0.24	0.00226356
1.12103	0.24	0.00161603
1.15133	0.24	0.00102283
1.18163	0.24	0.000484119
1.21193	0.24	0
0	0.2475	0.0386553
0.0310888	0.2475	0.0385956
0.0621776	0.2475	0.0384162
0.0932664	0.2475	0.0381159
0.124355	0.2475	0.0376935
0.155444	0.2475	0.037148
0.186533	0.2475	0.03648
0.217622	0.2475	0.0356921
0.24871	0.2475	0.0347894
0.279799	0.2475	0.0337798
0.310888	0.2475	0.0326736
0.341977	0.2475	0.0314828
0.373065	0.2475	0.0302207
0.404154	0.2475	0.0289007
0.435243	0.2475	0.0275359
0.466332	0.2475	0.0261392
0.497421	0.2475	0.0247219
0.528509	0.2475	0.0232949
0.559598	0.2475	0.0218675
0.590687	0.2475	0.0204483
0.621776	0.2475	0.0190447
0.652865	0.2475	0.0176633
0.683953	0.2475	0.0163097
0.715042	0.2475	0.0149889
0.746131	0.2475	0.0137053
0.77722	0.2475	0.0124624
0.808309	0.2475	0.0112635
0.839397	0.2475	0.0101111
0.870486	0.2475	0.00900745
0.901575	0.2475	0.00795447
0.932664	0.2475	0.00695367
0.963753	0.2475	0.00600632
0.994841	0.2475	0.00511344
1.02593	0.2475	0.00427583
1.05702	0.2475	0.00349417
1.08811	0.2475	0.00276894
1.1192	0.2475	0.00210054
1.15029	0.2475	0.00148928
1.18137	0.2475	0.000935363
1.21246	0.2475	0.000438936
1.24355	0.2475	0
0	0.255	0.0389749
0.0318794	0.255	0.038912
0.0637587	0.255	0.038723
0.0956381	0.255	0.0384069
0.127517	0.255	0.0379623
0.159397	0.255	0.0373889
0.191276	0.255	0.0366875
0.223156	0.255	0.0358616
0.255035	0.255	0.0349172
0.286914	0.255	0.0338633
0.318794	0.255	0.0327113
0.350673	0.255	0.0314742
0.382552	0.255	0.0301662
0.414432	0.255	0.0288016
0.446311	0.255	0.0273943
0.47819	0.255	0.0259574
0.51007	0.255	0.024503
0.541949	0.255	0.0230421
0.573828	0.255	0.0215845
0.605708	0.255	0.0201388
0.637587	0.255	0.0187125
0.669467	0.255	0.0173125
0.701346	0.255	0.0159443
0.733225	0.255	0.0146129
0.765105	0.255	0.0133227
0.796984	0.255	0.0120772
0.828863	0.255	0.0108794
0.860743	0.255	0.00973209
0.892622	0.255	0.00863728
0.924501	0.255	0.00759677
0.956381	0.255	0.00661203
0.98826	0.255	0.00568422
1.02014	0.255	0.00481429
1.05202	0.255	0.00400298
1.0839	0.255	0.00325088
1.11578	0.255	0.00255843
1.14766	0.255	0.00192599
1.17954	0.255	0.0013538
1.21142	0.255	0.000842062
1.2433	0.255	0.000390836
1.27517	0.255	0
0	0.2625	0.0392453
0.0326699	0.2625	0.0391791
0.0653399	0.2625	0.0389804
0.0980098	0.2625	0.038648
0.13068	0.2625	0.0381809
0.16335	0.2625	0.0375789
0.19602	0.2625	0.0368434
0.22869	0.2625	0.0359787
0.261359	0.2625	0.0349919
0.294029	0.2625	0.033893
0.326699	0.2625	0.0326945
0.359369	0.2625	0.0314106
0.392039	0.2625	0.0300565
0.424709	0.2625	0.0286472
0.457379	0.2625	0.0271975
0.490049	0.2625	0.0257209
0.522719	0.2625	0.0242301
0.555389	0.2625	0.0227363
0.588059	0.2625	0.0212496
0.620729	0.2625	0.0197787
0.653399	0.2625	0.0183314
0.686069	0.2625	0.0169144
0.718738	0.2625	0.0155334
0.751408	0.2625	0.0141934
0.784078	0.2625	0.0128987
0.816748	0.2625	0.0116527
0.849418	0.2625	0.0104585
0.882088	0.2625	0.00931852
0.914758	0.2625	0.0082349
0.947428	0.2625	0.00720931
0.980098	0.2625	0.0062431
1.01277	0.2625	0.00533736
1.04544	0.2625	0.00449295
1.07811	0.2625	0.00371055
1.11078	0.2625	0.00299067
1.14345	0.2625	0.0023337
1.17612	0.2625	0.00173997
1.20879	0.2625	0.00120968
1.24146	0.2625	0.00074299
1.27413	0.2625	0.000339878
1.3068	0.2625	0
0	0.27	0.0394665
0.0334605	0.27	0.0393971
0.066921	0.27	0.0391883
0.100381	0.27	0.0388394
0.133842	0.27	0.0383492
0.167302	0.27	0.0377179
0.200763	0.27	0.0369476
0.234223	0.27	0.0360433
0.267684	0.27	0.0350132
0.301144	0.27	0.0338685
0.334605	0.27	0.0326228
0.368065	0.27	0.0312917
0.401526	0.27	0.0298911
0.434986	0.27	0.0284372
0.468447	0.27	0.0269453
0.501907	0.27	0.0254296
0.535368	0.27	0.023903
0.568828	0.27	0.0223773
0.602289	0.27	0.0208627
0.635749	0.27	0.0193681
0.66921	0.27	0.0179013
0.70267	0.27	0.0164691
0.736131	0.27	0.0150772
0.769591	0.27	0.0137306
0.803052	0.27	0.0124334
0.836512	0.27	0.0111892
0.869973	0.27	0.0100007
0.903433	0.27	0.00887052
0.936894	0.27	0.00780049
0.970354	0.27	0.00679224
1.00381	0.27	0.00584703
1.03728	0.27	0.00496587
1.07074	0.27	0.00414954
1.1042	0.27	0.00339863
1.13766	0.27	0.0027136
1.17112	0.27	0.00209482
1.20458	0.27	0.00154255
1.23804	0.27	0.00105699
1.2715	0.27	0.000638248
1.30496	0.27	0.000286161
1.33842	0.27	0
0	0.2775	0.0396386
0.0342511	0.2775	0.0395657
0.0685021	0.2775	0.0393469
0.102753	0.2775	0.038981
0.137004	0.2775	0.0384672
0.171255	0.2775	0.037806
0.205506	0.2775	0.0370001
0.239757	0.2775	0.0360553
0.274009	0.2775	0.0349809
0.30826	0.2775	0.0337895
0.342511	0.2775	0.032496
0.376762	0.2775	0.0311171
0.411013	0.2775	0.0296698
0.445264	0.2775	0.0281713
0.479515	0.2775	0.0266374
0.513766	0.2775	0.0250831
0.548017	0.2775	0.0235217
0.582268	0.2775	0.0219651
0.616519	0.2775	0.0204238
0.65077	0.2775	0.0189069
0.685021	0.2775	0.0174223
0.719272	0.2775	0.0159767
0.753524	0.2775	0.0145759
0.787775	0.2775	0.0132247
0.822026	0.2775	0.0119272
0.856277	0.2775	0.0106869
0.890528	0.2775	0.00950646
0.924779	0.2775	0.0083883
0.95903	0.2775	0.00733422
0.993281	0.2775	0.00634572
1.02753	0.2775	0.00542397
1.06178	0.2775	0.00456988
1.09603	0.2775	0.00378415
1.13029	0.2775	0.00306731
1.16454	0.2775	0.00241977
1.19879	0.2775	0.00184186
1.23304	0.2775	0.00133383
1.26729	0.2775	0.000895873
1.30154	0.2775	0.000528005
1.33579	0.2775	0.000229851
1.37004	0.2775	0
0	0.285	0.0397615
0.0350416	0.285	0.0396852
0.0700833	0.285	0.0394559
0.105125	0.285	0.0390728
0.140167	0.285	0.0385349
0.175208	0.285	0.037843
0.21025	0.285	0.0370006
0.245291	0.285	0.0360143
0.280333	0.285	0.0348947
0.315375	0.285	0.0336557
0.350416	0.285	0.0323136
0.385458	0.285	0.0308864
0.4205	0.285	0.0293923
0.455541	0.285	0.0278491
0.490583	0.285	0.0262736
0.525625	0.285	0.0246813
0.560666	0.285	0.0230859
0.595708	0.285	0.0214995
0.630749	0.285	0.0199329
0.665791	0.285	0.0183953
0.700833	0.285	0.0168945
0.735874	0.285	0.0154373
0.770916	0.285	0.0140295
0.805958	0.285	0.0126757
0.840999	0.285	0.0113801
0.876041	0.285	0.0101459
0.911083	0.285	0.00897581
0.946124	0.285	0.00787201
0.981166	0.285	0.00683625
1.01621	0.285	0.0058699
1.05125	0.285	0.00497405
1.08629	0.285	0.0041495
1.12133	0.285	0.00339689
1.15637	0.285	0.00271668
1.19142	0.285	0.00210926
1.22646	0.285	0.00157494
1.2615	0.285	0.00111397
1.29654	0.285	0.000726531
1.33158	0.285	0.000412543
1.36662	0.285	0.000171226
1.40167	0.285	0
0	0.2925	0.0398353
0.0358322	0.2925	0.0397554
0.0716644	0.2925	0.0395156
0.107497	0.2925	0.0391148
0.143329	0.2925	0.0385522
0.179161	0.2925	0.037829
0.214993	0.2925	0.036949
0.250825	0.2925	0.0359203
0.286658	0.2925	0.0347544
0.32249	0.2925	0.0334669
0.358322	0.2925	0.0320755
0.394154	0.2925	0.0305994
0.429986	0.2925	0.0290581
0.465819	0.2925	0.0274704
0.501651	0.2925	0.0258537
0.537483	0.2925	0.024224
0.573315	0.2925	0.0225955
0.609148	0.2925	0.0209806
0.64498	0.2925	0.01939
0.680812	0.2925	0.0178332
0.716644	0.2925	0.016318
0.752476	0.2925	0.0148511
0.788309	0.2925	0.0134382
0.824141	0.2925	0.012084
0.859973	0.2925	0.0107924
0.895805	0.2925	0.00956651
0.931637	0.2925	0.00840897
0.96747	0.2925	0.00732184
1.0033	0.2925	0.00630674
1.03913	0.2925	0.00536493
1.07497	0.2925	0.00449738
1.1108	0.2925	0.00370483
1.14663	0.2925	0.00298784
1.18246	0.2925	0.00234684
1.2183	0.2925	0.00178219
1.25413	0.2925	0.00129421
1.28996	0.2925	0.000883197
1.32579	0.2925	0.000549321
1.36162	0.2925	0.000292329
1.39746	0.2925	0.000110751
1.43329	0.2925	0
0	0.3	0.0398599
0.0366228	0.3	0.0397764
0.0732456	0.3	0.0395259
0.109868	0.3	0.039107
0.146491	0.3	0.0385192
0.183114	0.3	0.0377637
0.219737	0.3	0.0368453
0.256359	0.3	0.0357729
0.292982	0.3	0.0345597
0.329605	0.3	0.0332226
0.366228	0.3	0.0317811
0.402851	0.3	0.0302556
0.439473	0.3	0.028667
0.476096	0.3	0.0270348
0.512719	0.3	0.0253774
0.549342	0.3	0.0237111
0.585964	0.3	0.0220505
0.622587	0.3	0.0204082
0.65921	0.3	0.0187952
0.695833	0.3	0.0172208
0.732456	0.3	0.0156929
0.769078	0.3	0.0142182
0.805701	0.3	0.0128023
0.842324	0.3	0.0114497
0.878947	0.3	0.0101642
0.915569	0.3	0.00894883
0.952192	0.3	0.00780612
0.988815	0.3	0.00673795
1.02544	0.3	0.00574583
1.06206	0.3	0.00483092
1.09868	0.3	0.00399409
1.13531	0.3	0.00323598
1.17193	0.3	0.00255712
1.20855	0.3	0.0019579
1.24517	0.3	0.0014387
1.2818	0.3	0.000999918
1.31842	0.3	0.000641899
1.35504	0.3	0.000364821
1.39167	0.3	0.000168133
1.42829	0.3	4.91845e-05
1.46491	0.3	0
