0	0	0
0.00875	0	0
0.0175	0	0
0.02625	0	0
0.035	0	0
0.04375	0	0
0.0525	0	0
0.06125	0	0
0.07	0	0
0.07875	0	0
0.0875	0	0
0.09625	0	0
0.105	0	0
0.11375	0	0
0.1225	0	0
0.13125	0	0
0.14	0	0
0.14875	0	0
0.1575	0	0
0.16625	0	0
0.175	0	0
0.18375	0	0
0.1925	0	0
0.20125	0	0
0.21	0	0
0.21875	0	0
0.2275	0	0
0.23625	0	0
0.245	0	0
0.25375	0	0
0.2625	0	0
0.27125	0	0
0.28	0	0
0.28875	0	0
0.2975	0	0
0.30625	0	0
0.315	0	0
0.32375	0	0
0.3325	0	0
0.34125	0	0
0.35	0	0
0	0.0125	0.00520421
0.00939726	0.0125	0.00520364
0.0187945	0.0125	0.00520193
0.0281918	0.0125	0.00519907
0.037589	0.0125	0.00519505
0.0469863	0.0125	0.00518985
0.0563836	0.0125	0.00518345
0.0657808	0.0125	0.00517583
0.0751781	0.0125	0.00516696
0.0845753	0.0125	0.0051568
0.0939726	0.0125	0.00514531
0.10337	0.0125	0.00513244
0.112767	0.0125	0.00511813
0.122164	0.0125	0.0051023
0.131562	0.0125	0.0050849
0.140959	0.0125	0.00506582
0.150356	0.0125	0.00504496
0.159753	0.0125	0.00502221
0.169151	0.0125	0.00499743
0.178548	0.0125	0.00497044
0.187945	0.0125	0.00494108
0.197342	0.0125	0.0049091
0.20674	0.0125	0.00487422
0.216137	0.0125	0.00483611
0.225534	0.0125	0.00479431
0.234931	0.0125	0.00474823
0.244329	0.0125	0.00469708
0.253726	0.0125	0.00463975
0.263123	0.0125	0.00457468
0.272521	0.0125	0.00449966
0.281918	0.0125	0.00441154
0.291315	0.0125	0.00430578
0.300712	0.0125	0.00417599
0.31011	0.0125	0.00401309
0.319507	0.0125	0.00380437
0.328904	0.0125	0.0035322
0.338301	0.0125	0.00317233
0.347699	0.0125	0.00269171
0.357096	0.0125	0.00204576
0.366493	0.0125	0.00117486
0.37589	0.0125	0
0	0.025	0.0102542
0.0100445	0.025	0.0102529
0.020089	0.025	0.010249
0.0301336	0.025	0.0102425
0.0401781	0.025	0.0102333
0.0502226	0.025	0.0102214
0.0602671	0.025	0.0102068
0.0703116	0.025	0.0101894
0.0803562	0.025	0.0101691
0.0904007	0.025	0.0101458
0.100445	0.025	0.0101193
0.11049	0.025	0.0100897
0.120534	0.025	0.0100566
0.130579	0.025	0.01002
0.140623	0.025	0.00997957
0.150668	0.025	0.0099351
0.160712	0.025	0.00988628
0.170757	0.025	0.00983277
0.180801	0.025	0.00977415
0.190846	0.025	0.00970992
0.20089	0.025	0.00963946
0.210935	0.025	0.009562
0.220979	0.025	0.00947658
0.231024	0.025	0.00938193
0.241068	0.025	0.0092764
0.251113	0.025	0.0091578
0.261158	0.025	0.0090232
0.271202	0.025	0.0088687
0.281247	0.025	0.00868907
0.291291	0.025	0.00847744
0.301336	0.025	0.00822485
0.31138	0.025	0.0079199
0.321425	0.025	0.00754834
0.331469	0.025	0.007093
0.341514	0.025	0.00653392
0.351558	0.025	0.00584918
0.361603	0.025	0.00501666
0.371647	0.025	0.00401712
0.381692	0.025	0.00283955
0.391736	0.025	0.00148924
0.401781	0.025	0
0	0.0375	0.015152
0.0106918	0.0375	0.0151498
0.0213836	0.0375	0.0151432
0.0320753	0.0375	0.0151322
0.0427671	0.0375	0.0151166
0.0534589	0.0375	0.0150965
0.0641507	0.0375	0.0150717
0.0748425	0.0375	0.0150421
0.0855342	0.0375	0.0150076
0.096226	0.0375	0.0149679
0.106918	0.0375	0.0149228
0.11761	0.0375	0.0148721
0.128301	0.0375	0.0148155
0.138993	0.0375	0.0147525
0.149685	0.0375	0.0146828
0.160377	0.0375	0.0146058
0.171068	0.0375	0.0145209
0.18176	0.0375	0.0144274
0.192452	0.0375	0.0143244
0.203144	0.0375	0.0142107
0.213836	0.0375	0.0140849
0.224527	0.0375	0.0139453
0.235219	0.0375	0.0137897
0.245911	0.0375	0.0136152
0.256603	0.0375	0.013418
0.267294	0.0375	0.0131934
0.277986	0.0375	0.0129355
0.288678	0.0375	0.0126367
0.29937	0.0375	0.0122876
0.310062	0.0375	0.0118771
0.320753	0.0375	0.0113921
0.331445	0.0375	0.0108181
0.342137	0.0375	0.0101397
0.352829	0.0375	0.00934143
0.363521	0.0375	0.00840992
0.374212	0.0375	0.00733546
0.384904	0.0375	0.00611457
0.395596	0.0375	0.00475221
0.406288	0.0375	0.00326301
0.416979	0.0375	0.0016702
0.427671	0.0375	0
0	0.05	0.0198996
0.011339	0.05	0.0198964
0.0226781	0.05	0.0198865
0.0340171	0.05	0.0198701
0.0453562	0.05	0.0198469
0.0566952	0.05	0.0198169
0.0680342	0.05	0.0197799
0.0793733	0.05	0.0197357
0.0907123	0.05	0.0196839
0.102051	0.05	0.0196244
0.11339	0.05	0.0195568
0.124729	0.05	0.0194805
0.136068	0.05	0.019395
0.147408	0.05	0.0192998
0.158747	0.05	0.019194
0.170086	0.05	0.0190767
0.181425	0.05	0.0189468
0.192764	0.05	0.018803
0.204103	0.05	0.0186436
0.215442	0.05	0.0184666
0.226781	0.05	0.0182694
0.23812	0.05	0.0180489
0.249459	0.05	0.017801
0.260798	0.05	0.0175209
0.272137	0.05	0.0172023
0.283476	0.05	0.016838
0.294815	0.05	0.016419
0.306154	0.05	0.0159351
0.317493	0.05	0.0153747
0.328832	0.05	0.0147254
0.340171	0.05	0.0139747
0.35151	0.05	0.0131106
0.362849	0.05	0.0121231
0.374188	0.05	0.0110055
0.385527	0.05	0.00975564
0.396866	0.05	0.00837698
0.408205	0.05	0.00687871
0.419544	0.05	0.0052751
0.430883	0.05	0.00358333
0.442223	0.05	0.00182042
0.453562	0.05	0
0	0.0625	0.024499
0.0119863	0.0625	0.0244945
0.0239726	0.0625	0.0244809
0.0359589	0.0625	0.0244581
0.0479452	0.0625	0.024426
0.0599315	0.0625	0.0243844
0.0719178	0.0625	0.024333
0.0839041	0.0625	0.0242716
0.0958904	0.0625	0.0241997
0.107877	0.0625	0.0241169
0.119863	0.0625	0.0240224
0.131849	0.0625	0.0239158
0.143836	0.0625	0.0237961
0.155822	0.0625	0.0236622
0.167808	0.0625	0.0235131
0.179794	0.0625	0.0233472
0.191781	0.0625	0.0231629
0.203767	0.0625	0.0229578
0.215753	0.0625	0.0227295
0.22774	0.0625	0.0224746
0.239726	0.0625	0.0221893
0.251712	0.0625	0.0218687
0.263699	0.0625	0.021507
0.275685	0.0625	0.0210971
0.287671	0.0625	0.0206311
0.299657	0.0625	0.0200996
0.311644	0.0625	0.0194923
0.32363	0.0625	0.0187985
0.335616	0.0625	0.0180071
0.347603	0.0625	0.017108
0.359589	0.0625	0.0160928
0.371575	0.0625	0.0149553
0.383562	0.0625	0.0136934
0.395548	0.0625	0.0123086
0.407534	0.0625	0.0108072
0.41952	0.0625	0.00919906
0.431507	0.0625	0.00749674
0.443493	0.0625	0.00571393
0.455479	0.0625	0.00386351
0.467466	0.0625	0.00195618
0.479452	0.0625	0
0	0.075	0.028952
0.0126336	0.075	0.028946
0.0252671	0.075	0.0289281
0.0379007	0.075	0.0288981
0.0505342	0.075	0.0288557
0.0631678	0.075	0.0288008
0.0758014	0.075	0.028733
0.0884349	0.075	0.0286518
0.101068	0.075	0.0285566
0.113702	0.075	0.0284467
0.126336	0.075	0.0283214
0.138969	0.075	0.0281795
0.151603	0.075	0.0280199
0.164236	0.075	0.0278411
0.17687	0.075	0.0276413
0.189503	0.075	0.0274184
0.202137	0.075	0.0271699
0.214771	0.075	0.0268926
0.227404	0.075	0.0265828
0.240038	0.075	0.026236
0.252671	0.075	0.0258468
0.265305	0.075	0.0254088
0.277938	0.075	0.0249147
0.290572	0.075	0.0243561
0.303205	0.075	0.0237238
0.315839	0.075	0.0230081
0.328473	0.075	0.0221992
0.341106	0.075	0.0212879
0.35374	0.075	0.020266
0.366373	0.075	0.0191276
0.379007	0.075	0.0178696
0.39164	0.075	0.0164921
0.404274	0.075	0.0149988
0.416907	0.075	0.0133966
0.429541	0.075	0.0116951
0.442175	0.075	0.00990552
0.454808	0.075	0.00803938
0.467442	0.075	0.0061074
0.480075	0.075	0.00411878
0.492709	0.075	0.00208098
0.505342	0.075	0
0	0.0875	0.0332605
0.0132808	0.0875	0.0332529
0.0265616	0.0875	0.0332301
0.0398425	0.0875	0.0331919
0.0531233	0.0875	0.033138
0.0664041	0.0875	0.033068
0.0796849	0.0875	0.0329816
0.0929657	0.0875	0.032878
0.106247	0.0875	0.0327564
0.119527	0.0875	0.0326159
0.132808	0.0875	0.0324554
0.146089	0.0875	0.0322735
0.15937	0.0875	0.0320684
0.172651	0.0875	0.0318382
0.185931	0.0875	0.0315805
0.199212	0.0875	0.0312924
0.212493	0.0875	0.0309704
0.225774	0.0875	0.0306104
0.239055	0.0875	0.0302076
0.252336	0.0875	0.0297563
0.265616	0.0875	0.0292497
0.278897	0.0875	0.0286806
0.292178	0.0875	0.0280405
0.305459	0.0875	0.0273206
0.31874	0.0875	0.026512
0.33202	0.0875	0.0256059
0.345301	0.0875	0.0245943
0.358582	0.0875	0.023471
0.371863	0.0875	0.0222319
0.385144	0.0875	0.0208754
0.398425	0.0875	0.0194032
0.411705	0.0875	0.0178197
0.424986	0.0875	0.0161321
0.438267	0.0875	0.0143495
0.451548	0.0875	0.0124819
0.464829	0.0875	0.0105396
0.478109	0.0875	0.00853206
0.49139	0.0875	0.00646774
0.504671	0.0875	0.00435374
0.517952	0.0875	0.0021961
0.531233	0.0875	0
0	0.1	0.0374263
0.0139281	0.1	0.0374169
0.0278562	0.1	0.0373887
0.0417842	0.1	0.0373413
0.0557123	0.1	0.0372746
0.0696404	0.1	0.0371879
0.0835685	0.1	0.0370807
0.0974966	0.1	0.0369521
0.111425	0.1	0.0368011
0.125353	0.1	0.0366265
0.139281	0.1	0.0364267
0.153209	0.1	0.0361999
0.167137	0.1	0.035944
0.181065	0.1	0.0356563
0.194993	0.1	0.0353337
0.208921	0.1	0.0349727
0.222849	0.1	0.0345687
0.236777	0.1	0.0341168
0.250705	0.1	0.0336111
0.264633	0.1	0.0330449
0.278562	0.1	0.0324108
0.29249	0.1	0.0317008
0.306418	0.1	0.0309066
0.320346	0.1	0.0300197
0.334274	0.1	0.0290324
0.348202	0.1	0.0279379
0.36213	0.1	0.0267311
0.376058	0.1	0.025409
0.389986	0.1	0.0239713
0.403914	0.1	0.0224202
0.417842	0.1	0.0207606
0.43177	0.1	0.0189996
0.445699	0.1	0.0171456
0.459627	0.1	0.015208
0.473555	0.1	0.0131962
0.487483	0.1	0.011119
0.501411	0.1	0.00898449
0.515339	0.1	0.00679954
0.529267	0.1	0.00457031
0.543195	0.1	0.00230219
0.557123	0.1	0
0	0.1125	0.0414511
0.0145753	0.1125	0.0414397
0.0291507	0.1125	0.0414055
0.043726	0.1125	0.0413481
0.0583014	0.1125	0.0412672
0.0728767	0.1125	0.0411622
0.087452	0.1125	0.0410322
0.102027	0.1125	0.0408761
0.116603	0.1125	0.0406928
0.131178	0.1125	0.0404805
0.145753	0.1125	0.0402375
0.160329	0.1125	0.0399614
0.174904	0.1125	0.0396495
0.189479	0.1125	0.0392986
0.204055	0.1125	0.0389049
0.21863	0.1125	0.0384639
0.233205	0.1125	0.0379705
0.247781	0.1125	0.0374189
0.262356	0.1125	0.0368024
0.276931	0.1125	0.0361138
0.291507	0.1125	0.0353453
0.306082	0.1125	0.0344892
0.320657	0.1125	0.0335377
0.335233	0.1125	0.0324836
0.349808	0.1125	0.031321
0.364383	0.1125	0.0300457
0.378959	0.1125	0.0286554
0.393534	0.1125	0.0271504
0.408109	0.1125	0.0255333
0.422685	0.1125	0.0238091
0.43726	0.1125	0.0219845
0.451835	0.1125	0.0200676
0.466411	0.1125	0.0180672
0.480986	0.1125	0.0159923
0.495562	0.1125	0.0138511
0.510137	0.1125	0.0116517
0.524712	0.1125	0.00940083
0.539288	0.1125	0.00710489
0.553863	0.1125	0.00476944
0.568438	0.1125	0.00239958
0.583014	0.1125	0
0	0.125	0.0453364
0.0152226	0.125	0.0453229
0.0304452	0.125	0.0452821
0.0456678	0.125	0.0452139
0.0608904	0.125	0.0451177
0.076113	0.125	0.0449926
0.0913356	0.125	0.0448378
0.106558	0.125	0.0446519
0.121781	0.125	0.0444334
0.137003	0.125	0.0441803
0.152226	0.125	0.0438903
0.167449	0.125	0.0435607
0.182671	0.125	0.0431881
0.197894	0.125	0.0427688
0.213116	0.125	0.0422984
0.228339	0.125	0.0417716
0.243562	0.125	0.0411827
0.258784	0.125	0.0405253
0.274007	0.125	0.0397923
0.289229	0.125	0.0389764
0.304452	0.125	0.0380701
0.319675	0.125	0.0370661
0.334897	0.125	0.035958
0.35012	0.125	0.0347403
0.365342	0.125	0.0334094
0.380565	0.125	0.0319635
0.395788	0.125	0.0304031
0.41101	0.125	0.0287309
0.426233	0.125	0.0269518
0.441455	0.125	0.0250723
0.456678	0.125	0.0231001
0.471901	0.125	0.0210438
0.487123	0.125	0.0189117
0.502346	0.125	0.0167121
0.517568	0.125	0.0144529
0.532791	0.125	0.0121411
0.548014	0.125	0.00978308
0.563236	0.125	0.00738478
0.578459	0.125	0.00495157
0.593681	0.125	0.00248843
0.608904	0.125	0
0	0.1375	0.0490838
0.0158699	0.1375	0.0490679
0.0317397	0.1375	0.0490202
0.0476096	0.1375	0.0489403
0.0634794	0.1375	0.0488275
0.0793493	0.1375	0.048681
0.0952192	0.1375	0.0484995
0.111089	0.1375	0.0482815
0.126959	0.1375	0.0480252
0.142829	0.1375	0.0477282
0.158699	0.1375	0.0473878
0.174568	0.1375	0.0470008
0.190438	0.1375	0.0465634
0.206308	0.1375	0.0460712
0.222178	0.1375	0.0455192
0.238048	0.1375	0.0449018
0.253918	0.1375	0.0442127
0.269788	0.1375	0.0434451
0.285657	0.1375	0.042592
0.301527	0.1375	0.0416463
0.317397	0.1375	0.0406012
0.333267	0.1375	0.0394505
0.349137	0.1375	0.0381893
0.365007	0.1375	0.0368142
0.380877	0.1375	0.0353236
0.396746	0.1375	0.0337181
0.412616	0.1375	0.0320005
0.428486	0.1375	0.0301753
0.444356	0.1375	0.0282488
0.460226	0.1375	0.0262286
0.476096	0.1375	0.0241226
0.491966	0.1375	0.0219392
0.507835	0.1375	0.0196867
0.523705	0.1375	0.0173727
0.539575	0.1375	0.0150046
0.555445	0.1375	0.012589
0.571315	0.1375	0.0101321
0.587185	0.1375	0.00763961
0.603055	0.1375	0.00511683
0.618924	0.1375	0.00256874
0.634794	0.1375	0
0	0.15	0.0526947
0.0165171	0.15	0.0526764
0.0330342	0.15	0.0526212
0.0495514	0.15	0.0525288
0.0660685	0.15	0.0523984
0.0825856	0.15	0.0522289
0.0991027	0.15	0.052019
0.11562	0.15	0.0517668
0.132137	0.15	0.0514702
0.148654	0.15	0.0511265
0.165171	0.15	0.0507326
0.181688	0.15	0.0502848
0.198205	0.15	0.0497789
0.214723	0.15	0.04921
0.23124	0.15	0.0485726
0.247757	0.15	0.0478608
0.264274	0.15	0.047068
0.280791	0.15	0.0461875
0.297308	0.15	0.0452125
0.313825	0.15	0.0441366
0.330342	0.15	0.0429538
0.346859	0.15	0.0416594
0.363377	0.15	0.0402503
0.379894	0.15	0.0387249
0.396411	0.15	0.0370838
0.412928	0.15	0.0353295
0.429445	0.15	0.0334663
0.445962	0.15	0.0315003
0.462479	0.15	0.0294387
0.478996	0.15	0.0272893
0.495514	0.15	0.0250604
0.512031	0.15	0.0227601
0.528548	0.15	0.0203963
0.545065	0.15	0.0179765
0.561582	0.15	0.0155076
0.578099	0.15	0.0129961
0.594616	0.15	0.0104482
0.611133	0.15	0.0078694
0.62765	0.15	0.00526513
0.644168	0.15	0.00264041
0.660685	0.15	0
0	0.1625	0.0561704
0.0171644	0.1625	0.0561495
0.0343288	0.1625	0.0560864
0.0514931	0.1625	0.0559808
0.0686575	0.1625	0.0558317
0.0858219	0.1625	0.0556379
0.102986	0.1625	0.0553979
0.120151	0.1625	0.0551096
0.137315	0.1625	0.0547704
0.154479	0.1625	0.0543775
0.171644	0.1625	0.0539274
0.188808	0.1625	0.0534158
0.205973	0.1625	0.0528383
0.223137	0.1625	0.0521895
0.240301	0.1625	0.0514637
0.257466	0.1625	0.0506547
0.27463	0.1625	0.0497561
0.291794	0.1625	0.0487612
0.308959	0.1625	0.047664
0.326123	0.1625	0.0464587
0.343288	0.1625	0.0451408
0.360452	0.1625	0.0437071
0.377616	0.1625	0.042156
0.394781	0.1625	0.0404879
0.411945	0.1625	0.0387051
0.429109	0.1625	0.0368116
0.446274	0.1625	0.0348133
0.463438	0.1625	0.0327169
0.480603	0.1625	0.0305302
0.497767	0.1625	0.0282613
0.514931	0.1625	0.0259184
0.532096	0.1625	0.0235096
0.54926	0.1625	0.0210425
0.566424	0.1625	0.0185245
0.583589	0.1625	0.0159623
0.600753	0.1625	0.0133625
0.617918	0.1625	0.0107312
0.635082	0.1625	0.00807391
0.652246	0.1625	0.00539623
0.669411	0.1625	0.00270329
0.686575	0.1625	0
0	0.175	0.0595122
0.0178116	0.175	0.0594885
0.0356233	0.175	0.0594171
0.0534349	0.175	0.0592975
0.0712466	0.175	0.0591288
0.0890582	0.175	0.0589095
0.10687	0.175	0.0586379
0.124681	0.175	0.0583116
0.142493	0.175	0.057928
0.160305	0.175	0.0574836
0.178116	0.175	0.0569747
0.195928	0.175	0.0563969
0.21374	0.175	0.0557451
0.231551	0.175	0.0550139
0.249363	0.175	0.0541974
0.267175	0.175	0.0532894
0.284986	0.175	0.0522837
0.302798	0.175	0.0511742
0.320609	0.175	0.0499555
0.338421	0.175	0.0486229
0.356233	0.175	0.0471734
0.374044	0.175	0.0456051
0.391856	0.175	0.0439183
0.409668	0.175	0.0421148
0.427479	0.175	0.0401984
0.445291	0.175	0.0381746
0.463103	0.175	0.0360499
0.480914	0.175	0.0338319
0.498726	0.175	0.0315286
0.516537	0.175	0.0291483
0.534349	0.175	0.0266992
0.552161	0.175	0.0241893
0.569972	0.175	0.0216261
0.587784	0.175	0.019017
0.605596	0.175	0.0163688
0.623407	0.175	0.0136879
0.641219	0.175	0.0109806
0.659031	0.175	0.00825269
0.676842	0.175	0.00550977
0.694654	0.175	0.00275716
0.712466	0.175	0
0	0.1875	0.0627212
0.0184589	0.1875	0.0626946
0.0369178	0.1875	0.0626145
0.0553767	0.1875	0.0624804
0.0738356	0.1875	0.0622911
0.0922945	0.1875	0.0620451
0.110753	0.1875	0.0617405
0.129212	0.1875	0.0613746
0.147671	0.1875	0.0609446
0.16613	0.1875	0.0604468
0.184589	0.1875	0.0598771
0.203048	0.1875	0.0592308
0.221507	0.1875	0.0585027
0.239966	0.1875	0.0576872
0.258425	0.1875	0.0567784
0.276883	0.1875	0.0557704
0.295342	0.1875	0.0546572
0.313801	0.1875	0.0534335
0.33226	0.1875	0.0520948
0.350719	0.1875	0.0506378
0.369178	0.1875	0.0490605
0.387637	0.1875	0.0473627
0.406096	0.1875	0.0455461
0.424555	0.1875	0.0436141
0.443014	0.1875	0.0415716
0.461472	0.1875	0.039425
0.479931	0.1875	0.0371816
0.49839	0.1875	0.0348495
0.516849	0.1875	0.032437
0.535308	0.1875	0.0299523
0.553767	0.1875	0.0274039
0.572226	0.1875	0.0247996
0.590685	0.1875	0.0221471
0.609144	0.1875	0.0194537
0.627603	0.1875	0.0167263
0.646061	0.1875	0.0139716
0.66452	0.1875	0.0111959
0.682979	0.1875	0.00840521
0.701438	0.1875	0.00560532
0.719897	0.1875	0.0028018
0.738356	0.1875	0
0	0.2	0.0657984
0.0191062	0.2	0.0657688
0.0382123	0.2	0.0656796
0.0573185	0.2	0.0655303
0.0764246	0.2	0.0653197
0.0955308	0.2	0.065046
0.114637	0.2	0.064707
0.133743	0.2	0.0643002
0.152849	0.2	0.0638222
0.171955	0.2	0.0632692
0.191062	0.2	0.0626368
0.210168	0.2	0.0619202
0.229274	0.2	0.0611142
0.24838	0.2	0.060213
0.267486	0.2	0.0592109
0.286592	0.2	0.0581023
0.305699	0.2	0.0568819
0.324805	0.2	0.0555452
0.343911	0.2	0.0540886
0.363017	0.2	0.0525101
0.382123	0.2	0.0508091
0.401229	0.2	0.0489868
0.420335	0.2	0.0470461
0.439442	0.2	0.0449918
0.458548	0.2	0.0428297
0.477654	0.2	0.0405671
0.49676	0.2	0.0382118
0.515866	0.2	0.0357722
0.534972	0.2	0.0332568
0.554079	0.2	0.0306742
0.573185	0.2	0.0280327
0.592291	0.2	0.0253404
0.611397	0.2	0.022605
0.630503	0.2	0.0198339
0.649609	0.2	0.0170343
0.668716	0.2	0.0142129
0.687822	0.2	0.0113763
0.706928	0.2	0.0085308
0.726034	0.2	0.0056824
0.74514	0.2	0.00283692
0.764246	0.2	0
0	0.2125	0.0687448
0.0197534	0.2125	0.068712
0.0395068	0.2125	0.0686135
0.0592603	0.2125	0.0684485
0.0790137	0.2125	0.0682157
0.0987671	0.2125	0.0679132
0.118521	0.2125	0.0675389
0.138274	0.2125	0.0670897
0.158027	0.2125	0.0665623
0.177781	0.2125	0.0659525
0.197534	0.2125	0.065256
0.217288	0.2125	0.0644678
0.237041	0.2125	0.0635824
0.256794	0.2125	0.0625946
0.276548	0.2125	0.0614987
0.296301	0.2125	0.0602895
0.316055	0.2125	0.0589627
0.335808	0.2125	0.0575144
0.355562	0.2125	0.0559423
0.375315	0.2125	0.0542455
0.395068	0.2125	0.0524248
0.414822	0.2125	0.0504826
0.434575	0.2125	0.0484232
0.454329	0.2125	0.0462521
0.474082	0.2125	0.0439764
0.493835	0.2125	0.0416036
0.513589	0.2125	0.0391423
0.533342	0.2125	0.036601
0.553096	0.2125	0.0339887
0.572849	0.2125	0.0313139
0.592603	0.2125	0.0285853
0.612356	0.2125	0.0258109
0.632109	0.2125	0.0229988
0.651863	0.2125	0.0201565
0.671616	0.2125	0.0172915
0.69137	0.2125	0.0144107
0.711123	0.2125	0.0115209
0.730876	0.2125	0.00862874
0.75063	0.2125	0.00574049
0.770383	0.2125	0.00286226
0.790137	0.2125	0
0	0.225	0.0715613
0.0204007	0.225	0.0715253
0.0408014	0.225	0.071417
0.061202	0.225	0.0712358
0.0816027	0.225	0.0709801
0.102003	0.225	0.0706481
0.122404	0.225	0.0702372
0.142805	0.225	0.0697446
0.163205	0.225	0.0691664
0.183606	0.225	0.0684987
0.204007	0.225	0.0677367
0.224407	0.225	0.0668756
0.244808	0.225	0.0659101
0.265209	0.225	0.0648349
0.285609	0.225	0.0636449
0.30601	0.225	0.0623356
0.326411	0.225	0.0609033
0.346812	0.225	0.0593452
0.367212	0.225	0.05766
0.387613	0.225	0.0558481
0.408014	0.225	0.0539115
0.428414	0.225	0.0518539
0.448815	0.225	0.0496805
0.469216	0.225	0.0473978
0.489616	0.225	0.0450134
0.510017	0.225	0.0425358
0.530418	0.225	0.0399737
0.550818	0.225	0.0373362
0.571219	0.225	0.0346323
0.59162	0.225	0.0318709
0.61202	0.225	0.0290607
0.632421	0.225	0.0262101
0.652822	0.225	0.0233275
0.673222	0.225	0.0204205
0.693623	0.225	0.0174969
0.714024	0.225	0.014564
0.734424	0.225	0.0116288
0.754825	0.225	0.00869828
0.775226	0.225	0.00577904
0.795626	0.225	0.00287753
0.816027	0.225	0
0	0.2375	0.0742486
0.0210479	0.2375	0.0742093
0.0420959	0.2375	0.074091
0.0631438	0.2375	0.073893
0.0841917	0.2375	0.0736138
0.10524	0.2375	0.0732514
0.126288	0.2375	0.0728032
0.147336	0.2375	0.0722659
0.168383	0.2375	0.071636
0.189431	0.2375	0.0709091
0.210479	0.2375	0.0700806
0.231527	0.2375	0.0691457
0.252575	0.2375	0.0680992
0.273623	0.2375	0.0669364
0.294671	0.2375	0.0656525
0.315719	0.2375	0.0642436
0.336767	0.2375	0.062707
0.357815	0.2375	0.0610409
0.378863	0.2375	0.0592451
0.399911	0.2375	0.0573212
0.420959	0.2375	0.0552723
0.442007	0.2375	0.0531032
0.463055	0.2375	0.05082
0.484103	0.2375	0.0484302
0.50515	0.2375	0.045942
0.526198	0.2375	0.0433643
0.547246	0.2375	0.0407063
0.568294	0.2375	0.0379773
0.589342	0.2375	0.0351868
0.61039	0.2375	0.032344
0.631438	0.2375	0.0294577
0.652486	0.2375	0.0265368
0.673534	0.2375	0.0235896
0.694582	0.2375	0.0206245
0.71563	0.2375	0.0176492
0.736678	0.2375	0.0146716
0.757726	0.2375	0.011699
0.778774	0.2375	0.00873862
0.799822	0.2375	0.0057975
0.82087	0.2375	0.00288242
0.841917	0.2375	0
0	0.25	0.0768075
0.0216952	0.25	0.0767647
0.0433904	0.25	0.0766362
0.0650856	0.25	0.0764211
0.0867808	0.25	0.0761178
0.108476	0.25	0.0757242
0.130171	0.25	0.0752377
0.151866	0.25	0.0746549
0.173562	0.25	0.0739721
0.195257	0.25	0.0731851
0.216952	0.25	0.0722892
0.238647	0.25	0.0712798
0.260342	0.25	0.0701519
0.282038	0.25	0.0689012
0.303733	0.25	0.0675236
0.325428	0.25	0.066016
0.347123	0.25	0.0643763
0.368818	0.25	0.062604
0.390514	0.25	0.0607001
0.412209	0.25	0.058667
0.433904	0.25	0.0565091
0.455599	0.25	0.0542321
0.477294	0.25	0.0518431
0.49899	0.25	0.0493502
0.520685	0.25	0.0467622
0.54238	0.25	0.0440887
0.564075	0.25	0.0413392
0.58577	0.25	0.0385235
0.607466	0.25	0.0356512
0.629161	0.25	0.0327319
0.650856	0.25	0.0297749
0.672551	0.25	0.0267893
0.694246	0.25	0.0237837
0.715942	0.25	0.0207669
0.737637	0.25	0.0177471
0.759332	0.25	0.0147323
0.781027	0.25	0.0117304
0.802722	0.25	0.00874895
0.824417	0.25	0.0057953
0.846113	0.25	0.00287666
0.867808	0.25	0
0	0.2625	0.0792386
0.0223425	0.2625	0.0791923
0.0446849	0.2625	0.0790533
0.0670274	0.2625	0.0788206
0.0893698	0.2625	0.0784926
0.111712	0.2625	0.0780672
0.134055	0.2625	0.0775416
0.156397	0.2625	0.0769124
0.17874	0.2625	0.076176
0.201082	0.2625	0.075328
0.223425	0.2625	0.0743639
0.245767	0.2625	0.0732794
0.268109	0.2625	0.0720698
0.290452	0.2625	0.0707312
0.312794	0.2625	0.0692602
0.335137	0.2625	0.0676546
0.357479	0.2625	0.0659132
0.379822	0.2625	0.0640365
0.402164	0.2625	0.0620265
0.424507	0.2625	0.0598869
0.446849	0.2625	0.057623
0.469192	0.2625	0.0552413
0.491534	0.2625	0.05275
0.513877	0.2625	0.0501576
0.536219	0.2625	0.0474738
0.558561	0.2625	0.0447085
0.580904	0.2625	0.0418716
0.603246	0.2625	0.0389735
0.625589	0.2625	0.036024
0.647931	0.2625	0.0330332
0.670274	0.2625	0.0300108
0.692616	0.2625	0.026966
0.714959	0.2625	0.0239083
0.737301	0.2625	0.0208464
0.759644	0.2625	0.0177892
0.781986	0.2625	0.014745
0.804328	0.2625	0.0117221
0.826671	0.2625	0.00872846
0.849013	0.2625	0.00577188
0.871356	0.2625	0.00285993
0.893698	0.2625	0
0	0.275	0.0815425
0.0229897	0.275	0.0814926
0.0459794	0.275	0.0813429
0.0689692	0.275	0.0810922
0.0919589	0.275	0.080739
0.114949	0.275	0.0802811
0.137938	0.275	0.0797157
0.160928	0.275	0.0790394
0.183918	0.275	0.0782484
0.206907	0.275	0.0773387
0.229897	0.275	0.0763059
0.252887	0.275	0.0751457
0.275877	0.275	0.0738541
0.298866	0.275	0.0724276
0.321856	0.275	0.0708638
0.344846	0.275	0.069161
0.367835	0.275	0.0673191
0.390825	0.275	0.0653396
0.413815	0.275	0.0632257
0.436805	0.275	0.0609819
0.459794	0.275	0.0586145
0.482784	0.275	0.0561312
0.505774	0.275	0.0535406
0.528763	0.275	0.0508521
0.551753	0.275	0.0480759
0.574743	0.275	0.0452224
0.597733	0.275	0.0423021
0.620722	0.275	0.0393257
0.643712	0.275	0.0363036
0.666702	0.275	0.0332461
0.689692	0.275	0.0301634
0.712681	0.275	0.0270654
0.735671	0.275	0.0239616
0.758661	0.275	0.0208614
0.78165	0.275	0.017774
0.80464	0.275	0.0147083
0.82763	0.275	0.011673
0.85062	0.275	0.00867634
0.873609	0.275	0.00572668
0.896599	0.275	0.00283197
0.919589	0.275	0
0	0.2875	0.0837196
0.023637	0.2875	0.0836661
0.047274	0.2875	0.0835054
0.0709109	0.2875	0.0832364
0.0945479	0.2875	0.0828576
0.118185	0.2875	0.0823666
0.141822	0.2875	0.0817607
0.165459	0.2875	0.0810365
0.189096	0.2875	0.0801904
0.212733	0.2875	0.0792182
0.23637	0.2875	0.0781159
0.260007	0.2875	0.0768797
0.283644	0.2875	0.0755059
0.307281	0.2875	0.0739918
0.330918	0.2875	0.0723354
0.354555	0.2875	0.0705361
0.378192	0.2875	0.0685949
0.401829	0.2875	0.0665142
0.425466	0.2875	0.064298
0.449103	0.2875	0.0619522
0.47274	0.2875	0.0594838
0.496377	0.2875	0.0569014
0.520013	0.2875	0.0542143
0.54365	0.2875	0.0514327
0.567287	0.2875	0.0485673
0.590924	0.2875	0.0456291
0.614561	0.2875	0.0426291
0.638198	0.2875	0.0395785
0.661835	0.2875	0.0364881
0.685472	0.2875	0.0333687
0.709109	0.2875	0.0302311
0.732746	0.2875	0.0270854
0.756383	0.2875	0.0239419
0.78002	0.2875	0.0208103
0.803657	0.2875	0.0177002
0.827294	0.2875	0.0146211
0.850931	0.2875	0.011582
0.874568	0.2875	0.0085918
0.898205	0.2875	0.00565916
0.921842	0.2875	0.00279249
0.945479	0.2875	0
0	0.3	0.0857705
0.0242842	0.3	0.0857133
0.0485685	0.3	0.0855414
0.0728527	0.3	0.0852538
0.0971369	0.3	0.0848488
0.121421	0.3	0.0843242
0.145705	0.3	0.0836772
0.16999	0.3	0.0829045
0.194274	0.3	0.0820024
0.218558	0.3	0.0809672
0.242842	0.3	0.079795
0.267127	0.3	0.0784823
0.291411	0.3	0.0770262
0.315695	0.3	0.0754243
0.339979	0.3	0.0736758
0.364264	0.3	0.0717808
0.388548	0.3	0.0697412
0.412832	0.3	0.0675604
0.437116	0.3	0.0652437
0.4614	0.3	0.0627976
0.485685	0.3	0.0602304
0.509969	0.3	0.0575511
0.534253	0.3	0.0547701
0.558537	0.3	0.0518982
0.582822	0.3	0.0489466
0.607106	0.3	0.0459269
0.63139	0.3	0.0428508
0.655674	0.3	0.0397299
0.679959	0.3	0.0365755
0.704243	0.3	0.0333992
0.728527	0.3	0.0302118
0.752811	0.3	0.0270244
0.777096	0.3	0.0238475
0.80138	0.3	0.0206914
0.825664	0.3	0.0175663
0.849948	0.3	0.014482
0.874233	0.3	0.0114482
0.898517	0.3	0.00847406
0.922801	0.3	0.00556879
0.947085	0.3	0.00274124
0.971369	0.3	0
0	0.3125	0.0876956
0.0249315	0.3125	0.0876346
0.049863	0.3125	0.0874513
0.0747945	0.3125	0.0871447
0.099726	0.3125	0.0867131
0.124657	0.3125	0.0861544
0.149589	0.3125	0.0854657
0.17452	0.3125	0.0846437
0.199452	0.3125	0.0836851
0.224383	0.3125	0.0825862
0.249315	0.3125	0.0813436
0.274246	0.3125	0.0799541
0.299178	0.3125	0.0784154
0.324109	0.3125	0.0767259
0.349041	0.3125	0.0748855
0.373972	0.3125	0.0728953
0.398904	0.3125	0.0707581
0.423835	0.3125	0.0684785
0.448767	0.3125	0.0660625
0.473698	0.3125	0.0635179
0.49863	0.3125	0.0608535
0.523561	0.3125	0.0580795
0.548493	0.3125	0.0552068
0.573424	0.3125	0.052247
0.598356	0.3125	0.049212
0.623287	0.3125	0.046114
0.648219	0.3125	0.0429653
0.67315	0.3125	0.0397779
0.698082	0.3125	0.036564
0.723013	0.3125	0.0333353
0.747945	0.3125	0.0301037
0.772876	0.3125	0.0268804
0.797808	0.3125	0.0236766
0.822739	0.3125	0.0205032
0.847671	0.3125	0.0173709
0.872602	0.3125	0.01429
0.897534	0.3125	0.0112705
0.922465	0.3125	0.00832237
0.947397	0.3125	0.00545508
0.972328	0.3125	0.00267794
0.99726	0.3125	0
0	0.325	0.0894951
0.0255788	0.325	0.0894303
0.0511575	0.325	0.0892354
0.0767363	0.325	0.0889095
0.102315	0.325	0.088451
0.127894	0.325	0.0878576
0.153473	0.325	0.0871265
0.179051	0.325	0.0862548
0.20463	0.325	0.085239
0.230209	0.325	0.0840759
0.255788	0.325	0.0827622
0.281366	0.325	0.0812956
0.306945	0.325	0.079674
0.332524	0.325	0.0778969
0.358103	0.325	0.0759647
0.383681	0.325	0.0738797
0.40926	0.325	0.0716457
0.434839	0.325	0.069268
0.460418	0.325	0.0667539
0.485996	0.325	0.064112
0.511575	0.325	0.0613521
0.537154	0.325	0.0584851
0.562733	0.325	0.0555228
0.588311	0.325	0.0524775
0.61389	0.325	0.0493618
0.639469	0.325	0.0461884
0.665048	0.325	0.0429704
0.690626	0.325	0.0397204
0.716205	0.325	0.0364512
0.741784	0.325	0.0331752
0.767363	0.325	0.0299046
0.792941	0.325	0.0266515
0.81852	0.325	0.0234275
0.844099	0.325	0.0202442
0.869678	0.325	0.0171126
0.895256	0.325	0.0140437
0.920835	0.325	0.0110481
0.946414	0.325	0.008136
0.971993	0.325	0.00531753
0.997571	0.325	0.00260238
1.02315	0.325	0
0	0.3375	0.0911695
0.026226	0.3375	0.0911007
0.052452	0.3375	0.0908941
0.078678	0.3375	0.0905486
0.104904	0.3375	0.0900627
0.13113	0.3375	0.0894341
0.157356	0.3375	0.0886602
0.183582	0.3375	0.087738
0.209808	0.3375	0.0866644
0.236034	0.3375	0.0854364
0.26226	0.3375	0.0840513
0.288486	0.3375	0.0825069
0.314712	0.3375	0.0808023
0.340938	0.3375	0.0789373
0.367164	0.3375	0.0769135
0.39339	0.3375	0.0747339
0.419616	0.3375	0.0724034
0.445842	0.3375	0.0699284
0.472068	0.3375	0.0673171
0.498294	0.3375	0.064579
0.52452	0.3375	0.0617248
0.550746	0.3375	0.0587665
0.576972	0.3375	0.0557165
0.603198	0.3375	0.0525878
0.629424	0.3375	0.0493938
0.65565	0.3375	0.046148
0.681876	0.3375	0.0428641
0.708102	0.3375	0.0395554
0.734328	0.3375	0.0362352
0.760554	0.3375	0.0329167
0.78678	0.3375	0.0296127
0.813006	0.3375	0.0263359
0.839233	0.3375	0.0230985
0.865459	0.3375	0.0199127
0.891685	0.3375	0.0167901
0.917911	0.3375	0.0137421
0.944137	0.3375	0.0107799
0.970363	0.3375	0.00791428
0.996589	0.3375	0.0051557
1.02281	0.3375	0.00251433
1.04904	0.3375	0
0	0.35	0.0927189
0.0268733	0.35	0.0926462
0.0537466	0.35	0.0924276
0.0806198	0.35	0.0920623
0.107493	0.35	0.0915485
0.134366	0.35	0.0908843
0.16124	0.35	0.0900669
0.188113	0.35	0.0890937
0.214986	0.35	0.0879617
0.241859	0.35	0.0866681
0.268733	0.35	0.0852109
0.295606	0.35	0.0835884
0.322479	0.35	0.0818002
0.349353	0.35	0.0798471
0.376226	0.35	0.0777315
0.403099	0.35	0.0754575
0.429972	0.35	0.0730308
0.456846	0.35	0.0704589
0.483719	0.35	0.067751
0.510592	0.35	0.0649176
0.537466	0.35	0.0619703
0.564339	0.35	0.058922
0.591212	0.35	0.0557858
0.618085	0.35	0.0525758
0.644959	0.35	0.049306
0.671832	0.35	0.0459906
0.698705	0.35	0.042644
0.725578	0.35	0.0392804
0.752452	0.35	0.0359137
0.779325	0.35	0.0325577
0.806198	0.35	0.0292259
0.833072	0.35	0.0259317
0.859945	0.35	0.0226879
0.886818	0.35	0.0195073
0.913691	0.35	0.016402
0.940565	0.35	0.0133841
0.967438	0.35	0.0104652
0.994311	0.35	0.00765657
1.02118	0.35	0.00496918
1.04806	0.35	0.00241359
1.07493	0.35	0
0	0.3625	0.0941437
0.0275205	0.3625	0.0940669
0.0550411	0.3625	0.0938362
0.0825616	0.3625	0.0934507
0.110082	0.3625	0.0929088
0.137603	0.3625	0.0922084
0.165123	0.3625	0.091347
0.192644	0.3625	0.0903221
0.220164	0.3625	0.0891309
0.247685	0.3625	0.0877712
0.275205	0.3625	0.0862412
0.302726	0.3625	0.08454
0.330246	0.3625	0.0826677
0.357767	0.3625	0.0806261
0.385287	0.3625	0.0784185
0.412808	0.3625	0.0760498
0.440329	0.3625	0.073527
0.467849	0.3625	0.0708584
0.49537	0.3625	0.0680544
0.52289	0.3625	0.0651263
0.550411	0.3625	0.0620868
0.577931	0.3625	0.0589497
0.605452	0.3625	0.055729
0.632972	0.3625	0.0524395
0.660493	0.3625	0.0490961
0.688013	0.3625	0.0457139
0.715534	0.3625	0.042308
0.743054	0.3625	0.0388933
0.770575	0.3625	0.0354845
0.798096	0.3625	0.0320961
0.825616	0.3625	0.0287423
0.853137	0.3625	0.0254371
0.880657	0.3625	0.0221941
0.908178	0.3625	0.0190265
0.935698	0.3625	0.0159471
0.963219	0.3625	0.0129686
0.990739	0.3625	0.0101031
1.01826	0.3625	0.00736227
1.04578	0.3625	0.00475759
1.0733	0.3625	0.00229998
1.10082	0.3625	0
0	0.375	0.095444
0.0281678	0.375	0.0953631
0.0563356	0.375	0.0951202
0.0845034	0.375	0.0947142
0.112671	0.375	0.0941436
0.140839	0.375	0.0934065
0.169007	0.375	0.0925006
0.197175	0.375	0.0914233
0.225342	0.375	0.0901723
0.25351	0.375	0.0887458
0.281678	0.375	0.0871423
0.309846	0.375	0.0853615
0.338014	0.375	0.0834046
0.366181	0.375	0.081274
0.394349	0.375	0.0789738
0.422517	0.375	0.0765102
0.450685	0.375	0.073891
0.478853	0.375	0.0711258
0.50702	0.375	0.0682258
0.535188	0.375	0.0652035
0.563356	0.375	0.0620725
0.591524	0.375	0.0588475
0.619692	0.375	0.0555437
0.647859	0.375	0.0521765
0.676027	0.375	0.0487618
0.704195	0.375	0.0453156
0.732363	0.375	0.0418537
0.76053	0.375	0.0383918
0.788698	0.375	0.0349454
0.816866	0.375	0.0315298
0.845034	0.375	0.0281599
0.873202	0.375	0.0248503
0.901369	0.375	0.0216153
0.929537	0.375	0.0184688
0.957705	0.375	0.0154243
0.985873	0.375	0.0124947
1.01404	0.375	0.00969282
1.04221	0.375	0.00703085
1.07038	0.375	0.00452059
1.09854	0.375	0.00217337
1.12671	0.375	0
0	0.3875	0.09662
0.0288151	0.3875	0.096535
0.0576301	0.3875	0.0962795
0.0864452	0.3875	0.0958528
0.11526	0.3875	0.0952533
0.144075	0.3875	0.094479
0.17289	0.3875	0.0935278
0.201705	0.3875	0.0923975
0.23052	0.3875	0.091086
0.259335	0.3875	0.0895917
0.288151	0.3875	0.0879139
0.316966	0.3875	0.0860529
0.345781	0.3875	0.0840105
0.374596	0.3875	0.0817901
0.403411	0.3875	0.0793968
0.432226	0.3875	0.0768377
0.461041	0.3875	0.0741218
0.489856	0.3875	0.0712597
0.518671	0.3875	0.0682637
0.547486	0.3875	0.0651474
0.576301	0.3875	0.0619255
0.605116	0.3875	0.0586136
0.633931	0.3875	0.0552278
0.662746	0.3875	0.0517846
0.691561	0.3875	0.0483009
0.720376	0.3875	0.0447933
0.749191	0.3875	0.0412787
0.778006	0.3875	0.0377736
0.806822	0.3875	0.0342942
0.835637	0.3875	0.0308567
0.864452	0.3875	0.0274768
0.893267	0.3875	0.0241696
0.922082	0.3875	0.0209502
0.950897	0.3875	0.0178331
0.979712	0.3875	0.0148323
1.00853	0.3875	0.0119615
1.03734	0.3875	0.00923375
1.06616	0.3875	0.00666184
1.09497	0.3875	0.00425792
1.12379	0.3875	0.00203363
1.1526	0.3875	0
0	0.4	0.0976719
0.0294623	0.4	0.0975826
0.0589246	0.4	0.0973145
0.0883869	0.4	0.0968668
0.117849	0.4	0.0962378
0.147312	0.4	0.0954259
0.176774	0.4	0.0944289
0.206236	0.4	0.0932448
0.235699	0.4	0.091872
0.265161	0.4	0.0903091
0.294623	0.4	0.0885561
0.324085	0.4	0.0866139
0.353548	0.4	0.0844851
0.38301	0.4	0.0821739
0.412472	0.4	0.0796866
0.441935	0.4	0.0770313
0.471397	0.4	0.074218
0.500859	0.4	0.0712586
0.530322	0.4	0.0681664
0.559784	0.4	0.0649561
0.589246	0.4	0.0616436
0.618709	0.4	0.0582455
0.648171	0.4	0.0547789
0.677633	0.4	0.0512614
0.707096	0.4	0.0477108
0.736558	0.4	0.0441447
0.76602	0.4	0.0405807
0.795483	0.4	0.0370364
0.824945	0.4	0.0335289
0.854407	0.4	0.030075
0.883869	0.4	0.0266911
0.913332	0.4	0.0233933
0.942794	0.4	0.0201972
0.972256	0.4	0.017118
1.00172	0.4	0.0141702
1.03118	0.4	0.0113681
1.06064	0.4	0.00872525
1.09011	0.4	0.00625482
1.11957	0.4	0.00396934
1.14903	0.4	0.00188069
1.17849	0.4	0
0	0.4125	0.0985997
0.0301096	0.4125	0.0985062
0.0602192	0.4125	0.0982253
0.0903287	0.4125	0.0977562
0.120438	0.4125	0.0970974
0.150548	0.4125	0.0962473
0.180657	0.4125	0.0952038
0.210767	0.4125	0.0939653
0.240877	0.4125	0.0925301
0.270986	0.4125	0.0908978
0.301096	0.4125	0.0890685
0.331205	0.4125	0.087044
0.361315	0.4125	0.0848276
0.391424	0.4125	0.0824247
0.421534	0.4125	0.0798423
0.451644	0.4125	0.0770898
0.481753	0.4125	0.0741784
0.511863	0.4125	0.0711209
0.541972	0.4125	0.067932
0.572082	0.4125	0.0646277
0.602192	0.4125	0.0612247
0.632301	0.4125	0.057741
0.662411	0.4125	0.0541947
0.69252	0.4125	0.0506045
0.72263	0.4125	0.0469891
0.752739	0.4125	0.0433672
0.782849	0.4125	0.0397574
0.812959	0.4125	0.0361781
0.843068	0.4125	0.0326472
0.873178	0.4125	0.0291825
0.903287	0.4125	0.0258011
0.933397	0.4125	0.0225198
0.963506	0.4125	0.019355
0.993616	0.4125	0.0163223
1.02373	0.4125	0.013437
1.05384	0.4125	0.0107138
1.08394	0.4125	0.00816679
1.11405	0.4125	0.00580948
1.14416	0.4125	0.00365471
1.17427	0.4125	0.00171455
1.20438	0.4125	0
0	0.425	0.0994037
0.0307568	0.425	0.0993058
0.0615137	0.425	0.0990119
0.0922705	0.425	0.0985212
0.123027	0.425	0.0978322
0.153784	0.425	0.0969433
0.184541	0.425	0.0958527
0.215298	0.425	0.0945588
0.246055	0.425	0.0930605
0.276812	0.425	0.0913576
0.307568	0.425	0.0894509
0.338325	0.425	0.0873428
0.369082	0.425	0.0850377
0.399839	0.425	0.0825416
0.430596	0.425	0.0798629
0.461353	0.425	0.077012
0.492109	0.425	0.0740012
0.522866	0.425	0.0708449
0.553623	0.425	0.0675587
0.58438	0.425	0.0641599
0.615137	0.425	0.0606666
0.645894	0.425	0.0570978
0.67665	0.425	0.0534728
0.707407	0.425	0.0498114
0.738164	0.425	0.0461335
0.768921	0.425	0.0424586
0.799678	0.425	0.0388065
0.830435	0.425	0.0351964
0.861191	0.425	0.0316472
0.891948	0.425	0.0281775
0.922705	0.425	0.0248051
0.953462	0.425	0.0215477
0.984219	0.425	0.0184222
1.01498	0.425	0.015445
1.04573	0.425	0.0126319
1.07649	0.425	0.009998
1.10725	0.425	0.00755795
1.138	0.425	0.00532559
1.16876	0.425	0.00331399
1.19952	0.425	0.00153526
1.23027	0.425	0
0	0.4375	0.100084
0.0314041	0.4375	0.0999815
0.0628082	0.4375	0.0996745
0.0942123	0.4375	0.0991618
0.125616	0.4375	0.0984422
0.15702	0.4375	0.097514
0.188425	0.4375	0.0963755
0.219829	0.4375	0.0950255
0.251233	0.4375	0.093463
0.282637	0.4375	0.0916883
0.314041	0.4375	0.0897029
0.345445	0.4375	0.0875099
0.376849	0.4375	0.0851144
0.408253	0.4375	0.0825237
0.439657	0.4375	0.0797472
0.471061	0.4375	0.0767964
0.502466	0.4375	0.073685
0.53387	0.4375	0.0704287
0.565274	0.4375	0.0670444
0.596678	0.4375	0.0635507
0.628082	0.4375	0.059967
0.659486	0.4375	0.0563134
0.69089	0.4375	0.0526107
0.722294	0.4375	0.0488797
0.753698	0.4375	0.0451414
0.785102	0.4375	0.0414165
0.816506	0.4375	0.0377257
0.847911	0.4375	0.0340892
0.879315	0.4375	0.0305268
0.910719	0.4375	0.027058
0.942123	0.4375	0.0237015
0.973527	0.4375	0.0204755
1.00493	0.4375	0.0173977
1.03634	0.4375	0.0144851
1.06774	0.4375	0.011754
1.09914	0.4375	0.00922014
1.13055	0.4375	0.00689843
1.16195	0.4375	0.00480307
1.19336	0.4375	0.0029473
1.22476	0.4375	0.00134306
1.25616	0.4375	0
0	0.45	0.10064
0.0320514	0.45	0.100533
0.0641027	0.45	0.100213
0.0961541	0.45	0.0996782
0.128205	0.45	0.0989275
0.160257	0.45	0.0979594
0.192308	0.45	0.0967723
0.224359	0.45	0.0953652
0.256411	0.45	0.0937374
0.288462	0.45	0.0918897
0.320514	0.45	0.0898241
0.352565	0.45	0.0875446
0.384616	0.45	0.0850571
0.416668	0.45	0.08237
0.448719	0.45	0.0794939
0.48077	0.45	0.0764415
0.512822	0.45	0.0732281
0.544873	0.45	0.0698704
0.576924	0.45	0.066387
0.608976	0.45	0.0627977
0.641027	0.45	0.0591233
0.673078	0.45	0.0553854
0.70513	0.45	0.0516059
0.737181	0.45	0.0478069
0.769233	0.45	0.0440104
0.801284	0.45	0.0402385
0.833335	0.45	0.0365127
0.865387	0.45	0.0328543
0.897438	0.45	0.0292842
0.929489	0.45	0.0258224
0.961541	0.45	0.0224886
0.993592	0.45	0.0193018
1.02564	0.45	0.0162803
1.05769	0.45	0.0134417
1.08975	0.45	0.0108028
1.1218	0.45	0.00837983
1.15385	0.45	0.00618807
1.1859	0.45	0.00424202
1.21795	0.45	0.00255497
1.25	0.45	0.00113835
1.28205	0.45	0
0	0.4625	0.101073
0.0326986	0.4625	0.100962
0.0653972	0.4625	0.100628
0.0980958	0.4625	0.10007
0.130794	0.4625	0.0992882
0.163493	0.4625	0.0982796
0.196192	0.4625	0.0970432
0.22889	0.4625	0.0955779
0.261589	0.4625	0.0938837
0.294288	0.4625	0.0919616
0.326986	0.4625	0.0898142
0.359685	0.4625	0.0874463
0.392383	0.4625	0.084865
0.425082	0.4625	0.0820795
0.457781	0.4625	0.0791017
0.490479	0.4625	0.0759459
0.523178	0.4625	0.0726285
0.555876	0.4625	0.069168
0.588575	0.4625	0.0655842
0.621274	0.4625	0.0618986
0.653972	0.4625	0.0581333
0.686671	0.4625	0.0543114
0.71937	0.4625	0.0504559
0.752068	0.4625	0.0465904
0.784767	0.4625	0.0427381
0.817465	0.4625	0.0389222
0.850164	0.4625	0.0351653
0.882863	0.4625	0.0314898
0.915561	0.4625	0.0279173
0.94826	0.4625	0.0244689
0.980958	0.4625	0.0211651
1.01366	0.4625	0.0180255
1.04636	0.4625	0.0150691
1.07905	0.4625	0.0123141
1.11175	0.4625	0.00977778
1.14445	0.4625	0.00747682
1.17715	0.4625	0.00542693
1.20985	0.4625	0.00364283
1.24255	0.4625	0.0021377
1.27525	0.4625	0.000921914
1.30794	0.4625	0
0	0.475	0.101382
0.0333459	0.475	0.101266
0.0666917	0.475	0.100919
0.100038	0.475	0.100338
0.133383	0.475	0.0995242
0.166729	0.475	0.0984746
0.200075	0.475	0.097188
0.233421	0.475	0.0956636
0.266767	0.475	0.0939017
0.300113	0.475	0.0919035
0.333459	0.475	0.0896726
0.366805	0.475	0.0872145
0.40015	0.475	0.084537
0.433496	0.475	0.0816509
0.466842	0.475	0.0785692
0.500188	0.475	0.0753078
0.533534	0.475	0.0718845
0.56688	0.475	0.0683194
0.600226	0.475	0.0646339
0.633572	0.475	0.060851
0.666917	0.475	0.0569945
0.700263	0.475	0.0530886
0.733609	0.475	0.0491582
0.766955	0.475	0.0452278
0.800301	0.475	0.0413221
0.833647	0.475	0.0374654
0.866993	0.475	0.0336815
0.900339	0.475	0.0299936
0.933684	0.475	0.0264245
0.96703	0.475	0.0229961
1.00038	0.475	0.0197297
1.03372	0.475	0.0166455
1.06707	0.475	0.0137632
1.10041	0.475	0.0111016
1.13376	0.475	0.00867855
1.16711	0.475	0.00651109
1.20045	0.475	0.00461536
1.2338	0.475	0.0030063
1.26714	0.475	0.00169674
1.30049	0.475	0.000695085
1.33383	0.475	0
0	0.4875	0.101567
0.0339931	0.4875	0.101447
0.0679863	0.4875	0.101086
0.101979	0.4875	0.100482
0.135973	0.4875	0.0996358
0.169966	0.4875	0.0985444
0.203959	0.4875	0.0972068
0.237952	0.4875	0.0956222
0.271945	0.4875	0.0937911
0.305938	0.4875	0.0917153
0.339931	0.4875	0.0893989
0.373924	0.4875	0.0868482
0.407918	0.4875	0.0840723
0.441911	0.4875	0.081083
0.475904	0.4875	0.077895
0.509897	0.4875	0.0745255
0.54389	0.4875	0.070994
0.577883	0.4875	0.0673223
0.611876	0.4875	0.0635336
0.64587	0.4875	0.0596525
0.679863	0.4875	0.0557042
0.713856	0.4875	0.0517147
0.747849	0.4875	0.0477102
0.781842	0.4875	0.0437167
0.815835	0.4875	0.0397601
0.849828	0.4875	0.0358659
0.883821	0.4875	0.0320591
0.917815	0.4875	0.028364
0.951808	0.4875	0.0248042
0.985801	0.4875	0.0214025
1.01979	0.4875	0.018181
1.05379	0.4875	0.0151607
1.08778	0.4875	0.0123619
1.12177	0.4875	0.00980387
1.15577	0.4875	0.007505
1.18976	0.4875	0.00548289
1.22375	0.4875	0.00375415
1.25775	0.4875	0.0023339
1.29174	0.4875	0.00123425
1.32573	0.4875	0.000460138
1.35973	0.4875	0
0	0.5	0.101629
0.0346404	0.5	0.101504
0.0692808	0.5	0.101129
0.103921	0.5	0.100502
0.138562	0.5	0.0996229
0.173202	0.5	0.0984891
0.207842	0.5	0.0970996
0.242483	0.5	0.0954536
0.277123	0.5	0.0935519
0.311764	0.5	0.0913966
0.346404	0.5	0.0889925
0.381044	0.5	0.0863468
0.415685	0.5	0.0834698
0.450325	0.5	0.0803746
0.484966	0.5	0.0770774
0.519606	0.5	0.0735971
0.554246	0.5	0.069955
0.588887	0.5	0.0661747
0.623527	0.5	0.0622811
0.658167	0.5	0.0583005
0.692808	0.5	0.05426
0.727448	0.5	0.0501871
0.762089	0.5	0.0461094
0.796729	0.5	0.0420545
0.831369	0.5	0.0380496
0.86601	0.5	0.0341215
0.90065	0.5	0.0302961
0.935291	0.5	0.026599
0.969931	0.5	0.0230546
1.00457	0.5	0.0196867
1.03921	0.5	0.0165181
1.07385	0.5	0.0135704
1.10849	0.5	0.0108646
1.14313	0.5	0.00842056
1.17777	0.5	0.00625726
1.21241	0.5	0.00439291
1.24705	0.5	0.00284476
1.28169	0.5	0.00162818
1.31633	0.5	0.000753898
1.35098	0.5	0.00022087
1.38562	0.5	0
