0	0	0
0.0075	0	0
0.015	0	0
0.0225	0	0
0.03	0	0
0.0375	0	0
0.045	0	0
0.0525	0	0
0.06	0	0
0.0675	0	0
0.075	0	0
0.0825	0	0
0.09	0	0
0.0975	0	0
0.105	0	0
0.1125	0	0
0.12	0	0
0.1275	0	0
0.135	0	0
0.1425	0	0
0.15	0	0
0.1575	0	0
0.165	0	0
0.1725	0	0
0.18	0	0
0.1875	0	0
0.195	0	0
0.2025	0	0
0.21	0	0
0.2175	0	0
0.225	0	0
0.2325	0	0
0.24	0	0
0.2475	0	0
0.255	0	0
0.2625	0	0
0.27	0	0
0.2775	0	0
0.285	0	0
0.2925	0	0
0.3	0	0
0	0.0075	0.00208803
0.00822618	0.0075	0.0020879
0.0164524	0.0075	0.0020875
0.0246786	0.0075	0.00208682
0.0329047	0.0075	0.00208587
0.0411309	0.0075	0.00208463
0.0493571	0.0075	0.00208311
0.0575833	0.0075	0.0020813
0.0658095	0.0075	0.0020792
0.0740357	0.0075	0.00207678
0.0822618	0.0075	0.00207406
0.090488	0.0075	0.00207101
0.0987142	0.0075	0.00206762
0.10694	0.0075	0.00206388
0.115167	0.0075	0.00205977
0.123393	0.0075	0.00205529
0.131619	0.0075	0.00205041
0.139845	0.0075	0.00204513
0.148071	0.0075	0.00203942
0.156298	0.0075	0.00203327
0.164524	0.0075	0.00202666
0.17275	0.0075	0.00201953
0.180976	0.0075	0.00201183
0.189202	0.0075	0.00200343
0.197428	0.0075	0.00199414
0.205655	0.0075	0.00198363
0.213881	0.0075	0.00197143
0.222107	0.0075	0.00195681
0.230333	0.0075	0.00193875
0.238559	0.0075	0.00191579
0.246786	0.0075	0.00188595
0.255012	0.0075	0.00184654
0.263238	0.0075	0.00179404
0.271464	0.0075	0.00172385
0.27969	0.0075	0.0016301
0.287916	0.0075	0.00150531
0.296143	0.0075	0.00134015
0.304369	0.0075	0.00112299
0.312595	0.0075	0.000839526
0.320821	0.0075	0.000472278
0.329047	0.0075	0
0	0.015	0.00412006
0.00895237	0.015	0.00411975
0.0179047	0.015	0.00411879
0.0268571	0.015	0.00411718
0.0358095	0.015	0.00411491
0.0447618	0.015	0.00411198
0.0537142	0.015	0.00410837
0.0626666	0.015	0.00410406
0.071619	0.015	0.00409903
0.0805713	0.015	0.00409327
0.0895237	0.015	0.00408674
0.0984761	0.015	0.0040794
0.107428	0.015	0.00407124
0.116381	0.015	0.00406219
0.125333	0.015	0.00405223
0.134286	0.015	0.0040413
0.143238	0.015	0.00402934
0.15219	0.015	0.00401627
0.161143	0.015	0.00400199
0.170095	0.015	0.00398635
0.179047	0.015	0.00396912
0.188	0.015	0.00394996
0.196952	0.015	0.00392836
0.205904	0.015	0.00390356
0.214857	0.015	0.00387448
0.223809	0.015	0.00383962
0.232762	0.015	0.00379699
0.241714	0.015	0.00374395
0.250666	0.015	0.00367719
0.259619	0.015	0.00359261
0.268571	0.015	0.00348535
0.277523	0.015	0.00334979
0.286476	0.015	0.0031797
0.295428	0.015	0.00296848
0.304381	0.015	0.00270956
0.313333	0.015	0.00239698
0.322285	0.015	0.00202628
0.331238	0.015	0.0015956
0.34019	0.015	0.00110724
0.349142	0.015	0.000569659
0.358095	0.015	0
0	0.0225	0.0060963
0.00967855	0.0225	0.00609575
0.0193571	0.0225	0.00609407
0.0290357	0.0225	0.00609125
0.0387142	0.0225	0.00608728
0.0483928	0.0225	0.00608213
0.0580713	0.0225	0.00607578
0.0677499	0.0225	0.00606819
0.0774284	0.0225	0.00605932
0.087107	0.0225	0.00604913
0.0967855	0.0225	0.00603754
0.106464	0.0225	0.0060245
0.116143	0.0225	0.00600991
0.125821	0.0225	0.00599369
0.1355	0.0225	0.00597571
0.145178	0.0225	0.00595584
0.154857	0.0225	0.00593387
0.164535	0.0225	0.00590955
0.174214	0.0225	0.00588249
0.183893	0.0225	0.00585214
0.193571	0.0225	0.00581774
0.20325	0.0225	0.00577819
0.212928	0.0225	0.00573197
0.222607	0.0225	0.00567707
0.232285	0.0225	0.00561087
0.241964	0.0225	0.00553011
0.251642	0.0225	0.00543084
0.261321	0.0225	0.00530845
0.270999	0.0225	0.0051578
0.280678	0.0225	0.0049734
0.290357	0.0225	0.0047497
0.300035	0.0225	0.00448152
0.309714	0.0225	0.00416448
0.319392	0.0225	0.00379561
0.329071	0.0225	0.00337391
0.338749	0.0225	0.00290085
0.348428	0.0225	0.00238072
0.358106	0.0225	0.00182069
0.367785	0.0225	0.00123032
0.377464	0.0225	0.000620292
0.387142	0.0225	0
0	0.03	0.008017
0.0104047	0.03	0.00801615
0.0208095	0.03	0.00801357
0.0312142	0.03	0.00800923
0.041619	0.03	0.00800311
0.0520237	0.03	0.00799517
0.0624284	0.03	0.00798536
0.0728332	0.03	0.00797363
0.0832379	0.03	0.00795989
0.0936426	0.03	0.00794404
0.104047	0.03	0.00792598
0.114452	0.03	0.00790557
0.124857	0.03	0.00788263
0.135262	0.03	0.00785697
0.145666	0.03	0.00782832
0.156071	0.03	0.00779633
0.166476	0.03	0.00776051
0.176881	0.03	0.00772019
0.187285	0.03	0.00767444
0.19769	0.03	0.00762199
0.208095	0.03	0.0075611
0.218499	0.03	0.0074895
0.228904	0.03	0.0074043
0.239309	0.03	0.00730197
0.249714	0.03	0.00717831
0.260118	0.03	0.00702859
0.270523	0.03	0.00684769
0.280928	0.03	0.00663037
0.291333	0.03	0.00637164
0.301737	0.03	0.00606716
0.312142	0.03	0.00571368
0.322547	0.03	0.00530952
0.332952	0.03	0.00485488
0.343356	0.03	0.0043521
0.353761	0.03	0.00380562
0.364166	0.03	0.00322175
0.374571	0.03	0.00260805
0.384975	0.03	0.00197252
0.39538	0.03	0.00132253
0.405785	0.03	0.000663832
0.41619	0.03	0
0	0.0375	0.00988238
0.0111309	0.0375	0.00988117
0.0222618	0.0375	0.00987748
0.0333928	0.0375	0.00987128
0.0445237	0.0375	0.00986254
0.0556546	0.0375	0.00985119
0.0667855	0.0375	0.00983716
0.0779165	0.0375	0.00982032
0.0890474	0.0375	0.00980056
0.100178	0.0375	0.0097777
0.111309	0.0375	0.00975156
0.12244	0.0375	0.00972188
0.133571	0.0375	0.00968835
0.144702	0.0375	0.00965057
0.155833	0.0375	0.00960801
0.166964	0.0375	0.00955994
0.178095	0.0375	0.0095054
0.189226	0.0375	0.00944306
0.200357	0.0375	0.00937115
0.211488	0.0375	0.00928736
0.222618	0.0375	0.00918878
0.233749	0.0375	0.00907182
0.24488	0.0375	0.00893228
0.256011	0.0375	0.00876544
0.267142	0.0375	0.00856624
0.278273	0.0375	0.00832958
0.289404	0.0375	0.0080507
0.300535	0.0375	0.00772555
0.311666	0.0375	0.00735127
0.322797	0.0375	0.00692652
0.333928	0.0375	0.00645176
0.345059	0.0375	0.00592937
0.35619	0.0375	0.00536352
0.36732	0.0375	0.0047599
0.378451	0.0375	0.00412519
0.389582	0.0375	0.00346635
0.400713	0.0375	0.00278998
0.411844	0.0375	0.00210167
0.422975	0.0375	0.0014056
0.434106	0.0375	0.000704514
0.445237	0.0375	0
0	0.045	0.0116927
0.0118571	0.045	0.011691
0.0237142	0.045	0.011686
0.0355713	0.045	0.0116776
0.0474284	0.045	0.0116657
0.0592855	0.045	0.0116503
0.0711426	0.045	0.0116312
0.0829997	0.045	0.0116082
0.0948569	0.045	0.0115812
0.106714	0.045	0.0115498
0.118571	0.045	0.0115138
0.130428	0.045	0.0114727
0.142285	0.045	0.011426
0.154142	0.045	0.011373
0.165999	0.045	0.0113127
0.177857	0.045	0.0112439
0.189714	0.045	0.0111649
0.201571	0.045	0.0110735
0.213428	0.045	0.010967
0.225285	0.045	0.0108418
0.237142	0.045	0.010694
0.248999	0.045	0.0105189
0.260856	0.045	0.0103116
0.272713	0.045	0.0100668
0.284571	0.045	0.00977998
0.296428	0.045	0.00944685
0.308285	0.045	0.00906444
0.320142	0.045	0.0086312
0.331999	0.045	0.0081473
0.343856	0.045	0.00761472
0.355713	0.045	0.00703718
0.36757	0.045	0.00641981
0.379427	0.045	0.00576872
0.391285	0.045	0.00509043
0.403142	0.045	0.00439126
0.414999	0.045	0.00367686
0.426856	0.045	0.00295183
0.438713	0.045	0.00221962
0.45057	0.045	0.0014826
0.462427	0.045	0.000742356
0.474284	0.045	0
0	0.0525	0.0134481
0.0125833	0.0525	0.0134459
0.0251666	0.0525	0.0134394
0.0377499	0.0525	0.0134284
0.0503332	0.0525	0.0134129
0.0629165	0.0525	0.0133926
0.0754997	0.0525	0.0133676
0.088083	0.0525	0.0133373
0.100666	0.0525	0.0133017
0.11325	0.0525	0.0132602
0.125833	0.0525	0.0132123
0.138416	0.0525	0.0131575
0.150999	0.0525	0.0130947
0.163583	0.0525	0.0130229
0.176166	0.0525	0.0129406
0.188749	0.0525	0.0128459
0.201333	0.0525	0.0127361
0.213916	0.0525	0.0126083
0.226499	0.0525	0.0124585
0.239083	0.0525	0.0122823
0.251666	0.0525	0.012075
0.264249	0.0525	0.0118314
0.276832	0.0525	0.0115466
0.289416	0.0525	0.0112161
0.301999	0.0525	0.0108365
0.314582	0.0525	0.0104055
0.327166	0.0525	0.00992281
0.339749	0.0525	0.00938957
0.352332	0.0525	0.00880881
0.364915	0.0525	0.00818504
0.377499	0.0525	0.00752386
0.390082	0.0525	0.00683149
0.402665	0.0525	0.00611419
0.415249	0.0525	0.00537782
0.427832	0.0525	0.00462744
0.440415	0.0525	0.00386712
0.452998	0.0525	0.00309997
0.465582	0.0525	0.00232822
0.478165	0.0525	0.00155351
0.490748	0.0525	0.000777088
0.503332	0.0525	0
0	0.06	0.0151488
0.0133095	0.06	0.0151461
0.026619	0.06	0.0151378
0.0399284	0.06	0.0151238
0.0532379	0.06	0.0151041
0.0665474	0.06	0.0150783
0.0798569	0.06	0.0150463
0.0931663	0.06	0.0150077
0.106476	0.06	0.014962
0.119785	0.06	0.0149086
0.133095	0.06	0.0148468
0.146404	0.06	0.0147755
0.159714	0.06	0.0146936
0.173023	0.06	0.0145993
0.186333	0.06	0.0144904
0.199642	0.06	0.0143642
0.212952	0.06	0.0142174
0.226261	0.06	0.0140458
0.239571	0.06	0.0138448
0.25288	0.06	0.0136095
0.26619	0.06	0.0133347
0.279499	0.06	0.0130157
0.292808	0.06	0.0126483
0.306118	0.06	0.0122295
0.319427	0.06	0.011758
0.332737	0.06	0.0112338
0.346046	0.06	0.0106592
0.359356	0.06	0.0100376
0.372665	0.06	0.00937414
0.385975	0.06	0.00867464
0.399284	0.06	0.00794532
0.412594	0.06	0.00719225
0.425903	0.06	0.00642099
0.439213	0.06	0.00563627
0.452522	0.06	0.00484192
0.465832	0.06	0.00404093
0.479141	0.06	0.00323552
0.492451	0.06	0.00242743
0.50576	0.06	0.00161804
0.51907	0.06	0.000808544
0.532379	0.06	0
0	0.0675	0.0167952
0.0140357	0.0675	0.0167917
0.0280713	0.0675	0.0167814
0.042107	0.0675	0.0167641
0.0561426	0.0675	0.0167395
0.0701783	0.0675	0.0167075
0.084214	0.0675	0.0166675
0.0982496	0.0675	0.0166193
0.112285	0.0675	0.016562
0.126321	0.0675	0.0164949
0.140357	0.0675	0.0164169
0.154392	0.0675	0.0163266
0.168428	0.0675	0.0162222
0.182464	0.0675	0.0161013
0.196499	0.0675	0.0159612
0.210535	0.0675	0.0157983
0.224571	0.0675	0.0156083
0.238606	0.0675	0.0153865
0.252642	0.0675	0.0151278
0.266678	0.0675	0.0148272
0.280713	0.0675	0.0144798
0.294749	0.0675	0.014082
0.308785	0.0675	0.0136309
0.32282	0.0675	0.0131257
0.336856	0.0675	0.0125671
0.350891	0.0675	0.0119575
0.364927	0.0675	0.011301
0.378963	0.0675	0.010603
0.392998	0.0675	0.00986939
0.407034	0.0675	0.00910643
0.42107	0.0675	0.00832011
0.435105	0.0675	0.00751582
0.449141	0.0675	0.00669818
0.463177	0.0675	0.00587096
0.477212	0.0675	0.00503712
0.491248	0.0675	0.004199
0.505284	0.0675	0.00335845
0.519319	0.0675	0.00251701
0.533355	0.0675	0.00167601
0.547391	0.0675	0.000836639
0.561426	0.0675	0
0	0.075	0.0183872
0.0147618	0.075	0.0183831
0.0295237	0.075	0.0183705
0.0442855	0.075	0.0183494
0.0590474	0.075	0.0183194
0.0738092	0.075	0.0182802
0.0885711	0.075	0.0182314
0.103333	0.075	0.0181722
0.118095	0.075	0.0181018
0.132857	0.075	0.018019
0.147618	0.075	0.0179225
0.16238	0.075	0.0178103
0.177142	0.075	0.0176801
0.191904	0.075	0.0175289
0.206666	0.075	0.017353
0.221428	0.075	0.0171483
0.23619	0.075	0.0169098
0.250951	0.075	0.0166325
0.265713	0.075	0.0163113
0.280475	0.075	0.0159414
0.295237	0.075	0.0155192
0.309999	0.075	0.0150422
0.324761	0.075	0.0145096
0.339522	0.075	0.0139224
0.354284	0.075	0.0132835
0.369046	0.075	0.0125971
0.383808	0.075	0.0118688
0.39857	0.075	0.0111046
0.413332	0.075	0.0103108
0.428093	0.075	0.00949331
0.442855	0.075	0.00865765
0.457617	0.075	0.00780837
0.472379	0.075	0.00694932
0.487141	0.075	0.00608355
0.501903	0.075	0.00521354
0.516665	0.075	0.00434132
0.531426	0.075	0.00346857
0.546188	0.075	0.00259679
0.56095	0.075	0.0017273
0.575712	0.075	0.000861329
0.590474	0.075	0
0	0.0825	0.0199253
0.015488	0.0825	0.0199203
0.0309761	0.0825	0.0199052
0.0464641	0.0825	0.0198798
0.0619521	0.0825	0.0198439
0.0774401	0.0825	0.0197968
0.0929282	0.0825	0.019738
0.108416	0.0825	0.0196666
0.123904	0.0825	0.0195814
0.139392	0.0825	0.0194811
0.15488	0.0825	0.0193637
0.170368	0.0825	0.0192268
0.185856	0.0825	0.0190675
0.201344	0.0825	0.0188821
0.216832	0.0825	0.0186664
0.23232	0.0825	0.0184154
0.247808	0.0825	0.0181242
0.263296	0.0825	0.0177874
0.278785	0.0825	0.0174005
0.294273	0.0825	0.0169596
0.309761	0.0825	0.0164624
0.325249	0.0825	0.0159082
0.340737	0.0825	0.015298
0.356225	0.0825	0.0146347
0.371713	0.0825	0.0139229
0.387201	0.0825	0.013168
0.402689	0.0825	0.0123763
0.418177	0.0825	0.0115542
0.433665	0.0825	0.0107076
0.449153	0.0825	0.00984207
0.464641	0.0825	0.00896238
0.480129	0.0825	0.00807248
0.495617	0.0825	0.00717561
0.511105	0.0825	0.00627444
0.526593	0.0825	0.00537118
0.542081	0.0825	0.00446772
0.557569	0.0825	0.00356571
0.573057	0.0825	0.00266663
0.588545	0.0825	0.00177184
0.604033	0.0825	0.000882585
0.619521	0.0825	0
0	0.09	0.0214095
0.0162142	0.09	0.0214036
0.0324284	0.09	0.0213857
0.0486426	0.09	0.0213557
0.0648569	0.09	0.0213131
0.0810711	0.09	0.0212573
0.0972853	0.09	0.0211875
0.113499	0.09	0.0211026
0.129714	0.09	0.0210011
0.145928	0.09	0.0208812
0.162142	0.09	0.0207406
0.178356	0.09	0.0205763
0.194571	0.09	0.0203848
0.210785	0.09	0.0201617
0.226999	0.09	0.0199024
0.243213	0.09	0.0196016
0.259427	0.09	0.0192542
0.275642	0.09	0.0188554
0.291856	0.09	0.0184013
0.30807	0.09	0.0178894
0.324284	0.09	0.0173189
0.340498	0.09	0.0166907
0.356713	0.09	0.0160079
0.372927	0.09	0.0152747
0.389141	0.09	0.0144969
0.405355	0.09	0.0136807
0.42157	0.09	0.0128326
0.437784	0.09	0.0119588
0.453998	0.09	0.011065
0.470212	0.09	0.0101561
0.486426	0.09	0.00923627
0.502641	0.09	0.00830907
0.518855	0.09	0.00737738
0.535069	0.09	0.00644362
0.551283	0.09	0.0055099
0.567497	0.09	0.00457806
0.583712	0.09	0.00364975
0.599926	0.09	0.00272647
0.61614	0.09	0.00180959
0.632354	0.09	0.000900384
0.648569	0.09	0
0	0.0975	0.02284
0.0169404	0.0975	0.0228331
0.0338808	0.0975	0.0228123
0.0508212	0.0975	0.0227772
0.0677616	0.0975	0.0227273
0.084702	0.0975	0.022662
0.101642	0.0975	0.0225801
0.118583	0.0975	0.0224803
0.135523	0.0975	0.0223609
0.152464	0.0975	0.0222195
0.169404	0.0975	0.0220534
0.186344	0.0975	0.0218591
0.203285	0.0975	0.0216325
0.220225	0.0975	0.0213687
0.237166	0.0975	0.0210627
0.254106	0.0975	0.0207093
0.271046	0.0975	0.0203035
0.287987	0.0975	0.0198412
0.304927	0.0975	0.0193198
0.321868	0.0975	0.0187381
0.338808	0.0975	0.0180969
0.355748	0.0975	0.017399
0.372689	0.0975	0.0166486
0.389629	0.0975	0.0158513
0.40657	0.0975	0.0150136
0.42351	0.0975	0.014142
0.44045	0.0975	0.013243
0.457391	0.0975	0.0123224
0.474331	0.0975	0.0113855
0.491272	0.0975	0.0104368
0.508212	0.0975	0.00948006
0.525152	0.0975	0.00851842
0.542093	0.0975	0.00755462
0.559033	0.0975	0.00659098
0.575973	0.0975	0.00562957
0.592914	0.0975	0.00467222
0.609854	0.0975	0.0037206
0.626795	0.0975	0.00277624
0.643735	0.0975	0.00184051
0.660675	0.0975	0.000914712
0.677616	0.0975	0
0	0.105	0.0242171
0.0176666	0.105	0.0242091
0.0353332	0.105	0.024185
0.0529997	0.105	0.0241444
0.0706663	0.105	0.0240867
0.0883329	0.105	0.024011
0.105999	0.105	0.023916
0.123666	0.105	0.0238001
0.141333	0.105	0.0236611
0.158999	0.105	0.0234964
0.176666	0.105	0.0233027
0.194332	0.105	0.0230759
0.211999	0.105	0.0228115
0.229666	0.105	0.0225044
0.247332	0.105	0.0221493
0.264999	0.105	0.0217411
0.282665	0.105	0.0212755
0.300332	0.105	0.0207495
0.317998	0.105	0.0201616
0.335665	0.105	0.0195122
0.353332	0.105	0.0188037
0.370998	0.105	0.0180402
0.388665	0.105	0.0172271
0.406331	0.105	0.016371
0.423998	0.105	0.0154786
0.441665	0.105	0.0145564
0.459331	0.105	0.0136108
0.476998	0.105	0.0126472
0.494664	0.105	0.0116706
0.512331	0.105	0.010685
0.529997	0.105	0.00969399
0.547664	0.105	0.00870053
0.565331	0.105	0.00770723
0.582997	0.105	0.00671639
0.600664	0.105	0.00573007
0.61833	0.105	0.00475011
0.635997	0.105	0.0037782
0.653664	0.105	0.00281589
0.67133	0.105	0.00186458
0.688997	0.105	0.000925559
0.706663	0.105	0
0	0.1125	0.0255409
0.0183928	0.1125	0.0255318
0.0367855	0.1125	0.0255041
0.0551783	0.1125	0.0254576
0.0735711	0.1125	0.0253914
0.0919638	0.1125	0.0253045
0.110357	0.1125	0.0251954
0.128749	0.1125	0.025062
0.147142	0.1125	0.024902
0.165535	0.1125	0.0247122
0.183928	0.1125	0.0244888
0.20232	0.1125	0.0242274
0.220713	0.1125	0.023923
0.239106	0.1125	0.0235703
0.257499	0.1125	0.0231641
0.275891	0.1125	0.0226999
0.294284	0.1125	0.0221741
0.312677	0.1125	0.0215847
0.33107	0.1125	0.0209319
0.349463	0.1125	0.0202173
0.367855	0.1125	0.0194449
0.386248	0.1125	0.0186199
0.404641	0.1125	0.0177488
0.423034	0.1125	0.0168382
0.441426	0.1125	0.0158953
0.459819	0.1125	0.0149265
0.478212	0.1125	0.0139377
0.496605	0.1125	0.0129343
0.514997	0.1125	0.0119207
0.53339	0.1125	0.0109008
0.551783	0.1125	0.00987806
0.570176	0.1125	0.00885529
0.588569	0.1125	0.00783509
0.606961	0.1125	0.00681973
0.625354	0.1125	0.00581129
0.643747	0.1125	0.00481165
0.66214	0.1125	0.0038225
0.680532	0.1125	0.0028454
0.698925	0.1125	0.00188178
0.717318	0.1125	0.000932921
0.735711	0.1125	0
0	0.12	0.0268116
0.019119	0.12	0.0268012
0.0382379	0.12	0.0267698
0.0573569	0.12	0.0267169
0.0764758	0.12	0.0266416
0.0955948	0.12	0.0265428
0.114714	0.12	0.0264185
0.133833	0.12	0.0262665
0.152952	0.12	0.026084
0.172071	0.12	0.0258674
0.19119	0.12	0.0256124
0.210308	0.12	0.0253144
0.229427	0.12	0.024968
0.248546	0.12	0.0245679
0.267665	0.12	0.0241094
0.286784	0.12	0.0235884
0.305903	0.12	0.0230024
0.325022	0.12	0.0223508
0.344141	0.12	0.0216349
0.36326	0.12	0.020858
0.382379	0.12	0.0200252
0.401498	0.12	0.0191425
0.420617	0.12	0.018217
0.439736	0.12	0.0172559
0.458855	0.12	0.016266
0.477974	0.12	0.0152537
0.497093	0.12	0.0142247
0.516212	0.12	0.013184
0.535331	0.12	0.012136
0.55445	0.12	0.0110843
0.573569	0.12	0.0100322
0.592687	0.12	0.0089826
0.611806	0.12	0.00793807
0.630925	0.12	0.0069009
0.650044	0.12	0.00587317
0.669163	0.12	0.00485678
0.688282	0.12	0.00385346
0.707401	0.12	0.00286476
0.72652	0.12	0.00189211
0.745639	0.12	0.000936802
0.764758	0.12	0
0	0.1275	0.0280293
0.0198451	0.1275	0.0280175
0.0396903	0.1275	0.0279821
0.0595354	0.1275	0.0279225
0.0793805	0.1275	0.0278376
0.0992257	0.1275	0.0277259
0.119071	0.1275	0.0275855
0.138916	0.1275	0.0274138
0.158761	0.1275	0.0272073
0.178606	0.1275	0.0269623
0.198451	0.1275	0.0266742
0.218296	0.1275	0.0263377
0.238142	0.1275	0.0259477
0.257987	0.1275	0.025499
0.277832	0.1275	0.0249872
0.297677	0.1275	0.0244092
0.317522	0.1275	0.0237637
0.337367	0.1275	0.0230512
0.357212	0.1275	0.0222745
0.377058	0.1275	0.021438
0.396903	0.1275	0.0205478
0.416748	0.1275	0.0196109
0.436593	0.1275	0.0186345
0.456438	0.1275	0.0176259
0.476283	0.1275	0.016592
0.496128	0.1275	0.015539
0.515973	0.1275	0.0144723
0.535819	0.1275	0.0133967
0.555664	0.1275	0.0123165
0.575509	0.1275	0.0112353
0.595354	0.1275	0.0101563
0.615199	0.1275	0.00908234
0.635044	0.1275	0.00801608
0.654889	0.1275	0.00695982
0.674735	0.1275	0.00591565
0.69458	0.1275	0.0048855
0.714425	0.1275	0.00387108
0.73427	0.1275	0.00287397
0.754115	0.1275	0.00189558
0.77396	0.1275	0.00093721
0.793805	0.1275	0
0	0.135	0.0291941
0.0205713	0.135	0.029181
0.0411426	0.135	0.0291413
0.061714	0.135	0.0290746
0.0822853	0.135	0.0289794
0.102857	0.135	0.0288543
0.123428	0.135	0.0286968
0.143999	0.135	0.0285041
0.164571	0.135	0.0282725
0.185142	0.135	0.0279976
0.205713	0.135	0.0276747
0.226285	0.135	0.0272984
0.246856	0.135	0.0268634
0.267427	0.135	0.0263651
0.287998	0.135	0.0257996
0.30857	0.135	0.0251648
0.329141	0.135	0.0244606
0.349712	0.135	0.0236888
0.370284	0.135	0.0228534
0.390855	0.135	0.02196
0.411426	0.135	0.0210155
0.431998	0.135	0.0200272
0.452569	0.135	0.0190028
0.47314	0.135	0.0179495
0.493712	0.135	0.0168741
0.514283	0.135	0.0157827
0.534854	0.135	0.0146805
0.555426	0.135	0.0135723
0.575997	0.135	0.0124622
0.596568	0.135	0.0113537
0.61714	0.135	0.0102501
0.637711	0.135	0.0091544
0.658282	0.135	0.00806905
0.678854	0.135	0.00699645
0.699425	0.135	0.00593872
0.719996	0.135	0.00489778
0.740567	0.135	0.00387536
0.761139	0.135	0.00287304
0.78171	0.135	0.00189222
0.802281	0.135	0.000934159
0.822853	0.135	0
0	0.1425	0.0303063
0.0212975	0.1425	0.0302917
0.042595	0.1425	0.0302476
0.0638925	0.1425	0.0301732
0.08519	0.1425	0.0300674
0.106488	0.1425	0.029928
0.127785	0.1425	0.0297526
0.149083	0.1425	0.0295378
0.17038	0.1425	0.0292797
0.191678	0.1425	0.0289738
0.212975	0.1425	0.0286147
0.234273	0.1425	0.0281972
0.25557	0.1425	0.0277163
0.276868	0.1425	0.0271676
0.298165	0.1425	0.0265483
0.319463	0.1425	0.0258572
0.34076	0.1425	0.0250954
0.362058	0.1425	0.024266
0.383355	0.1425	0.0233741
0.404653	0.1425	0.0224263
0.42595	0.1425	0.0214299
0.447248	0.1425	0.0203929
0.468545	0.1425	0.019323
0.489843	0.1425	0.0182273
0.51114	0.1425	0.0171127
0.532438	0.1425	0.015985
0.553735	0.1425	0.0148495
0.575033	0.1425	0.0137107
0.59633	0.1425	0.0125728
0.617628	0.1425	0.0114394
0.638925	0.1425	0.0103138
0.660223	0.1425	0.00919871
0.68152	0.1425	0.00809693
0.702818	0.1425	0.00701077
0.724115	0.1425	0.00594236
0.745413	0.1425	0.00489365
0.76671	0.1425	0.00386635
0.788008	0.1425	0.00286201
0.809305	0.1425	0.00188204
0.830603	0.1425	0.000927669
0.8519	0.1425	0
0	0.15	0.0313659
0.0220237	0.15	0.0313497
0.0440474	0.15	0.0313009
0.0660711	0.15	0.0312187
0.0880948	0.15	0.0311015
0.110118	0.15	0.0309472
0.132142	0.15	0.030753
0.154166	0.15	0.0305152
0.17619	0.15	0.0302296
0.198213	0.15	0.0298912
0.220237	0.15	0.0294948
0.242261	0.15	0.0290352
0.264284	0.15	0.0285075
0.286308	0.15	0.0279081
0.308332	0.15	0.027235
0.330355	0.15	0.0264883
0.352379	0.15	0.0256701
0.374403	0.15	0.0247847
0.396426	0.15	0.0238384
0.41845	0.15	0.0228383
0.440474	0.15	0.0217924
0.462497	0.15	0.0207089
0.484521	0.15	0.0195956
0.506545	0.15	0.0184598
0.528569	0.15	0.0173079
0.550592	0.15	0.016146
0.572616	0.15	0.0149791
0.59464	0.15	0.0138119
0.616663	0.15	0.0126485
0.638687	0.15	0.0114924
0.660711	0.15	0.010347
0.682734	0.15	0.00921523
0.704758	0.15	0.00809969
0.726782	0.15	0.00700278
0.748805	0.15	0.00592662
0.770829	0.15	0.00487315
0.792853	0.15	0.00384408
0.814876	0.15	0.00284094
0.8369	0.15	0.0018651
0.858924	0.15	0.000917764
0.880948	0.15	0
0	0.1575	0.0323731
0.0227499	0.1575	0.0323553
0.0454997	0.1575	0.0323016
0.0682496	0.1575	0.0322111
0.0909995	0.1575	0.0320821
0.113749	0.1575	0.0319123
0.136499	0.1575	0.0316984
0.159249	0.1575	0.0314366
0.181999	0.1575	0.0311224
0.204749	0.1575	0.0307506
0.227499	0.1575	0.0303158
0.250249	0.1575	0.0298131
0.272998	0.1575	0.029238
0.295748	0.1575	0.0285877
0.318498	0.1575	0.0278612
0.341248	0.1575	0.0270595
0.363998	0.1575	0.0261861
0.386748	0.1575	0.0252465
0.409498	0.1575	0.0242475
0.432248	0.1575	0.0231971
0.454997	0.1575	0.0221038
0.477747	0.1575	0.0209758
0.500497	0.1575	0.0198211
0.523247	0.1575	0.0186469
0.545997	0.1575	0.0174598
0.568747	0.1575	0.0162655
0.591497	0.1575	0.0150692
0.614247	0.1575	0.0138757
0.636996	0.1575	0.0126889
0.659746	0.1575	0.0115125
0.682496	0.1575	0.0103499
0.705246	0.1575	0.00920395
0.727996	0.1575	0.00807736
0.750746	0.1575	0.00697252
0.773496	0.1575	0.00589154
0.796246	0.1575	0.00483634
0.818995	0.1575	0.00380862
0.841745	0.1575	0.00280988
0.864495	0.1575	0.00184144
0.887245	0.1575	0.000904472
0.909995	0.1575	0
0	0.165	0.033328
0.0234761	0.165	0.0333085
0.0469521	0.165	0.0332497
0.0704282	0.165	0.0331506
0.0939042	0.165	0.0330093
0.11738	0.165	0.0328233
0.140856	0.165	0.032589
0.164332	0.165	0.0323023
0.187808	0.165	0.0319585
0.211285	0.165	0.0315523
0.234761	0.165	0.0310783
0.258237	0.165	0.0305317
0.281713	0.165	0.0299089
0.305189	0.165	0.0292076
0.328665	0.165	0.0284279
0.352141	0.165	0.0275722
0.375617	0.165	0.0266448
0.399093	0.165	0.0256523
0.422569	0.165	0.0246024
0.446045	0.165	0.0235035
0.469521	0.165	0.0223646
0.492997	0.165	0.0211939
0.516473	0.165	0.0199996
0.539949	0.165	0.0187888
0.563425	0.165	0.0175682
0.586901	0.165	0.0163434
0.610377	0.165	0.0151198
0.633854	0.165	0.013902
0.65733	0.165	0.0126941
0.680806	0.165	0.0114997
0.704282	0.165	0.0103223
0.727758	0.165	0.00916487
0.751234	0.165	0.00802998
0.77471	0.165	0.00692005
0.798186	0.165	0.0058372
0.821662	0.165	0.00478331
0.845138	0.165	0.00376006
0.868614	0.165	0.00276889
0.89209	0.165	0.00181111
0.915566	0.165	0.000887823
0.939042	0.165	0
0	0.1725	0.0342307
0.0242022	0.1725	0.0342094
0.0484045	0.1725	0.0341454
0.0726067	0.1725	0.0340373
0.096809	0.1725	0.0338833
0.121011	0.1725	0.0336804
0.145213	0.1725	0.033425
0.169416	0.1725	0.0331127
0.193618	0.1725	0.0327384
0.21782	0.1725	0.0322968
0.242022	0.1725	0.0317827
0.266225	0.1725	0.0311918
0.290427	0.1725	0.0305208
0.314629	0.1725	0.0297687
0.338831	0.1725	0.0289363
0.363034	0.1725	0.0280273
0.387236	0.1725	0.0270471
0.411438	0.1725	0.0260031
0.43564	0.1725	0.0249038
0.459843	0.1725	0.0237581
0.484045	0.1725	0.0225751
0.508247	0.1725	0.0213634
0.532449	0.1725	0.0201311
0.556652	0.1725	0.0188854
0.580854	0.1725	0.017633
0.605056	0.1725	0.0163797
0.629258	0.1725	0.0151307
0.65346	0.1725	0.0138907
0.677663	0.1725	0.0126639
0.701865	0.1725	0.011454
0.726067	0.1725	0.0102644
0.750269	0.1725	0.00909806
0.774472	0.1725	0.00795762
0.798674	0.1725	0.00684547
0.822876	0.1725	0.0057637
0.847078	0.1725	0.00471416
0.871281	0.1725	0.00369848
0.895483	0.1725	0.00271807
0.919685	0.1725	0.00177418
0.943887	0.1725	0.000867848
0.96809	0.1725	0
0	0.18	0.0350813
0.0249284	0.18	0.0350582
0.0498569	0.18	0.0349887
0.0747853	0.18	0.0348714
0.0997137	0.18	0.0347041
0.124642	0.18	0.0344839
0.149571	0.18	0.0342067
0.174499	0.18	0.0338679
0.199427	0.18	0.0334623
0.224356	0.18	0.0329845
0.249284	0.18	0.0324298
0.274213	0.18	0.0317939
0.299141	0.18	0.0310746
0.32407	0.18	0.0302717
0.348998	0.18	0.0293872
0.373926	0.18	0.0284257
0.398855	0.18	0.0273937
0.423783	0.18	0.0262995
0.448712	0.18	0.0251521
0.47364	0.18	0.023961
0.498569	0.18	0.0227354
0.523497	0.18	0.0214842
0.548425	0.18	0.0202155
0.573354	0.18	0.0189366
0.598282	0.18	0.0176542
0.623211	0.18	0.0163742
0.648139	0.18	0.0151018
0.673067	0.18	0.0138419
0.697996	0.18	0.0125985
0.722924	0.18	0.0113755
0.747853	0.18	0.0101762
0.772781	0.18	0.00900359
0.79771	0.18	0.00786037
0.822638	0.18	0.00674887
0.847566	0.18	0.00567114
0.872495	0.18	0.00462899
0.897423	0.18	0.00362398
0.922352	0.18	0.0026575
0.94728	0.18	0.00173069
0.972209	0.18	0.00084458
0.997137	0.18	0
0	0.1875	0.0358799
0.0256546	0.1875	0.035855
0.0513092	0.1875	0.0357797
0.0769638	0.1875	0.0356529
0.102618	0.1875	0.035472
0.128273	0.1875	0.0352339
0.153928	0.1875	0.0349342
0.179582	0.1875	0.0345682
0.205237	0.1875	0.0341306
0.230891	0.1875	0.033616
0.256546	0.1875	0.0330199
0.282201	0.1875	0.0323387
0.307855	0.1875	0.031571
0.33351	0.1875	0.0307174
0.359165	0.1875	0.0297811
0.384819	0.1875	0.0287679
0.410474	0.1875	0.0276851
0.436128	0.1875	0.0265418
0.461783	0.1875	0.0253476
0.487438	0.1875	0.0241124
0.513092	0.1875	0.0228456
0.538747	0.1875	0.0215564
0.564401	0.1875	0.0202528
0.590056	0.1875	0.0189423
0.615711	0.1875	0.0176317
0.641365	0.1875	0.0163268
0.66702	0.1875	0.0150331
0.692674	0.1875	0.0137554
0.718329	0.1875	0.0124977
0.743984	0.1875	0.011264
0.769638	0.1875	0.0100576
0.795293	0.1875	0.00888155
0.820948	0.1875	0.00773836
0.846602	0.1875	0.0066304
0.872257	0.1875	0.00555967
0.897911	0.1875	0.00452792
0.923566	0.1875	0.00353669
0.949221	0.1875	0.00258725
0.974875	0.1875	0.00168073
1.00053	0.1875	0.000818054
1.02618	0.1875	0
0	0.195	0.0366266
0.0263808	0.195	0.0365997
0.0527616	0.195	0.0365187
0.0791424	0.195	0.036382
0.105523	0.195	0.0361872
0.131904	0.195	0.0359306
0.158285	0.195	0.0356078
0.184666	0.195	0.035214
0.211046	0.195	0.0347436
0.237427	0.195	0.0341915
0.263808	0.195	0.0335534
0.290189	0.195	0.0328266
0.31657	0.195	0.0320103
0.34295	0.195	0.0311062
0.369331	0.195	0.0301186
0.395712	0.195	0.0290543
0.422093	0.195	0.0279216
0.448473	0.195	0.0267303
0.474854	0.195	0.0254904
0.501235	0.195	0.0242123
0.527616	0.195	0.0229057
0.553997	0.195	0.0215797
0.580377	0.195	0.0202428
0.606758	0.195	0.0189024
0.633139	0.195	0.0175653
0.65952	0.195	0.0162376
0.685901	0.195	0.0149246
0.712281	0.195	0.0136312
0.738662	0.195	0.0123617
0.765043	0.195	0.0111199
0.791424	0.195	0.00990899
0.817805	0.195	0.00873208
0.844185	0.195	0.00759173
0.870566	0.195	0.00649018
0.896947	0.195	0.00542941
0.923328	0.195	0.0044111
0.949709	0.195	0.0034367
0.976089	0.195	0.00250744
1.00247	0.195	0.00162435
1.02885	0.195	0.0007883
1.05523	0.195	0
0	0.2025	0.0373215
0.027107	0.2025	0.0372926
0.054214	0.2025	0.0372056
0.0813209	0.2025	0.0370588
0.108428	0.2025	0.0368496
0.135535	0.2025	0.0365741
0.162642	0.2025	0.0362277
0.189749	0.2025	0.0358053
0.216856	0.2025	0.0353015
0.243963	0.2025	0.0347113
0.27107	0.2025	0.0340309
0.298177	0.2025	0.033258
0.325284	0.2025	0.032393
0.352391	0.2025	0.0314386
0.379498	0.2025	0.0304001
0.406605	0.2025	0.0292853
0.433712	0.2025	0.0281035
0.460819	0.2025	0.026865
0.487926	0.2025	0.0255805
0.515033	0.2025	0.0242606
0.54214	0.2025	0.0229154
0.569247	0.2025	0.0215541
0.596354	0.2025	0.0201853
0.62346	0.2025	0.0188166
0.650567	0.2025	0.0174549
0.677674	0.2025	0.0161063
0.704781	0.2025	0.0147762
0.731888	0.2025	0.0134695
0.758995	0.2025	0.0121905
0.786102	0.2025	0.010943
0.813209	0.2025	0.00973031
0.840316	0.2025	0.00855533
0.867423	0.2025	0.00742062
0.89453	0.2025	0.00632838
0.921637	0.2025	0.00528052
0.948744	0.2025	0.00427864
0.975851	0.2025	0.00332413
1.00296	0.2025	0.00241813
1.03007	0.2025	0.00156161
1.05717	0.2025	0.000755352
1.08428	0.2025	0
0	0.21	0.0379647
0.0278332	0.21	0.0379337
0.0556663	0.21	0.0378406
0.0834995	0.21	0.0376835
0.111333	0.21	0.0374595
0.139166	0.21	0.0371646
0.166999	0.21	0.0367941
0.194832	0.21	0.0363426
0.222665	0.21	0.0358048
0.250498	0.21	0.0351758
0.278332	0.21	0.0344525
0.306165	0.21	0.0336333
0.333998	0.21	0.0327195
0.361831	0.21	0.0317148
0.389664	0.21	0.0306258
0.417497	0.21	0.0294611
0.445331	0.21	0.0282308
0.473164	0.21	0.026946
0.500997	0.21	0.0256178
0.52883	0.21	0.0242573
0.556663	0.21	0.0228747
0.584496	0.21	0.0214795
0.61233	0.21	0.0200804
0.640163	0.21	0.0186851
0.667996	0.21	0.0173006
0.695829	0.21	0.0159331
0.723662	0.21	0.014588
0.751495	0.21	0.0132703
0.779329	0.21	0.0119843
0.807162	0.21	0.0107337
0.834995	0.21	0.00952178
0.862828	0.21	0.00835146
0.890661	0.21	0.00722521
0.918494	0.21	0.00614517
0.946328	0.21	0.00511315
0.974161	0.21	0.00413069
1.00199	0.21	0.00319909
1.02983	0.21	0.00231943
1.05766	0.21	0.00149257
1.08549	0.21	0.000719239
1.11333	0.21	0
0	0.2175	0.0385561
0.0285593	0.2175	0.0385231
0.0571187	0.2175	0.0384237
0.085678	0.2175	0.038256
0.114237	0.2175	0.038017
0.142797	0.2175	0.0377023
0.171356	0.2175	0.0373071
0.199915	0.2175	0.0368259
0.228475	0.2175	0.0362534
0.257034	0.2175	0.0355853
0.285593	0.2175	0.0348185
0.314153	0.2175	0.0339527
0.342712	0.2175	0.0329899
0.371272	0.2175	0.0319351
0.399831	0.2175	0.0307958
0.42839	0.2175	0.0295816
0.45695	0.2175	0.0283035
0.485509	0.2175	0.0269731
0.514068	0.2175	0.0256023
0.542628	0.2175	0.0242022
0.571187	0.2175	0.0227834
0.599746	0.2175	0.0213556
0.628306	0.2175	0.0199278
0.656865	0.2175	0.0185076
0.685424	0.2175	0.0171022
0.713984	0.2175	0.0157179
0.742543	0.2175	0.0143601
0.771102	0.2175	0.0130338
0.799662	0.2175	0.0117431
0.828221	0.2175	0.010492
0.85678	0.2175	0.00928355
0.88534	0.2175	0.00812064
0.913899	0.2175	0.00700567
0.942458	0.2175	0.0059407
0.971018	0.2175	0.00492745
0.999577	0.2175	0.00396739
1.02814	0.2175	0.00306171
1.0567	0.2175	0.00221141
1.08526	0.2175	0.00141729
1.11381	0.2175	0.000679992
1.14237	0.2175	0
0	0.225	0.0390959
0.0292855	0.225	0.0390608
0.0585711	0.225	0.038955
0.0878566	0.225	0.0387765
0.117142	0.225	0.0385221
0.146428	0.225	0.0381873
0.175713	0.225	0.0377669
0.204999	0.225	0.0372555
0.234284	0.225	0.0366478
0.26357	0.225	0.0359398
0.292855	0.225	0.0351292
0.322141	0.225	0.0342164
0.351426	0.225	0.0332045
0.380712	0.225	0.0320995
0.409997	0.225	0.0309101
0.439283	0.225	0.0296469
0.468569	0.225	0.0283215
0.497854	0.225	0.0269464
0.52714	0.225	0.0255337
0.556425	0.225	0.0240951
0.585711	0.225	0.0226413
0.614996	0.225	0.0211825
0.644282	0.225	0.0197274
0.673567	0.225	0.0182842
0.702853	0.225	0.0168599
0.732138	0.225	0.0154608
0.761424	0.225	0.0140925
0.790709	0.225	0.0127599
0.819995	0.225	0.0114672
0.84928	0.225	0.0102181
0.878566	0.225	0.00901582
0.907851	0.225	0.00786307
0.937137	0.225	0.0067622
0.966423	0.225	0.00571515
0.995708	0.225	0.00472358
1.02499	0.225	0.00378885
1.05428	0.225	0.00291208
1.08356	0.225	0.00209417
1.11285	0.225	0.00133583
1.14214	0.225	0.000637639
1.17142	0.225	0
0	0.2325	0.0395842
0.0300117	0.2325	0.0395468
0.0600234	0.2325	0.0394346
0.0900351	0.2325	0.0392452
0.120047	0.2325	0.0389751
0.150059	0.2325	0.0386197
0.18007	0.2325	0.0381737
0.210082	0.2325	0.0376315
0.240094	0.2325	0.036988
0.270105	0.2325	0.0362396
0.300117	0.2325	0.0353847
0.330129	0.2325	0.0344245
0.360141	0.2325	0.0333633
0.390152	0.2325	0.0322082
0.420164	0.2325	0.0309688
0.450176	0.2325	0.0296568
0.480187	0.2325	0.0282848
0.510199	0.2325	0.0268656
0.540211	0.2325	0.0254119
0.570223	0.2325	0.0239358
0.600234	0.2325	0.0224485
0.630246	0.2325	0.0209599
0.660258	0.2325	0.0194793
0.690269	0.2325	0.0180148
0.720281	0.2325	0.0165736
0.750293	0.2325	0.0151619
0.780305	0.2325	0.0137854
0.810316	0.2325	0.0124489
0.840328	0.2325	0.0111566
0.87034	0.2325	0.00991222
0.900351	0.2325	0.00871877
0.930363	0.2325	0.00757894
0.960375	0.2325	0.00649496
0.990387	0.2325	0.0054687
1.0204	0.2325	0.0045017
1.05041	0.2325	0.00359523
1.08042	0.2325	0.00275031
1.11043	0.2325	0.00196777
1.14045	0.2325	0.00124824
1.17046	0.2325	0.000592209
1.20047	0.2325	0
0	0.24	0.0400209
0.0307379	0.24	0.0399814
0.0614758	0.24	0.0398625
0.0922137	0.24	0.039662
0.122952	0.24	0.039376
0.15369	0.24	0.0389997
0.184427	0.24	0.0385276
0.215165	0.24	0.037954
0.245903	0.24	0.0372742
0.276641	0.24	0.0364848
0.307379	0.24	0.0355851
0.338117	0.24	0.0345772
0.368855	0.24	0.0334663
0.399593	0.24	0.032261
0.430331	0.24	0.0309718
0.461069	0.24	0.0296114
0.491806	0.24	0.0281931
0.522544	0.24	0.0267304
0.553282	0.24	0.0252367
0.58402	0.24	0.0237243
0.614758	0.24	0.0222046
0.645496	0.24	0.0206879
0.676234	0.24	0.0191835
0.706972	0.24	0.0176995
0.73771	0.24	0.0162434
0.768448	0.24	0.0148213
0.799185	0.24	0.0134389
0.829923	0.24	0.012101
0.860661	0.24	0.0108117
0.891399	0.24	0.00957455
0.922137	0.24	0.00839263
0.952875	0.24	0.00726845
0.983613	0.24	0.00620416
1.01435	0.24	0.00520151
1.04509	0.24	0.00426194
1.07583	0.24	0.00338663
1.10656	0.24	0.00257651
1.1373	0.24	0.0018323
1.16804	0.24	0.00115457
1.19878	0.24	0.000543735
1.22952	0.24	0
0	0.2475	0.0404062
0.0314641	0.2475	0.0403644
0.0629282	0.2475	0.0402389
0.0943923	0.2475	0.040027
0.125856	0.2475	0.0397248
0.15732	0.2475	0.0393273
0.188785	0.2475	0.0388286
0.220249	0.2475	0.0382232
0.251713	0.2475	0.0375065
0.283177	0.2475	0.0366756
0.314641	0.2475	0.0357305
0.346105	0.2475	0.0346743
0.377569	0.2475	0.0335136
0.409033	0.2475	0.0322578
0.440497	0.2475	0.0309189
0.471961	0.2475	0.0295103
0.503425	0.2475	0.0280462
0.534889	0.2475	0.0265409
0.566354	0.2475	0.025008
0.597818	0.2475	0.0234603
0.629282	0.2475	0.0219096
0.660746	0.2475	0.0203663
0.69221	0.2475	0.0188398
0.723674	0.2475	0.0173384
0.755138	0.2475	0.0158694
0.786602	0.2475	0.0144392
0.818066	0.2475	0.0130532
0.84953	0.2475	0.0117163
0.880994	0.2475	0.0104325
0.912458	0.2475	0.0092053
0.943923	0.2475	0.00803758
0.975387	0.2475	0.0069318
1.00685	0.2475	0.00588997
1.03831	0.2475	0.00491375
1.06978	0.2475	0.00400446
1.10124	0.2475	0.00316318
1.13271	0.2475	0.00239076
1.16417	0.2475	0.00168783
1.19564	0.2475	0.00105489
1.2271	0.2475	0.000492254
1.25856	0.2475	0
0	0.255	0.04074
0.0321903	0.255	0.040696
0.0643805	0.255	0.0405637
0.0965708	0.255	0.0403403
0.128761	0.255	0.0400218
0.160951	0.255	0.0396027
0.193142	0.255	0.039077
0.225332	0.255	0.0384393
0.257522	0.255	0.037685
0.289712	0.255	0.0368119
0.321903	0.255	0.0358208
0.354093	0.255	0.0347159
0.386283	0.255	0.0335049
0.418473	0.255	0.0321986
0.450664	0.255	0.0308099
0.482854	0.255	0.0293533
0.515044	0.255	0.0278439
0.547235	0.255	0.0262966
0.579425	0.255	0.0247255
0.611615	0.255	0.0231438
0.643805	0.255	0.0215634
0.675996	0.255	0.0199951
0.708186	0.255	0.0184483
0.740376	0.255	0.0169314
0.772566	0.255	0.0154517
0.804757	0.255	0.0140156
0.836947	0.255	0.0126285
0.869137	0.255	0.0112951
0.901328	0.255	0.0100194
0.933518	0.255	0.00880469
0.965708	0.255	0.00765385
0.997898	0.255	0.00656918
1.03009	0.255	0.00555258
1.06228	0.255	0.00460557
1.09447	0.255	0.00372939
1.12666	0.255	0.002925
1.15885	0.255	0.00219316
1.19104	0.255	0.00153444
1.22323	0.255	0.000949257
1.25542	0.255	0.000437819
1.28761	0.255	0
0	0.2625	0.0410225
0.0329165	0.2625	0.0409762
0.0658329	0.2625	0.040837
0.0987494	0.2625	0.0406021
0.131666	0.2625	0.0402669
0.164582	0.2625	0.0398259
0.197499	0.2625	0.0392729
0.230415	0.2625	0.0386022
0.263332	0.2625	0.0378098
0.296248	0.2625	0.0368938
0.329165	0.2625	0.0358561
0.362081	0.2625	0.034702
0.394997	0.2625	0.0334403
0.427914	0.2625	0.0320831
0.46083	0.2625	0.0306446
0.493747	0.2625	0.0291403
0.526663	0.2625	0.0275861
0.55958	0.2625	0.0259975
0.592496	0.2625	0.0243891
0.625413	0.2625	0.0227746
0.658329	0.2625	0.021166
0.691246	0.2625	0.0195743
0.724162	0.2625	0.0180091
0.757078	0.2625	0.0164787
0.789995	0.2625	0.0149905
0.822911	0.2625	0.0135508
0.855828	0.2625	0.0121649
0.888744	0.2625	0.0108375
0.921661	0.2625	0.00957245
0.954577	0.2625	0.00837293
0.987494	0.2625	0.00724165
1.02041	0.2625	0.0061808
1.05333	0.2625	0.00519216
1.08624	0.2625	0.00427714
1.11916	0.2625	0.00343685
1.15208	0.2625	0.00267218
1.18499	0.2625	0.0019838
1.21791	0.2625	0.00137222
1.25083	0.2625	0.000837765
1.28374	0.2625	0.000380508
1.31666	0.2625	0
0	0.27	0.0412535
0.0336426	0.27	0.0412049
0.0672853	0.27	0.0410589
0.100928	0.27	0.0408123
0.134571	0.27	0.0404604
0.168213	0.27	0.0399971
0.201856	0.27	0.0394163
0.235498	0.27	0.0387122
0.269141	0.27	0.0378809
0.302784	0.27	0.0369214
0.336426	0.27	0.0358363
0.370069	0.27	0.0346322
0.403712	0.27	0.0333194
0.437354	0.27	0.0319111
0.470997	0.27	0.0304227
0.50464	0.27	0.0288709
0.538282	0.27	0.0272724
0.571925	0.27	0.0256433
0.605567	0.27	0.0239987
0.63921	0.27	0.0223526
0.672853	0.27	0.0207174
0.706495	0.27	0.019104
0.740138	0.27	0.0175223
0.773781	0.27	0.0159805
0.807423	0.27	0.014486
0.841066	0.27	0.013045
0.874709	0.27	0.0116628
0.908351	0.27	0.0103439
0.941994	0.27	0.00909198
0.975636	0.27	0.00791024
1.00928	0.27	0.00680117
1.04292	0.27	0.00576683
1.07656	0.27	0.00480887
1.11021	0.27	0.00392858
1.14385	0.27	0.00312698
1.17749	0.27	0.00240486
1.21113	0.27	0.00176281
1.24478	0.27	0.00120129
1.27842	0.27	0.000720544
1.31206	0.27	0.000320441
1.34571	0.27	0
0	0.2775	0.0414332
0.0343688	0.2775	0.0413823
0.0687376	0.2775	0.0412293
0.103106	0.2775	0.040971
0.137475	0.2775	0.0406021
0.171844	0.2775	0.0401164
0.206213	0.2775	0.0395073
0.240582	0.2775	0.0387691
0.274951	0.2775	0.0378983
0.309319	0.2775	0.0368945
0.343688	0.2775	0.0357614
0.378057	0.2775	0.0345067
0.412426	0.2775	0.0331421
0.446795	0.2775	0.0316823
0.481164	0.2775	0.0301441
0.515532	0.2775	0.028545
0.549901	0.2775	0.0269026
0.58427	0.2775	0.0252338
0.618639	0.2775	0.0235541
0.653008	0.2775	0.0218778
0.687376	0.2775	0.0202175
0.721745	0.2775	0.0185843
0.756114	0.2775	0.0169879
0.790483	0.2775	0.0154368
0.824852	0.2775	0.0139383
0.859221	0.2775	0.0124983
0.893589	0.2775	0.0111222
0.927958	0.2775	0.00981432
0.962327	0.2775	0.0085782
0.996696	0.2775	0.00741684
1.03106	0.2775	0.00633262
1.06543	0.2775	0.00532747
1.0998	0.2775	0.00440289
1.13417	0.2775	0.00356006
1.16854	0.2775	0.0027999
1.20291	0.2775	0.00212313
1.23728	0.2775	0.0015303
1.27165	0.2775	0.00102181
1.30602	0.2775	0.000597795
1.34038	0.2775	0.000257809
1.37475	0.2775	0
0	0.285	0.0415616
0.035095	0.285	0.0415084
0.07019	0.285	0.0413485
0.105285	0.285	0.0410783
0.14038	0.285	0.0406923
0.175475	0.285	0.0401838
0.21057	0.285	0.039546
0.245665	0.285	0.0387732
0.28076	0.285	0.0378622
0.315855	0.285	0.0368132
0.35095	0.285	0.0356311
0.386045	0.285	0.034325
0.42114	0.285	0.0329081
0.456235	0.285	0.0313966
0.49133	0.285	0.0298084
0.526425	0.285	0.0281623
0.56152	0.285	0.0264766
0.596615	0.285	0.024769
0.63171	0.285	0.0230553
0.666805	0.285	0.0213502
0.7019	0.285	0.0196663
0.736995	0.285	0.0180151
0.77209	0.285	0.0164062
0.807185	0.285	0.014848
0.84228	0.285	0.0133476
0.877375	0.285	0.0119111
0.91247	0.285	0.0105435
0.947565	0.285	0.00924912
0.98266	0.285	0.00803133
1.01776	0.285	0.00689294
1.05285	0.285	0.0058362
1.08795	0.285	0.00486288
1.12304	0.285	0.00397435
1.15814	0.285	0.00317169
1.19323	0.285	0.00245574
1.22833	0.285	0.00182716
1.26342	0.285	0.00128647
1.29852	0.285	0.000834028
1.33361	0.285	0.000469829
1.36871	0.285	0.00019292
1.4038	0.285	0
0	0.2925	0.0416386
0.0358212	0.2925	0.0415831
0.0716424	0.2925	0.0414162
0.107464	0.2925	0.0411342
0.143285	0.2925	0.0407309
0.179106	0.2925	0.0401995
0.214927	0.2925	0.0395326
0.250748	0.2925	0.0387245
0.28657	0.2925	0.0377723
0.322391	0.2925	0.0366773
0.358212	0.2925	0.0354453
0.394033	0.2925	0.034087
0.429854	0.2925	0.0326172
0.465675	0.2925	0.0310535
0.501497	0.2925	0.0294153
0.537318	0.2925	0.0277224
0.573139	0.2925	0.0259942
0.60896	0.2925	0.0242486
0.644781	0.2925	0.0225021
0.680603	0.2925	0.0207696
0.716424	0.2925	0.019064
0.752245	0.2925	0.0173966
0.788066	0.2925	0.0157772
0.823887	0.2925	0.014214
0.859709	0.2925	0.0127141
0.89553	0.2925	0.0112834
0.931351	0.2925	0.00992689
0.967172	0.2925	0.00864851
1.00299	0.2925	0.00745158
1.03881	0.2925	0.00633875
1.07464	0.2925	0.00531209
1.11046	0.2925	0.00437322
1.14628	0.2925	0.00352341
1.1821	0.2925	0.00276363
1.21792	0.2925	0.00209466
1.25374	0.2925	0.00151712
1.28956	0.2925	0.00103157
1.32538	0.2925	0.000638318
1.36121	0.2925	0.000337144
1.39703	0.2925	0.000126264
1.43285	0.2925	0
0	0.3	0.0416643
0.0365474	0.3	0.0416065
0.0730948	0.3	0.0414327
0.109642	0.3	0.0411387
0.14619	0.3	0.0407182
0.182737	0.3	0.0401634
0.219284	0.3	0.0394669
0.255832	0.3	0.0386229
0.292379	0.3	0.0376288
0.328926	0.3	0.0364867
0.365474	0.3	0.0352038
0.402021	0.3	0.0337924
0.438569	0.3	0.032269
0.475116	0.3	0.0306528
0.511663	0.3	0.0289646
0.548211	0.3	0.0272253
0.584758	0.3	0.025455
0.621305	0.3	0.0236725
0.657853	0.3	0.0218946
0.6944	0.3	0.0201363
0.730948	0.3	0.0184106
0.767495	0.3	0.016729
0.804042	0.3	0.0151012
0.84059	0.3	0.0135352
0.877137	0.3	0.0120381
0.913684	0.3	0.0106157
0.950232	0.3	0.00927257
0.986779	0.3	0.00801271
1.02333	0.3	0.00683919
1.05987	0.3	0.00575447
1.09642	0.3	0.00476047
1.13297	0.3	0.00385868
1.16952	0.3	0.00305023
1.20606	0.3	0.00233603
1.24261	0.3	0.00171683
1.27916	0.3	0.00119329
1.31571	0.3	0.000766001
1.35225	0.3	0.000435274
1.3888	0.3	0.000200525
1.42535	0.3	5.86199e-05
1.4619	0.3	0
