0	0	0
0.00375	0	0
0.0075	0	0
0.01125	0	0
0.015	0	0
0.01875	0	0
0.0225	0	0
0.02625	0	0
0.03	0	0
0.03375	0	0
0.0375	0	0
0.04125	0	0
0.045	0	0
0.04875	0	0
0.0525	0	0
0.05625	0	0
0.06	0	0
0.06375	0	0
0.0675	0	0
0.07125	0	0
0.075	0	0
0.07875	0	0
0.0825	0	0
0.08625	0	0
0.09	0	0
0.09375	0	0
0.0975	0	0
0.10125	0	0
0.105	0	0
0.10875	0	0
0.1125	0	0
0.11625	0	0
0.12	0	0
0.12375	0	0
0.1275	0	0
0.13125	0	0
0.135	0	0
0.13875	0	0
0.1425	0	0
0.14625	0	0
0.15	0	0
0	0.005	0.000928678
0.00458444	0.005	0.000928639
0.00916888	0.005	0.000928509
0.0137533	0.005	0.000928289
0.0183378	0.005	0.00092798
0.0229222	0.005	0.000927582
0.0275066	0.005	0.000927098
0.0320911	0.005	0.000926533
0.0366755	0.005	0.000925892
0.04126	0.005	0.000925187
0.0458444	0.005	0.000924426
0.0504288	0.005	0.000923621
0.0550133	0.005	0.000922776
0.0595977	0.005	0.000921887
0.0641822	0.005	0.000920935
0.0687666	0.005	0.00091988
0.073351	0.005	0.000918659
0.0779355	0.005	0.000917173
0.0825199	0.005	0.000915293
0.0871043	0.005	0.000912848
0.0916888	0.005	0.000909628
0.0962732	0.005	0.00090538
0.100858	0.005	0.000899807
0.105442	0.005	0.000892571
0.110027	0.005	0.000883289
0.114611	0.005	0.000871538
0.119195	0.005	0.000856856
0.12378	0.005	0.000838739
0.128364	0.005	0.000816649
0.132949	0.005	0.00079001
0.137533	0.005	0.000758212
0.142118	0.005	0.000720614
0.146702	0.005	0.00067654
0.151286	0.005	0.000625285
0.155871	0.005	0.000566115
0.160455	0.005	0.000498263
0.16504	0.005	0.000420937
0.169624	0.005	0.000333313
0.174209	0.005	0.00023454
0.178793	0.005	0.000123739
0.183378	0.005	0
0	0.01	0.00183248
0.00541888	0.01	0.00183237
0.0108378	0.01	0.001832
0.0162566	0.01	0.00183137
0.0216755	0.01	0.00183049
0.0270944	0.01	0.00182936
0.0325133	0.01	0.00182799
0.0379322	0.01	0.00182637
0.043351	0.01	0.00182451
0.0487699	0.01	0.00182242
0.0541888	0.01	0.00182007
0.0596077	0.01	0.00181744
0.0650265	0.01	0.00181443
0.0704454	0.01	0.00181092
0.0758643	0.01	0.00180673
0.0812832	0.01	0.00180157
0.0867021	0.01	0.00179514
0.0921209	0.01	0.001787
0.0975398	0.01	0.00177667
0.102959	0.01	0.00176362
0.108378	0.01	0.00174723
0.113796	0.01	0.00172686
0.119215	0.01	0.00170183
0.124634	0.01	0.00167148
0.130053	0.01	0.00163512
0.135472	0.01	0.00159211
0.140891	0.01	0.00154186
0.14631	0.01	0.00148383
0.151729	0.01	0.00141755
0.157147	0.01	0.00134269
0.162566	0.01	0.00125899
0.167985	0.01	0.00116636
0.173404	0.01	0.00106484
0.178823	0.01	0.000954636
0.184242	0.01	0.000836148
0.189661	0.01	0.000709964
0.19508	0.01	0.000576887
0.200499	0.01	0.000437948
0.205917	0.01	0.00029442
0.211336	0.01	0.000147836
0.216755	0.01	0
0	0.015	0.00271153
0.00625332	0.015	0.00271129
0.0125066	0.015	0.00271054
0.01876	0.015	0.00270927
0.0250133	0.015	0.00270749
0.0312666	0.015	0.00270519
0.0375199	0.015	0.00270236
0.0437732	0.015	0.00269899
0.0500265	0.015	0.00269503
0.0562799	0.015	0.00269042
0.0625332	0.015	0.00268503
0.0687865	0.015	0.00267864
0.0750398	0.015	0.00267096
0.0812931	0.015	0.00266157
0.0875465	0.015	0.00264994
0.0937998	0.015	0.00263545
0.100053	0.015	0.00261737
0.106306	0.015	0.00259489
0.11256	0.015	0.00256717
0.118813	0.015	0.00253335
0.125066	0.015	0.00249258
0.13132	0.015	0.00244409
0.137573	0.015	0.00238716
0.143826	0.015	0.0023212
0.15008	0.015	0.00224577
0.156333	0.015	0.00216058
0.162586	0.015	0.00206549
0.16884	0.015	0.00196058
0.175093	0.015	0.0018461
0.181346	0.015	0.00172246
0.1876	0.015	0.00159027
0.193853	0.015	0.00145027
0.200106	0.015	0.00130335
0.206359	0.015	0.00115049
0.212613	0.015	0.000992742
0.218866	0.015	0.000831192
0.225119	0.015	0.000666903
0.231373	0.015	0.000500871
0.237626	0.015	0.000333966
0.243879	0.015	0.000166868
0.250133	0.015	0
0	0.02	0.00356593
0.00708776	0.02	0.00356551
0.0141755	0.02	0.00356421
0.0212633	0.02	0.00356203
0.028351	0.02	0.00355893
0.0354388	0.02	0.00355491
0.0425265	0.02	0.0035499
0.0496143	0.02	0.00354382
0.0567021	0.02	0.00353653
0.0637898	0.02	0.00352779
0.0708776	0.02	0.00351723
0.0779653	0.02	0.00350435
0.0850531	0.02	0.00348851
0.0921408	0.02	0.0034689
0.0992286	0.02	0.00344461
0.106316	0.02	0.00341461
0.113404	0.02	0.00337786
0.120492	0.02	0.00333331
0.12758	0.02	0.00327998
0.134667	0.02	0.00321698
0.141755	0.02	0.00314362
0.148843	0.02	0.00305938
0.155931	0.02	0.00296395
0.163018	0.02	0.00285727
0.170106	0.02	0.00273952
0.177194	0.02	0.00261108
0.184282	0.02	0.00247256
0.191369	0.02	0.00232475
0.198457	0.02	0.00216857
0.205545	0.02	0.00200505
0.212633	0.02	0.0018353
0.21972	0.02	0.00166042
0.226808	0.02	0.0014815
0.233896	0.02	0.00129956
0.240984	0.02	0.00111552
0.248072	0.02	0.000930148
0.255159	0.02	0.000744088
0.262247	0.02	0.000557802
0.269335	0.02	0.000371599
0.276423	0.02	0.000185644
0.28351	0.02	0
0	0.025	0.0043958
0.0079222	0.025	0.00439514
0.0158444	0.025	0.00439311
0.0237666	0.025	0.00438967
0.0316888	0.025	0.00438478
0.039611	0.025	0.00437836
0.0475332	0.025	0.00437029
0.0554554	0.025	0.00436034
0.0633776	0.025	0.00434816
0.0712998	0.025	0.00433326
0.079222	0.025	0.00431494
0.0871442	0.025	0.00429234
0.0950664	0.025	0.00426439
0.102989	0.025	0.00422993
0.110911	0.025	0.00418768
0.118833	0.025	0.00413642
0.126755	0.025	0.00407497
0.134677	0.025	0.00400233
0.1426	0.025	0.0039177
0.150522	0.025	0.00382056
0.158444	0.025	0.00371067
0.166366	0.025	0.0035881
0.174288	0.025	0.00345322
0.182211	0.025	0.00330664
0.190133	0.025	0.00314923
0.198055	0.025	0.00298201
0.205977	0.025	0.00280616
0.213899	0.025	0.0026229
0.221822	0.025	0.00243347
0.229744	0.025	0.00223908
0.237666	0.025	0.00204086
0.245588	0.025	0.00183981
0.25351	0.025	0.00163681
0.261432	0.025	0.00143258
0.269355	0.025	0.00122768
0.277277	0.025	0.00102253
0.285199	0.025	0.000817414
0.293121	0.025	0.000612517
0.301043	0.025	0.000407946
0.308966	0.025	0.00020376
0.316888	0.025	0
0	0.03	0.00520126
0.00875664	0.03	0.00520029
0.0175133	0.03	0.0051973
0.0262699	0.03	0.00519224
0.0350265	0.03	0.00518501
0.0437832	0.03	0.00517545
0.0525398	0.03	0.00516329
0.0612965	0.03	0.0051481
0.0700531	0.03	0.00512926
0.0788097	0.03	0.00510594
0.0875664	0.03	0.00507707
0.096323	0.03	0.00504137
0.10508	0.03	0.00499743
0.113836	0.03	0.0049438
0.122593	0.03	0.00487907
0.13135	0.03	0.00480201
0.140106	0.03	0.00471162
0.148863	0.03	0.00460724
0.157619	0.03	0.00448854
0.166376	0.03	0.0043556
0.175133	0.03	0.00420886
0.183889	0.03	0.00404905
0.192646	0.03	0.00387722
0.201403	0.03	0.00369458
0.210159	0.03	0.00350249
0.218916	0.03	0.00330236
0.227673	0.03	0.0030956
0.236429	0.03	0.00288354
0.245186	0.03	0.0026674
0.253942	0.03	0.00244825
0.262699	0.03	0.00222701
0.271456	0.03	0.00200442
0.280212	0.03	0.00178107
0.288969	0.03	0.00155739
0.297726	0.03	0.00133369
0.306482	0.03	0.00111021
0.315239	0.03	0.000887083
0.323996	0.03	0.000664423
0.332752	0.03	0.000442309
0.341509	0.03	0.000220811
0.350265	0.03	0
0	0.035	0.00598241
0.00959108	0.035	0.00598105
0.0191822	0.035	0.00597688
0.0287732	0.035	0.0059698
0.0383643	0.035	0.00595964
0.0479554	0.035	0.00594611
0.0575465	0.035	0.00592873
0.0671375	0.035	0.00590683
0.0767286	0.035	0.00587946
0.0863197	0.035	0.00584539
0.0959108	0.035	0.00580317
0.105502	0.035	0.0057512
0.115093	0.035	0.00568782
0.124684	0.035	0.00561149
0.134275	0.035	0.00552089
0.143866	0.035	0.00541504
0.153457	0.035	0.00529338
0.163048	0.035	0.0051558
0.172639	0.035	0.00500263
0.18223	0.035	0.00483464
0.191822	0.035	0.00465292
0.201413	0.035	0.00445884
0.211004	0.035	0.00425391
0.220595	0.035	0.00403975
0.230186	0.035	0.00381794
0.239777	0.035	0.00359
0.249368	0.035	0.00335732
0.258959	0.035	0.0031211
0.26855	0.035	0.00288237
0.278141	0.035	0.00264198
0.287732	0.035	0.00240059
0.297323	0.035	0.00215871
0.306914	0.035	0.00191673
0.316505	0.035	0.00167491
0.326097	0.035	0.00143348
0.335688	0.035	0.00119258
0.345279	0.035	0.000952341
0.35487	0.035	0.000712863
0.364461	0.035	0.000474251
0.374052	0.035	0.000236598
0.383643	0.035	0
0	0.04	0.00673937
0.0104255	0.04	0.00673754
0.020851	0.04	0.00673194
0.0312765	0.04	0.00672241
0.0417021	0.04	0.00670869
0.0521276	0.04	0.00669031
0.0625531	0.04	0.00666656
0.0729786	0.04	0.00663644
0.0834041	0.04	0.00659863
0.0938296	0.04	0.00655156
0.104255	0.04	0.00649343
0.114681	0.04	0.00642242
0.125106	0.04	0.00633682
0.135532	0.04	0.0062352
0.145957	0.04	0.00611655
0.156383	0.04	0.00598037
0.166808	0.04	0.0058267
0.177234	0.04	0.0056561
0.187659	0.04	0.00546962
0.198085	0.04	0.00526863
0.20851	0.04	0.0050548
0.218936	0.04	0.0048299
0.229361	0.04	0.00459574
0.239787	0.04	0.00435408
0.250212	0.04	0.00410652
0.260638	0.04	0.0038545
0.271063	0.04	0.00359924
0.281489	0.04	0.00334175
0.291914	0.04	0.00308285
0.30234	0.04	0.00282315
0.312765	0.04	0.00256316
0.323191	0.04	0.00230324
0.333616	0.04	0.00204367
0.344042	0.04	0.00178466
0.354468	0.04	0.0015264
0.364893	0.04	0.00126902
0.375319	0.04	0.00101268
0.385744	0.04	0.000757486
0.39617	0.04	0.000503567
0.406595	0.04	0.000251036
0.417021	0.04	0
0	0.045	0.00747224
0.01126	0.045	0.00746985
0.0225199	0.045	0.00746257
0.0337799	0.045	0.00745017
0.0450398	0.045	0.00743224
0.0562998	0.045	0.00740811
0.0675597	0.045	0.00737679
0.0788197	0.045	0.00733695
0.0900796	0.045	0.00728691
0.10134	0.045	0.00722476
0.1126	0.045	0.00714849
0.123859	0.045	0.00705621
0.135119	0.045	0.00694633
0.146379	0.045	0.00681774
0.157639	0.045	0.00666994
0.168899	0.045	0.00650304
0.180159	0.045	0.00631777
0.191419	0.045	0.00611538
0.202679	0.045	0.00589752
0.213939	0.045	0.00566609
0.225199	0.045	0.00542311
0.236459	0.045	0.00517059
0.247719	0.045	0.00491045
0.258979	0.045	0.00464441
0.270239	0.045	0.00437396
0.281499	0.045	0.00410037
0.292759	0.045	0.00382467
0.304019	0.045	0.00354768
0.315279	0.045	0.00327005
0.326539	0.045	0.00299225
0.337799	0.045	0.00271469
0.349059	0.045	0.00243765
0.360319	0.045	0.00216138
0.371578	0.045	0.00188609
0.382838	0.045	0.00161197
0.394098	0.045	0.00133917
0.405358	0.045	0.00106784
0.416618	0.045	0.000798133
0.427878	0.045	0.000530177
0.439138	0.045	0.000264095
0.450398	0.045	0
0	0.05	0.00818111
0.0120944	0.05	0.00817808
0.0241888	0.05	0.00816886
0.0362832	0.05	0.00815314
0.0483776	0.05	0.00813035
0.060472	0.05	0.00809958
0.0725664	0.05	0.00805954
0.0846608	0.05	0.00800855
0.0967551	0.05	0.00794461
0.10885	0.05	0.00786557
0.120944	0.05	0.00776932
0.133038	0.05	0.00765408
0.145133	0.05	0.00751855
0.157227	0.05	0.00736212
0.169322	0.05	0.00718491
0.181416	0.05	0.00698771
0.19351	0.05	0.00677195
0.205605	0.05	0.00653947
0.217699	0.05	0.00629241
0.229793	0.05	0.00603304
0.241888	0.05	0.00576357
0.253982	0.05	0.00548609
0.266077	0.05	0.00520246
0.278171	0.05	0.00491428
0.290265	0.05	0.00462291
0.30236	0.05	0.00432942
0.314454	0.05	0.00403468
0.326549	0.05	0.00373937
0.338643	0.05	0.00344401
0.350737	0.05	0.00314903
0.362832	0.05	0.00285476
0.374926	0.05	0.00256149
0.387021	0.05	0.00226946
0.399115	0.05	0.00197888
0.411209	0.05	0.00168994
0.423304	0.05	0.00140284
0.435398	0.05	0.00111772
0.447493	0.05	0.000834744
0.459587	0.05	0.000554051
0.471681	0.05	0.000275764
0.483776	0.05	0
0	0.055	0.00886608
0.0129288	0.055	0.00886232
0.0258577	0.055	0.00885091
0.0387865	0.055	0.00883143
0.0517153	0.055	0.00880313
0.0646442	0.055	0.00876484
0.077573	0.055	0.00871497
0.0905018	0.055	0.0086515
0.103431	0.055	0.00857219
0.116359	0.055	0.00847472
0.129288	0.055	0.00835706
0.142217	0.055	0.00821767
0.155146	0.055	0.00805572
0.168075	0.055	0.0078712
0.181004	0.055	0.00766491
0.193932	0.055	0.00743834
0.206861	0.055	0.00719351
0.21979	0.055	0.00693278
0.232719	0.055	0.00665863
0.245648	0.055	0.00637352
0.258577	0.055	0.00607974
0.271505	0.055	0.00577933
0.284434	0.055	0.00547406
0.297363	0.055	0.00516536
0.310292	0.055	0.00485443
0.323221	0.055	0.00454221
0.33615	0.055	0.00422944
0.349078	0.055	0.00391671
0.362007	0.055	0.00360448
0.374936	0.055	0.00329316
0.387865	0.055	0.00298307
0.400794	0.055	0.00267448
0.413723	0.055	0.00236767
0.426651	0.055	0.00206284
0.43958	0.055	0.00176021
0.452509	0.055	0.00145996
0.465438	0.055	0.00116228
0.478367	0.055	0.000867307
0.491296	0.055	0.000575188
0.504224	0.055	0.000286048
0.517153	0.055	0
0	0.06	0.00952723
0.0137633	0.06	0.00952267
0.0275265	0.06	0.00950881
0.0412898	0.06	0.00948514
0.0550531	0.06	0.00945069
0.0688164	0.06	0.00940405
0.0825796	0.06	0.00934329
0.0963429	0.06	0.00926615
0.110106	0.06	0.00917018
0.123869	0.06	0.00905305
0.137633	0.06	0.00891291
0.151396	0.06	0.00874862
0.165159	0.06	0.00855994
0.178923	0.06	0.00834752
0.192686	0.06	0.00811286
0.206449	0.06	0.00785807
0.220212	0.06	0.00758569
0.233976	0.06	0.00729845
0.247739	0.06	0.00699906
0.261502	0.06	0.00669004
0.275265	0.06	0.00637367
0.289029	0.06	0.00605189
0.302792	0.06	0.00572632
0.316555	0.06	0.00539828
0.330319	0.06	0.00506881
0.344082	0.06	0.00473876
0.357845	0.06	0.00440879
0.371608	0.06	0.00407946
0.385372	0.06	0.00375119
0.399135	0.06	0.00342439
0.412898	0.06	0.00309938
0.426661	0.06	0.00277646
0.440425	0.06	0.00245589
0.454188	0.06	0.00213791
0.467951	0.06	0.00182272
0.481715	0.06	0.00151054
0.495478	0.06	0.00120152
0.509241	0.06	0.000895829
0.523004	0.06	0.000593598
0.536768	0.06	0.000294952
0.550531	0.06	0
0	0.065	0.0101647
0.0145977	0.065	0.0101592
0.0291954	0.065	0.0101426
0.0437931	0.065	0.0101143
0.0583908	0.065	0.0100732
0.0729886	0.065	0.0100174
0.0875863	0.065	0.00994476
0.102184	0.065	0.00985288
0.116782	0.065	0.00973915
0.131379	0.065	0.00960138
0.145977	0.065	0.00943802
0.160575	0.065	0.00924845
0.175173	0.065	0.00903308
0.18977	0.065	0.00879325
0.204368	0.065	0.00853111
0.218966	0.065	0.00824933
0.233563	0.065	0.00795085
0.248161	0.065	0.00763866
0.262759	0.065	0.00731557
0.277357	0.065	0.00698412
0.291954	0.065	0.00664649
0.306552	0.065	0.00630451
0.32115	0.065	0.00595968
0.335747	0.065	0.0056132
0.350345	0.065	0.00526603
0.364943	0.065	0.00491893
0.379541	0.065	0.00457255
0.394138	0.065	0.00422741
0.408736	0.065	0.00388395
0.423334	0.065	0.00354257
0.437931	0.065	0.0032036
0.452529	0.065	0.00286735
0.467127	0.065	0.00253409
0.481724	0.065	0.00220407
0.496322	0.065	0.0018775
0.51092	0.065	0.00155458
0.525518	0.065	0.00123547
0.540115	0.065	0.000920332
0.554713	0.065	0.000609299
0.569311	0.065	0.000302487
0.583908	0.065	0
0	0.07	0.0107784
0.0154322	0.07	0.010772
0.0308643	0.07	0.0107525
0.0462965	0.07	0.0107192
0.0617286	0.07	0.0106706
0.0771608	0.07	0.0106049
0.0925929	0.07	0.0105196
0.108025	0.07	0.0104121
0.123457	0.07	0.0102797
0.138889	0.07	0.0101205
0.154322	0.07	0.00993349
0.169754	0.07	0.00971852
0.185186	0.07	0.00947673
0.200618	0.07	0.00921013
0.21605	0.07	0.00892148
0.231482	0.07	0.00861389
0.246914	0.07	0.00829062
0.262347	0.07	0.0079548
0.277779	0.07	0.00760929
0.293211	0.07	0.00725657
0.308643	0.07	0.00689873
0.324075	0.07	0.00653748
0.339507	0.07	0.00617423
0.354939	0.07	0.00581008
0.370372	0.07	0.00544595
0.385804	0.07	0.00508257
0.401236	0.07	0.00472055
0.416668	0.07	0.00436043
0.4321	0.07	0.00400265
0.447532	0.07	0.00364762
0.462965	0.07	0.00329568
0.478397	0.07	0.00294714
0.493829	0.07	0.00260228
0.509261	0.07	0.00226135
0.524693	0.07	0.00192456
0.540125	0.07	0.00159211
0.555557	0.07	0.00126415
0.57099	0.07	0.000940842
0.586422	0.07	0.000622309
0.601854	0.07	0.000308663
0.617286	0.07	0
0	0.075	0.0113686
0.0162666	0.075	0.0113611
0.0325332	0.075	0.0113384
0.0487998	0.075	0.0112997
0.0650664	0.075	0.0112433
0.081333	0.075	0.011167
0.0975995	0.075	0.0110682
0.113866	0.075	0.0109441
0.130133	0.075	0.0107924
0.146399	0.075	0.0106113
0.162666	0.075	0.0104003
0.178932	0.075	0.01016
0.195199	0.075	0.0098922
0.211466	0.075	0.00959956
0.227732	0.075	0.00928533
0.243999	0.075	0.00895302
0.260265	0.075	0.0086061
0.276532	0.075	0.00824777
0.292799	0.075	0.00788087
0.309065	0.075	0.00750781
0.325332	0.075	0.0071306
0.341598	0.075	0.00675087
0.357865	0.075	0.00636992
0.374132	0.075	0.00598883
0.390398	0.075	0.00560846
0.406665	0.075	0.00522954
0.422931	0.075	0.00485269
0.439198	0.075	0.00447843
0.455465	0.075	0.00410724
0.471731	0.075	0.00373952
0.487998	0.075	0.00337561
0.504264	0.075	0.00301584
0.520531	0.075	0.00266048
0.536797	0.075	0.00230978
0.553064	0.075	0.00196395
0.569331	0.075	0.00162317
0.585597	0.075	0.0012876
0.601864	0.075	0.000957389
0.61813	0.075	0.000632651
0.634397	0.075	0.000313492
0.650664	0.075	0
0	0.08	0.0119352
0.017101	0.08	0.0119266
0.0342021	0.08	0.0119006
0.0513031	0.08	0.011856
0.0684041	0.08	0.0117912
0.0855051	0.08	0.0117037
0.102606	0.08	0.0115907
0.119707	0.08	0.0114494
0.136808	0.08	0.0112777
0.153909	0.08	0.0110743
0.17101	0.08	0.0108393
0.188111	0.08	0.0105739
0.205212	0.08	0.0102805
0.222313	0.08	0.00996258
0.239414	0.08	0.00962367
0.256515	0.08	0.00926761
0.273616	0.08	0.00889799
0.290718	0.08	0.00851806
0.307819	0.08	0.00813063
0.32492	0.08	0.00773803
0.342021	0.08	0.00734218
0.359122	0.08	0.00694464
0.376223	0.08	0.00654667
0.393324	0.08	0.00614932
0.410425	0.08	0.00575344
0.427526	0.08	0.00535976
0.444627	0.08	0.0049689
0.461728	0.08	0.00458139
0.478829	0.08	0.00419772
0.49593	0.08	0.00381828
0.513031	0.08	0.00344343
0.530132	0.08	0.0030735
0.547233	0.08	0.00270875
0.564334	0.08	0.00234942
0.581435	0.08	0.00199571
0.598536	0.08	0.00164781
0.615637	0.08	0.00130586
0.632738	0.08	0.000970004
0.649839	0.08	0.000640347
0.66694	0.08	0.000316985
0.684041	0.08	0
0	0.085	0.0124784
0.0179355	0.085	0.0124686
0.0358709	0.085	0.012439
0.0538064	0.085	0.0123882
0.0717419	0.085	0.0123145
0.0896773	0.085	0.0122152
0.107613	0.085	0.0120873
0.125548	0.085	0.0119283
0.143484	0.085	0.0117362
0.161419	0.085	0.0115103
0.179355	0.085	0.0112512
0.19729	0.085	0.0109609
0.215226	0.085	0.0106426
0.233161	0.085	0.0103
0.251097	0.085	0.0099372
0.269032	0.085	0.00955822
0.286968	0.085	0.00916673
0.304903	0.085	0.00876598
0.322838	0.085	0.00835873
0.340774	0.085	0.00794726
0.358709	0.085	0.00753342
0.376645	0.085	0.00711872
0.39458	0.085	0.0067044
0.412516	0.085	0.00629149
0.430451	0.085	0.00588084
0.448387	0.085	0.00547319
0.466322	0.085	0.00506916
0.484258	0.085	0.00466931
0.502193	0.085	0.0042741
0.520129	0.085	0.00388394
0.538064	0.085	0.0034992
0.556	0.085	0.00312017
0.573935	0.085	0.00274713
0.59187	0.085	0.00238031
0.609806	0.085	0.0020199
0.627741	0.085	0.00166607
0.645677	0.085	0.00131897
0.663612	0.085	0.000978719
0.681548	0.085	0.000645417
0.699483	0.085	0.000319153
0.717419	0.085	0
0	0.09	0.0129982
0.0187699	0.09	0.0129871
0.0375398	0.09	0.0129536
0.0563097	0.09	0.0128964
0.0750796	0.09	0.0128133
0.0938495	0.09	0.0127016
0.112619	0.09	0.0125584
0.131389	0.09	0.0123811
0.150159	0.09	0.0121682
0.168929	0.09	0.0119196
0.187699	0.09	0.0116365
0.206469	0.09	0.0113217
0.225239	0.09	0.0109789
0.244009	0.09	0.0106124
0.262779	0.09	0.0102264
0.281549	0.09	0.00982521
0.300319	0.09	0.00941255
0.319088	0.09	0.00899165
0.337858	0.09	0.00856522
0.356628	0.09	0.00813549
0.375398	0.09	0.00770427
0.394168	0.09	0.00727304
0.412938	0.09	0.00684303
0.431708	0.09	0.00641527
0.450478	0.09	0.00599062
0.469248	0.09	0.00556982
0.488018	0.09	0.00515351
0.506788	0.09	0.00474222
0.525557	0.09	0.00433644
0.544327	0.09	0.00393657
0.563097	0.09	0.00354296
0.581867	0.09	0.00315592
0.600637	0.09	0.0027757
0.619407	0.09	0.00240252
0.638177	0.09	0.00203657
0.656947	0.09	0.00167801
0.675717	0.09	0.00132697
0.694487	0.09	0.000983562
0.713257	0.09	0.000647882
0.732026	0.09	0.000320007
0.750796	0.09	0
0	0.095	0.0134946
0.0196043	0.095	0.0134822
0.0392087	0.095	0.0134447
0.058813	0.095	0.0133807
0.0784174	0.095	0.0132878
0.0980217	0.095	0.0131632
0.117626	0.095	0.0130041
0.13723	0.095	0.0128081
0.156835	0.095	0.0125742
0.176439	0.095	0.0123028
0.196043	0.095	0.0119959
0.215648	0.095	0.0116569
0.235252	0.095	0.0112901
0.254857	0.095	0.0109001
0.274461	0.095	0.0104916
0.294065	0.095	0.0100688
0.31367	0.095	0.0096356
0.333274	0.095	0.00919513
0.352878	0.095	0.00875009
0.372483	0.095	0.00830267
0.392087	0.095	0.00785467
0.411691	0.095	0.00740755
0.431296	0.095	0.00696254
0.4509	0.095	0.00652066
0.470504	0.095	0.0060828
0.490109	0.095	0.00564968
0.509713	0.095	0.00522196
0.529317	0.095	0.00480017
0.548922	0.095	0.00438479
0.568526	0.095	0.00397621
0.58813	0.095	0.00357479
0.607735	0.095	0.0031808
0.627339	0.095	0.0027945
0.646943	0.095	0.0024161
0.666548	0.095	0.00204577
0.686152	0.095	0.00168366
0.705757	0.095	0.00132989
0.725361	0.095	0.000984561
0.744965	0.095	0.00064776
0.76457	0.095	0.000319554
0.784174	0.095	0
0	0.1	0.0139677
0.0204388	0.1	0.0139539
0.0408776	0.1	0.0139122
0.0613164	0.1	0.013841
0.0817551	0.1	0.0137379
0.102194	0.1	0.0136001
0.122633	0.1	0.0134246
0.143072	0.1	0.0132096
0.16351	0.1	0.0129544
0.183949	0.1	0.0126601
0.204388	0.1	0.0123296
0.224827	0.1	0.0119667
0.245265	0.1	0.0115764
0.265704	0.1	0.0111635
0.286143	0.1	0.0107329
0.306582	0.1	0.0102892
0.327021	0.1	0.0098359
0.347459	0.1	0.0093764
0.367898	0.1	0.0089133
0.388337	0.1	0.00844876
0.408776	0.1	0.00798458
0.429215	0.1	0.00752221
0.449653	0.1	0.00706289
0.470092	0.1	0.00660766
0.490531	0.1	0.00615738
0.51097	0.1	0.0057128
0.531408	0.1	0.00527457
0.551847	0.1	0.00484322
0.572286	0.1	0.00441922
0.592725	0.1	0.00400295
0.613164	0.1	0.00359474
0.633602	0.1	0.00319489
0.654041	0.1	0.00280361
0.67448	0.1	0.00242111
0.694919	0.1	0.00204755
0.715358	0.1	0.00168307
0.735796	0.1	0.00132777
0.756235	0.1	0.000981741
0.776674	0.1	0.000645068
0.797113	0.1	0.000317805
0.817551	0.1	0
0	0.105	0.0144176
0.0212732	0.105	0.0144023
0.0425465	0.105	0.0143561
0.0638197	0.105	0.0142775
0.0850929	0.105	0.0141639
0.106366	0.105	0.0140123
0.127639	0.105	0.0138201
0.148913	0.105	0.0135857
0.170186	0.105	0.013309
0.191459	0.105	0.012992
0.212732	0.105	0.0126379
0.234005	0.105	0.0122515
0.255279	0.105	0.011838
0.276552	0.105	0.0114027
0.297825	0.105	0.0109506
0.319098	0.105	0.0104863
0.340372	0.105	0.0100135
0.361645	0.105	0.00953545
0.382918	0.105	0.00905481
0.404191	0.105	0.00857372
0.425465	0.105	0.00809397
0.446738	0.105	0.00761702
0.468011	0.105	0.00714411
0.489284	0.105	0.00667628
0.510557	0.105	0.00621441
0.531831	0.105	0.00575924
0.553104	0.105	0.00531141
0.574377	0.105	0.00487144
0.59565	0.105	0.0044398
0.616924	0.105	0.00401684
0.638197	0.105	0.00360291
0.65947	0.105	0.00319825
0.680743	0.105	0.00280309
0.702016	0.105	0.00241761
0.72329	0.105	0.00204196
0.744563	0.105	0.00167627
0.765836	0.105	0.00132063
0.787109	0.105	0.000975126
0.808383	0.105	0.00063982
0.829656	0.105	0.000314765
0.850929	0.105	0
0	0.11	0.0148441
0.0221077	0.11	0.0148273
0.0442153	0.11	0.0147766
0.066323	0.11	0.0146903
0.0884307	0.11	0.0145657
0.110538	0.11	0.0144
0.132646	0.11	0.0141907
0.154754	0.11	0.0139366
0.176861	0.11	0.0136384
0.198969	0.11	0.0132985
0.221077	0.11	0.0129211
0.243184	0.11	0.0125114
0.265292	0.11	0.0120751
0.2874	0.11	0.0116177
0.309507	0.11	0.0111446
0.331615	0.11	0.0106601
0.353723	0.11	0.0101683
0.37583	0.11	0.00967222
0.397938	0.11	0.00917458
0.420046	0.11	0.00867752
0.442153	0.11	0.00818282
0.464261	0.11	0.00769197
0.486369	0.11	0.00720621
0.508476	0.11	0.00672657
0.530584	0.11	0.00625394
0.552692	0.11	0.00578906
0.574799	0.11	0.00533254
0.596907	0.11	0.00488491
0.619015	0.11	0.0044466
0.641122	0.11	0.00401797
0.66323	0.11	0.00359934
0.685338	0.11	0.00319094
0.707445	0.11	0.00279298
0.729553	0.11	0.00240564
0.751661	0.11	0.00202904
0.773768	0.11	0.0016633
0.795876	0.11	0.00130851
0.817984	0.11	0.000964734
0.840091	0.11	0.000632029
0.862199	0.11	0.00031044
0.884307	0.11	0
0	0.115	0.0152475
0.0229421	0.115	0.0152291
0.0458842	0.115	0.0151737
0.0688263	0.115	0.0150794
0.0917684	0.115	0.0149435
0.114711	0.115	0.0147633
0.137653	0.115	0.0145366
0.160595	0.115	0.0142626
0.183537	0.115	0.0139426
0.206479	0.115	0.01358
0.229421	0.115	0.0131794
0.252363	0.115	0.0127466
0.275305	0.115	0.0122878
0.298247	0.115	0.0118088
0.321189	0.115	0.0113149
0.344132	0.115	0.0108108
0.367074	0.115	0.0103003
0.390016	0.115	0.00978671
0.412958	0.115	0.00927259
0.4359	0.115	0.00876014
0.458842	0.115	0.00825114
0.481784	0.115	0.00774709
0.504726	0.115	0.00724923
0.527668	0.115	0.00675859
0.550611	0.115	0.00627605
0.573553	0.115	0.00580233
0.596495	0.115	0.00533804
0.619437	0.115	0.00488369
0.642379	0.115	0.0044397
0.665321	0.115	0.00400641
0.688263	0.115	0.0035841
0.711205	0.115	0.00317302
0.734147	0.115	0.00277336
0.757089	0.115	0.00238525
0.780032	0.115	0.00200883
0.802974	0.115	0.0016442
0.825916	0.115	0.00129143
0.848858	0.115	0.000950582
0.8718	0.115	0.000621706
0.894742	0.115	0.000304836
0.917684	0.115	0
0	0.12	0.0156277
0.0237765	0.12	0.0156077
0.0475531	0.12	0.0155474
0.0713296	0.12	0.0154448
0.0951062	0.12	0.0152973
0.118883	0.12	0.0151023
0.142659	0.12	0.0148578
0.166436	0.12	0.0145636
0.190212	0.12	0.0142219
0.213989	0.12	0.0138364
0.237765	0.12	0.0134127
0.261542	0.12	0.0129571
0.285319	0.12	0.0124761
0.309095	0.12	0.0119757
0.332872	0.12	0.0114615
0.356648	0.12	0.0109382
0.380425	0.12	0.0104095
0.404201	0.12	0.00987886
0.427978	0.12	0.00934883
0.451754	0.12	0.00882159
0.475531	0.12	0.00829896
0.499307	0.12	0.00778242
0.523084	0.12	0.00727322
0.546861	0.12	0.00677239
0.570637	0.12	0.00628078
0.594414	0.12	0.00579911
0.61819	0.12	0.00532798
0.641967	0.12	0.00486786
0.665743	0.12	0.00441916
0.68952	0.12	0.00398221
0.713296	0.12	0.00355727
0.737073	0.12	0.00314456
0.760849	0.12	0.00274425
0.784626	0.12	0.00235648
0.808403	0.12	0.00198136
0.832179	0.12	0.00161898
0.855956	0.12	0.00126941
0.879732	0.12	0.000932686
0.903509	0.12	0.00060886
0.927285	0.12	0.000297957
0.951062	0.12	0
0	0.125	0.0159848
0.024611	0.125	0.0159631
0.049222	0.125	0.0158977
0.073833	0.125	0.0157866
0.0984439	0.125	0.0156272
0.123055	0.125	0.015417
0.147666	0.125	0.0151544
0.172277	0.125	0.0148399
0.196888	0.125	0.0144762
0.221499	0.125	0.0140679
0.24611	0.125	0.0136213
0.270721	0.125	0.013143
0.295332	0.125	0.0126401
0.319943	0.125	0.0121187
0.344554	0.125	0.0115845
0.369165	0.125	0.0110422
0.393776	0.125	0.0104959
0.418387	0.125	0.00994868
0.442998	0.125	0.00940328
0.467609	0.125	0.00886189
0.49222	0.125	0.0083263
0.516831	0.125	0.00779801
0.541442	0.125	0.00727825
0.566053	0.125	0.00676804
0.590664	0.125	0.00626822
0.615275	0.125	0.0057795
0.639886	0.125	0.00530243
0.664497	0.125	0.00483749
0.689108	0.125	0.00438506
0.713719	0.125	0.00394544
0.73833	0.125	0.00351889
0.762941	0.125	0.00310559
0.787551	0.125	0.00270571
0.812162	0.125	0.00231937
0.836773	0.125	0.00194667
0.861384	0.125	0.00158768
0.885995	0.125	0.00124246
0.910606	0.125	0.000911057
0.935217	0.125	0.000593497
0.959828	0.125	0.000289806
0.984439	0.125	0
0	0.13	0.0163187
0.0254454	0.13	0.0162953
0.0508908	0.13	0.0162246
0.0763363	0.13	0.0161048
0.101782	0.13	0.0159332
0.127227	0.13	0.0157075
0.152673	0.13	0.0154265
0.178118	0.13	0.0150915
0.203563	0.13	0.0147057
0.229009	0.13	0.0142746
0.254454	0.13	0.0138051
0.2799	0.13	0.0133044
0.305345	0.13	0.0127797
0.330791	0.13	0.0122375
0.356236	0.13	0.0116837
0.381681	0.13	0.011123
0.407127	0.13	0.0105594
0.432572	0.13	0.00999615
0.458018	0.13	0.00943598
0.483463	0.13	0.00888106
0.508908	0.13	0.00833321
0.534354	0.13	0.00779391
0.559799	0.13	0.00726437
0.585245	0.13	0.00674561
0.61069	0.13	0.00623845
0.636136	0.13	0.00574355
0.661581	0.13	0.00526148
0.687026	0.13	0.00479266
0.712472	0.13	0.00433746
0.737917	0.13	0.00389617
0.763363	0.13	0.00346901
0.788808	0.13	0.00305616
0.814254	0.13	0.00265777
0.839699	0.13	0.00227395
0.865144	0.13	0.00190477
0.89059	0.13	0.00155031
0.916035	0.13	0.00121061
0.941481	0.13	0.000885705
0.966926	0.13	0.000575624
0.992372	0.13	0.000280385
1.01782	0.13	0
0	0.135	0.0166295
0.0262799	0.135	0.0166043
0.0525597	0.135	0.0165283
0.0788396	0.135	0.0163995
0.105119	0.135	0.0162154
0.131399	0.135	0.0159738
0.157679	0.135	0.0156742
0.183959	0.135	0.0153183
0.210239	0.135	0.0149103
0.236519	0.135	0.0144565
0.262799	0.135	0.0139641
0.289078	0.135	0.0134411
0.315358	0.135	0.0128949
0.341638	0.135	0.0123323
0.367918	0.135	0.0117592
0.394198	0.135	0.0111804
0.420478	0.135	0.0106
0.446758	0.135	0.0100213
0.473038	0.135	0.00944693
0.499317	0.135	0.00887915
0.525597	0.135	0.00831974
0.551877	0.135	0.00777018
0.578157	0.135	0.00723166
0.604437	0.135	0.00670518
0.630717	0.135	0.00619152
0.656997	0.135	0.00569135
0.683276	0.135	0.00520518
0.709556	0.135	0.00473342
0.735836	0.135	0.00427642
0.762116	0.135	0.00383444
0.788396	0.135	0.00340769
0.814676	0.135	0.00299632
0.840956	0.135	0.00260048
0.867235	0.135	0.00222024
0.893515	0.135	0.0018557
0.919795	0.135	0.00150689
0.946075	0.135	0.00117386
0.972355	0.135	0.000856637
0.998635	0.135	0.000555245
1.02491	0.135	0.000269696
1.05119	0.135	0
0	0.14	0.0169172
0.0271143	0.14	0.0168902
0.0542286	0.14	0.0168087
0.0813429	0.14	0.0166707
0.108457	0.14	0.0164737
0.135572	0.14	0.016216
0.162686	0.14	0.0158975
0.1898	0.14	0.0155205
0.216914	0.14	0.0150902
0.244029	0.14	0.0146135
0.271143	0.14	0.0140983
0.298257	0.14	0.0135531
0.325372	0.14	0.0129857
0.352486	0.14	0.0124029
0.3796	0.14	0.0118109
0.406715	0.14	0.0112144
0.433829	0.14	0.0106178
0.460943	0.14	0.0100241
0.488057	0.14	0.00943618
0.515172	0.14	0.0088562
0.542286	0.14	0.00828596
0.5694	0.14	0.00772689
0.596515	0.14	0.00718019
0.623629	0.14	0.00664681
0.650743	0.14	0.00612753
0.677858	0.14	0.00562296
0.704972	0.14	0.0051336
0.732086	0.14	0.00465984
0.7592	0.14	0.00420199
0.786315	0.14	0.0037603
0.813429	0.14	0.00333496
0.840543	0.14	0.0029261
0.867658	0.14	0.00253385
0.894772	0.14	0.00215828
0.921886	0.14	0.00179946
0.949001	0.14	0.00145743
0.976115	0.14	0.00113222
1.00323	0.14	0.00082386
1.03034	0.14	0.000532363
1.05746	0.14	0.00025774
1.08457	0.14	0
0	0.145	0.0171819
0.0279487	0.145	0.0171529
0.0558975	0.145	0.0170658
0.0838462	0.145	0.0169183
0.111795	0.145	0.0167083
0.139744	0.145	0.0164341
0.167692	0.145	0.0160963
0.195641	0.145	0.0156981
0.22359	0.145	0.0152453
0.251539	0.145	0.0147456
0.279487	0.145	0.0142078
0.307436	0.145	0.0136405
0.335385	0.145	0.013052
0.363334	0.145	0.0124494
0.391282	0.145	0.0118387
0.419231	0.145	0.0112251
0.44718	0.145	0.0106126
0.475129	0.145	0.0100046
0.503077	0.145	0.00940376
0.531026	0.145	0.00881227
0.558975	0.145	0.00823191
0.586924	0.145	0.00766411
0.614872	0.145	0.00711003
0.642821	0.145	0.00657059
0.67077	0.145	0.00604653
0.698719	0.145	0.00553845
0.726667	0.145	0.00504681
0.754616	0.145	0.00457197
0.782565	0.145	0.00411423
0.810514	0.145	0.0036738
0.838462	0.145	0.00325086
0.866411	0.145	0.00284553
0.89436	0.145	0.00245792
0.922308	0.145	0.00208808
0.950257	0.145	0.00173607
0.978206	0.145	0.00140194
1.00615	0.145	0.0010857
1.0341	0.145	0.000787377
1.06205	0.145	0.00050698
1.09	0.145	0.000244519
1.11795	0.145	0
0	0.15	0.0174235
0.0287832	0.15	0.0173926
0.0575664	0.15	0.0172996
0.0863495	0.15	0.0171425
0.115133	0.15	0.0169191
0.143916	0.15	0.0166281
0.172699	0.15	0.0162708
0.201482	0.15	0.015851
0.230265	0.15	0.0153756
0.259049	0.15	0.0148529
0.287832	0.15	0.0142924
0.316615	0.15	0.0137032
0.345398	0.15	0.0130938
0.374181	0.15	0.0124716
0.402965	0.15	0.0118428
0.431748	0.15	0.0112124
0.460531	0.15	0.0105847
0.489314	0.15	0.00996287
0.518097	0.15	0.00934972
0.54688	0.15	0.00874741
0.575664	0.15	0.00815767
0.604447	0.15	0.00758191
0.63323	0.15	0.00702124
0.662013	0.15	0.00647657
0.690796	0.15	0.00594859
0.71958	0.15	0.00543788
0.748363	0.15	0.00494486
0.777146	0.15	0.00446987
0.805929	0.15	0.00401318
0.834712	0.15	0.00357498
0.863495	0.15	0.00315543
0.892279	0.15	0.00275464
0.921062	0.15	0.0023727
0.949845	0.15	0.00200965
0.978628	0.15	0.00166556
1.00741	0.15	0.00134043
1.03619	0.15	0.00103431
1.06498	0.15	0.000747192
1.09376	0.15	0.000479098
1.12254	0.15	0.000230033
1.15133	0.15	0
0	0.155	0.0176421
0.0296176	0.155	0.0176092
0.0592352	0.155	0.0175103
0.0888529	0.155	0.0173433
0.11847	0.155	0.0171061
0.148088	0.155	0.016798
0.177706	0.155	0.0164208
0.207323	0.155	0.0159793
0.236941	0.155	0.015481
0.266559	0.155	0.0149353
0.296176	0.155	0.0143521
0.325794	0.155	0.0137411
0.355411	0.155	0.0131111
0.385029	0.155	0.0124696
0.414647	0.155	0.011823
0.444264	0.155	0.0111763
0.473882	0.155	0.0105339
0.5035	0.155	0.0098989
0.533117	0.155	0.00927412
0.562735	0.155	0.00866169
0.592352	0.155	0.00806331
0.62197	0.155	0.00748035
0.651588	0.155	0.00691391
0.681205	0.155	0.00636483
0.710823	0.155	0.00583379
0.740441	0.155	0.00532131
0.770058	0.155	0.0048278
0.799676	0.155	0.00435358
0.829293	0.155	0.00389887
0.858911	0.155	0.00346387
0.888529	0.155	0.00304869
0.918146	0.155	0.00265345
0.947764	0.155	0.00227821
0.977381	0.155	0.00192302
1.007	0.155	0.00158791
1.03662	0.155	0.00127291
1.06623	0.155	0.000978041
1.09585	0.155	0.000703306
1.12547	0.155	0.000448718
1.15509	0.155	0.000214283
1.1847	0.155	0
0	0.16	0.0178376
0.0304521	0.16	0.0178027
0.0609041	0.16	0.0176977
0.0913562	0.16	0.0175206
0.121808	0.16	0.0172694
0.15226	0.16	0.0169438
0.182712	0.16	0.0165464
0.213164	0.16	0.0160828
0.243616	0.16	0.0155615
0.274069	0.16	0.0149926
0.304521	0.16	0.0143868
0.334973	0.16	0.0137542
0.365425	0.16	0.0131038
0.395877	0.16	0.0124434
0.426329	0.16	0.0117794
0.456781	0.16	0.0111169
0.487233	0.16	0.0104603
0.517685	0.16	0.00981277
0.548137	0.16	0.00917702
0.578589	0.16	0.00855516
0.609041	0.16	0.00794888
0.639493	0.16	0.00735951
0.669945	0.16	0.00678809
0.700397	0.16	0.00623542
0.730849	0.16	0.00570216
0.761301	0.16	0.00518879
0.791754	0.16	0.00469569
0.822206	0.16	0.00422314
0.852658	0.16	0.00377135
0.88311	0.16	0.00334049
0.913562	0.16	0.00293067
0.944014	0.16	0.00254198
0.974466	0.16	0.00217447
1.00492	0.16	0.00182818
1.03537	0.16	0.00150315
1.06582	0.16	0.00119938
1.09627	0.16	0.000916905
1.12673	0.16	0.000655721
1.15718	0.16	0.000415843
1.18763	0.16	0.000197273
1.21808	0.16	0
0	0.165	0.0180101
0.0312865	0.165	0.0179731
0.062573	0.165	0.0178619
0.0938595	0.165	0.0176744
0.125146	0.165	0.0174089
0.156432	0.165	0.0170656
0.187719	0.165	0.0166476
0.219005	0.165	0.0161616
0.250292	0.165	0.0156171
0.281578	0.165	0.015025
0.312865	0.165	0.0143966
0.344151	0.165	0.0137424
0.375438	0.165	0.0130719
0.406724	0.165	0.0123929
0.438011	0.165	0.0117119
0.469297	0.165	0.0110342
0.500584	0.165	0.010364
0.53187	0.165	0.00970451
0.563157	0.165	0.00905846
0.594443	0.165	0.0084279
0.62573	0.165	0.00781447
0.657016	0.165	0.00721945
0.688303	0.165	0.00664384
0.719589	0.165	0.00608842
0.750876	0.165	0.00555378
0.782162	0.165	0.00504038
0.813449	0.165	0.00454856
0.844735	0.165	0.00407859
0.876022	0.165	0.00363065
0.907308	0.165	0.00320488
0.938595	0.165	0.00280139
0.969881	0.165	0.00242024
1.00117	0.165	0.00206148
1.03245	0.165	0.00172515
1.06374	0.165	0.00141127
1.09503	0.165	0.00111985
1.12631	0.165	0.000850901
1.1576	0.165	0.000604441
1.18889	0.165	0.000380477
1.22017	0.165	0.000179008
1.25146	0.165	0
0	0.17	0.0181596
0.0321209	0.17	0.0181205
0.0642419	0.17	0.0180029
0.0963628	0.17	0.0178049
0.128484	0.17	0.0175247
0.160605	0.17	0.0171632
0.192726	0.17	0.0167242
0.224847	0.17	0.0162156
0.256968	0.17	0.0156477
0.289088	0.17	0.0150322
0.321209	0.17	0.0143812
0.35333	0.17	0.0137057
0.385451	0.17	0.0130153
0.417572	0.17	0.0123181
0.449693	0.17	0.0116206
0.481814	0.17	0.0109282
0.513935	0.17	0.0102449
0.546056	0.17	0.00957419
0.578177	0.17	0.00891853
0.610298	0.17	0.00827998
0.642419	0.17	0.00766014
0.67454	0.17	0.00706024
0.706661	0.17	0.00648124
0.738782	0.17	0.00592387
0.770903	0.17	0.00538869
0.803023	0.17	0.00487611
0.835144	0.17	0.00438646
0.867265	0.17	0.00391996
0.899386	0.17	0.00347678
0.931507	0.17	0.00305705
0.963628	0.17	0.00266086
0.995749	0.17	0.00228825
1.02787	0.17	0.00193926
1.05999	0.17	0.00161393
1.09211	0.17	0.00131228
1.12423	0.17	0.00103431
1.15635	0.17	0.000780032
1.18847	0.17	0.000549471
1.2206	0.17	0.000342631
1.25272	0.17	0.000159498
1.28484	0.17	0
0	0.175	0.0182861
0.0329554	0.175	0.0182449
0.0659108	0.175	0.0181208
0.0988661	0.175	0.0179119
0.131822	0.175	0.0176167
0.164777	0.175	0.0172366
0.197732	0.175	0.0167764
0.230688	0.175	0.0162448
0.263643	0.175	0.0156532
0.296598	0.175	0.0150144
0.329554	0.175	0.0143408
0.362509	0.175	0.0136441
0.395465	0.175	0.0129341
0.42842	0.175	0.0122191
0.461375	0.175	0.0115056
0.494331	0.175	0.0107989
0.527286	0.175	0.0101033
0.560241	0.175	0.00942187
0.593197	0.175	0.00875727
0.626152	0.175	0.00811145
0.659108	0.175	0.00748595
0.692063	0.175	0.00688194
0.725018	0.175	0.00630034
0.757974	0.175	0.00574183
0.790929	0.175	0.00520693
0.823884	0.175	0.00469603
0.85684	0.175	0.00420941
0.889795	0.175	0.00374728
0.922751	0.175	0.00330978
0.955706	0.175	0.00289703
0.988661	0.175	0.00250909
1.02162	0.175	0.00214601
1.05457	0.175	0.00180781
1.08753	0.175	0.00149453
1.12048	0.175	0.00120618
1.15344	0.175	0.000942764
1.18639	0.175	0.000704307
1.21935	0.175	0.000490825
1.2523	0.175	0.000302323
1.28526	0.175	0.000138766
1.31822	0.175	0
0	0.18	0.0183896
0.0337898	0.18	0.0183462
0.0675796	0.18	0.0182154
0.101369	0.18	0.0179954
0.135159	0.18	0.017685
0.168949	0.18	0.0172859
0.202739	0.18	0.016804
0.236529	0.18	0.016249
0.270319	0.18	0.0156336
0.304108	0.18	0.0149712
0.337898	0.18	0.0142753
0.371688	0.18	0.0135575
0.405478	0.18	0.0128283
0.439268	0.18	0.0120958
0.473057	0.18	0.0113668
0.506847	0.18	0.0106465
0.540637	0.18	0.009939
0.574427	0.18	0.0092476
0.608217	0.18	0.00857475
0.642007	0.18	0.00792238
0.675796	0.18	0.00729196
0.709586	0.18	0.00668461
0.743376	0.18	0.00610119
0.777166	0.18	0.00554235
0.810956	0.18	0.00500856
0.844745	0.18	0.00450018
0.878535	0.18	0.00401745
0.912325	0.18	0.00356058
0.946115	0.18	0.00312967
0.979905	0.18	0.00272483
1.01369	0.18	0.0023461
1.04748	0.18	0.00199353
1.08127	0.18	0.00166714
1.11506	0.18	0.00136695
1.14885	0.18	0.00109297
1.18264	0.18	0.000845229
1.21643	0.18	0.00062374
1.25022	0.18	0.000428527
1.28401	0.18	0.00025959
1.3178	0.18	0.000116847
1.35159	0.18	0
0	0.185	0.0184701
0.0346243	0.185	0.0184244
0.0692485	0.185	0.0182869
0.103873	0.185	0.0180556
0.138497	0.185	0.0177295
0.173121	0.185	0.0173109
0.207746	0.185	0.0168069
0.24237	0.185	0.0162283
0.276994	0.185	0.0155888
0.311618	0.185	0.0149029
0.346243	0.185	0.0141845
0.380867	0.185	0.013446
0.415491	0.185	0.0126978
0.450115	0.185	0.0119483
0.48474	0.185	0.0112042
0.519364	0.185	0.0104708
0.553988	0.185	0.00975218
0.588612	0.185	0.00905145
0.623237	0.185	0.00837104
0.657861	0.185	0.00771283
0.692485	0.185	0.00707823
0.727109	0.185	0.00646829
0.761734	0.185	0.00588384
0.796358	0.185	0.00532546
0.830982	0.185	0.0047936
0.865606	0.185	0.00428857
0.900231	0.185	0.00381061
0.934855	0.185	0.00335987
0.969479	0.185	0.00293646
1.0041	0.185	0.00254045
1.03873	0.185	0.00217189
1.07335	0.185	0.00183082
1.10798	0.185	0.00151724
1.1426	0.185	0.00123119
1.17722	0.185	0.000972671
1.21185	0.185	0.000741717
1.24647	0.185	0.000538359
1.2811	0.185	0.000362625
1.31572	0.185	0.000214497
1.35035	0.185	9.38084e-05
1.38497	0.185	0
0	0.19	0.0185276
0.0354587	0.19	0.0184796
0.0709174	0.19	0.0183353
0.106376	0.19	0.0180923
0.141835	0.19	0.0177501
0.177293	0.19	0.0173117
0.212752	0.19	0.0167851
0.248211	0.19	0.0161825
0.28367	0.19	0.0155186
0.319128	0.19	0.0148091
0.354587	0.19	0.0140685
0.390046	0.19	0.0133094
0.425504	0.19	0.0125426
0.460963	0.19	0.0117766
0.496422	0.19	0.011018
0.53188	0.19	0.0102721
0.567339	0.19	0.00954288
0.602798	0.19	0.00883347
0.638257	0.19	0.0081462
0.673715	0.19	0.00748286
0.709174	0.19	0.00684481
0.744633	0.19	0.00623305
0.780091	0.19	0.00564834
0.81555	0.19	0.00509122
0.851009	0.19	0.0045621
0.886467	0.19	0.00406126
0.921926	0.19	0.0035889
0.957385	0.19	0.00314517
0.992843	0.19	0.00273015
1.0283	0.19	0.00234391
1.06376	0.19	0.00198648
1.09922	0.19	0.00165788
1.13468	0.19	0.00135813
1.17014	0.19	0.00108726
1.2056	0.19	0.000845288
1.24105	0.19	0.000632259
1.27651	0.19	0.000448218
1.31197	0.19	0.000293202
1.34743	0.19	0.000167156
1.38289	0.19	6.9761e-05
1.41835	0.19	0
0	0.195	0.0185622
0.0362931	0.195	0.0185118
0.0725863	0.195	0.0183604
0.108879	0.195	0.0181057
0.145173	0.195	0.017747
0.181466	0.195	0.0172883
0.217759	0.195	0.0167386
0.254052	0.195	0.0161115
0.290345	0.195	0.0154232
0.326638	0.195	0.01469
0.362931	0.195	0.0139272
0.399224	0.195	0.0131478
0.435518	0.195	0.0123628
0.471811	0.195	0.0115807
0.508104	0.195	0.0108081
0.544397	0.195	0.0100503
0.58069	0.195	0.00931115
0.616983	0.195	0.00859373
0.653276	0.195	0.00790028
0.68957	0.195	0.00723254
0.725863	0.195	0.00659177
0.762156	0.195	0.00597893
0.798449	0.195	0.00539472
0.834742	0.195	0.00483965
0.871035	0.195	0.00431407
0.907328	0.195	0.00381825
0.943622	0.195	0.00335235
0.979915	0.195	0.0029165
1.01621	0.195	0.00251077
1.0525	0.195	0.00213522
1.08879	0.195	0.00178985
1.12509	0.195	0.00147471
1.16138	0.195	0.00118981
1.19767	0.195	0.000935177
1.23397	0.195	0.000710855
1.27026	0.195	0.000516909
1.30655	0.195	0.00035341
1.34285	0.195	0.000220399
1.37914	0.195	0.000117756
1.41543	0.195	4.48914e-05
1.45173	0.195	0
0	0.2	0.0185737
0.0371276	0.2	0.018521
0.0742551	0.2	0.0183624
0.111383	0.2	0.0180955
0.14851	0.2	0.01772
0.185638	0.2	0.0172404
0.222765	0.2	0.0166672
0.259893	0.2	0.0160154
0.297021	0.2	0.0153023
0.334148	0.2	0.0145454
0.371276	0.2	0.0137605
0.408403	0.2	0.0129612
0.445531	0.2	0.0121584
0.482658	0.2	0.0113606
0.519786	0.2	0.0105746
0.556914	0.2	0.00980548
0.594041	0.2	0.00905706
0.631169	0.2	0.00833228
0.668296	0.2	0.00763335
0.705424	0.2	0.0069619
0.742551	0.2	0.00631914
0.779679	0.2	0.00570597
0.816807	0.2	0.00512303
0.853934	0.2	0.00457078
0.891062	0.2	0.00404955
0.928189	0.2	0.00355956
0.965317	0.2	0.00310097
1.00244	0.2	0.00267387
1.03957	0.2	0.00227833
1.0767	0.2	0.00191437
1.11383	0.2	0.00158203
1.15095	0.2	0.00128133
1.18808	0.2	0.0010123
1.22521	0.2	0.00077497
1.26234	0.2	0.000569427
1.29947	0.2	0.000395765
1.33659	0.2	0.000254094
1.37372	0.2	0.000144456
1.41085	0.2	6.66114e-05
1.44798	0.2	1.9505e-05
1.4851	0.2	0
