0	0	0
0.005	0	0
0.01	0	0
0.015	0	0
0.02	0	0
0.025	0	0
0.03	0	0
0.035	0	0
0.04	0	0
0.045	0	0
0.05	0	0
0.055	0	0
0.06	0	0
0.065	0	0
0.07	0	0
0.075	0	0
0.08	0	0
0.085	0	0
0.09	0	0
0.095	0	0
0.1	0	0
0.105	0	0
0.11	0	0
0.115	0	0
0.12	0	0
0.125	0	0
0.13	0	0
0.135	0	0
0.14	0	0
0.145	0	0
0.15	0	0
0.155	0	0
0.16	0	0
0.165	0	0
0.17	0	0
0.175	0	0
0.18	0	0
0.185	0	0
0.19	0	0
0.195	0	0
0.2	0	0
0	0.0025	0.000243067
0.00581009	0.0025	0.000243067
0.0116202	0.0025	0.000243053
0.0174303	0.0025	0.000243028
0.0232404	0.0025	0.000242993
0.0290505	0.0025	0.000242947
0.0348606	0.0025	0.00024289
0.0406706	0.0025	0.000242822
0.0464807	0.0025	0.000242745
0.0522908	0.0025	0.000242661
0.0581009	0.0025	0.000242572
0.063911	0.0025	0.000242485
0.0697211	0.0025	0.000242407
0.0755312	0.0025	0.000242347
0.0813413	0.0025	0.000242311
0.0871514	0.0025	0.000242308
0.0929615	0.0025	0.000242338
0.0987716	0.0025	0.000242399
0.104582	0.0025	0.00024248
0.110392	0.0025	0.000242559
0.116202	0.0025	0.000242603
0.122012	0.0025	0.000242562
0.127822	0.0025	0.000242371
0.133632	0.0025	0.000241949
0.139442	0.0025	0.000241193
0.145252	0.0025	0.000239977
0.151062	0.0025	0.000238155
0.156872	0.0025	0.000235557
0.162683	0.0025	0.000231986
0.168493	0.0025	0.000227217
0.174303	0.0025	0.000221
0.180113	0.0025	0.000213051
0.185923	0.0025	0.000203059
0.191733	0.0025	0.000190675
0.197543	0.0025	0.000175518
0.203353	0.0025	0.000157169
0.209163	0.0025	0.00013517
0.214973	0.0025	0.000109021
0.220784	0.0025	7.81772e-05
0.226594	0.0025	4.205e-05
0.232404	0.0025	0
0	0.005	0.000479897
0.00662019	0.005	0.000479893
0.0132404	0.005	0.000479856
0.0198606	0.005	0.000479791
0.0264807	0.005	0.000479699
0.0331009	0.005	0.00047958
0.0397211	0.005	0.000479434
0.0463413	0.005	0.000479264
0.0529615	0.005	0.000479074
0.0595817	0.005	0.000478874
0.0662019	0.005	0.000478675
0.072822	0.005	0.000478491
0.0794422	0.005	0.000478334
0.0860624	0.005	0.000478211
0.0926826	0.005	0.00047812
0.0993028	0.005	0.000478041
0.105923	0.005	0.000477936
0.112543	0.005	0.00047774
0.119163	0.005	0.000477358
0.125784	0.005	0.000476665
0.132404	0.005	0.0004755
0.139024	0.005	0.000473671
0.145644	0.005	0.000470954
0.152264	0.005	0.000467096
0.158884	0.005	0.000461819
0.165505	0.005	0.000454828
0.172125	0.005	0.000445813
0.178745	0.005	0.000434464
0.185365	0.005	0.000420475
0.191985	0.005	0.000403555
0.198606	0.005	0.000383442
0.205226	0.005	0.000359918
0.211846	0.005	0.000332816
0.218466	0.005	0.000302044
0.225086	0.005	0.000267599
0.231706	0.005	0.000229586
0.238327	0.005	0.000188237
0.244947	0.005	0.000143939
0.251567	0.005	9.7252e-05
0.258187	0.005	4.89408e-05
0.264807	0.005	0
0	0.0075	0.000710494
0.00743028	0.0075	0.000710483
0.0148606	0.0075	0.000710412
0.0222908	0.0075	0.00071029
0.0297211	0.0075	0.000710117
0.0371514	0.0075	0.000709895
0.0445817	0.0075	0.000709625
0.0520119	0.0075	0.000709315
0.0594422	0.0075	0.000708978
0.0668725	0.0075	0.000708628
0.0743028	0.0075	0.000708282
0.0817331	0.0075	0.000707949
0.0891633	0.0075	0.000707624
0.0965936	0.0075	0.000707276
0.104024	0.0075	0.000706843
0.111454	0.0075	0.000706218
0.118884	0.0075	0.000705249
0.126315	0.0075	0.000703732
0.133745	0.0075	0.000701417
0.141175	0.0075	0.000698009
0.148606	0.0075	0.000693176
0.156036	0.0075	0.000686558
0.163466	0.0075	0.000677786
0.170896	0.0075	0.00066649
0.178327	0.0075	0.000652316
0.185757	0.0075	0.000634945
0.193187	0.0075	0.000614105
0.200617	0.0075	0.000589589
0.208048	0.0075	0.000561267
0.215478	0.0075	0.000529097
0.222908	0.0075	0.000493133
0.230339	0.0075	0.000453532
0.237769	0.0075	0.000410553
0.245199	0.0075	0.00036455
0.252629	0.0075	0.000315967
0.26006	0.0075	0.000265317
0.26749	0.0075	0.000213156
0.27492	0.0075	0.000160056
0.282351	0.0075	0.000106552
0.289781	0.0075	5.31e-05
0.297211	0.0075	0
0	0.01	0.000934866
0.00824037	0.01	0.000934843
0.0164807	0.01	0.000934727
0.0247211	0.01	0.000934528
0.0329615	0.01	0.000934247
0.0412019	0.01	0.000933887
0.0494422	0.01	0.000933454
0.0576826	0.01	0.000932962
0.065923	0.01	0.000932427
0.0741633	0.01	0.000931864
0.0824037	0.01	0.000931273
0.0906441	0.01	0.000930629
0.0988844	0.01	0.000929862
0.107125	0.01	0.000928849
0.115365	0.01	0.000927399
0.123606	0.01	0.000925253
0.131846	0.01	0.000922085
0.140086	0.01	0.00091751
0.148327	0.01	0.000911103
0.156567	0.01	0.000902411
0.164807	0.01	0.000890981
0.173048	0.01	0.000876382
0.181288	0.01	0.000858228
0.189529	0.01	0.000836202
0.197769	0.01	0.000810073
0.206009	0.01	0.00077971
0.21425	0.01	0.000745096
0.22249	0.01	0.000706328
0.23073	0.01	0.000663615
0.238971	0.01	0.000617273
0.247211	0.01	0.000567706
0.255451	0.01	0.000515389
0.263692	0.01	0.000460844
0.271932	0.01	0.00040461
0.280173	0.01	0.000347216
0.288413	0.01	0.000289147
0.296653	0.01	0.000230823
0.304894	0.01	0.000172571
0.313134	0.01	0.000114617
0.321374	0.01	5.70815e-05
0.329615	0.01	0
0	0.0125	0.00115302
0.00905046	0.0125	0.00115298
0.0181009	0.0125	0.0011528
0.0271514	0.0125	0.00115251
0.0362019	0.0125	0.00115209
0.0452523	0.0125	0.00115155
0.0543028	0.0125	0.00115091
0.0633532	0.0125	0.00115018
0.0724037	0.0125	0.00114936
0.0814542	0.0125	0.00114846
0.0905046	0.0125	0.00114742
0.0995551	0.0125	0.00114614
0.108606	0.0125	0.00114442
0.117656	0.0125	0.00114198
0.126706	0.0125	0.00113845
0.135757	0.0125	0.00113339
0.144807	0.0125	0.00112627
0.153858	0.0125	0.00111656
0.162908	0.0125	0.0011037
0.171959	0.0125	0.0010872
0.181009	0.0125	0.0010666
0.19006	0.0125	0.00104156
0.19911	0.0125	0.00101186
0.208161	0.0125	0.000977395
0.217211	0.0125	0.000938228
0.226262	0.0125	0.000894543
0.235312	0.0125	0.000846656
0.244362	0.0125	0.00079499
0.253413	0.0125	0.000740047
0.262463	0.0125	0.000682386
0.271514	0.0125	0.000622583
0.280564	0.0125	0.000561207
0.289615	0.0125	0.000498785
0.298665	0.0125	0.000435782
0.307716	0.0125	0.000372581
0.316766	0.0125	0.000309478
0.325817	0.0125	0.000246675
0.334867	0.0125	0.000184292
0.343918	0.0125	0.000122384
0.352968	0.0125	6.09588e-05
0.362019	0.0125	0
0	0.015	0.00136496
0.00986056	0.015	0.0013649
0.0197211	0.015	0.00136465
0.0295817	0.015	0.00136422
0.0394422	0.015	0.00136363
0.0493028	0.015	0.00136287
0.0591633	0.015	0.00136196
0.0690239	0.015	0.00136091
0.0788844	0.015	0.00135969
0.088745	0.015	0.00135824
0.0986056	0.015	0.00135642
0.108466	0.015	0.00135397
0.118327	0.015	0.00135054
0.128187	0.015	0.00134564
0.138048	0.015	0.0013387
0.147908	0.015	0.00132909
0.157769	0.015	0.00131616
0.167629	0.015	0.00129928
0.17749	0.015	0.00127791
0.187351	0.015	0.00125163
0.197211	0.015	0.00122014
0.207072	0.015	0.00118335
0.216932	0.015	0.00114133
0.226793	0.015	0.00109429
0.236653	0.015	0.00104262
0.246514	0.015	0.000986819
0.256374	0.015	0.000927477
0.266235	0.015	0.000865223
0.276096	0.015	0.0008007
0.285956	0.015	0.000734525
0.295817	0.015	0.00066726
0.305677	0.015	0.00059939
0.315538	0.015	0.000531311
0.325398	0.015	0.000463324
0.335259	0.015	0.000395641
0.345119	0.015	0.000328395
0.35498	0.015	0.000261656
0.364841	0.015	0.000195452
0.374701	0.015	0.000129782
0.384562	0.015	6.46358e-05
0.394422	0.015	0
0	0.0175	0.00157068
0.0106706	0.0175	0.0015706
0.0213413	0.0175	0.00157026
0.0320119	0.0175	0.00156969
0.0426826	0.0175	0.00156888
0.0533532	0.0175	0.00156785
0.0640239	0.0175	0.00156659
0.0746945	0.0175	0.00156509
0.0853652	0.0175	0.00156327
0.0960358	0.0175	0.00156097
0.106706	0.0175	0.00155788
0.117377	0.0175	0.00155358
0.128048	0.0175	0.00154749
0.138718	0.0175	0.00153892
0.149389	0.0175	0.00152712
0.16006	0.0175	0.00151134
0.17073	0.0175	0.00149088
0.181401	0.0175	0.00146517
0.192072	0.0175	0.0014338
0.202742	0.0175	0.00139656
0.213413	0.0175	0.00135346
0.224084	0.0175	0.00130471
0.234754	0.0175	0.00125072
0.245425	0.0175	0.00119202
0.256096	0.0175	0.00112928
0.266766	0.0175	0.00106321
0.277437	0.0175	0.000994528
0.288107	0.0175	0.000923928
0.298778	0.0175	0.00085204
0.309449	0.0175	0.000779408
0.320119	0.0175	0.000706476
0.33079	0.0175	0.000633584
0.341461	0.0175	0.000560976
0.352131	0.0175	0.000488815
0.362802	0.0175	0.000417195
0.373473	0.0175	0.000346163
0.384143	0.0175	0.000275735
0.394814	0.0175	0.00020591
0.405485	0.0175	0.000136683
0.416155	0.0175	6.80466e-05
0.426826	0.0175	0
0	0.02	0.00177021
0.0114807	0.02	0.00177009
0.0229615	0.02	0.00176965
0.0344422	0.02	0.00176889
0.045923	0.02	0.00176783
0.0574037	0.02	0.00176646
0.0688844	0.02	0.00176475
0.0803652	0.02	0.00176264
0.0918459	0.02	0.00175996
0.103327	0.02	0.00175638
0.114807	0.02	0.00175143
0.126288	0.02	0.00174445
0.137769	0.02	0.00173464
0.14925	0.02	0.00172114
0.16073	0.02	0.00170308
0.172211	0.02	0.00167969
0.183692	0.02	0.00165034
0.195173	0.02	0.00161465
0.206653	0.02	0.00157246
0.218134	0.02	0.00152388
0.229615	0.02	0.00146926
0.241096	0.02	0.00140914
0.252576	0.02	0.00134423
0.264057	0.02	0.00127531
0.275538	0.02	0.00120319
0.287019	0.02	0.00112868
0.298499	0.02	0.0010525
0.30998	0.02	0.00097529
0.321461	0.02	0.000897584
0.332941	0.02	0.000819793
0.344422	0.02	0.000742221
0.355903	0.02	0.000665076
0.367384	0.02	0.000588493
0.378864	0.02	0.000512544
0.390345	0.02	0.000437267
0.401826	0.02	0.000362673
0.413307	0.02	0.000288766
0.424787	0.02	0.000215544
0.436268	0.02	0.000143007
0.447749	0.02	7.11572e-05
0.45923	0.02	0
0	0.0225	0.00196354
0.0122908	0.0225	0.00196338
0.0245817	0.0225	0.00196281
0.0368725	0.0225	0.00196184
0.0491633	0.0225	0.00196047
0.0614542	0.0225	0.00195867
0.073745	0.0225	0.00195639
0.0860358	0.0225	0.00195347
0.0983267	0.0225	0.00194958
0.110617	0.0225	0.00194424
0.122908	0.0225	0.00193672
0.135199	0.0225	0.00192614
0.14749	0.0225	0.00191153
0.159781	0.0225	0.00189189
0.172072	0.0225	0.00186635
0.184362	0.0225	0.00183421
0.196653	0.0225	0.00179506
0.208944	0.0225	0.00174879
0.221235	0.0225	0.00169559
0.233526	0.0225	0.0016359
0.245817	0.0225	0.00157042
0.258107	0.0225	0.00149998
0.270398	0.0225	0.00142547
0.282689	0.0225	0.00134782
0.29498	0.0225	0.00126789
0.307271	0.0225	0.00118645
0.319562	0.0225	0.00110416
0.331852	0.0225	0.00102155
0.344143	0.0225	0.000939002
0.356434	0.0225	0.000856813
0.368725	0.0225	0.000775171
0.381016	0.0225	0.000694191
0.393307	0.0225	0.000613939
0.405597	0.0225	0.000534448
0.417888	0.0225	0.000455733
0.430179	0.0225	0.000377798
0.44247	0.0225	0.000300647
0.454761	0.0225	0.000224285
0.467052	0.0225	0.000148717
0.479342	0.0225	7.39523e-05
0.491633	0.0225	0
0	0.025	0.00215068
0.0131009	0.025	0.00215047
0.0262019	0.025	0.00214975
0.0393028	0.025	0.00214853
0.0524037	0.025	0.00214679
0.0655046	0.025	0.00214448
0.0786056	0.025	0.00214146
0.0917065	0.025	0.00213746
0.104807	0.025	0.00213198
0.117908	0.025	0.00212429
0.131009	0.025	0.00211344
0.14411	0.025	0.00209835
0.157211	0.025	0.00207789
0.170312	0.025	0.00205105
0.183413	0.025	0.00201705
0.196514	0.025	0.0019754
0.209615	0.025	0.00192598
0.222716	0.025	0.00186902
0.235817	0.025	0.00180507
0.248918	0.025	0.00173494
0.262019	0.025	0.00165956
0.275119	0.025	0.00157997
0.28822	0.025	0.00149718
0.301321	0.025	0.00141214
0.314422	0.025	0.00132566
0.327523	0.025	0.00123844
0.340624	0.025	0.00115101
0.353725	0.025	0.00106376
0.366826	0.025	0.000976976
0.379927	0.025	0.000890843
0.393028	0.025	0.000805472
0.406129	0.025	0.000720925
0.41923	0.025	0.000637236
0.432331	0.025	0.000554423
0.445431	0.025	0.000472494
0.458532	0.025	0.000391459
0.471633	0.025	0.000311324
0.484734	0.025	0.0002321
0.497835	0.025	0.000153797
0.510936	0.025	7.64266e-05
0.524037	0.025	0
0	0.0275	0.00233162
0.013911	0.0275	0.00233137
0.027822	0.0275	0.00233048
0.0417331	0.0275	0.00232896
0.0556441	0.0275	0.00232679
0.0695551	0.0275	0.00232385
0.0834661	0.0275	0.0023199
0.0973771	0.0275	0.00231452
0.111288	0.0275	0.00230699
0.125199	0.0275	0.00229634
0.13911	0.0275	0.00228138
0.153021	0.0275	0.00226088
0.166932	0.0275	0.00223365
0.180843	0.0275	0.00219875
0.194754	0.0275	0.0021556
0.208665	0.0275	0.00210401
0.222576	0.0275	0.00204423
0.236487	0.0275	0.00197684
0.250398	0.0275	0.00190275
0.264309	0.0275	0.00182302
0.27822	0.0275	0.0017388
0.292131	0.0275	0.00165122
0.306042	0.0275	0.0015613
0.319953	0.0275	0.00146995
0.333864	0.0275	0.00137789
0.347775	0.0275	0.00128568
0.361686	0.0275	0.00119374
0.375597	0.0275	0.00110236
0.389509	0.0275	0.00101173
0.40342	0.0275	0.000921948
0.417331	0.0275	0.000833096
0.431242	0.0275	0.000745206
0.445153	0.0275	0.0006583
0.459064	0.0275	0.000572391
0.472975	0.0275	0.000487493
0.486886	0.0275	0.000403616
0.500797	0.0275	0.000320773
0.514708	0.0275	0.000238978
0.528619	0.0275	0.000158242
0.54253	0.0275	7.8579e-05
0.556441	0.0275	0
0	0.03	0.00250639
0.0147211	0.03	0.00250608
0.0294422	0.03	0.00250499
0.0441633	0.03	0.00250314
0.0588844	0.03	0.00250045
0.0736056	0.03	0.00249675
0.0883267	0.03	0.00249166
0.103048	0.03	0.00248456
0.117769	0.03	0.00247449
0.13249	0.03	0.00246023
0.147211	0.03	0.0024404
0.161932	0.03	0.00241367
0.176653	0.03	0.00237889
0.191374	0.03	0.0023353
0.206096	0.03	0.00228259
0.220817	0.03	0.00222096
0.235538	0.03	0.002151
0.250259	0.03	0.00207369
0.26498	0.03	0.00199021
0.279701	0.03	0.00190182
0.294422	0.03	0.00180977
0.309143	0.03	0.0017152
0.323864	0.03	0.0016191
0.338586	0.03	0.00152227
0.353307	0.03	0.00142531
0.368028	0.03	0.00132868
0.382749	0.03	0.00123267
0.39747	0.03	0.0011375
0.412191	0.03	0.00104329
0.426912	0.03	0.000950098
0.441633	0.03	0.000857984
0.456354	0.03	0.00076697
0.471076	0.03	0.000677074
0.485797	0.03	0.000588312
0.500518	0.03	0.000500701
0.515239	0.03	0.000414254
0.52996	0.03	0.000328987
0.544681	0.03	0.000244916
0.559402	0.03	0.000162052
0.574123	0.03	8.04101e-05
0.588844	0.03	0
0	0.0325	0.00267498
0.0155312	0.0325	0.0026746
0.0310624	0.0325	0.00267329
0.0465936	0.0325	0.00267106
0.0621248	0.0325	0.00266777
0.077656	0.0325	0.00266315
0.0931872	0.0325	0.00265668
0.108718	0.0325	0.00264748
0.12425	0.0325	0.00263436
0.139781	0.0325	0.00261585
0.155312	0.0325	0.00259045
0.170843	0.0325	0.00255678
0.186374	0.0325	0.00251384
0.201906	0.0325	0.00246113
0.217437	0.0325	0.00239871
0.232968	0.0325	0.00232715
0.248499	0.0325	0.00224744
0.26403	0.0325	0.00216085
0.279562	0.0325	0.00206878
0.295093	0.0325	0.00197262
0.310624	0.0325	0.00187363
0.326155	0.0325	0.00177292
0.341686	0.0325	0.00167137
0.357218	0.0325	0.00156968
0.372749	0.0325	0.00146832
0.38828	0.0325	0.00136766
0.403811	0.0325	0.0012679
0.419342	0.0325	0.0011692
0.434874	0.0325	0.00107163
0.450405	0.0325	0.000975247
0.465936	0.0325	0.000880088
0.481467	0.0325	0.000786175
0.496999	0.0325	0.000693529
0.51253	0.0325	0.000602167
0.528061	0.0325	0.000512108
0.543592	0.0325	0.000423369
0.559123	0.0325	0.000335967
0.574655	0.0325	0.000249916
0.590186	0.0325	0.00016523
0.605717	0.0325	8.19211e-05
0.621248	0.0325	0
0	0.035	0.0028374
0.0163413	0.035	0.00283694
0.0326826	0.035	0.00283538
0.0490239	0.035	0.00283271
0.0653652	0.035	0.00282874
0.0817065	0.035	0.00282304
0.0980478	0.035	0.00281491
0.114389	0.035	0.00280323
0.13073	0.035	0.00278654
0.147072	0.035	0.00276317
0.163413	0.035	0.00273153
0.179754	0.035	0.00269033
0.196096	0.035	0.00263879
0.212437	0.035	0.00257675
0.228778	0.035	0.00250465
0.245119	0.035	0.00242347
0.261461	0.035	0.00233454
0.277802	0.035	0.00223938
0.294143	0.035	0.00213951
0.310485	0.035	0.00203637
0.326826	0.035	0.0019312
0.343167	0.035	0.00182501
0.359509	0.035	0.00171858
0.37585	0.035	0.00161248
0.392191	0.035	0.0015071
0.408532	0.035	0.0014027
0.424874	0.035	0.00129944
0.441215	0.035	0.00119743
0.457556	0.035	0.00109672
0.473898	0.035	0.000997359
0.490239	0.035	0.000899379
0.50658	0.035	0.000802803
0.522921	0.035	0.000707653
0.539263	0.035	0.000613951
0.555604	0.035	0.000521715
0.571945	0.035	0.000430964
0.588287	0.035	0.000341715
0.604628	0.035	0.000253981
0.620969	0.035	0.000167777
0.637311	0.035	8.3113e-05
0.653652	0.035	0
0	0.0375	0.00299365
0.0171514	0.0375	0.0029931
0.0343028	0.0375	0.00299127
0.0514542	0.0375	0.00298811
0.0686056	0.0375	0.00298334
0.0857569	0.0375	0.00297639
0.102908	0.0375	0.00296632
0.12006	0.0375	0.00295175
0.137211	0.0375	0.00293097
0.154362	0.0375	0.00290216
0.171514	0.0375	0.00286373
0.188665	0.0375	0.00281454
0.205817	0.0375	0.00275412
0.222968	0.0375	0.00268268
0.240119	0.0375	0.00260111
0.257271	0.0375	0.00251073
0.274422	0.0375	0.00241317
0.291574	0.0375	0.00231011
0.308725	0.0375	0.00220316
0.325876	0.0375	0.00209374
0.343028	0.0375	0.00198301
0.360179	0.0375	0.00187188
0.377331	0.0375	0.001761
0.394482	0.0375	0.00165085
0.411633	0.0375	0.00154173
0.428785	0.0375	0.00143383
0.445936	0.0375	0.00132729
0.463087	0.0375	0.00122217
0.480239	0.0375	0.00111853
0.49739	0.0375	0.00101641
0.514542	0.0375	0.000915842
0.531693	0.0375	0.000816845
0.548844	0.0375	0.000719445
0.565996	0.0375	0.000623665
0.583147	0.0375	0.000529525
0.600299	0.0375	0.000437042
0.61745	0.0375	0.000346234
0.634601	0.0375	0.000257114
0.651753	0.0375	0.000169695
0.668904	0.0375	8.39869e-05
0.686056	0.0375	0
0	0.04	0.00314374
0.0179615	0.04	0.00314309
0.035923	0.04	0.00314096
0.0538844	0.04	0.00313725
0.0718459	0.04	0.00313156
0.0898074	0.04	0.00312317
0.107769	0.04	0.00311086
0.12573	0.04	0.00309299
0.143692	0.04	0.00306763
0.161653	0.04	0.00303287
0.179615	0.04	0.00298717
0.197576	0.04	0.00292965
0.215538	0.04	0.0028602
0.233499	0.04	0.00277946
0.251461	0.04	0.00268871
0.269422	0.04	0.00258962
0.287384	0.04	0.00248402
0.305345	0.04	0.00237371
0.323307	0.04	0.00226032
0.341268	0.04	0.0021452
0.35923	0.04	0.00202941
0.377191	0.04	0.00191375
0.395153	0.04	0.00179877
0.413114	0.04	0.00168485
0.431076	0.04	0.00157222
0.449037	0.04	0.00146105
0.466999	0.04	0.00135142
0.48496	0.04	0.00124341
0.502921	0.04	0.00113706
0.520883	0.04	0.0010324
0.538844	0.04	0.000929476
0.556806	0.04	0.000828302
0.574767	0.04	0.000728907
0.592729	0.04	0.000631314
0.61069	0.04	0.000535541
0.628652	0.04	0.000441608
0.646613	0.04	0.000349529
0.664575	0.04	0.000259318
0.682536	0.04	0.000170986
0.700498	0.04	8.45438e-05
0.718459	0.04	0
0	0.0425	0.00328767
0.0187716	0.0425	0.00328692
0.0375431	0.0425	0.00328445
0.0563147	0.0425	0.00328012
0.0750863	0.0425	0.00327341
0.0938579	0.0425	0.00326336
0.112629	0.0425	0.00324852
0.131401	0.0425	0.00322694
0.150173	0.0425	0.00319653
0.168944	0.0425	0.00315535
0.187716	0.0425	0.003102
0.206487	0.0425	0.00303593
0.225259	0.0425	0.00295743
0.24403	0.0425	0.00286757
0.262802	0.0425	0.00276802
0.281574	0.0425	0.00266072
0.300345	0.0425	0.00254766
0.319117	0.0425	0.00243069
0.337888	0.0425	0.0023114
0.35666	0.0425	0.00219106
0.375431	0.0425	0.00207062
0.394203	0.0425	0.00195077
0.412975	0.0425	0.00183196
0.431746	0.0425	0.0017145
0.450518	0.0425	0.00159858
0.469289	0.0425	0.00148433
0.488061	0.0425	0.00137183
0.506832	0.0425	0.00126114
0.525604	0.0425	0.00115229
0.544376	0.0425	0.00104533
0.563147	0.0425	0.000940281
0.581919	0.0425	0.000837178
0.60069	0.0425	0.000736045
0.619462	0.0425	0.000636902
0.638234	0.0425	0.00053977
0.657005	0.0425	0.000444665
0.675777	0.0425	0.000351602
0.694548	0.0425	0.000260594
0.71332	0.0425	0.000171652
0.732091	0.0425	8.47845e-05
0.750863	0.0425	0
0	0.045	0.00342545
0.0195817	0.045	0.00342458
0.0391633	0.045	0.00342175
0.058745	0.045	0.00341674
0.0783267	0.045	0.00340887
0.0979083	0.045	0.00339697
0.11749	0.045	0.00337927
0.137072	0.045	0.0033536
0.156653	0.045	0.0033177
0.176235	0.045	0.00326969
0.195817	0.045	0.00320841
0.215398	0.045	0.00313365
0.23498	0.045	0.00304617
0.254562	0.045	0.00294746
0.274143	0.045	0.00283951
0.293725	0.045	0.0027245
0.313307	0.045	0.00260451
0.332888	0.045	0.0024814
0.35247	0.045	0.00235669
0.372052	0.045	0.00223153
0.391633	0.045	0.00210677
0.411215	0.045	0.001983
0.430797	0.045	0.0018606
0.450378	0.045	0.00173982
0.46996	0.045	0.00162082
0.489542	0.045	0.00150369
0.509123	0.045	0.00138852
0.528705	0.045	0.00127535
0.548287	0.045	0.00116423
0.567868	0.045	0.00105519
0.58745	0.045	0.000948262
0.607032	0.045	0.000843479
0.626613	0.045	0.000740863
0.646195	0.045	0.000640436
0.665777	0.045	0.000542215
0.685358	0.045	0.000446218
0.70494	0.045	0.000352458
0.724522	0.045	0.000260946
0.744103	0.045	0.000171694
0.763685	0.045	8.47097e-05
0.783267	0.045	0
0	0.0475	0.00355708
0.0203918	0.0475	0.00355608
0.0407835	0.0475	0.00355285
0.0611753	0.0475	0.00354709
0.081567	0.0475	0.00353794
0.101959	0.0475	0.00352396
0.122351	0.0475	0.0035031
0.142742	0.0475	0.00347295
0.163134	0.0475	0.00343118
0.183526	0.0475	0.003376
0.203918	0.0475	0.00330657
0.224309	0.0475	0.00322309
0.244701	0.0475	0.00312677
0.265093	0.0475	0.00301951
0.285485	0.0475	0.00290359
0.305876	0.0475	0.00278135
0.326268	0.0475	0.00265492
0.34666	0.0475	0.00252612
0.367052	0.0475	0.00239638
0.387443	0.0475	0.00226674
0.407835	0.0475	0.00213795
0.428227	0.0475	0.0020105
0.448619	0.0475	0.00188472
0.46901	0.0475	0.00176082
0.489402	0.0475	0.00163892
0.509794	0.0475	0.00151912
0.530186	0.0475	0.00140148
0.550577	0.0475	0.00128605
0.570969	0.0475	0.00117287
0.591361	0.0475	0.00106199
0.611753	0.0475	0.000953425
0.632145	0.0475	0.00084721
0.652536	0.0475	0.000743368
0.672928	0.0475	0.000641919
0.69332	0.0475	0.000542881
0.713712	0.0475	0.000446269
0.734103	0.0475	0.000352097
0.754495	0.0475	0.000260376
0.774887	0.0475	0.000171114
0.795279	0.0475	8.43203e-05
0.81567	0.0475	0
0	0.05	0.00368257
0.0212019	0.05	0.00368142
0.0424037	0.05	0.00367777
0.0636056	0.05	0.00367119
0.0848074	0.05	0.00366062
0.106009	0.05	0.00364434
0.127211	0.05	0.00362002
0.148413	0.05	0.00358503
0.169615	0.05	0.00353703
0.190817	0.05	0.00347441
0.212019	0.05	0.00339667
0.23322	0.05	0.0033045
0.254422	0.05	0.00319955
0.275624	0.05	0.00308407
0.296826	0.05	0.0029606
0.318028	0.05	0.00283157
0.33923	0.05	0.00269914
0.360431	0.05	0.00256504
0.381633	0.05	0.00243061
0.402835	0.05	0.00229677
0.424037	0.05	0.00216419
0.445239	0.05	0.00203329
0.466441	0.05	0.00190433
0.487643	0.05	0.00177749
0.508844	0.05	0.00165289
0.530046	0.05	0.00153061
0.551248	0.05	0.00141071
0.57245	0.05	0.00129324
0.593652	0.05	0.00117824
0.614854	0.05	0.00106574
0.636056	0.05	0.000955775
0.657257	0.05	0.000848376
0.678459	0.05	0.000743563
0.699661	0.05	0.000641355
0.720863	0.05	0.000541771
0.742065	0.05	0.000444823
0.763267	0.05	0.000350524
0.784469	0.05	0.000258885
0.80567	0.05	0.000169914
0.826872	0.05	8.36168e-05
0.848074	0.05	0
0	0.0525	0.00380191
0.0220119	0.0525	0.00380062
0.0440239	0.0525	0.0037965
0.0660358	0.0525	0.00378903
0.0880478	0.0525	0.0037769
0.11006	0.0525	0.00375811
0.132072	0.0525	0.00373002
0.154084	0.0525	0.00368986
0.176096	0.0525	0.00363531
0.198107	0.0525	0.00356502
0.220119	0.0525	0.00347891
0.242131	0.0525	0.00337814
0.264143	0.0525	0.00326478
0.286155	0.0525	0.00314143
0.308167	0.0525	0.0030108
0.330179	0.0525	0.0028754
0.352191	0.0525	0.00273735
0.374203	0.0525	0.0025983
0.396215	0.0525	0.00245947
0.418227	0.0525	0.00232169
0.440239	0.0525	0.00218554
0.462251	0.0525	0.00205137
0.484263	0.0525	0.00191943
0.506275	0.0525	0.00178985
0.528287	0.0525	0.00166274
0.550299	0.0525	0.00153818
0.572311	0.0525	0.00141623
0.594322	0.0525	0.00129692
0.616334	0.0525	0.00118032
0.638346	0.0525	0.00106644
0.660358	0.0525	0.000955318
0.68237	0.0525	0.000846982
0.704382	0.0525	0.000741453
0.726394	0.0525	0.00063875
0.748406	0.0525	0.000538888
0.770418	0.0525	0.000441881
0.79243	0.0525	0.000347741
0.814442	0.0525	0.000256476
0.836454	0.0525	0.000168093
0.858466	0.0525	8.26e-05
0.880478	0.0525	0
0	0.055	0.00391512
0.022822	0.055	0.00391366
0.0456441	0.055	0.00390906
0.0684661	0.055	0.00390061
0.0912881	0.055	0.00388679
0.11411	0.055	0.00386525
0.136932	0.055	0.00383311
0.159754	0.055	0.00378747
0.182576	0.055	0.0037261
0.205398	0.055	0.00364797
0.22822	0.055	0.00355347
0.251042	0.055	0.00344421
0.273864	0.055	0.0033227
0.296686	0.055	0.00319182
0.319509	0.055	0.00305442
0.342331	0.055	0.00291303
0.365153	0.055	0.00276971
0.387975	0.055	0.00262601
0.410797	0.055	0.00248303
0.433619	0.055	0.00234154
0.456441	0.055	0.00220201
0.479263	0.055	0.00206477
0.502085	0.055	0.00193002
0.524907	0.055	0.00179789
0.547729	0.055	0.00166846
0.570551	0.055	0.00154183
0.593373	0.055	0.00141803
0.616195	0.055	0.00129711
0.639017	0.055	0.00117913
0.661839	0.055	0.0010641
0.684661	0.055	0.000952059
0.707483	0.055	0.000843034
0.730305	0.055	0.000737044
0.753127	0.055	0.000634106
0.775949	0.055	0.000534237
0.798771	0.055	0.000437448
0.821593	0.055	0.00034375
0.844415	0.055	0.00025315
0.867237	0.055	0.000165655
0.890059	0.055	8.12705e-05
0.912881	0.055	0
0	0.0575	0.00402219
0.0236321	0.0575	0.00402056
0.0472643	0.0575	0.00401543
0.0708964	0.0575	0.00400595
0.0945285	0.0575	0.00399028
0.118161	0.0575	0.00396579
0.141793	0.0575	0.00392932
0.165425	0.0575	0.00387789
0.189057	0.0575	0.00380947
0.212689	0.0575	0.00372338
0.236321	0.0575	0.0036205
0.259953	0.0575	0.00350293
0.283586	0.0575	0.00337354
0.307218	0.0575	0.00323546
0.33085	0.0575	0.00309164
0.354482	0.0575	0.0029446
0.378114	0.0575	0.00279631
0.401746	0.0575	0.00264822
0.425378	0.0575	0.00250134
0.44901	0.0575	0.00235633
0.472643	0.0575	0.00221362
0.496275	0.0575	0.00207349
0.519907	0.0575	0.00193612
0.543539	0.0575	0.00180161
0.567171	0.0575	0.00167007
0.590803	0.0575	0.00154155
0.614435	0.0575	0.00141612
0.638067	0.0575	0.00129381
0.6617	0.0575	0.00117467
0.685332	0.0575	0.00105872
0.708964	0.0575	0.000946002
0.732596	0.0575	0.000836535
0.756228	0.0575	0.000730338
0.77986	0.0575	0.000627428
0.803492	0.0575	0.000527821
0.827125	0.0575	0.000431526
0.850757	0.0575	0.000338553
0.874389	0.0575	0.000248909
0.898021	0.0575	0.000162599
0.921653	0.0575	7.96288e-05
0.945285	0.0575	0
0	0.06	0.00412314
0.0244422	0.06	0.00412133
0.0488844	0.06	0.00411564
0.0733267	0.06	0.00410503
0.0977689	0.06	0.00408739
0.122211	0.06	0.00405972
0.146653	0.06	0.00401864
0.171096	0.06	0.00396118
0.195538	0.06	0.0038855
0.21998	0.06	0.00379137
0.244422	0.06	0.00368016
0.268864	0.06	0.00355445
0.293307	0.06	0.00341746
0.317749	0.06	0.00327251
0.342191	0.06	0.00312261
0.366633	0.06	0.00297022
0.391076	0.06	0.00281724
0.415518	0.06	0.002665
0.43996	0.06	0.00251442
0.464402	0.06	0.00236609
0.488844	0.06	0.00222038
0.513287	0.06	0.00207754
0.537729	0.06	0.00193772
0.562171	0.06	0.00180104
0.586613	0.06	0.00166756
0.611056	0.06	0.00153737
0.635498	0.06	0.00141051
0.65994	0.06	0.00128702
0.684382	0.06	0.00116694
0.708824	0.06	0.00105031
0.733267	0.06	0.000937153
0.757709	0.06	0.00082749
0.782151	0.06	0.00072134
0.806593	0.06	0.00061872
0.831036	0.06	0.000519642
0.855478	0.06	0.000424117
0.87992	0.06	0.000332153
0.904362	0.06	0.000243755
0.928804	0.06	0.000158928
0.953247	0.06	7.76754e-05
0.977689	0.06	0
0	0.0625	0.00421796
0.0252523	0.0625	0.00421595
0.0505046	0.0625	0.00420967
0.0757569	0.0625	0.00419787
0.101009	0.0625	0.0041781
0.126262	0.0625	0.00414704
0.151514	0.0625	0.00410112
0.176766	0.0625	0.00403737
0.202019	0.0625	0.00395427
0.227271	0.0625	0.00385205
0.252523	0.0625	0.0037326
0.277775	0.0625	0.00359895
0.303028	0.0625	0.00345463
0.32828	0.0625	0.00330311
0.353532	0.0625	0.00314742
0.378785	0.0625	0.00298997
0.404037	0.0625	0.00283255
0.429289	0.0625	0.00267638
0.454542	0.0625	0.00252231
0.479794	0.0625	0.00237083
0.505046	0.0625	0.0022223
0.530299	0.0625	0.00207692
0.555551	0.0625	0.00193484
0.580803	0.0625	0.00179616
0.606056	0.0625	0.00166095
0.631308	0.0625	0.00152928
0.65656	0.0625	0.0014012
0.681812	0.0625	0.00127674
0.707065	0.0625	0.00115596
0.732317	0.0625	0.00103888
0.757569	0.0625	0.000925516
0.782822	0.0625	0.000815903
0.808074	0.0625	0.000710054
0.833326	0.0625	0.000607984
0.858579	0.0625	0.000509705
0.883831	0.0625	0.000415225
0.909083	0.0625	0.000324551
0.934336	0.0625	0.000237688
0.959588	0.0625	0.000154641
0.98484	0.0625	7.54107e-05
1.01009	0.0625	0
0	0.065	0.00430665
0.0260624	0.065	0.00430444
0.0521248	0.065	0.00429754
0.0781872	0.065	0.00428447
0.10425	0.065	0.00426243
0.130312	0.065	0.00422778
0.156374	0.065	0.00417676
0.182437	0.065	0.00410651
0.208499	0.065	0.00401585
0.234562	0.065	0.00390552
0.260624	0.065	0.00377794
0.286686	0.065	0.00363655
0.312749	0.065	0.00348517
0.338811	0.065	0.00332737
0.364874	0.065	0.00316618
0.390936	0.065	0.00300393
0.416999	0.065	0.00284229
0.443061	0.065	0.00268241
0.469123	0.065	0.00252501
0.495186	0.065	0.00237057
0.521248	0.065	0.00221939
0.547311	0.065	0.00207165
0.573373	0.065	0.00192748
0.599435	0.065	0.00178699
0.625498	0.065	0.00165024
0.65156	0.065	0.00151729
0.677623	0.065	0.00138819
0.703685	0.065	0.00126299
0.729747	0.065	0.00114173
0.75581	0.065	0.00102442
0.781872	0.065	0.000911095
0.807935	0.065	0.000801778
0.833997	0.065	0.000696484
0.860059	0.065	0.000595225
0.886122	0.065	0.000498011
0.912184	0.065	0.000404851
0.938247	0.065	0.000315749
0.964309	0.065	0.000230711
0.990371	0.065	0.000149739
1.01643	0.065	7.28348e-05
1.0425	0.065	0
0	0.0675	0.00438922
0.0268725	0.0675	0.0043868
0.053745	0.0675	0.00437925
0.0806175	0.0675	0.00436484
0.10749	0.0675	0.00434039
0.134362	0.0675	0.00430194
0.161235	0.0675	0.00424559
0.188107	0.0675	0.00416865
0.21498	0.0675	0.00407032
0.241852	0.0675	0.00395188
0.268725	0.0675	0.00381628
0.295597	0.0675	0.00366738
0.32247	0.0675	0.00350919
0.349342	0.0675	0.00334539
0.376215	0.0675	0.00317897
0.403087	0.0675	0.00301215
0.42996	0.0675	0.00284651
0.456832	0.0675	0.00268309
0.483705	0.0675	0.00252255
0.510577	0.0675	0.00236532
0.53745	0.0675	0.00221165
0.564322	0.0675	0.00206172
0.591195	0.0675	0.00191565
0.618067	0.0675	0.00177353
0.64494	0.0675	0.00163543
0.671812	0.0675	0.0015014
0.698685	0.0675	0.0013715
0.725557	0.0675	0.00124577
0.75243	0.0675	0.00112424
0.779302	0.0675	0.00100694
0.806175	0.0675	0.000893895
0.833047	0.0675	0.000785121
0.85992	0.0675	0.000680633
0.886792	0.0675	0.000580445
0.913665	0.0675	0.000484564
0.940537	0.0675	0.000392997
0.96741	0.0675	0.000305749
0.994282	0.0675	0.000222824
1.02115	0.0675	0.000144223
1.04803	0.0675	6.9948e-05
1.0749	0.0675	0
0	0.07	0.00446568
0.0276826	0.07	0.00446303
0.0553652	0.07	0.0044548
0.0830478	0.07	0.00443897
0.11073	0.07	0.00441198
0.138413	0.07	0.00436952
0.166096	0.07	0.00430764
0.193778	0.07	0.00422382
0.221461	0.07	0.00411773
0.249143	0.07	0.00399122
0.276826	0.07	0.00384774
0.304509	0.07	0.00369152
0.332191	0.07	0.00352679
0.359874	0.07	0.00335725
0.387556	0.07	0.00318583
0.415239	0.07	0.00301466
0.442921	0.07	0.00284522
0.470604	0.07	0.00267844
0.498287	0.07	0.00251494
0.525969	0.07	0.00235508
0.553652	0.07	0.00219909
0.581334	0.07	0.00204715
0.609017	0.07	0.00189935
0.6367	0.07	0.00175579
0.664382	0.07	0.00161653
0.692065	0.07	0.00148162
0.719747	0.07	0.00135113
0.74743	0.07	0.00122508
0.775113	0.07	0.00110352
0.802795	0.07	0.000986454
0.830478	0.07	0.00087392
0.85816	0.07	0.000765933
0.885843	0.07	0.000662505
0.913526	0.07	0.000563646
0.941208	0.07	0.000469365
0.968891	0.07	0.000379665
0.996573	0.07	0.000294552
1.02426	0.07	0.000214027
1.05194	0.07	0.000138093
1.07962	0.07	6.67503e-05
1.1073	0.07	0
0	0.0725	0.00453602
0.0284927	0.0725	0.00453314
0.0569854	0.0725	0.00452421
0.0854781	0.0725	0.00450688
0.113971	0.0725	0.0044772
0.142463	0.0725	0.00443056
0.170956	0.0725	0.00436293
0.199449	0.0725	0.00427207
0.227941	0.0725	0.00415816
0.256434	0.0725	0.00402362
0.284927	0.0725	0.0038724
0.31342	0.0725	0.00370908
0.341912	0.0725	0.00353805
0.370405	0.0725	0.003363
0.398898	0.0725	0.00318682
0.42739	0.0725	0.00301151
0.455883	0.0725	0.00283845
0.484376	0.0725	0.0026685
0.512868	0.0725	0.00250219
0.541361	0.0725	0.00233986
0.569854	0.0725	0.00218173
0.598346	0.0725	0.00202793
0.626839	0.0725	0.00187859
0.655332	0.0725	0.00173376
0.683824	0.0725	0.00159354
0.712317	0.0725	0.00145796
0.74081	0.0725	0.00132708
0.769302	0.0725	0.00120093
0.797795	0.0725	0.00107955
0.826288	0.0725	0.000962956
0.854781	0.0725	0.000851175
0.883273	0.0725	0.000744219
0.911766	0.0725	0.000642102
0.940259	0.0725	0.000544832
0.968751	0.0725	0.000452416
0.997244	0.0725	0.000364856
1.02574	0.0725	0.000282158
1.05423	0.0725	0.000204322
1.08272	0.0725	0.000131349
1.11121	0.0725	6.32418e-05
1.13971	0.0725	0
0	0.075	0.00460025
0.0293028	0.075	0.00459712
0.0586056	0.075	0.00458746
0.0879083	0.075	0.00456857
0.117211	0.075	0.00453607
0.146514	0.075	0.00448505
0.175817	0.075	0.00441148
0.205119	0.075	0.00431344
0.234422	0.075	0.00419166
0.263725	0.075	0.00404914
0.293028	0.075	0.00389034
0.322331	0.075	0.00372013
0.351633	0.075	0.00354302
0.380936	0.075	0.00336271
0.410239	0.075	0.00318198
0.439542	0.075	0.00300273
0.468844	0.075	0.00282623
0.498147	0.075	0.00265326
0.52745	0.075	0.00248431
0.556753	0.075	0.00231967
0.586056	0.075	0.00215955
0.615358	0.075	0.00200408
0.644661	0.075	0.00185336
0.673964	0.075	0.00170747
0.703267	0.075	0.00156647
0.732569	0.075	0.00143042
0.761872	0.075	0.00129936
0.791175	0.075	0.00117332
0.820478	0.075	0.00105235
0.849781	0.075	0.000936455
0.879083	0.075	0.000825661
0.908386	0.075	0.000719982
0.937689	0.075	0.000619428
0.966992	0.075	0.000524004
0.996294	0.075	0.000433718
1.0256	0.075	0.000348571
1.0549	0.075	0.000268567
1.0842	0.075	0.000193707
1.11351	0.075	0.000123992
1.14281	0.075	5.94227e-05
1.17211	0.075	0
0	0.0775	0.00465836
0.0301129	0.0775	0.00465499
0.0602257	0.0775	0.00464458
0.0903386	0.0775	0.00462405
0.120451	0.0775	0.00458859
0.150564	0.0775	0.004533
0.180677	0.0775	0.00445331
0.21079	0.0775	0.00434797
0.240903	0.0775	0.00421828
0.271016	0.0775	0.00406786
0.301129	0.0775	0.00390163
0.331242	0.0775	0.00372474
0.361354	0.0775	0.00354178
0.391467	0.0775	0.00335642
0.42158	0.0775	0.00317134
0.451693	0.0775	0.00298833
0.481806	0.0775	0.00280856
0.511919	0.0775	0.00263274
0.542032	0.0775	0.0024613
0.572145	0.0775	0.00229452
0.602257	0.0775	0.00213258
0.63237	0.0775	0.0019756
0.662483	0.0775	0.00182369
0.692596	0.0775	0.00167691
0.722709	0.0775	0.00153532
0.752822	0.0775	0.001399
0.782935	0.0775	0.00126796
0.813047	0.0775	0.00114226
0.84316	0.0775	0.00102192
0.873273	0.0775	0.000906952
0.903386	0.0775	0.000797384
0.933499	0.0775	0.000693225
0.963612	0.0775	0.000594483
0.993725	0.0775	0.000501164
1.02384	0.0775	0.000413272
1.05395	0.0775	0.000330811
1.08406	0.0775	0.00025378
1.11418	0.0775	0.000182183
1.14429	0.0775	0.00011602
1.1744	0.0775	5.52932e-05
1.20451	0.0775	0
0	0.08	0.00471037
0.030923	0.08	0.00470674
0.0618459	0.08	0.00469555
0.0927689	0.08	0.00467332
0.123692	0.08	0.00463477
0.154615	0.08	0.00457444
0.185538	0.08	0.00448845
0.216461	0.08	0.00437568
0.247384	0.08	0.00423807
0.278307	0.08	0.00407983
0.30923	0.08	0.00390632
0.340153	0.08	0.00372295
0.371076	0.08	0.00353436
0.401999	0.08	0.00334417
0.432921	0.08	0.00315494
0.463844	0.08	0.00296835
0.494767	0.08	0.00278547
0.52569	0.08	0.00260695
0.556613	0.08	0.00243318
0.587536	0.08	0.00226441
0.618459	0.08	0.00210081
0.649382	0.08	0.0019425
0.680305	0.08	0.00178956
0.711228	0.08	0.00164208
0.742151	0.08	0.00150011
0.773074	0.08	0.0013637
0.803997	0.08	0.00123291
0.83492	0.08	0.00110775
0.865843	0.08	0.000988259
0.896766	0.08	0.000874453
0.927689	0.08	0.000766346
0.958612	0.08	0.000663949
0.989535	0.08	0.00056727
1.02046	0.08	0.000476312
1.05138	0.08	0.00039108
1.0823	0.08	0.000311574
1.11323	0.08	0.000237797
1.14415	0.08	0.000169751
1.17507	0.08	0.000107436
1.206	0.08	5.08543e-05
1.23692	0.08	0
0	0.0825	0.00475626
0.0317331	0.0825	0.00475237
0.0634661	0.0825	0.0047404
0.0951992	0.0825	0.00471639
0.126932	0.0825	0.00467462
0.158665	0.0825	0.00460938
0.190398	0.0825	0.00451692
0.222131	0.0825	0.00439662
0.253864	0.0825	0.00425107
0.285597	0.0825	0.00408509
0.317331	0.0825	0.00390448
0.349064	0.0825	0.00371483
0.380797	0.0825	0.00352082
0.41253	0.0825	0.003326
0.444263	0.0825	0.00313279
0.475996	0.0825	0.00294279
0.507729	0.0825	0.00275696
0.539462	0.0825	0.0025759
0.571195	0.0825	0.00239995
0.602928	0.0825	0.00222935
0.634661	0.0825	0.00206425
0.666394	0.0825	0.00190477
0.698127	0.0825	0.00175099
0.72986	0.0825	0.00160299
0.761593	0.0825	0.00146082
0.793326	0.0825	0.00132455
0.825059	0.0825	0.00119419
0.856792	0.0825	0.0010698
0.888526	0.0825	0.000951378
0.920259	0.0825	0.000838959
0.951992	0.0825	0.000732549
0.983725	0.0825	0.000632157
1.01546	0.0825	0.00053779
1.04719	0.0825	0.00044945
1.07892	0.0825	0.00036714
1.11066	0.0825	0.000290862
1.14239	0.0825	0.000220618
1.17412	0.0825	0.00015641
1.20586	0.0825	9.82403e-05
1.23759	0.0825	4.61075e-05
1.26932	0.0825	0
0	0.085	0.00479605
0.0325431	0.085	0.00479189
0.0650863	0.085	0.00477911
0.0976294	0.085	0.00475327
0.130173	0.085	0.00470814
0.162716	0.085	0.00463781
0.195259	0.085	0.00453873
0.227802	0.085	0.00441081
0.260345	0.085	0.00425733
0.292888	0.085	0.00408371
0.325431	0.085	0.00389615
0.357975	0.085	0.00370041
0.390518	0.085	0.00350119
0.423061	0.085	0.00330192
0.455604	0.085	0.00310493
0.488147	0.085	0.00291167
0.52069	0.085	0.00272305
0.553234	0.085	0.00253959
0.585777	0.085	0.00236162
0.61832	0.085	0.00218934
0.650863	0.085	0.00202291
0.683406	0.085	0.00186243
0.715949	0.085	0.00170798
0.748492	0.085	0.00155965
0.781036	0.085	0.00141748
0.813579	0.085	0.00128152
0.846122	0.085	0.00115182
0.878665	0.085	0.0010284
0.911208	0.085	0.000911278
0.943751	0.085	0.000800473
0.976294	0.085	0.000695994
1.00884	0.085	0.00059785
1.04138	0.085	0.000506043
1.07392	0.085	0.000420577
1.10647	0.085	0.000341454
1.13901	0.085	0.000268675
1.17155	0.085	0.000202244
1.2041	0.085	0.000142164
1.23664	0.085	8.84358e-05
1.26918	0.085	4.1056e-05
1.30173	0.085	0
0	0.0875	0.00482974
0.0333532	0.0875	0.0048253
0.0667065	0.0875	0.0048117
0.10006	0.0875	0.00478396
0.133413	0.0875	0.00473535
0.166766	0.0875	0.00465977
0.200119	0.0875	0.0045539
0.233473	0.0875	0.00441828
0.266826	0.0875	0.00425687
0.300179	0.0875	0.00407571
0.333532	0.0875	0.00388137
0.366886	0.0875	0.00367975
0.400239	0.0875	0.00347551
0.433592	0.0875	0.00327198
0.466945	0.0875	0.00307136
0.500299	0.0875	0.00287502
0.533652	0.0875	0.00268375
0.567005	0.0875	0.00249804
0.600358	0.0875	0.00231819
0.633712	0.0875	0.00214439
0.667065	0.0875	0.00197678
0.700418	0.0875	0.00181547
0.733771	0.0875	0.00166054
0.767125	0.0875	0.00151205
0.800478	0.0875	0.00137007
0.833831	0.0875	0.00123465
0.867184	0.0875	0.0011058
0.900537	0.0875	0.000983567
0.933891	0.0875	0.000867961
0.967244	0.0875	0.000758998
1.0006	0.0875	0.000656685
1.03395	0.0875	0.000561028
1.0673	0.0875	0.00047203
1.10066	0.0875	0.000389693
1.13401	0.0875	0.00031402
1.16736	0.0875	0.000245013
1.20072	0.0875	0.000182677
1.23407	0.0875	0.000127014
1.26742	0.0875	7.80279e-05
1.30078	0.0875	3.57057e-05
1.33413	0.0875	0
0	0.09	0.00485732
0.0341633	0.09	0.0048526
0.0683267	0.09	0.00483817
0.10249	0.09	0.00480847
0.136653	0.09	0.00475625
0.170817	0.09	0.00467524
0.20498	0.09	0.00456245
0.239143	0.09	0.00441904
0.273307	0.09	0.00424973
0.30747	0.09	0.00406114
0.341633	0.09	0.00386018
0.375797	0.09	0.00365286
0.40996	0.09	0.00344379
0.444123	0.09	0.00323619
0.478287	0.09	0.00303212
0.51245	0.09	0.00283282
0.546613	0.09	0.00263906
0.580777	0.09	0.00245125
0.61494	0.09	0.00226967
0.649103	0.09	0.0020945
0.683267	0.09	0.00192588
0.71743	0.09	0.00176391
0.751593	0.09	0.00160866
0.785757	0.09	0.00146021
0.81992	0.09	0.00131862
0.854083	0.09	0.00118391
0.888247	0.09	0.00105613
0.92241	0.09	0.0009353
0.956573	0.09	0.00082143
0.990737	0.09	0.000714535
1.0249	0.09	0.000614621
1.05906	0.09	0.000521692
1.09323	0.09	0.000435751
1.12739	0.09	0.0003568
1.16155	0.09	0.000284841
1.19572	0.09	0.000219879
1.22988	0.09	0.00016192
1.26404	0.09	0.000110969
1.29821	0.09	6.70265e-05
1.33237	0.09	3.00665e-05
1.36653	0.09	0
0	0.0925	0.00487879
0.0349734	0.0925	0.0048738
0.0699469	0.0925	0.00485852
0.10492	0.0925	0.0048268
0.139894	0.0925	0.00477084
0.174867	0.0925	0.00468425
0.209841	0.0925	0.00456438
0.244814	0.0925	0.00441313
0.279787	0.0925	0.00423594
0.314761	0.0925	0.00404004
0.349734	0.0925	0.00383262
0.384708	0.0925	0.00361979
0.419681	0.0925	0.00340608
0.454655	0.0925	0.00319457
0.489628	0.0925	0.0029872
0.524601	0.0925	0.00278511
0.559575	0.0925	0.00258898
0.594548	0.0925	0.00239922
0.629522	0.0925	0.00221606
0.664495	0.0925	0.00203968
0.699469	0.0925	0.0018702
0.734442	0.0925	0.00170774
0.769415	0.0925	0.00155236
0.804389	0.0925	0.00140413
0.839362	0.0925	0.00126311
0.874336	0.0925	0.00112933
0.909309	0.0925	0.00100282
0.944282	0.0925	0.0008836
0.979256	0.0925	0.000771686
1.01423	0.0925	0.000667085
1.0492	0.0925	0.000569803
1.08418	0.0925	0.000479843
1.11915	0.0925	0.000397207
1.15412	0.0925	0.000321897
1.1891	0.0925	0.000253918
1.22407	0.0925	0.000193277
1.25904	0.0925	0.000139982
1.29402	0.0925	9.40411e-05
1.32899	0.0925	5.54483e-05
1.36396	0.0925	2.41553e-05
1.39894	0.0925	0
0	0.095	0.00489416
0.0357835	0.095	0.00488889
0.071567	0.095	0.00487277
0.107351	0.095	0.00483896
0.143134	0.095	0.00477914
0.178918	0.095	0.0046868
0.214701	0.095	0.00455972
0.250485	0.095	0.00440055
0.286268	0.095	0.00421552
0.322052	0.095	0.00401242
0.357835	0.095	0.00379872
0.393619	0.095	0.00358057
0.429402	0.095	0.0033624
0.465186	0.095	0.00314715
0.500969	0.095	0.00293662
0.536753	0.095	0.00273189
0.572536	0.095	0.00253354
0.60832	0.095	0.00234196
0.644103	0.095	0.00215736
0.679887	0.095	0.00197992
0.71567	0.095	0.00180976
0.751454	0.095	0.00164697
0.787237	0.095	0.00149164
0.823021	0.095	0.00134382
0.858804	0.095	0.00120356
0.894588	0.095	0.0010709
0.930371	0.095	0.000945865
0.966155	0.095	0.000828472
1.00194	0.095	0.000718731
1.03772	0.095	0.00061665
1.07351	0.095	0.000522233
1.10929	0.095	0.000435481
1.14507	0.095	0.000356398
1.18086	0.095	0.000284987
1.21664	0.095	0.000221255
1.25242	0.095	0.000165214
1.28821	0.095	0.000116876
1.32399	0.095	7.62502e-05
1.35977	0.095	4.33218e-05
1.39556	0.095	1.80001e-05
1.43134	0.095	0
0	0.0975	0.00490343
0.0365936	0.0975	0.00489788
0.0731872	0.0975	0.00488091
0.109781	0.0975	0.00484496
0.146374	0.0975	0.00478115
0.182968	0.0975	0.00468289
0.219562	0.0975	0.00454847
0.256155	0.0975	0.00438133
0.292749	0.0975	0.0041885
0.329342	0.0975	0.00397832
0.365936	0.0975	0.00375851
0.40253	0.0975	0.00353522
0.439123	0.0975	0.00331276
0.475717	0.0975	0.00309393
0.512311	0.0975	0.00288041
0.548904	0.0975	0.00267315
0.585498	0.0975	0.00247273
0.622091	0.0975	0.00227947
0.658685	0.0975	0.00209359
0.695279	0.0975	0.00191524
0.731872	0.0975	0.00174455
0.768466	0.0975	0.00158161
0.805059	0.0975	0.0014265
0.841653	0.0975	0.00127927
0.878247	0.0975	0.00113997
0.91484	0.0975	0.00100863
0.951434	0.0975	0.000885272
0.988027	0.0975	0.000769915
1.02462	0.0975	0.000662566
1.06121	0.0975	0.00056323
1.09781	0.0975	0.000471909
1.1344	0.0975	0.000388607
1.171	0.0975	0.000313326
1.20759	0.0975	0.000246073
1.24418	0.0975	0.00018686
1.28078	0.0975	0.000135704
1.31737	0.0975	9.26249e-05
1.35396	0.0975	5.76322e-05
1.39056	0.0975	3.06931e-05
1.42715	0.0975	1.1646e-05
1.46374	0.0975	0
0	0.1	0.00490659
0.0374037	0.1	0.00490076
0.0748074	0.1	0.00488294
0.112211	0.1	0.0048448
0.149615	0.1	0.00477687
0.187019	0.1	0.00467253
0.224422	0.1	0.00453063
0.261826	0.1	0.00435547
0.29923	0.1	0.0041549
0.336633	0.1	0.00393777
0.374037	0.1	0.00371202
0.411441	0.1	0.00348376
0.448844	0.1	0.00325719
0.486248	0.1	0.00303493
0.523652	0.1	0.00281855
0.561056	0.1	0.00260892
0.598459	0.1	0.00240656
0.635863	0.1	0.00221176
0.673267	0.1	0.00202473
0.71067	0.1	0.00184564
0.748074	0.1	0.00167458
0.785478	0.1	0.00151166
0.822881	0.1	0.00135694
0.860285	0.1	0.00121049
0.897689	0.1	0.00107233
0.935093	0.1	0.000942513
0.972496	0.1	0.000821041
1.0099	0.1	0.000707931
1.0473	0.1	0.000603191
1.08471	0.1	0.000506825
1.12211	0.1	0.000418833
1.15951	0.1	0.000339221
1.19692	0.1	0.000267994
1.23432	0.1	0.000205162
1.27173	0.1	0.000150746
1.30913	0.1	0.000104772
1.34653	0.1	6.72675e-05
1.38394	0.1	3.82438e-05
1.42134	0.1	1.76365e-05
1.45874	0.1	5.16515e-06
1.49615	0.1	0
