0	0	0
0.00375	0	0
0.0075	0	0
0.01125	0	0
0.015	0	0
0.01875	0	0
0.0225	0	0
0.02625	0	0
0.03	0	0
0.03375	0	0
0.0375	0	0
0.04125	0	0
0.045	0	0
0.04875	0	0
0.0525	0	0
0.05625	0	0
0.06	0	0
0.06375	0	0
0.0675	0	0
0.07125	0	0
0.075	0	0
0.07875	0	0
0.0825	0	0
0.08625	0	0
0.09	0	0
0.09375	0	0
0.0975	0	0
0.10125	0	0
0.105	0	0
0.10875	0	0
0.1125	0	0
0.11625	0	0
0.12	0	0
0.12375	0	0
0.1275	0	0
0.13125	0	0
0.135	0	0
0.13875	0	0
0.1425	0	0
0.14625	0	0
0.15	0	0
0	0.02	0.00746298
0.00442964	0.02	0.00746136
0.00885929	0.02	0.00745651
0.0132889	0.02	0.0074484
0.0177186	0.02	0.007437
0.0221482	0.02	0.00742224
0.0265779	0.02	0.00740406
0.0310075	0.02	0.00738238
0.0354371	0.02	0.00735708
0.0398668	0.02	0.00732804
0.0442964	0.02	0.00729509
0.0487261	0.02	0.00725806
0.0531557	0.02	0.00721674
0.0575854	0.02	0.00717085
0.062015	0.02	0.00712011
0.0664446	0.02	0.00706416
0.0708743	0.02	0.00700259
0.0753039	0.02	0.00693492
0.0797336	0.02	0.00686058
0.0841632	0.02	0.00677891
0.0885929	0.02	0.00668914
0.0930225	0.02	0.00659036
0.0974521	0.02	0.00648153
0.101882	0.02	0.00636141
0.106311	0.02	0.00622858
0.110741	0.02	0.00608142
0.115171	0.02	0.00591802
0.1196	0.02	0.00573622
0.12403	0.02	0.00553354
0.12846	0.02	0.00530716
0.132889	0.02	0.00505389
0.137319	0.02	0.00477011
0.141749	0.02	0.00445177
0.146178	0.02	0.00409434
0.150608	0.02	0.00369277
0.155037	0.02	0.00324145
0.159467	0.02	0.0027342
0.163897	0.02	0.00216423
0.168326	0.02	0.00152408
0.172756	0.02	0.000805612
0.177186	0.02	0
0	0.04	0.014592
0.00510929	0.04	0.0145878
0.0102186	0.04	0.0145755
0.0153279	0.04	0.0145548
0.0204371	0.04	0.0145256
0.0255464	0.04	0.0144879
0.0306557	0.04	0.0144413
0.035765	0.04	0.0143858
0.0408743	0.04	0.0143208
0.0459836	0.04	0.0142461
0.0510929	0.04	0.0141611
0.0562021	0.04	0.0140655
0.0613114	0.04	0.0139585
0.0664207	0.04	0.0138395
0.07153	0.04	0.0137076
0.0766393	0.04	0.013562
0.0817486	0.04	0.0134015
0.0868578	0.04	0.0132249
0.0919671	0.04	0.013031
0.0970764	0.04	0.0128181
0.102186	0.04	0.0125847
0.107295	0.04	0.0123287
0.112404	0.04	0.0120482
0.117514	0.04	0.0117408
0.122623	0.04	0.0114042
0.127732	0.04	0.0110357
0.132841	0.04	0.0106326
0.137951	0.04	0.0101921
0.14306	0.04	0.00971108
0.148169	0.04	0.00918673
0.153279	0.04	0.00861611
0.158388	0.04	0.0079965
0.163497	0.04	0.00732538
0.168606	0.04	0.00660065
0.173716	0.04	0.00582067
0.178825	0.04	0.00498453
0.183934	0.04	0.00409212
0.189044	0.04	0.00314444
0.194153	0.04	0.00214371
0.199262	0.04	0.00109372
0.204371	0.04	0
0	0.06	0.0214474
0.00578893	0.06	0.02144
0.0115779	0.06	0.0214178
0.0173668	0.06	0.0213806
0.0231557	0.06	0.0213283
0.0289446	0.06	0.0212605
0.0347336	0.06	0.0211769
0.0405225	0.06	0.021077
0.0463114	0.06	0.0209603
0.0521004	0.06	0.0208261
0.0578893	0.06	0.0206735
0.0636782	0.06	0.0205018
0.0694671	0.06	0.0203098
0.0752561	0.06	0.0200964
0.081045	0.06	0.0198603
0.0868339	0.06	0.0196001
0.0926228	0.06	0.0193142
0.0984118	0.06	0.0190008
0.104201	0.06	0.018658
0.10999	0.06	0.0182838
0.115779	0.06	0.0178761
0.121567	0.06	0.0174327
0.127356	0.06	0.0169511
0.133145	0.06	0.0164291
0.138934	0.06	0.0158642
0.144723	0.06	0.0152543
0.150512	0.06	0.0145971
0.156301	0.06	0.0138907
0.16209	0.06	0.0131332
0.167879	0.06	0.0123233
0.173668	0.06	0.01146
0.179457	0.06	0.0105426
0.185246	0.06	0.009571
0.191035	0.06	0.00854567
0.196824	0.06	0.00746759
0.202612	0.06	0.00633822
0.208401	0.06	0.00515953
0.21419	0.06	0.00393386
0.219979	0.06	0.00266372
0.225768	0.06	0.00135168
0.231557	0.06	0
0	0.08	0.0280796
0.00646857	0.08	0.0280683
0.0129371	0.08	0.0280345
0.0194057	0.08	0.0279779
0.0258743	0.08	0.0278983
0.0323429	0.08	0.0277952
0.0388114	0.08	0.027668
0.04528	0.08	0.0275163
0.0517486	0.08	0.0273391
0.0582171	0.08	0.0271355
0.0646857	0.08	0.0269044
0.0711543	0.08	0.0266447
0.0776228	0.08	0.026355
0.0840914	0.08	0.0260339
0.09056	0.08	0.0256796
0.0970286	0.08	0.0252906
0.103497	0.08	0.0248649
0.109966	0.08	0.0244005
0.116434	0.08	0.0238956
0.122903	0.08	0.023348
0.129371	0.08	0.0227556
0.13584	0.08	0.0221165
0.142309	0.08	0.0214287
0.148777	0.08	0.0206903
0.155246	0.08	0.0198998
0.161714	0.08	0.0190557
0.168183	0.08	0.0181569
0.174651	0.08	0.0172026
0.18112	0.08	0.0161924
0.187589	0.08	0.0151262
0.194057	0.08	0.0140043
0.200526	0.08	0.0128275
0.206994	0.08	0.0115967
0.213463	0.08	0.0103133
0.219931	0.08	0.00897886
0.2264	0.08	0.00759519
0.232869	0.08	0.00616408
0.239337	0.08	0.00468735
0.245806	0.08	0.00316674
0.252274	0.08	0.00160382
0.258743	0.08	0
0	0.1	0.0345273
0.00714821	0.1	0.0345118
0.0142964	0.1	0.0344651
0.0214446	0.1	0.0343871
0.0285929	0.1	0.0342773
0.0357411	0.1	0.0341353
0.0428893	0.1	0.0339604
0.0500375	0.1	0.0337517
0.0571857	0.1	0.0335084
0.0643339	0.1	0.0332294
0.0714821	0.1	0.0329132
0.0786303	0.1	0.0325587
0.0857786	0.1	0.0321643
0.0929268	0.1	0.0317284
0.100075	0.1	0.0312493
0.107223	0.1	0.0307251
0.114371	0.1	0.0301541
0.12152	0.1	0.0295344
0.128668	0.1	0.0288642
0.135816	0.1	0.0281417
0.142964	0.1	0.0273652
0.150112	0.1	0.0265333
0.157261	0.1	0.0256447
0.164409	0.1	0.0246981
0.171557	0.1	0.0236928
0.178705	0.1	0.0226283
0.185854	0.1	0.0215043
0.193002	0.1	0.0203209
0.20015	0.1	0.0190786
0.207298	0.1	0.017778
0.214446	0.1	0.0164202
0.221595	0.1	0.0150062
0.228743	0.1	0.0135375
0.235891	0.1	0.0120156
0.243039	0.1	0.010442
0.250187	0.1	0.00881824
0.257336	0.1	0.00714597
0.264484	0.1	0.00542663
0.271632	0.1	0.00366164
0.27878	0.1	0.00185234
0.285929	0.1	0
0	0.12	0.0408185
0.00782786	0.12	0.0407985
0.0156557	0.12	0.0407382
0.0234836	0.12	0.0406374
0.0313114	0.12	0.0404958
0.0391393	0.12	0.0403127
0.0469671	0.12	0.0400874
0.054795	0.12	0.039819
0.0626228	0.12	0.0395065
0.0704507	0.12	0.0391486
0.0782786	0.12	0.0387441
0.0861064	0.12	0.0382915
0.0939343	0.12	0.0377894
0.101762	0.12	0.037236
0.10959	0.12	0.0366298
0.117418	0.12	0.0359692
0.125246	0.12	0.0352524
0.133074	0.12	0.034478
0.140901	0.12	0.0336444
0.148729	0.12	0.0327504
0.156557	0.12	0.0317947
0.164385	0.12	0.0307765
0.172213	0.12	0.029695
0.180041	0.12	0.0285497
0.187869	0.12	0.0273406
0.195696	0.12	0.0260677
0.203524	0.12	0.0247315
0.211352	0.12	0.0233325
0.21918	0.12	0.0218718
0.227008	0.12	0.0203502
0.234836	0.12	0.0187691
0.242664	0.12	0.0171299
0.250491	0.12	0.015434
0.258319	0.12	0.0136828
0.266147	0.12	0.0118779
0.273975	0.12	0.0100208
0.281803	0.12	0.00811278
0.289631	0.12	0.00615538
0.297459	0.12	0.00414991
0.305286	0.12	0.0020977
0.313114	0.12	0
0	0.14	0.0469719
0.0085075	0.14	0.0469472
0.017015	0.14	0.0468729
0.0255225	0.14	0.0467487
0.03403	0.14	0.0465742
0.0425375	0.14	0.0463489
0.051045	0.14	0.0460719
0.0595525	0.14	0.0457423
0.06806	0.14	0.0453591
0.0765675	0.14	0.0449211
0.085075	0.14	0.0444269
0.0935825	0.14	0.0438753
0.10209	0.14	0.0432647
0.110597	0.14	0.0425938
0.119105	0.14	0.0418611
0.127612	0.14	0.0410651
0.13612	0.14	0.0402045
0.144627	0.14	0.0392782
0.153135	0.14	0.0382851
0.161642	0.14	0.0372243
0.17015	0.14	0.0360951
0.178657	0.14	0.0348972
0.187165	0.14	0.0336303
0.195672	0.14	0.0322945
0.20418	0.14	0.0308902
0.212687	0.14	0.029418
0.221195	0.14	0.0278787
0.229702	0.14	0.0262731
0.23821	0.14	0.0246026
0.246717	0.14	0.0228683
0.255225	0.14	0.0210717
0.263732	0.14	0.0192142
0.27224	0.14	0.0172973
0.280747	0.14	0.0153225
0.289255	0.14	0.0132912
0.297762	0.14	0.0112051
0.30627	0.14	0.00906543
0.314777	0.14	0.00687373
0.323285	0.14	0.00463136
0.331792	0.14	0.00233968
0.3403	0.14	0
0	0.16	0.0529991
0.00918714	0.16	0.0529696
0.0183743	0.16	0.052881
0.0275614	0.16	0.0527331
0.0367486	0.16	0.0525254
0.0459357	0.16	0.0522574
0.0551228	0.16	0.0519282
0.06431	0.16	0.051537
0.0734971	0.16	0.0510827
0.0826843	0.16	0.0505643
0.0918714	0.16	0.0499806
0.101059	0.16	0.0493302
0.110246	0.16	0.0486119
0.119433	0.16	0.0478246
0.12862	0.16	0.0469669
0.137807	0.16	0.0460378
0.146994	0.16	0.0450364
0.156181	0.16	0.0439617
0.165369	0.16	0.0428131
0.174556	0.16	0.0415903
0.183743	0.16	0.0402929
0.19293	0.16	0.038921
0.202117	0.16	0.0374749
0.211304	0.16	0.0359551
0.220491	0.16	0.0343622
0.229679	0.16	0.0326972
0.238866	0.16	0.0309612
0.248053	0.16	0.0291553
0.25724	0.16	0.027281
0.266427	0.16	0.0253397
0.275614	0.16	0.0233329
0.284801	0.16	0.021262
0.293989	0.16	0.0191288
0.303176	0.16	0.0169346
0.312363	0.16	0.0146812
0.32155	0.16	0.01237
0.330737	0.16	0.0100026
0.339924	0.16	0.00758041
0.349111	0.16	0.00510498
0.358298	0.16	0.0025777
0.367486	0.16	0
0	0.18	0.058906
0.00986678	0.18	0.0588717
0.0197336	0.18	0.0587689
0.0296004	0.18	0.0585972
0.0394671	0.18	0.0583562
0.0493339	0.18	0.0580454
0.0592007	0.18	0.0576641
0.0690675	0.18	0.0572113
0.0789343	0.18	0.0566863
0.0888011	0.18	0.056088
0.0986678	0.18	0.0554153
0.108535	0.18	0.0546672
0.118401	0.18	0.0538426
0.128268	0.18	0.0529406
0.138135	0.18	0.0519602
0.148002	0.18	0.0509006
0.157869	0.18	0.0497613
0.167735	0.18	0.0485417
0.177602	0.18	0.0472415
0.187469	0.18	0.0458609
0.197336	0.18	0.0443999
0.207202	0.18	0.0428589
0.217069	0.18	0.0412385
0.226936	0.18	0.0395397
0.236803	0.18	0.0377633
0.24667	0.18	0.0359106
0.256536	0.18	0.0339829
0.266403	0.18	0.0319815
0.27627	0.18	0.0299081
0.286137	0.18	0.0277642
0.296004	0.18	0.0255515
0.30587	0.18	0.0232715
0.315737	0.18	0.020926
0.325604	0.18	0.0185166
0.335471	0.18	0.0160451
0.345337	0.18	0.0135129
0.355204	0.18	0.0109219
0.365071	0.18	0.00827347
0.374938	0.18	0.00556934
0.384805	0.18	0.00281101
0.394671	0.18	0
0	0.2	0.0646946
0.0105464	0.2	0.0646556
0.0210929	0.2	0.0645386
0.0316393	0.2	0.0643431
0.0421857	0.2	0.064069
0.0527321	0.2	0.0637157
0.0632786	0.2	0.0632825
0.073825	0.2	0.0627687
0.0843714	0.2	0.0621736
0.0949178	0.2	0.0614962
0.105464	0.2	0.0607356
0.116011	0.2	0.0598911
0.126557	0.2	0.0589618
0.137104	0.2	0.057947
0.14765	0.2	0.0568461
0.158196	0.2	0.0556587
0.168743	0.2	0.0543843
0.179289	0.2	0.053023
0.189836	0.2	0.0515748
0.200382	0.2	0.05004
0.210929	0.2	0.0484192
0.221475	0.2	0.0467132
0.232021	0.2	0.0449227
0.242568	0.2	0.043049
0.253114	0.2	0.0410933
0.263661	0.2	0.0390571
0.274207	0.2	0.0369418
0.284754	0.2	0.0347491
0.2953	0.2	0.0324807
0.305846	0.2	0.0301382
0.316393	0.2	0.0277236
0.326939	0.2	0.0252386
0.337486	0.2	0.0226849
0.348032	0.2	0.0200645
0.358578	0.2	0.0173791
0.369125	0.2	0.0146304
0.379671	0.2	0.0118203
0.390218	0.2	0.00895054
0.400764	0.2	0.00602277
0.411311	0.2	0.0030387
0.421857	0.2	0
0	0.22	0.070364
0.0112261	0.22	0.0703204
0.0224521	0.22	0.0701891
0.0336782	0.22	0.0699702
0.0449043	0.22	0.0696632
0.0561303	0.22	0.0692677
0.0673564	0.22	0.0687832
0.0785825	0.22	0.068209
0.0898085	0.22	0.0675445
0.101035	0.22	0.066789
0.112261	0.22	0.0659418
0.123487	0.22	0.0650023
0.134713	0.22	0.06397
0.145939	0.22	0.0628444
0.157165	0.22	0.0616251
0.168391	0.22	0.0603122
0.179617	0.22	0.0589055
0.190843	0.22	0.0574053
0.202069	0.22	0.0558121
0.213295	0.22	0.0541265
0.224521	0.22	0.0523493
0.235747	0.22	0.0504816
0.246974	0.22	0.0485246
0.2582	0.22	0.0464797
0.269426	0.22	0.0443484
0.280652	0.22	0.0421323
0.291878	0.22	0.0398332
0.303104	0.22	0.0374529
0.31433	0.22	0.0349933
0.325556	0.22	0.0324563
0.336782	0.22	0.0298438
0.348008	0.22	0.0271579
0.359234	0.22	0.0244004
0.37046	0.22	0.0215734
0.381686	0.22	0.0186788
0.392912	0.22	0.0157186
0.404138	0.22	0.0126947
0.415365	0.22	0.00960904
0.426591	0.22	0.00646346
0.437817	0.22	0.00325983
0.449043	0.22	0
0	0.24	0.0759113
0.0119057	0.24	0.0758629
0.0238114	0.24	0.0757177
0.0357171	0.24	0.0754754
0.0476228	0.24	0.0751359
0.0595286	0.24	0.0746986
0.0714343	0.24	0.0741633
0.08334	0.24	0.0735294
0.0952457	0.24	0.0727964
0.107151	0.24	0.0719639
0.119057	0.24	0.0710313
0.130963	0.24	0.0699982
0.142869	0.24	0.0688645
0.154774	0.24	0.0676299
0.16668	0.24	0.0662944
0.178586	0.24	0.0648581
0.190491	0.24	0.0633215
0.202397	0.24	0.0616851
0.214303	0.24	0.0599496
0.226209	0.24	0.058116
0.238114	0.24	0.0561855
0.25002	0.24	0.0541593
0.261926	0.24	0.052039
0.273831	0.24	0.0498261
0.285737	0.24	0.0475226
0.297643	0.24	0.0451302
0.309548	0.24	0.0426509
0.321454	0.24	0.0400867
0.33336	0.24	0.0374397
0.345266	0.24	0.0347121
0.357171	0.24	0.031906
0.369077	0.24	0.0290235
0.380983	0.24	0.0260669
0.392888	0.24	0.0230382
0.404794	0.24	0.0199397
0.4167	0.24	0.0167734
0.428606	0.24	0.0135416
0.440511	0.24	0.0102463
0.452417	0.24	0.00688951
0.464323	0.24	0.00347341
0.476228	0.24	0
0	0.26	0.0813319
0.0125854	0.26	0.0812789
0.0251707	0.26	0.0811198
0.0377561	0.26	0.0808545
0.0503414	0.26	0.0804827
0.0629268	0.26	0.0800042
0.0755121	0.26	0.0794187
0.0880975	0.26	0.0787257
0.100683	0.26	0.0779251
0.113268	0.26	0.0770165
0.125854	0.26	0.0759996
0.138439	0.26	0.0748744
0.151024	0.26	0.0736408
0.16361	0.26	0.0722988
0.176195	0.26	0.0708489
0.18878	0.26	0.0692914
0.201366	0.26	0.0676271
0.213951	0.26	0.0658567
0.226536	0.26	0.0639815
0.239122	0.26	0.0620025
0.251707	0.26	0.0599213
0.264292	0.26	0.0577395
0.276878	0.26	0.0554589
0.289463	0.26	0.0530812
0.302048	0.26	0.0506087
0.314634	0.26	0.0480434
0.327219	0.26	0.0453874
0.339805	0.26	0.0426431
0.35239	0.26	0.0398128
0.364975	0.26	0.0368988
0.377561	0.26	0.0339034
0.390146	0.26	0.0308292
0.402731	0.26	0.0276784
0.415317	0.26	0.0244534
0.427902	0.26	0.0211567
0.440487	0.26	0.0177905
0.453073	0.26	0.0143573
0.465658	0.26	0.0108593
0.478243	0.26	0.00729895
0.490829	0.26	0.00367842
0.503414	0.26	0
0	0.28	0.0866206
0.013265	0.28	0.086563
0.02653	0.28	0.0863902
0.039795	0.28	0.086102
0.05306	0.28	0.0856983
0.066325	0.28	0.085179
0.07959	0.28	0.0845438
0.092855	0.28	0.0837925
0.10612	0.28	0.0829251
0.119385	0.28	0.0819414
0.13265	0.28	0.0808413
0.145915	0.28	0.0796251
0.15918	0.28	0.078293
0.172445	0.28	0.0768452
0.18571	0.28	0.0752826
0.198975	0.28	0.0736057
0.21224	0.28	0.0718156
0.225505	0.28	0.0699135
0.23877	0.28	0.0679007
0.252035	0.28	0.0657788
0.2653	0.28	0.0635496
0.278565	0.28	0.0612148
0.29183	0.28	0.0587767
0.305095	0.28	0.0562373
0.31836	0.28	0.053599
0.331625	0.28	0.0508641
0.34489	0.28	0.0480352
0.358155	0.28	0.0451146
0.37142	0.28	0.042105
0.384685	0.28	0.039009
0.39795	0.28	0.0358293
0.411215	0.28	0.0325683
0.42448	0.28	0.0292288
0.437745	0.28	0.0258134
0.45101	0.28	0.0223248
0.464275	0.28	0.0187655
0.47754	0.28	0.0151382
0.490805	0.28	0.0114454
0.50407	0.28	0.00768976
0.517335	0.28	0.00387378
0.5306	0.28	0
0	0.3	0.0917714
0.0139446	0.3	0.0917093
0.0278893	0.3	0.0915229
0.0418339	0.3	0.0912121
0.0557786	0.3	0.0907768
0.0697232	0.3	0.090217
0.0836678	0.3	0.0895327
0.0976125	0.3	0.0887237
0.111557	0.3	0.0877902
0.125502	0.3	0.0867322
0.139446	0.3	0.08555
0.153391	0.3	0.0842439
0.167336	0.3	0.0828144
0.18128	0.3	0.0812623
0.195225	0.3	0.0795884
0.20917	0.3	0.0777939
0.223114	0.3	0.0758798
0.237059	0.3	0.0738479
0.251004	0.3	0.0716997
0.264948	0.3	0.0694371
0.278893	0.3	0.0670622
0.292837	0.3	0.0645771
0.306782	0.3	0.0619843
0.320727	0.3	0.0592862
0.334671	0.3	0.0564853
0.348616	0.3	0.0535843
0.362561	0.3	0.0505861
0.376505	0.3	0.0474932
0.39045	0.3	0.0443088
0.404395	0.3	0.0410355
0.418339	0.3	0.0376762
0.432284	0.3	0.034234
0.446228	0.3	0.0307118
0.460173	0.3	0.0271124
0.474118	0.3	0.0234387
0.488062	0.3	0.0196938
0.502007	0.3	0.0158804
0.515952	0.3	0.0120014
0.529896	0.3	0.00805984
0.543841	0.3	0.00405842
0.557786	0.3	0
0	0.32	0.0967782
0.0146243	0.32	0.0967116
0.0292486	0.32	0.0965117
0.0438728	0.32	0.0961784
0.0584971	0.32	0.0957119
0.0731214	0.32	0.095112
0.0877457	0.32	0.0943789
0.10237	0.32	0.0935128
0.116994	0.32	0.0925138
0.131619	0.32	0.0913823
0.146243	0.32	0.0901187
0.160867	0.32	0.0887237
0.175491	0.32	0.0871981
0.190116	0.32	0.0855429
0.20474	0.32	0.0837591
0.219364	0.32	0.0818483
0.233989	0.32	0.079812
0.248613	0.32	0.077652
0.263237	0.32	0.0753703
0.277861	0.32	0.0729692
0.292486	0.32	0.0704509
0.30711	0.32	0.067818
0.321734	0.32	0.0650732
0.336358	0.32	0.0622193
0.350983	0.32	0.059259
0.365607	0.32	0.0561955
0.380231	0.32	0.0530317
0.394856	0.32	0.0497708
0.40948	0.32	0.046416
0.424104	0.32	0.0429703
0.438728	0.32	0.0394371
0.453353	0.32	0.0358195
0.467977	0.32	0.0321208
0.482601	0.32	0.0283443
0.497226	0.32	0.0244931
0.51185	0.32	0.0205706
0.526474	0.32	0.01658
0.541098	0.32	0.0125244
0.555723	0.32	0.00840704
0.570347	0.32	0.0042312
0.584971	0.32	0
0	0.34	0.101635
0.0153039	0.34	0.101563
0.0306078	0.34	0.10135
0.0459118	0.34	0.100995
0.0612157	0.34	0.100497
0.0765196	0.34	0.0998573
0.0918235	0.34	0.0990759
0.107127	0.34	0.098153
0.122431	0.34	0.0970891
0.137735	0.34	0.0958847
0.153039	0.34	0.0945405
0.168343	0.34	0.0930575
0.183647	0.34	0.0914366
0.198951	0.34	0.0896793
0.214255	0.34	0.0877868
0.229559	0.34	0.0857611
0.244863	0.34	0.083604
0.260167	0.34	0.0813176
0.275471	0.34	0.0789043
0.290775	0.34	0.0763666
0.306078	0.34	0.0737071
0.321382	0.34	0.0709289
0.336686	0.34	0.0680348
0.35199	0.34	0.0650279
0.367294	0.34	0.0619116
0.382598	0.34	0.0586891
0.397902	0.34	0.0553637
0.413206	0.34	0.0519391
0.42851	0.34	0.0484186
0.443814	0.34	0.0448057
0.459118	0.34	0.0411042
0.474422	0.34	0.0373175
0.489726	0.34	0.0334492
0.505029	0.34	0.029503
0.520333	0.34	0.0254825
0.535637	0.34	0.0213912
0.550941	0.34	0.0172329
0.566245	0.34	0.013011
0.581549	0.34	0.00872913
0.596853	0.34	0.00439095
0.612157	0.34	0
0	0.36	0.106334
0.0159836	0.36	0.106259
0.0319671	0.36	0.106032
0.0479507	0.36	0.105654
0.0639343	0.36	0.105126
0.0799178	0.36	0.104446
0.0959014	0.36	0.103617
0.111885	0.36	0.102638
0.127869	0.36	0.101509
0.143852	0.36	0.100232
0.159836	0.36	0.0988082
0.175819	0.36	0.0972378
0.191803	0.36	0.0955225
0.207786	0.36	0.0936639
0.22377	0.36	0.0916639
0.239754	0.36	0.0895244
0.255737	0.36	0.0872477
0.271721	0.36	0.0848364
0.287704	0.36	0.0822931
0.303688	0.36	0.0796207
0.319671	0.36	0.0768222
0.335655	0.36	0.0739009
0.351638	0.36	0.0708601
0.367622	0.36	0.0677033
0.383606	0.36	0.0644341
0.399589	0.36	0.0610562
0.415573	0.36	0.0575734
0.431556	0.36	0.0539894
0.44754	0.36	0.0503082
0.463523	0.36	0.0465337
0.479507	0.36	0.0426699
0.495491	0.36	0.0387207
0.511474	0.36	0.0346902
0.527458	0.36	0.0305823
0.543441	0.36	0.0264011
0.559425	0.36	0.0221506
0.575408	0.36	0.0178349
0.591392	0.36	0.013458
0.607376	0.36	0.0090238
0.623359	0.36	0.00453648
0.639343	0.36	0
0	0.38	0.11087
0.0166632	0.38	0.110791
0.0333264	0.38	0.110551
0.0499896	0.38	0.110151
0.0666528	0.38	0.109591
0.083316	0.38	0.108873
0.0999793	0.38	0.107995
0.116642	0.38	0.10696
0.133306	0.38	0.105767
0.149969	0.38	0.104418
0.166632	0.38	0.102915
0.183295	0.38	0.101257
0.199959	0.38	0.0994482
0.216622	0.38	0.0974891
0.233285	0.38	0.0953823
0.249948	0.38	0.09313
0.266611	0.38	0.090735
0.283275	0.38	0.0882001
0.299938	0.38	0.0855283
0.316601	0.38	0.0827229
0.333264	0.38	0.0797873
0.349927	0.38	0.0767252
0.366591	0.38	0.0735402
0.383254	0.38	0.0702364
0.399917	0.38	0.0668176
0.41658	0.38	0.063288
0.433243	0.38	0.0596518
0.449907	0.38	0.0559132
0.46657	0.38	0.0520765
0.483233	0.38	0.0481461
0.499896	0.38	0.0441263
0.516559	0.38	0.0400217
0.533223	0.38	0.0358367
0.549886	0.38	0.0315756
0.566549	0.38	0.0272431
0.583212	0.38	0.0228437
0.599876	0.38	0.0183818
0.616539	0.38	0.0138619
0.633202	0.38	0.00928865
0.649865	0.38	0.0046665
0.666528	0.38	0
0	0.4	0.115238
0.0173429	0.4	0.115153
0.0346857	0.4	0.1149
0.0520286	0.4	0.114478
0.0693714	0.4	0.113888
0.0867143	0.4	0.11313
0.104057	0.4	0.112205
0.1214	0.4	0.111113
0.138743	0.4	0.109857
0.156086	0.4	0.108436
0.173429	0.4	0.106853
0.190771	0.4	0.105109
0.208114	0.4	0.103206
0.225457	0.4	0.101147
0.2428	0.4	0.0989342
0.260143	0.4	0.09657
0.277486	0.4	0.0940576
0.294828	0.4	0.0914001
0.312171	0.4	0.0886012
0.329514	0.4	0.0856644
0.346857	0.4	0.0825935
0.3642	0.4	0.0793927
0.381543	0.4	0.0760662
0.398886	0.4	0.0726181
0.416228	0.4	0.069053
0.433571	0.4	0.0653755
0.450914	0.4	0.0615901
0.468257	0.4	0.0577015
0.4856	0.4	0.0537147
0.502943	0.4	0.0496343
0.520286	0.4	0.0454654
0.537628	0.4	0.0412127
0.554971	0.4	0.0368814
0.572314	0.4	0.0324763
0.589657	0.4	0.0280025
0.607	0.4	0.023465
0.624343	0.4	0.0188689
0.641686	0.4	0.0142193
0.659028	0.4	0.00952118
0.676371	0.4	0.00477972
0.693714	0.4	0
0	0.42	0.11943
0.0180225	0.42	0.119341
0.036045	0.42	0.119074
0.0540675	0.42	0.11863
0.07209	0.42	0.118009
0.0901125	0.42	0.117212
0.108135	0.42	0.116239
0.126157	0.42	0.115091
0.14418	0.42	0.11377
0.162202	0.42	0.112278
0.180225	0.42	0.110615
0.198247	0.42	0.108785
0.21627	0.42	0.106789
0.234292	0.42	0.104631
0.252315	0.42	0.102312
0.270337	0.42	0.0998363
0.28836	0.42	0.0972072
0.306382	0.42	0.0944282
0.324405	0.42	0.0915032
0.342427	0.42	0.0884364
0.36045	0.42	0.085232
0.378472	0.42	0.0818946
0.396495	0.42	0.0784287
0.414517	0.42	0.0748392
0.43254	0.42	0.0711311
0.450562	0.42	0.0673093
0.468585	0.42	0.063379
0.486607	0.42	0.0593454
0.50463	0.42	0.0552139
0.522652	0.42	0.0509899
0.540675	0.42	0.0466787
0.558697	0.42	0.0422858
0.57672	0.42	0.0378168
0.594742	0.42	0.0332773
0.612765	0.42	0.0286728
0.630787	0.42	0.0240091
0.64881	0.42	0.0192917
0.666832	0.42	0.0145263
0.684855	0.42	0.00971878
0.702877	0.42	0.00487474
0.7209	0.42	0
0	0.44	0.123441
0.0187021	0.44	0.123348
0.0374043	0.44	0.123068
0.0561064	0.44	0.122602
0.0748085	0.44	0.12195
0.0935107	0.44	0.121113
0.112213	0.44	0.120091
0.130915	0.44	0.118888
0.149617	0.44	0.117502
0.168319	0.44	0.115938
0.187021	0.44	0.114196
0.205724	0.44	0.112279
0.224426	0.44	0.11019
0.243128	0.44	0.107932
0.26183	0.44	0.105508
0.280532	0.44	0.102921
0.299234	0.44	0.100176
0.317936	0.44	0.0972758
0.336638	0.44	0.0942258
0.355341	0.44	0.0910301
0.374043	0.44	0.0876937
0.392745	0.44	0.0842215
0.411447	0.44	0.0806186
0.430149	0.44	0.0768904
0.448851	0.44	0.0730424
0.467553	0.44	0.0690801
0.486256	0.44	0.0650092
0.504958	0.44	0.0608356
0.52366	0.44	0.0565651
0.542362	0.44	0.0522038
0.561064	0.44	0.0477576
0.579766	0.44	0.0432327
0.598468	0.44	0.0386353
0.617171	0.44	0.0339715
0.635873	0.44	0.0292477
0.654575	0.44	0.0244701
0.673277	0.44	0.0196451
0.691979	0.44	0.0147792
0.710681	0.44	0.00987869
0.729383	0.44	0.00495012
0.748085	0.44	0
0	0.46	0.127266
0.0193818	0.46	0.127168
0.0387636	0.46	0.126875
0.0581453	0.46	0.126386
0.0775271	0.46	0.125703
0.0969089	0.46	0.124826
0.116291	0.46	0.123757
0.135672	0.46	0.122496
0.155054	0.46	0.121046
0.174436	0.46	0.11941
0.193818	0.46	0.117588
0.2132	0.46	0.115584
0.232581	0.46	0.113402
0.251963	0.46	0.111044
0.271345	0.46	0.108514
0.290727	0.46	0.105816
0.310108	0.46	0.102955
0.32949	0.46	0.0999346
0.348872	0.46	0.0967602
0.368254	0.46	0.0934368
0.387636	0.46	0.0899696
0.407017	0.46	0.0863643
0.426399	0.46	0.0826265
0.445781	0.46	0.0787621
0.465163	0.46	0.0747773
0.484544	0.46	0.0706782
0.503926	0.46	0.0664711
0.523308	0.46	0.0621625
0.54269	0.46	0.0577589
0.562072	0.46	0.0532669
0.581453	0.46	0.0486933
0.600835	0.46	0.044045
0.620217	0.46	0.0393287
0.639599	0.46	0.0345514
0.658981	0.46	0.0297202
0.678362	0.46	0.0248421
0.697744	0.46	0.0199242
0.717126	0.46	0.0149738
0.736508	0.46	0.00999804
0.755889	0.46	0.00500433
0.775271	0.46	0
0	0.48	0.1309
0.0200614	0.48	0.130798
0.0401228	0.48	0.130491
0.0601843	0.48	0.129979
0.0802457	0.48	0.129265
0.100307	0.48	0.128347
0.120369	0.48	0.127229
0.14043	0.48	0.125911
0.160491	0.48	0.124396
0.180553	0.48	0.122687
0.200614	0.48	0.120785
0.220676	0.48	0.118694
0.240737	0.48	0.116417
0.260798	0.48	0.113959
0.28086	0.48	0.111323
0.300921	0.48	0.108514
0.320983	0.48	0.105537
0.341044	0.48	0.102396
0.361106	0.48	0.0990978
0.381167	0.48	0.0956473
0.401228	0.48	0.0920505
0.42129	0.48	0.0883135
0.441351	0.48	0.0844428
0.461413	0.48	0.0804447
0.481474	0.48	0.0763261
0.501536	0.48	0.0720938
0.521597	0.48	0.0677548
0.541658	0.48	0.0633163
0.56172	0.48	0.0587855
0.581781	0.48	0.0541698
0.601843	0.48	0.0494767
0.621904	0.48	0.0447138
0.641966	0.48	0.0398887
0.662027	0.48	0.0350092
0.682088	0.48	0.0300832
0.70215	0.48	0.0251186
0.722211	0.48	0.0201234
0.742273	0.48	0.0151058
0.762334	0.48	0.0100738
0.782395	0.48	0.00503576
0.802457	0.48	0
0	0.5	0.134337
0.0207411	0.5	0.13423
0.0414821	0.5	0.13391
0.0622232	0.5	0.133375
0.0829643	0.5	0.132629
0.103705	0.5	0.131671
0.124446	0.5	0.130503
0.145187	0.5	0.129127
0.165929	0.5	0.127546
0.18667	0.5	0.125763
0.207411	0.5	0.12378
0.228152	0.5	0.1216
0.248893	0.5	0.119229
0.269634	0.5	0.11667
0.290375	0.5	0.113927
0.311116	0.5	0.111007
0.331857	0.5	0.107913
0.352598	0.5	0.104652
0.373339	0.5	0.10123
0.39408	0.5	0.0976528
0.414821	0.5	0.0939271
0.435562	0.5	0.0900598
0.456303	0.5	0.0860577
0.477044	0.5	0.0819283
0.497786	0.5	0.0776788
0.518527	0.5	0.0733169
0.539268	0.5	0.0688503
0.560009	0.5	0.064287
0.58075	0.5	0.0596351
0.601491	0.5	0.0549026
0.622232	0.5	0.0500981
0.642973	0.5	0.0452299
0.663714	0.5	0.0403065
0.684455	0.5	0.0353367
0.705196	0.5	0.0303293
0.725937	0.5	0.0252932
0.746678	0.5	0.0202372
0.767419	0.5	0.0151707
0.78816	0.5	0.0101027
0.808902	0.5	0.00504269
0.829643	0.5	0
0	0.52	0.137574
0.0214207	0.52	0.137463
0.0428414	0.52	0.137128
0.0642621	0.52	0.13657
0.0856828	0.52	0.135791
0.107104	0.52	0.134791
0.128524	0.52	0.133573
0.149945	0.52	0.132139
0.171366	0.52	0.130491
0.192786	0.52	0.128632
0.214207	0.52	0.126567
0.235628	0.52	0.124298
0.257048	0.52	0.121831
0.278469	0.52	0.11917
0.29989	0.52	0.11632
0.321311	0.52	0.113286
0.342731	0.52	0.110076
0.364152	0.52	0.106694
0.385573	0.52	0.103148
0.406993	0.52	0.0994441
0.428414	0.52	0.0955901
0.449835	0.52	0.0915934
0.471256	0.52	0.0874616
0.492676	0.52	0.0832028
0.514097	0.52	0.0788251
0.535518	0.52	0.074337
0.556938	0.52	0.0697471
0.578359	0.52	0.0650642
0.59978	0.52	0.0602972
0.621201	0.52	0.0554553
0.642621	0.52	0.0505477
0.664042	0.52	0.0455837
0.685463	0.52	0.0405731
0.706883	0.52	0.0355255
0.728304	0.52	0.0304507
0.749725	0.52	0.0253587
0.771145	0.52	0.0202596
0.792566	0.52	0.0151637
0.813987	0.52	0.0100815
0.835408	0.52	0.00502331
0.856828	0.52	0
0	0.54	0.140606
0.0221004	0.54	0.140489
0.0442007	0.54	0.14014
0.0663011	0.54	0.139559
0.0884014	0.54	0.138746
0.110502	0.54	0.137704
0.132602	0.54	0.136435
0.154702	0.54	0.134941
0.176803	0.54	0.133225
0.198903	0.54	0.13129
0.221004	0.54	0.129141
0.243104	0.54	0.126781
0.265204	0.54	0.124216
0.287305	0.54	0.121452
0.309405	0.54	0.118493
0.331505	0.54	0.115345
0.353606	0.54	0.112017
0.375706	0.54	0.108513
0.397806	0.54	0.104842
0.419907	0.54	0.101012
0.442007	0.54	0.09703
0.464107	0.54	0.0929045
0.486208	0.54	0.0886442
0.508308	0.54	0.0842578
0.530408	0.54	0.0797546
0.552509	0.54	0.0751436
0.574609	0.54	0.0704346
0.596709	0.54	0.0656372
0.61881	0.54	0.0607614
0.64091	0.54	0.0558172
0.663011	0.54	0.0508151
0.685111	0.54	0.0457654
0.707211	0.54	0.040679
0.729312	0.54	0.0355665
0.751412	0.54	0.0304391
0.773512	0.54	0.0253079
0.795613	0.54	0.0201843
0.817713	0.54	0.0150798
0.839813	0.54	0.0100063
0.861914	0.54	0.00497568
0.884014	0.54	0
0	0.56	0.143429
0.02278	0.56	0.143307
0.04556	0.56	0.142943
0.06834	0.56	0.142338
0.09112	0.56	0.141491
0.1139	0.56	0.140406
0.13668	0.56	0.139084
0.15946	0.56	0.137528
0.18224	0.56	0.135742
0.20502	0.56	0.13373
0.2278	0.56	0.131495
0.25058	0.56	0.129043
0.27336	0.56	0.126379
0.29614	0.56	0.123509
0.31892	0.56	0.120439
0.3417	0.56	0.117176
0.36448	0.56	0.113728
0.38726	0.56	0.110101
0.41004	0.56	0.106305
0.43282	0.56	0.102347
0.4556	0.56	0.0982371
0.47838	0.56	0.0939832
0.50116	0.56	0.0895953
0.52394	0.56	0.085083
0.54672	0.56	0.0804563
0.5695	0.56	0.0757257
0.59228	0.56	0.0709016
0.61506	0.56	0.0659948
0.63784	0.56	0.0610163
0.66062	0.56	0.0559774
0.6834	0.56	0.0508896
0.70618	0.56	0.0457645
0.72896	0.56	0.040614
0.75174	0.56	0.0354503
0.77452	0.56	0.0302858
0.7973	0.56	0.0251329
0.82008	0.56	0.0200045
0.84286	0.56	0.0149136
0.86564	0.56	0.0098735
0.88842	0.56	0.00489771
0.9112	0.56	0
0	0.58	0.146039
0.0234596	0.58	0.145913
0.0469193	0.58	0.145533
0.0703789	0.58	0.144903
0.0938385	0.58	0.144021
0.117298	0.58	0.142891
0.140758	0.58	0.141515
0.164217	0.58	0.139897
0.187677	0.58	0.138039
0.211137	0.58	0.135946
0.234596	0.58	0.133624
0.258056	0.58	0.131077
0.281516	0.58	0.128311
0.304975	0.58	0.125334
0.328435	0.58	0.122151
0.351895	0.58	0.118771
0.375354	0.58	0.115201
0.398814	0.58	0.11145
0.422273	0.58	0.107527
0.445733	0.58	0.103441
0.469193	0.58	0.0992017
0.492652	0.58	0.0948193
0.516112	0.58	0.0903043
0.539572	0.58	0.0856673
0.563031	0.58	0.0809194
0.586491	0.58	0.076072
0.609951	0.58	0.0711367
0.63341	0.58	0.0661255
0.65687	0.58	0.0610506
0.680329	0.58	0.0559245
0.703789	0.58	0.0507599
0.727249	0.58	0.04557
0.750708	0.58	0.0403678
0.774168	0.58	0.0351671
0.797628	0.58	0.0299816
0.821087	0.58	0.0248255
0.844547	0.58	0.0197132
0.868007	0.58	0.0146592
0.891466	0.58	0.0096788
0.914926	0.58	0.00478716
0.938385	0.58	0
0	0.6	0.148433
0.0241393	0.6	0.148302
0.0482786	0.6	0.147907
0.0724178	0.6	0.14725
0.0965571	0.6	0.146332
0.120696	0.6	0.145157
0.144836	0.6	0.143725
0.168975	0.6	0.142041
0.193114	0.6	0.14011
0.217254	0.6	0.137935
0.241393	0.6	0.135522
0.265532	0.6	0.132878
0.289671	0.6	0.130008
0.313811	0.6	0.12692
0.33795	0.6	0.123622
0.362089	0.6	0.120121
0.386228	0.6	0.116428
0.410368	0.6	0.11255
0.434507	0.6	0.108498
0.458646	0.6	0.104283
0.482786	0.6	0.0999136
0.506925	0.6	0.0954024
0.531064	0.6	0.0907605
0.555203	0.6	0.0859997
0.579343	0.6	0.0811323
0.603482	0.6	0.0761707
0.627621	0.6	0.071128
0.651761	0.6	0.0660173
0.6759	0.6	0.0608522
0.700039	0.6	0.0556465
0.724178	0.6	0.0504144
0.748318	0.6	0.0451704
0.772457	0.6	0.0399294
0.796596	0.6	0.0347064
0.820735	0.6	0.029517
0.844875	0.6	0.024377
0.869014	0.6	0.0193027
0.893153	0.6	0.0143106
0.917293	0.6	0.00941774
0.941432	0.6	0.0046416
0.965571	0.6	0
0	0.62	0.150608
0.0248189	0.62	0.150471
0.0496378	0.62	0.150061
0.0744568	0.62	0.149377
0.0992757	0.62	0.148422
0.124095	0.62	0.147198
0.148914	0.62	0.145709
0.173732	0.62	0.143958
0.198551	0.62	0.14195
0.22337	0.62	0.139691
0.248189	0.62	0.137185
0.273008	0.62	0.13444
0.297827	0.62	0.131463
0.322646	0.62	0.128261
0.347465	0.62	0.124844
0.372284	0.62	0.121221
0.397103	0.62	0.1174
0.421922	0.62	0.113393
0.446741	0.62	0.109211
0.471559	0.62	0.104863
0.496378	0.62	0.100363
0.521197	0.62	0.0957218
0.546016	0.62	0.0909527
0.570835	0.62	0.0860687
0.595654	0.62	0.0810832
0.620473	0.62	0.07601
0.645292	0.62	0.0708633
0.670111	0.62	0.0656579
0.69493	0.62	0.0604087
0.719749	0.62	0.055131
0.744568	0.62	0.0498407
0.769387	0.62	0.0445538
0.794205	0.62	0.0392869
0.819024	0.62	0.034057
0.843843	0.62	0.0288814
0.868662	0.62	0.0237779
0.893481	0.62	0.0187648
0.9183	0.62	0.0138609
0.943119	0.62	0.00908547
0.967938	0.62	0.00445836
0.992757	0.62	0
0	0.64	0.152562
0.0254986	0.64	0.152419
0.0509971	0.64	0.151992
0.0764957	0.64	0.15128
0.101994	0.64	0.150286
0.127493	0.64	0.149013
0.152991	0.64	0.147464
0.17849	0.64	0.145643
0.203989	0.64	0.143556
0.229487	0.64	0.141208
0.254986	0.64	0.138606
0.280484	0.64	0.135757
0.305983	0.64	0.132669
0.331481	0.64	0.129351
0.35698	0.64	0.125811
0.382478	0.64	0.122061
0.407977	0.64	0.11811
0.433476	0.64	0.113971
0.458974	0.64	0.109654
0.484473	0.64	0.105172
0.509971	0.64	0.100539
0.53547	0.64	0.0957666
0.560968	0.64	0.0908697
0.586467	0.64	0.0858626
0.611966	0.64	0.08076
0.637464	0.64	0.0755772
0.662963	0.64	0.0703299
0.688461	0.64	0.0650343
0.71396	0.64	0.059707
0.739458	0.64	0.054365
0.764957	0.64	0.0490258
0.790455	0.64	0.0437074
0.815954	0.64	0.0384283
0.841453	0.64	0.0332073
0.866951	0.64	0.0280639
0.89245	0.64	0.0230182
0.917948	0.64	0.0180908
0.943447	0.64	0.013303
0.968945	0.64	0.00867665
0.994444	0.64	0.00423452
1.01994	0.64	0
0	0.66	0.154291
0.0261782	0.66	0.154143
0.0523564	0.66	0.153698
0.0785346	0.66	0.152957
0.104713	0.66	0.151923
0.130891	0.66	0.150598
0.157069	0.66	0.148986
0.183247	0.66	0.147093
0.209426	0.66	0.144923
0.235604	0.66	0.142484
0.261782	0.66	0.139781
0.28796	0.66	0.136824
0.314138	0.66	0.133621
0.340317	0.66	0.130181
0.366495	0.66	0.126515
0.392673	0.66	0.122634
0.418851	0.66	0.118549
0.445029	0.66	0.114274
0.471208	0.66	0.109819
0.497386	0.66	0.1052
0.523564	0.66	0.100431
0.549742	0.66	0.0955256
0.575921	0.66	0.0904998
0.602099	0.66	0.0853692
0.628277	0.66	0.0801501
0.654455	0.66	0.0748594
0.680633	0.66	0.0695144
0.706812	0.66	0.064133
0.73299	0.66	0.0587335
0.759168	0.66	0.0533347
0.785346	0.66	0.0479562
0.811524	0.66	0.0426179
0.837703	0.66	0.0373402
0.863881	0.66	0.0321446
0.890059	0.66	0.0270526
0.916237	0.66	0.022087
0.942415	0.66	0.017271
0.968594	0.66	0.0126288
0.994772	0.66	0.00818542
1.02095	0.66	0.00396684
1.04713	0.66	0
0	0.68	0.155795
0.0268578	0.68	0.15564
0.0537157	0.68	0.155176
0.0805735	0.68	0.154405
0.107431	0.68	0.153328
0.134289	0.68	0.15195
0.161147	0.68	0.150273
0.188005	0.68	0.148304
0.214863	0.68	0.146048
0.241721	0.68	0.143513
0.268578	0.68	0.140706
0.295436	0.68	0.137636
0.322294	0.68	0.134313
0.349152	0.68	0.130747
0.37601	0.68	0.12695
0.402868	0.68	0.122933
0.429726	0.68	0.118709
0.456583	0.68	0.114292
0.483441	0.68	0.109697
0.510299	0.68	0.104937
0.537157	0.68	0.100028
0.564015	0.68	0.0949875
0.590873	0.68	0.0898309
0.617731	0.68	0.084576
0.644588	0.68	0.0792406
0.671446	0.68	0.0738434
0.698304	0.68	0.0684033
0.725162	0.68	0.0629401
0.75202	0.68	0.057474
0.778878	0.68	0.052026
0.805735	0.68	0.0466175
0.832593	0.68	0.0412709
0.859451	0.68	0.036009
0.886309	0.68	0.0308555
0.913167	0.68	0.0258348
0.940025	0.68	0.0209726
0.966883	0.68	0.016295
0.99374	0.68	0.0118297
1.0206	0.68	0.00760527
1.04746	0.68	0.00365168
1.07431	0.68	0
0	0.7	0.157069
0.0275375	0.7	0.156909
0.055075	0.7	0.156426
0.0826125	0.7	0.155622
0.11015	0.7	0.154501
0.137687	0.7	0.153066
0.165225	0.7	0.151321
0.192762	0.7	0.149272
0.2203	0.7	0.146926
0.247837	0.7	0.14429
0.275375	0.7	0.141374
0.302912	0.7	0.138186
0.33045	0.7	0.134738
0.357987	0.7	0.131041
0.385525	0.7	0.127107
0.413062	0.7	0.122949
0.4406	0.7	0.118581
0.468137	0.7	0.114018
0.495675	0.7	0.109276
0.523212	0.7	0.104371
0.55075	0.7	0.09932
0.578287	0.7	0.0941404
0.605825	0.7	0.0888508
0.633362	0.7	0.0834701
0.6609	0.7	0.0780181
0.688437	0.7	0.0725151
0.715975	0.7	0.0669821
0.743512	0.7	0.0614408
0.77105	0.7	0.0559136
0.798587	0.7	0.0504236
0.826125	0.7	0.0449947
0.853662	0.7	0.0396515
0.8812	0.7	0.0344196
0.908737	0.7	0.0293255
0.936275	0.7	0.0243968
0.963812	0.7	0.019662
0.99135	0.7	0.0151512
1.01889	0.7	0.0108958
1.04642	0.7	0.00692891
1.07396	0.7	0.00328504
1.1015	0.7	0
0	0.72	0.158115
0.0282171	0.72	0.157947
0.0564343	0.72	0.157444
0.0846514	0.72	0.156607
0.112869	0.72	0.155439
0.141086	0.72	0.153944
0.169303	0.72	0.152127
0.19752	0.72	0.149994
0.225737	0.72	0.147554
0.253954	0.72	0.144813
0.282171	0.72	0.141782
0.310388	0.72	0.138471
0.338606	0.72	0.134892
0.366823	0.72	0.131057
0.39504	0.72	0.126979
0.423257	0.72	0.122674
0.451474	0.72	0.118156
0.479691	0.72	0.113442
0.507908	0.72	0.108548
0.536126	0.72	0.103493
0.564343	0.72	0.0982945
0.59256	0.72	0.0929724
0.620777	0.72	0.0875467
0.648994	0.72	0.0820382
0.677211	0.72	0.0764686
0.705428	0.72	0.0708602
0.733645	0.72	0.065236
0.761863	0.72	0.05962
0.79008	0.72	0.0540367
0.818297	0.72	0.0485118
0.846514	0.72	0.0430716
0.874731	0.72	0.0377436
0.902948	0.72	0.0325562
0.931165	0.72	0.0275392
0.959383	0.72	0.0227233
0.9876	0.72	0.0181411
1.01582	0.72	0.0138267
1.04403	0.72	0.00981634
1.07225	0.72	0.00614822
1.10047	0.72	0.00286248
1.12869	0.72	0
0	0.74	0.158929
0.0288968	0.74	0.158754
0.0577936	0.74	0.15823
0.0866903	0.74	0.157357
0.115587	0.74	0.15614
0.144484	0.74	0.154582
0.173381	0.74	0.152689
0.202277	0.74	0.150468
0.231174	0.74	0.147928
0.260071	0.74	0.145076
0.288968	0.74	0.141925
0.317865	0.74	0.138484
0.346761	0.74	0.134767
0.375658	0.74	0.130788
0.404555	0.74	0.12656
0.433452	0.74	0.122101
0.462348	0.74	0.117426
0.491245	0.74	0.112554
0.520142	0.74	0.107502
0.549039	0.74	0.102291
0.577936	0.74	0.09694
0.606832	0.74	0.0914709
0.635729	0.74	0.0859055
0.664626	0.74	0.0802667
0.693523	0.74	0.0745779
0.722419	0.74	0.0688638
0.751316	0.74	0.0631496
0.780213	0.74	0.0574616
0.80911	0.74	0.0518269
0.838007	0.74	0.0462737
0.866903	0.74	0.0408313
0.8958	0.74	0.0355301
0.924697	0.74	0.0304017
0.953594	0.74	0.0254793
0.98249	0.74	0.0207979
1.01139	0.74	0.0163941
1.04028	0.74	0.0123071
1.06918	0.74	0.00857899
1.09808	0.74	0.00525425
1.12697	0.74	0.00237948
1.15587	0.74	0
0	0.76	0.159511
0.0295764	0.76	0.159329
0.0591528	0.76	0.158782
0.0887293	0.76	0.157871
0.118306	0.76	0.156602
0.147882	0.76	0.154978
0.177459	0.76	0.153005
0.207035	0.76	0.150691
0.236611	0.76	0.148045
0.266188	0.76	0.145077
0.295764	0.76	0.141798
0.325341	0.76	0.13822
0.354917	0.76	0.134359
0.384493	0.76	0.130227
0.41407	0.76	0.125842
0.443646	0.76	0.121221
0.473223	0.76	0.116382
0.502799	0.76	0.111344
0.532376	0.76	0.106128
0.561952	0.76	0.100754
0.591528	0.76	0.0952447
0.621105	0.76	0.0896234
0.650681	0.76	0.0839139
0.680258	0.76	0.0781412
0.709834	0.76	0.0723311
0.73941	0.76	0.0665103
0.768987	0.76	0.0607067
0.798563	0.76	0.0549489
0.82814	0.76	0.049267
0.857716	0.76	0.0436918
0.887293	0.76	0.0382558
0.916869	0.76	0.0329926
0.946445	0.76	0.0279374
0.976022	0.76	0.0231275
1.0056	0.76	0.0186022
1.03517	0.76	0.0144033
1.06475	0.76	0.0105763
1.09433	0.76	0.00717023
1.1239	0.76	0.00423764
1.15348	0.76	0.00183211
1.18306	0.76	0
0	0.78	0.159861
0.0302561	0.78	0.159671
0.0605121	0.78	0.159099
0.0907682	0.78	0.158149
0.121024	0.78	0.156824
0.15128	0.78	0.15513
0.181536	0.78	0.153072
0.211792	0.78	0.15066
0.242048	0.78	0.147902
0.272305	0.78	0.144811
0.302561	0.78	0.141397
0.332817	0.78	0.137675
0.363073	0.78	0.133661
0.393329	0.78	0.129369
0.423585	0.78	0.124818
0.453841	0.78	0.120027
0.484097	0.78	0.115015
0.514353	0.78	0.109804
0.544609	0.78	0.104414
0.574865	0.78	0.0988705
0.605121	0.78	0.0931962
0.635377	0.78	0.0874167
0.665633	0.78	0.081558
0.695889	0.78	0.0756473
0.726145	0.78	0.0697128
0.756402	0.78	0.0637837
0.786658	0.78	0.0578905
0.816914	0.78	0.0520646
0.84717	0.78	0.0463388
0.877426	0.78	0.0407473
0.907682	0.78	0.0353257
0.937938	0.78	0.0301112
0.968194	0.78	0.0251432
0.99845	0.78	0.0204632
1.02871	0.78	0.0161157
1.05896	0.78	0.0121489
1.08922	0.78	0.00861607
1.11947	0.78	0.00557555
1.14973	0.78	0.00308995
1.17999	0.78	0.00121908
1.21024	0.78	0
0	0.8	0.159977
0.0309357	0.8	0.159779
0.0618714	0.8	0.159182
0.0928071	0.8	0.15819
0.123743	0.8	0.156806
0.154679	0.8	0.155037
0.185614	0.8	0.152889
0.21655	0.8	0.150372
0.247486	0.8	0.147497
0.278421	0.8	0.144274
0.309357	0.8	0.140718
0.340293	0.8	0.136844
0.371228	0.8	0.132667
0.402164	0.8	0.128206
0.4331	0.8	0.123481
0.464036	0.8	0.11851
0.494971	0.8	0.113316
0.525907	0.8	0.107922
0.556843	0.8	0.102351
0.587778	0.8	0.0966292
0.618714	0.8	0.0907822
0.64965	0.8	0.0848375
0.680585	0.8	0.0788235
0.711521	0.8	0.0727698
0.742457	0.8	0.0667071
0.773393	0.8	0.0606673
0.804328	0.8	0.0546835
0.835264	0.8	0.0487902
0.8662	0.8	0.0430233
0.897135	0.8	0.0374203
0.928071	0.8	0.0320204
0.959007	0.8	0.0268647
0.989943	0.8	0.0219968
1.02088	0.8	0.0174634
1.05181	0.8	0.0133152
1.08275	0.8	0.00960839
1.11369	0.8	0.00640652
1.14462	0.8	0.003781
1.17556	0.8	0.00180708
1.20649	0.8	0.000546497
1.23743	0.8	0
