0	0	0
0.01	0	0
0.02	0	0
0.03	0	0
0.04	0	0
0.05	0	0
0.06	0	0
0.07	0	0
0.08	0	0
0.09	0	0
0.1	0	0
0.11	0	0
0.12	0	0
0.13	0	0
0.14	0	0
0.15	0	0
0.16	0	0
0.17	0	0
0.18	0	0
0.19	0	0
0.2	0	0
0.21	0	0
0.22	0	0
0.23	0	0
0.24	0	0
0.25	0	0
0.26	0	0
0.27	0	0
0.28	0	0
0.29	0	0
0.3	0	0
0.31	0	0
0.32	0	0
0.33	0	0
0.34	0	0
0.35	0	0
0.36	0	0
0.37	0	0
0.38	0	0
0.39	0	0
0.4	0	0
0	0.005	0.000975921
0.010676	0.005	0.000975894
0.0213521	0.005	0.000975803
0.0320281	0.005	0.000975647
0.0427042	0.005	0.000975426
0.0533802	0.005	0.000975138
0.0640562	0.005	0.000974781
0.0747323	0.005	0.000974354
0.0854083	0.005	0.000973852
0.0960844	0.005	0.000973272
0.10676	0.005	0.000972611
0.117436	0.005	0.000971863
0.128112	0.005	0.000971023
0.138789	0.005	0.000970085
0.149465	0.005	0.000969043
0.160141	0.005	0.000967889
0.170817	0.005	0.000966616
0.181493	0.005	0.000965217
0.192169	0.005	0.000963686
0.202845	0.005	0.000962018
0.213521	0.005	0.000960213
0.224197	0.005	0.00095827
0.234873	0.005	0.000956196
0.245549	0.005	0.000953992
0.256225	0.005	0.000951661
0.266901	0.005	0.000949187
0.277577	0.005	0.000946523
0.288253	0.005	0.000943563
0.298929	0.005	0.000940096
0.309605	0.005	0.00093575
0.320281	0.005	0.000929895
0.330957	0.005	0.000921521
0.341633	0.005	0.000909065
0.352309	0.005	0.000890166
0.362985	0.005	0.000861349
0.373661	0.005	0.000817587
0.384337	0.005	0.000751727
0.395014	0.005	0.000653728
0.40569	0.005	0.000509663
0.416366	0.005	0.000300417
0.427042	0.005	0
0	0.01	0.00192687
0.0113521	0.01	0.0019268
0.0227042	0.01	0.0019266
0.0340562	0.01	0.00192624
0.0454083	0.01	0.00192574
0.0567604	0.01	0.00192509
0.0681125	0.01	0.00192428
0.0794646	0.01	0.0019233
0.0908167	0.01	0.00192216
0.102169	0.01	0.00192083
0.113521	0.01	0.00191932
0.124873	0.01	0.0019176
0.136225	0.01	0.00191566
0.147577	0.01	0.00191349
0.158929	0.01	0.00191107
0.170281	0.01	0.00190838
0.181633	0.01	0.00190541
0.192985	0.01	0.00190214
0.204337	0.01	0.00189855
0.21569	0.01	0.00189464
0.227042	0.01	0.00189039
0.238394	0.01	0.0018858
0.249746	0.01	0.00188083
0.261098	0.01	0.00187542
0.27245	0.01	0.00186943
0.283802	0.01	0.00186262
0.295154	0.01	0.00185452
0.306506	0.01	0.00184439
0.317858	0.01	0.00183107
0.32921	0.01	0.00181283
0.340562	0.01	0.00178719
0.351915	0.01	0.00175074
0.363267	0.01	0.00169902
0.374619	0.01	0.00162636
0.385971	0.01	0.00152598
0.397323	0.01	0.00139023
0.408675	0.01	0.00121127
0.420027	0.01	0.000982336
0.431379	0.01	0.000699924
0.442731	0.01	0.000367315
0.454083	0.01	0
0	0.015	0.00285285
0.0120281	0.015	0.00285275
0.0240562	0.015	0.0028524
0.0360844	0.015	0.0028518
0.0481125	0.015	0.00285095
0.0601406	0.015	0.00284985
0.0721687	0.015	0.00284848
0.0841969	0.015	0.00284683
0.096225	0.015	0.00284489
0.108253	0.015	0.00284263
0.120281	0.015	0.00284004
0.132309	0.015	0.00283709
0.144337	0.015	0.00283376
0.156366	0.015	0.00283002
0.168394	0.015	0.00282583
0.180422	0.015	0.00282117
0.19245	0.015	0.002816
0.204478	0.015	0.00281029
0.216506	0.015	0.002804
0.228534	0.015	0.0027971
0.240562	0.015	0.00278953
0.252591	0.015	0.00278117
0.264619	0.015	0.00277182
0.276647	0.015	0.00276113
0.288675	0.015	0.0027485
0.300703	0.015	0.00273297
0.312731	0.015	0.00271311
0.324759	0.015	0.00268684
0.336787	0.015	0.00265131
0.348816	0.015	0.0026028
0.360844	0.015	0.00253667
0.372872	0.015	0.00244749
0.3849	0.015	0.00232923
0.396928	0.015	0.00217583
0.408956	0.015	0.00198186
0.420984	0.015	0.00174359
0.433012	0.015	0.00146013
0.445041	0.015	0.00113458
0.457069	0.015	0.000774674
0.469097	0.015	0.000392216
0.481125	0.015	0
0	0.02	0.0037539
0.0127042	0.02	0.00375374
0.0254083	0.02	0.00375322
0.0381125	0.02	0.00375233
0.0508167	0.02	0.00375107
0.0635208	0.02	0.00374942
0.076225	0.02	0.00374738
0.0889291	0.02	0.00374491
0.101633	0.02	0.00374199
0.114337	0.02	0.0037386
0.127042	0.02	0.00373469
0.139746	0.02	0.00373023
0.15245	0.02	0.00372517
0.165154	0.02	0.00371947
0.177858	0.02	0.00371306
0.190562	0.02	0.00370591
0.203267	0.02	0.00369794
0.215971	0.02	0.00368908
0.228675	0.02	0.00367925
0.241379	0.02	0.0036683
0.254083	0.02	0.00365601
0.266787	0.02	0.00364198
0.279492	0.02	0.00362559
0.292196	0.02	0.00360582
0.3049	0.02	0.00358118
0.317604	0.02	0.00354953
0.330308	0.02	0.00350799
0.343012	0.02	0.00345282
0.355717	0.02	0.0033795
0.368421	0.02	0.00328285
0.381125	0.02	0.00315734
0.393829	0.02	0.00299761
0.406533	0.02	0.00279912
0.419237	0.02	0.00255895
0.431942	0.02	0.00227654
0.444646	0.02	0.00195432
0.45735	0.02	0.00159783
0.470054	0.02	0.00121524
0.482758	0.02	0.000816012
0.495462	0.02	0.000408908
0.508167	0.02	0
0	0.025	0.00463002
0.0133802	0.025	0.0046298
0.0267604	0.025	0.00462908
0.0401406	0.025	0.00462784
0.0535208	0.025	0.0046261
0.066901	0.025	0.00462381
0.0802812	0.025	0.00462096
0.0936614	0.025	0.00461752
0.107042	0.025	0.00461344
0.120422	0.025	0.00460868
0.133802	0.025	0.00460318
0.147182	0.025	0.00459688
0.160562	0.025	0.00458972
0.173943	0.025	0.00458161
0.187323	0.025	0.00457246
0.200703	0.025	0.00456219
0.214083	0.025	0.00455068
0.227463	0.025	0.00453775
0.240844	0.025	0.00452319
0.254224	0.025	0.00450662
0.267604	0.025	0.00448745
0.280984	0.025	0.00446474
0.294364	0.025	0.0044371
0.307745	0.025	0.00440253
0.321125	0.025	0.00435828
0.334505	0.025	0.00430083
0.347885	0.025	0.00422585
0.361266	0.025	0.0041284
0.374646	0.025	0.00400319
0.388026	0.025	0.0038451
0.401406	0.025	0.00364974
0.414786	0.025	0.00341411
0.428167	0.025	0.0031373
0.441547	0.025	0.00282084
0.454927	0.025	0.00246888
0.468307	0.025	0.00208782
0.481687	0.025	0.00168543
0.495068	0.025	0.00126969
0.508448	0.025	0.000847396
0.521828	0.025	0.000423317
0.535208	0.025	0
0	0.03	0.00548124
0.0140562	0.03	0.00548095
0.0281125	0.03	0.00547999
0.0421687	0.03	0.00547836
0.056225	0.03	0.00547604
0.0702812	0.03	0.00547301
0.0843375	0.03	0.00546923
0.0983937	0.03	0.00546464
0.11245	0.03	0.00545919
0.126506	0.03	0.00545281
0.140562	0.03	0.00544542
0.154619	0.03	0.00543693
0.168675	0.03	0.00542722
0.182731	0.03	0.00541619
0.196787	0.03	0.00540369
0.210844	0.03	0.00538954
0.2249	0.03	0.00537353
0.238956	0.03	0.0053553
0.253012	0.03	0.00533435
0.267069	0.03	0.0053099
0.281125	0.03	0.00528073
0.295181	0.03	0.00524511
0.309237	0.03	0.0052006
0.323294	0.03	0.005144
0.33735	0.03	0.0050713
0.351406	0.03	0.00497782
0.365462	0.03	0.00485844
0.379519	0.03	0.00470801
0.393575	0.03	0.00452195
0.407631	0.03	0.00429679
0.421687	0.03	0.00403084
0.435744	0.03	0.0037246
0.4498	0.03	0.00338093
0.463856	0.03	0.00300487
0.477912	0.03	0.00260304
0.491969	0.03	0.00218277
0.506025	0.03	0.00175105
0.520081	0.03	0.00131363
0.534137	0.03	0.000874591
0.548194	0.03	0.000436316
0.56225	0.03	0
0	0.035	0.00630758
0.0147323	0.035	0.00630719
0.0294646	0.035	0.00630596
0.0441969	0.035	0.00630388
0.0589291	0.035	0.00630091
0.0736614	0.035	0.00629702
0.0883937	0.035	0.00629216
0.103126	0.035	0.00628624
0.117858	0.035	0.0062792
0.132591	0.035	0.00627093
0.147323	0.035	0.00626132
0.162055	0.035	0.00625022
0.176787	0.035	0.00623749
0.19152	0.035	0.00622294
0.206252	0.035	0.00620633
0.220984	0.035	0.00618737
0.235717	0.035	0.00616563
0.250449	0.035	0.00614046
0.265181	0.035	0.00611091
0.279913	0.035	0.00607554
0.294646	0.035	0.00603235
0.309378	0.035	0.00597856
0.32411	0.035	0.00591062
0.338843	0.035	0.00582421
0.353575	0.035	0.0057144
0.368307	0.035	0.00557605
0.383039	0.035	0.00540423
0.397772	0.035	0.00519483
0.412504	0.035	0.00494517
0.427236	0.035	0.00465453
0.441969	0.035	0.00432436
0.456701	0.035	0.00395834
0.471433	0.035	0.00356198
0.486165	0.035	0.00314192
0.500898	0.035	0.00270512
0.51563	0.035	0.00225794
0.530362	0.035	0.00180559
0.545095	0.035	0.00135175
0.559827	0.035	0.000898749
0.574559	0.035	0.000447912
0.589291	0.035	0
0	0.04	0.00710904
0.0154083	0.04	0.00710856
0.0308167	0.04	0.00710703
0.046225	0.04	0.00710443
0.0616333	0.04	0.00710072
0.0770416	0.04	0.00709585
0.09245	0.04	0.00708975
0.107858	0.04	0.00708232
0.123267	0.04	0.00707344
0.138675	0.04	0.00706298
0.154083	0.04	0.00705077
0.169492	0.04	0.00703662
0.1849	0.04	0.0070203
0.200308	0.04	0.00700152
0.215717	0.04	0.00697992
0.231125	0.04	0.00695499
0.246533	0.04	0.00692596
0.261942	0.04	0.00689176
0.27735	0.04	0.00685079
0.292758	0.04	0.00680083
0.308167	0.04	0.00673886
0.323575	0.04	0.0066611
0.338983	0.04	0.00656299
0.354392	0.04	0.00643949
0.3698	0.04	0.00628543
0.385208	0.04	0.00609609
0.400616	0.04	0.00586775
0.416025	0.04	0.00559828
0.431433	0.04	0.00528761
0.446841	0.04	0.00493784
0.46225	0.04	0.00455314
0.477658	0.04	0.00413926
0.493066	0.04	0.00370281
0.508475	0.04	0.0032505
0.523883	0.04	0.00278836
0.539291	0.04	0.00232126
0.5547	0.04	0.00185276
0.570108	0.04	0.00138518
0.585516	0.04	0.000919961
0.600925	0.04	0.000458015
0.616333	0.04	0
0	0.045	0.00788565
0.0160844	0.045	0.00788506
0.0321687	0.045	0.00788319
0.0482531	0.045	0.00788001
0.0643375	0.045	0.00787547
0.0804218	0.045	0.0078695
0.0965062	0.045	0.007862
0.112591	0.045	0.00785284
0.128675	0.045	0.00784186
0.144759	0.045	0.00782888
0.160844	0.045	0.00781367
0.176928	0.045	0.00779595
0.193012	0.045	0.0077754
0.209097	0.045	0.00775159
0.225181	0.045	0.00772393
0.241266	0.045	0.00769159
0.25735	0.045	0.00765339
0.273434	0.045	0.00760763
0.289519	0.045	0.00755194
0.305603	0.045	0.00748317
0.321687	0.045	0.00739736
0.337772	0.045	0.00728983
0.353856	0.045	0.00715543
0.36994	0.045	0.00698899
0.386025	0.045	0.0067859
0.402109	0.045	0.00654267
0.418194	0.045	0.00625755
0.434278	0.045	0.00593084
0.450362	0.045	0.00556503
0.466447	0.045	0.00516459
0.482531	0.045	0.00473539
0.498615	0.045	0.00428403
0.5147	0.045	0.00381709
0.530784	0.045	0.00334042
0.546869	0.045	0.00285879
0.562953	0.045	0.00237573
0.579037	0.045	0.00189363
0.595122	0.045	0.00141409
0.611206	0.045	0.000938142
0.62729	0.045	0.000466564
0.643375	0.045	0
0	0.05	0.00863743
0.0167604	0.05	0.00863672
0.0335208	0.05	0.00863446
0.0502812	0.05	0.00863063
0.0670416	0.05	0.00862517
0.083802	0.05	0.00861797
0.100562	0.05	0.00860889
0.117323	0.05	0.00859778
0.134083	0.05	0.00858442
0.150844	0.05	0.00856857
0.167604	0.05	0.0085499
0.184364	0.05	0.00852806
0.201125	0.05	0.00850255
0.217885	0.05	0.00847274
0.234646	0.05	0.00843775
0.251406	0.05	0.00839633
0.268167	0.05	0.00834673
0.284927	0.05	0.00828651
0.301687	0.05	0.00821245
0.318448	0.05	0.00812049
0.335208	0.05	0.00800587
0.351969	0.05	0.00786337
0.368729	0.05	0.00768778
0.385489	0.05	0.00747451
0.40225	0.05	0.00722016
0.41901	0.05	0.00692312
0.435771	0.05	0.00658389
0.452531	0.05	0.00620516
0.469291	0.05	0.0057915
0.486052	0.05	0.00534889
0.502812	0.05	0.00488393
0.519573	0.05	0.00440315
0.536333	0.05	0.00391239
0.553093	0.05	0.00341645
0.569854	0.05	0.00291891
0.586614	0.05	0.00242233
0.603375	0.05	0.00192844
0.620135	0.05	0.00143844
0.636896	0.05	0.000953226
0.653656	0.05	0.000473531
0.670416	0.05	0
0	0.055	0.00936439
0.0174364	0.055	0.00936354
0.0348729	0.055	0.00936086
0.0523093	0.055	0.00935632
0.0697458	0.055	0.00934983
0.0871822	0.055	0.00934126
0.104619	0.055	0.00933043
0.122055	0.055	0.00931713
0.139492	0.055	0.00930109
0.156928	0.055	0.00928197
0.174364	0.055	0.00925937
0.191801	0.055	0.00923275
0.209237	0.055	0.00920144
0.226674	0.055	0.00916454
0.24411	0.055	0.00912076
0.261547	0.055	0.00906835
0.278983	0.055	0.00900484
0.29642	0.055	0.00892702
0.313856	0.055	0.0088308
0.331293	0.055	0.00871138
0.348729	0.055	0.00856349
0.366165	0.055	0.00838183
0.383602	0.055	0.00816174
0.401038	0.055	0.00789978
0.418475	0.055	0.0075943
0.435911	0.055	0.0072458
0.453348	0.055	0.00685697
0.470784	0.055	0.00643244
0.488221	0.055	0.00597819
0.505657	0.055	0.00550088
0.523093	0.055	0.00500707
0.54053	0.055	0.0045027
0.557966	0.055	0.00399266
0.575403	0.055	0.00348073
0.592839	0.055	0.00296966
0.610276	0.055	0.00246135
0.627712	0.055	0.00195718
0.645149	0.055	0.00145818
0.662585	0.055	0.000965186
0.680022	0.055	0.000478912
0.697458	0.055	0
0	0.06	0.0100665
0.0181125	0.06	0.0100655
0.036225	0.06	0.0100624
0.0543375	0.06	0.0100571
0.07245	0.06	0.0100495
0.0905625	0.06	0.0100394
0.108675	0.06	0.0100266
0.126787	0.06	0.0100109
0.1449	0.06	0.00999183
0.163012	0.06	0.00996903
0.181125	0.06	0.00994193
0.199237	0.06	0.00990983
0.21735	0.06	0.00987179
0.235462	0.06	0.00982656
0.253575	0.06	0.00977236
0.271687	0.06	0.00970681
0.2898	0.06	0.00962672
0.307912	0.06	0.00952805
0.326025	0.06	0.00940601
0.344137	0.06	0.00925526
0.36225	0.06	0.00907043
0.380362	0.06	0.00884669
0.398475	0.06	0.00858041
0.416587	0.06	0.00826976
0.4347	0.06	0.00791506
0.452812	0.06	0.00751888
0.470925	0.06	0.00708576
0.489037	0.06	0.00662166
0.50715	0.06	0.00613328
0.525262	0.06	0.00562731
0.543375	0.06	0.00510985
0.561487	0.06	0.004586
0.5796	0.06	0.00405979
0.597712	0.06	0.00353419
0.615825	0.06	0.00301135
0.633937	0.06	0.00249285
0.65205	0.06	0.00197985
0.670162	0.06	0.00147331
0.688275	0.06	0.000974027
0.706387	0.06	0.000482718
0.7245	0.06	0
0	0.065	0.0107439
0.0187885	0.065	0.0107427
0.0375771	0.065	0.0107391
0.0563656	0.065	0.0107329
0.0751541	0.065	0.0107241
0.0939427	0.065	0.0107123
0.112731	0.065	0.0106974
0.13152	0.065	0.010679
0.150308	0.065	0.0106566
0.169097	0.065	0.0106297
0.187885	0.065	0.0105975
0.206674	0.065	0.0105591
0.225462	0.065	0.0105133
0.244251	0.065	0.0104584
0.263039	0.065	0.010392
0.281828	0.065	0.010311
0.300616	0.065	0.0102116
0.319405	0.065	0.0100889
0.338194	0.065	0.00993763
0.356982	0.065	0.00975231
0.375771	0.065	0.00952787
0.394559	0.065	0.00926041
0.413348	0.065	0.00894773
0.432136	0.065	0.00858984
0.450925	0.065	0.00818903
0.469713	0.065	0.00774964
0.488502	0.065	0.00727757
0.50729	0.065	0.00677954
0.526079	0.065	0.0062624
0.544867	0.065	0.00573247
0.563656	0.065	0.00519517
0.582444	0.065	0.0046548
0.601233	0.065	0.00411467
0.620022	0.065	0.00357718
0.63881	0.065	0.00304412
0.657599	0.065	0.00251685
0.676387	0.065	0.00199645
0.695176	0.065	0.00148383
0.713964	0.065	0.000979776
0.732753	0.065	0.000484966
0.751541	0.065	0
0	0.07	0.0113965
0.0194646	0.07	0.0113952
0.0389291	0.07	0.011391
0.0583937	0.07	0.0113839
0.0778583	0.07	0.0113737
0.0973229	0.07	0.0113601
0.116787	0.07	0.0113429
0.136252	0.07	0.0113215
0.155717	0.07	0.0112953
0.175181	0.07	0.0112638
0.194646	0.07	0.0112259
0.21411	0.07	0.0111804
0.233575	0.07	0.0111257
0.253039	0.07	0.0110595
0.272504	0.07	0.010979
0.291969	0.07	0.0108803
0.311433	0.07	0.0107588
0.330898	0.07	0.0106092
0.350362	0.07	0.0104258
0.369827	0.07	0.0102034
0.389291	0.07	0.00993772
0.408756	0.07	0.00962607
0.428221	0.07	0.00926799
0.447685	0.07	0.00886532
0.46715	0.07	0.00842211
0.486614	0.07	0.00794409
0.506079	0.07	0.00743801
0.525543	0.07	0.00691086
0.545008	0.07	0.00636925
0.564473	0.07	0.00581895
0.583937	0.07	0.00526464
0.603402	0.07	0.00470998
0.622866	0.07	0.00415771
0.642331	0.07	0.00360987
0.661795	0.07	0.00306802
0.68126	0.07	0.0025334
0.700725	0.07	0.00200704
0.720189	0.07	0.00148981
0.739654	0.07	0.000982471
0.759118	0.07	0.00048568
0.778583	0.07	0
0	0.075	0.0120243
0.0201406	0.075	0.0120228
0.0402812	0.075	0.012018
0.0604218	0.075	0.0120099
0.0805625	0.075	0.0119983
0.100703	0.075	0.0119828
0.120844	0.075	0.0119629
0.140984	0.075	0.0119383
0.161125	0.075	0.0119081
0.181266	0.075	0.0118714
0.201406	0.075	0.011827
0.221547	0.075	0.0117735
0.241687	0.075	0.0117087
0.261828	0.075	0.0116298
0.281969	0.075	0.0115332
0.302109	0.075	0.0114144
0.32225	0.075	0.0112682
0.34239	0.075	0.011089
0.362531	0.075	0.0108712
0.382672	0.075	0.01061
0.402812	0.075	0.0103024
0.422953	0.075	0.00994706
0.443093	0.075	0.00954542
0.463234	0.075	0.009101
0.483375	0.075	0.00861929
0.503515	0.075	0.00810697
0.523656	0.075	0.0075712
0.543797	0.075	0.00701889
0.563937	0.075	0.00645619
0.584078	0.075	0.00588826
0.604218	0.075	0.00531916
0.624359	0.075	0.004752
0.6445	0.075	0.00418913
0.66464	0.075	0.00363236
0.684781	0.075	0.00308311
0.704921	0.075	0.00254255
0.725062	0.075	0.00201166
0.745203	0.075	0.00149129
0.765343	0.075	0.000982156
0.785484	0.075	0.000484884
0.805625	0.075	0
0	0.08	0.0126274
0.0208167	0.08	0.0126257
0.0416333	0.08	0.0126203
0.06245	0.08	0.0126111
0.0832666	0.08	0.0125979
0.104083	0.08	0.0125803
0.1249	0.08	0.0125577
0.145717	0.08	0.0125294
0.166533	0.08	0.0124947
0.18735	0.08	0.0124523
0.208167	0.08	0.0124008
0.228983	0.08	0.0123382
0.2498	0.08	0.012262
0.270616	0.08	0.0121687
0.291433	0.08	0.012054
0.31225	0.08	0.011913
0.333066	0.08	0.0117398
0.353883	0.08	0.0115288
0.3747	0.08	0.0112748
0.395516	0.08	0.0109739
0.416333	0.08	0.0106244
0.43715	0.08	0.0102267
0.457966	0.08	0.00978393
0.478783	0.08	0.00930103
0.4996	0.08	0.00878459
0.520416	0.08	0.00824186
0.541233	0.08	0.00768006
0.56205	0.08	0.00710579
0.582866	0.08	0.00652469
0.603683	0.08	0.00594132
0.6245	0.08	0.00535922
0.645316	0.08	0.00478111
0.666133	0.08	0.00420907
0.68695	0.08	0.00364475
0.707766	0.08	0.00308949
0.728583	0.08	0.00254439
0.7494	0.08	0.0020104
0.770216	0.08	0.00148834
0.791033	0.08	0.00097888
0.811849	0.08	0.000482605
0.832666	0.08	0
0	0.085	0.0132058
0.0214927	0.085	0.0132038
0.0429854	0.085	0.0131978
0.0644781	0.085	0.0131875
0.0859708	0.085	0.0131726
0.107463	0.085	0.0131526
0.128956	0.085	0.013127
0.150449	0.085	0.0130949
0.171942	0.085	0.0130552
0.193434	0.085	0.0130065
0.214927	0.085	0.0129471
0.23642	0.085	0.0128745
0.257912	0.085	0.0127855
0.279405	0.085	0.0126761
0.300898	0.085	0.0125415
0.32239	0.085	0.012376
0.343883	0.085	0.0121738
0.365376	0.085	0.0119292
0.386869	0.085	0.0116379
0.408361	0.085	0.0112971
0.429854	0.085	0.0109065
0.451347	0.085	0.0104683
0.472839	0.085	0.00998696
0.494332	0.085	0.00946883
0.515825	0.085	0.00892113
0.537317	0.085	0.00835137
0.55881	0.085	0.0077666
0.580303	0.085	0.00717299
0.601795	0.085	0.00657566
0.623288	0.085	0.00597866
0.644781	0.085	0.00538512
0.666274	0.085	0.00479748
0.687766	0.085	0.00421764
0.709259	0.085	0.00364713
0.730752	0.085	0.00308723
0.752244	0.085	0.002539
0.773737	0.085	0.00200335
0.79523	0.085	0.00148103
0.816722	0.085	0.000972691
0.838215	0.085	0.000478867
0.859708	0.085	0
0	0.09	0.0137595
0.0221687	0.09	0.0137573
0.0443375	0.09	0.0137505
0.0665062	0.09	0.0137389
0.0886749	0.09	0.0137223
0.110844	0.09	0.0136999
0.133012	0.09	0.013671
0.155181	0.09	0.0136347
0.17735	0.09	0.0135896
0.199519	0.09	0.013534
0.221687	0.09	0.0134658
0.243856	0.09	0.013382
0.266025	0.09	0.0132789
0.288194	0.09	0.0131519
0.310362	0.09	0.0129955
0.332531	0.09	0.0128037
0.3547	0.09	0.0125707
0.376869	0.09	0.0122913
0.399037	0.09	0.011962
0.421206	0.09	0.0115816
0.443375	0.09	0.0111511
0.465543	0.09	0.0106745
0.487712	0.09	0.0101574
0.509881	0.09	0.00960714
0.53205	0.09	0.0090313
0.554218	0.09	0.0084374
0.576387	0.09	0.0078322
0.598556	0.09	0.00722141
0.620725	0.09	0.00660967
0.642893	0.09	0.00600061
0.665062	0.09	0.00539706
0.687231	0.09	0.00480125
0.7094	0.09	0.00421495
0.731568	0.09	0.00363962
0.753737	0.09	0.00307646
0.775906	0.09	0.0025265
0.798074	0.09	0.00199058
0.820243	0.09	0.00146943
0.842412	0.09	0.000963637
0.864581	0.09	0.000473695
0.886749	0.09	0
0	0.095	0.0142884
0.0228448	0.095	0.014286
0.0456896	0.095	0.0142784
0.0685343	0.095	0.0142656
0.0913791	0.095	0.014247
0.114224	0.095	0.014222
0.137069	0.095	0.0141896
0.159913	0.095	0.0141488
0.182758	0.095	0.0140978
0.205603	0.095	0.0140348
0.228448	0.095	0.0139569
0.251293	0.095	0.0138609
0.274137	0.095	0.0137423
0.296982	0.095	0.013596
0.319827	0.095	0.013416
0.342672	0.095	0.0131963
0.365516	0.095	0.0129311
0.388361	0.095	0.012616
0.411206	0.095	0.0122487
0.434051	0.095	0.0118294
0.456896	0.095	0.0113607
0.47974	0.095	0.0108479
0.502585	0.095	0.0102977
0.52543	0.095	0.00971811
0.548275	0.095	0.00911684
0.571119	0.095	0.00850128
0.593964	0.095	0.00787779
0.616809	0.095	0.00725166
0.639654	0.095	0.00662709
0.662499	0.095	0.00600742
0.685343	0.095	0.00539522
0.708188	0.095	0.00479257
0.731033	0.095	0.00420115
0.753878	0.095	0.00362233
0.776722	0.095	0.00305729
0.799567	0.095	0.00250697
0.822412	0.095	0.00197219
0.845257	0.095	0.0014536
0.868102	0.095	0.000951763
0.890946	0.095	0.000467112
0.913791	0.095	0
0	0.1	0.0147927
0.0235208	0.1	0.01479
0.0470416	0.1	0.0147817
0.0705625	0.1	0.0147674
0.0940833	0.1	0.0147468
0.117604	0.1	0.014719
0.141125	0.1	0.0146829
0.164646	0.1	0.0146372
0.188167	0.1	0.0145799
0.211687	0.1	0.0145086
0.235208	0.1	0.0144203
0.258729	0.1	0.0143109
0.28225	0.1	0.0141755
0.305771	0.1	0.0140084
0.329291	0.1	0.0138033
0.352812	0.1	0.0135542
0.376333	0.1	0.0132558
0.399854	0.1	0.0129046
0.423375	0.1	0.0124996
0.446896	0.1	0.0120424
0.470416	0.1	0.0115372
0.493937	0.1	0.0109905
0.517458	0.1	0.0104098
0.540979	0.1	0.00980337
0.5645	0.1	0.00917906
0.58802	0.1	0.00854394
0.611541	0.1	0.00790401
0.635062	0.1	0.00726414
0.658583	0.1	0.00662821
0.682104	0.1	0.00599927
0.705625	0.1	0.00537974
0.729145	0.1	0.00477157
0.752666	0.1	0.00417635
0.776187	0.1	0.00359541
0.799708	0.1	0.00302983
0.823229	0.1	0.00248053
0.846749	0.1	0.00194825
0.87027	0.1	0.00143362
0.893791	0.1	0.000937113
0.917312	0.1	0.000459138
0.940833	0.1	0
0	0.105	0.0152723
0.0241969	0.105	0.0152693
0.0483937	0.105	0.0152601
0.0725906	0.105	0.0152445
0.0967874	0.105	0.0152217
0.120984	0.105	0.0151909
0.145181	0.105	0.0151509
0.169378	0.105	0.0150999
0.193575	0.105	0.0150357
0.217772	0.105	0.0149557
0.241969	0.105	0.014856
0.266165	0.105	0.0147321
0.290362	0.105	0.0145786
0.314559	0.105	0.0143892
0.338756	0.105	0.0141576
0.362953	0.105	0.0138779
0.38715	0.105	0.0135456
0.411347	0.105	0.0131582
0.435543	0.105	0.0127161
0.45974	0.105	0.0122223
0.483937	0.105	0.0116825
0.508134	0.105	0.011104
0.532331	0.105	0.0104951
0.556528	0.105	0.00986416
0.580725	0.105	0.00921888
0.604921	0.105	0.00856606
0.629118	0.105	0.00791132
0.653315	0.105	0.00725918
0.677512	0.105	0.00661325
0.701709	0.105	0.00597636
0.725906	0.105	0.00535079
0.750103	0.105	0.00473841
0.774299	0.105	0.00414071
0.798496	0.105	0.00355897
0.822693	0.105	0.0029942
0.84689	0.105	0.00244727
0.871087	0.105	0.00191886
0.895284	0.105	0.00140953
0.919481	0.105	0.000919725
0.943677	0.105	0.000449792
0.967874	0.105	0
0	0.11	0.0157272
0.0248729	0.11	0.0157239
0.0497458	0.11	0.0157139
0.0746187	0.11	0.0156967
0.0994916	0.11	0.0156717
0.124364	0.11	0.0156378
0.149237	0.11	0.0155935
0.17411	0.11	0.0155369
0.198983	0.11	0.0154654
0.223856	0.11	0.0153758
0.248729	0.11	0.0152638
0.273602	0.11	0.0151244
0.298475	0.11	0.0149515
0.323348	0.11	0.0147386
0.348221	0.11	0.0144793
0.373093	0.11	0.0141681
0.397966	0.11	0.0138014
0.422839	0.11	0.013378
0.447712	0.11	0.0128995
0.472585	0.11	0.0123707
0.497458	0.11	0.0117981
0.522331	0.11	0.0111899
0.547204	0.11	0.0105549
0.572077	0.11	0.00990143
0.59695	0.11	0.00923702
0.621822	0.11	0.00856814
0.646695	0.11	0.00790006
0.671568	0.11	0.00723702
0.696441	0.11	0.00658238
0.721314	0.11	0.00593883
0.746187	0.11	0.00530852
0.77106	0.11	0.00469322
0.795933	0.11	0.00409437
0.820806	0.11	0.00351315
0.845679	0.11	0.00295052
0.870551	0.11	0.00240729
0.895424	0.11	0.00188408
0.920297	0.11	0.0013814
0.94517	0.11	0.000899634
0.970043	0.11	0.000439091
0.994916	0.11	0
0	0.115	0.0161575
0.0255489	0.115	0.0161539
0.0510979	0.115	0.016143
0.0766468	0.115	0.0161242
0.102196	0.115	0.0160969
0.127745	0.115	0.0160596
0.153294	0.115	0.0160109
0.178843	0.115	0.0159483
0.204392	0.115	0.015869
0.22994	0.115	0.0157691
0.255489	0.115	0.015644
0.281038	0.115	0.0154879
0.306587	0.115	0.0152944
0.332136	0.115	0.0150567
0.357685	0.115	0.0147687
0.383234	0.115	0.0144254
0.408783	0.115	0.0140241
0.434332	0.115	0.013565
0.459881	0.115	0.0130512
0.48543	0.115	0.0124887
0.510979	0.115	0.0118851
0.536528	0.115	0.0112493
0.562077	0.115	0.0105901
0.587626	0.115	0.00991588
0.613175	0.115	0.00923398
0.638723	0.115	0.00855053
0.664272	0.115	0.00787049
0.689821	0.115	0.00719786
0.71537	0.115	0.0065358
0.740919	0.115	0.00588686
0.766468	0.115	0.00525309
0.792017	0.115	0.00463617
0.817566	0.115	0.00403746
0.843115	0.115	0.00345806
0.868664	0.115	0.0028989
0.894213	0.115	0.00236069
0.919762	0.115	0.00184399
0.945311	0.115	0.00134927
0.97086	0.115	0.000876872
0.996409	0.115	0.000427049
1.02196	0.115	0
0	0.12	0.0165631
0.026225	0.12	0.0165592
0.05245	0.12	0.0165473
0.0786749	0.12	0.016527
0.1049	0.12	0.0164971
0.131125	0.12	0.0164564
0.15735	0.12	0.0164029
0.183575	0.12	0.016334
0.2098	0.12	0.0162463
0.236025	0.12	0.0161355
0.26225	0.12	0.0159964
0.288475	0.12	0.0158226
0.3147	0.12	0.0156074
0.340925	0.12	0.0153439
0.36715	0.12	0.0150262
0.393375	0.12	0.0146502
0.4196	0.12	0.0142144
0.445825	0.12	0.0137202
0.47205	0.12	0.0131723
0.498275	0.12	0.0125776
0.5245	0.12	0.0119447
0.550725	0.12	0.011283
0.57695	0.12	0.0106013
0.603175	0.12	0.00990805
0.6294	0.12	0.00921017
0.655625	0.12	0.00851353
0.681849	0.12	0.00782285
0.708074	0.12	0.0071419
0.734299	0.12	0.00647369
0.760524	0.12	0.00582062
0.786749	0.12	0.00518466
0.812974	0.12	0.0045674
0.839199	0.12	0.00397011
0.865424	0.12	0.00339385
0.891649	0.12	0.00283943
0.917874	0.12	0.00230753
0.944099	0.12	0.00179865
0.970324	0.12	0.0013132
0.996549	0.12	0.000851468
1.02277	0.12	0.00041368
1.049	0.12	0
0	0.125	0.0169441
0.026901	0.125	0.0169399
0.053802	0.125	0.016927
0.0807031	0.125	0.016905
0.107604	0.125	0.0168726
0.134505	0.125	0.0168282
0.161406	0.125	0.0167697
0.188307	0.125	0.0166941
0.215208	0.125	0.0165976
0.242109	0.125	0.0164752
0.26901	0.125	0.0163211
0.295911	0.125	0.0161286
0.322812	0.125	0.0158906
0.349713	0.125	0.0156004
0.376614	0.125	0.0152524
0.403515	0.125	0.0148434
0.430416	0.125	0.0143732
0.457317	0.125	0.0138446
0.484218	0.125	0.0132636
0.511119	0.125	0.0126382
0.53802	0.125	0.0119777
0.564921	0.125	0.0112917
0.591822	0.125	0.0105892
0.618723	0.125	0.00987837
0.645625	0.125	0.0091659
0.672526	0.125	0.0084574
0.699427	0.125	0.00775735
0.726328	0.125	0.00706934
0.753229	0.125	0.00639621
0.78013	0.125	0.00574028
0.807031	0.125	0.00510339
0.833932	0.125	0.00448705
0.860833	0.125	0.00389247
0.887734	0.125	0.0033206
0.914635	0.125	0.00277222
0.941536	0.125	0.0022479
0.968437	0.125	0.00174812
0.995338	0.125	0.00127321
1.02224	0.125	0.000823443
1.04914	0.125	0.000398995
1.07604	0.125	0
0	0.13	0.0173005
0.0275771	0.13	0.0172959
0.0551541	0.13	0.0172821
0.0827312	0.13	0.0172582
0.110308	0.13	0.0172232
0.137885	0.13	0.017175
0.165462	0.13	0.0171113
0.193039	0.13	0.0170286
0.220616	0.13	0.0169227
0.248194	0.13	0.016788
0.275771	0.13	0.0166181
0.303348	0.13	0.016406
0.330925	0.13	0.0161443
0.358502	0.13	0.0158264
0.386079	0.13	0.0154475
0.413656	0.13	0.0150054
0.441233	0.13	0.0145012
0.46881	0.13	0.013939
0.496387	0.13	0.0133261
0.523964	0.13	0.0126714
0.551541	0.13	0.0119848
0.579118	0.13	0.0112761
0.606695	0.13	0.0105542
0.634272	0.13	0.00982717
0.661849	0.13	0.00910144
0.689427	0.13	0.00838235
0.717004	0.13	0.00767418
0.744581	0.13	0.00698034
0.772158	0.13	0.00630354
0.799735	0.13	0.00564599
0.827312	0.13	0.00500943
0.854889	0.13	0.00439528
0.882466	0.13	0.00380465
0.910043	0.13	0.00323844
0.93762	0.13	0.00269733
0.965197	0.13	0.00218187
0.992774	0.13	0.00169244
1.02035	0.13	0.00122935
1.04793	0.13	0.000792819
1.07551	0.13	0.000383001
1.10308	0.13	0
0	0.135	0.0176322
0.0282531	0.135	0.0176273
0.0565062	0.135	0.0176124
0.0847593	0.135	0.0175868
0.113012	0.135	0.017549
0.141266	0.135	0.0174969
0.169519	0.135	0.0174277
0.197772	0.135	0.0173376
0.226025	0.135	0.0172217
0.254278	0.135	0.017074
0.282531	0.135	0.0168876
0.310784	0.135	0.0166549
0.339037	0.135	0.0163686
0.36729	0.135	0.0160224
0.395543	0.135	0.0156121
0.423797	0.135	0.0151369
0.45205	0.135	0.014599
0.480303	0.135	0.0140041
0.508556	0.135	0.0133604
0.536809	0.135	0.0126778
0.565062	0.135	0.0119665
0.593315	0.135	0.0112365
0.621568	0.135	0.0104967
0.649821	0.135	0.00975476
0.678074	0.135	0.00901704
0.706328	0.135	0.0082886
0.734581	0.135	0.00757354
0.762834	0.135	0.00687509
0.791087	0.135	0.00619586
0.81934	0.135	0.00553792
0.847593	0.135	0.00490292
0.875846	0.135	0.0042922
0.904099	0.135	0.00370677
0.932352	0.135	0.00314745
0.960606	0.135	0.00261487
0.988859	0.135	0.00210948
1.01711	0.135	0.00163166
1.04536	0.135	0.00118164
1.07362	0.135	0.000759613
1.10187	0.135	0.000365706
1.13012	0.135	0
0	0.14	0.0179394
0.0289291	0.14	0.0179341
0.0578583	0.14	0.0179182
0.0867874	0.14	0.0178907
0.115717	0.14	0.01785
0.144646	0.14	0.0177938
0.173575	0.14	0.0177189
0.202504	0.14	0.017621
0.231433	0.14	0.0174947
0.260362	0.14	0.0173334
0.289291	0.14	0.0171296
0.318221	0.14	0.0168755
0.34715	0.14	0.0165637
0.376079	0.14	0.0161885
0.405008	0.14	0.0157466
0.433937	0.14	0.0152383
0.462866	0.14	0.0146672
0.491795	0.14	0.0140404
0.520725	0.14	0.0133671
0.549654	0.14	0.0126579
0.578583	0.14	0.0119233
0.607512	0.14	0.0111733
0.636441	0.14	0.0104169
0.66537	0.14	0.00966138
0.694299	0.14	0.0089129
0.723229	0.14	0.00817635
0.752158	0.14	0.0074556
0.781087	0.14	0.00675377
0.810016	0.14	0.00607333
0.838945	0.14	0.00541622
0.867874	0.14	0.00478402
0.896803	0.14	0.00417794
0.925733	0.14	0.00359893
0.954662	0.14	0.00304772
0.983591	0.14	0.00252488
1.01252	0.14	0.00203081
1.04145	0.14	0.00156581
1.07038	0.14	0.0011301
1.09931	0.14	0.000723839
1.12824	0.14	0.000347118
1.15717	0.14	0
0	0.145	0.0182219
0.0296052	0.145	0.0182163
0.0592104	0.145	0.0181993
0.0888156	0.145	0.0181699
0.118421	0.145	0.0181262
0.148026	0.145	0.0180658
0.177631	0.145	0.0179849
0.207236	0.145	0.0178789
0.236841	0.145	0.0177417
0.266447	0.145	0.0175661
0.296052	0.145	0.0173442
0.325657	0.145	0.0170678
0.355262	0.145	0.0167299
0.384867	0.145	0.0163251
0.414473	0.145	0.0158513
0.444078	0.145	0.0153101
0.473683	0.145	0.0147064
0.503288	0.145	0.0140486
0.532893	0.145	0.0133468
0.562499	0.145	0.0126121
0.592104	0.145	0.0118555
0.621709	0.145	0.0110869
0.651314	0.145	0.0103151
0.680919	0.145	0.00954726
0.710524	0.145	0.00878925
0.74013	0.145	0.00804578
0.769735	0.145	0.00732056
0.79934	0.145	0.00661656
0.828945	0.145	0.00593611
0.85855	0.145	0.00528106
0.888156	0.145	0.00465285
0.917761	0.145	0.00405262
0.947366	0.145	0.00348122
0.976971	0.145	0.00293933
1.00658	0.145	0.00242743
1.03618	0.145	0.00194588
1.06579	0.145	0.00149493
1.09539	0.145	0.00107476
1.125	0.145	0.000685508
1.1546	0.145	0.00032724
1.18421	0.145	0
0	0.15	0.0184799
0.0302812	0.15	0.0184739
0.0605625	0.15	0.0184558
0.0908437	0.15	0.0184244
0.121125	0.15	0.0183777
0.151406	0.15	0.0183129
0.181687	0.15	0.0182259
0.211969	0.15	0.0181114
0.24225	0.15	0.0179627
0.272531	0.15	0.0177722
0.302812	0.15	0.0175314
0.333093	0.15	0.0172321
0.363375	0.15	0.0168672
0.393656	0.15	0.0164324
0.423937	0.15	0.0159266
0.454218	0.15	0.0153526
0.4845	0.15	0.014717
0.514781	0.15	0.014029
0.545062	0.15	0.0132998
0.575343	0.15	0.0125409
0.605625	0.15	0.0117635
0.635906	0.15	0.0109776
0.666187	0.15	0.0101916
0.696468	0.15	0.0094126
0.726749	0.15	0.00864627
0.757031	0.15	0.00789708
0.787312	0.15	0.0071686
0.817593	0.15	0.00646362
0.847874	0.15	0.00578436
0.878156	0.15	0.00513255
0.908437	0.15	0.00450953
0.938718	0.15	0.00391633
0.968999	0.15	0.00335375
0.99928	0.15	0.00282235
1.02956	0.15	0.00232258
1.05984	0.15	0.00185473
1.09012	0.15	0.00141904
1.12041	0.15	0.00101564
1.15069	0.15	0.000644632
1.18097	0.15	0.00030608
1.21125	0.15	0
0	0.155	0.0187133
0.0309573	0.155	0.018707
0.0619145	0.155	0.0186877
0.0928718	0.155	0.0186543
0.123829	0.155	0.0186045
0.154786	0.155	0.0185352
0.185744	0.155	0.0184418
0.216701	0.155	0.0183184
0.247658	0.155	0.0181579
0.278615	0.155	0.0179518
0.309573	0.155	0.0176914
0.34053	0.155	0.0173684
0.371487	0.155	0.016976
0.402444	0.155	0.0165108
0.433402	0.155	0.0159729
0.464359	0.155	0.0153664
0.495316	0.155	0.0146993
0.526274	0.155	0.0139821
0.557231	0.155	0.0132265
0.588188	0.155	0.0124445
0.619145	0.155	0.0116476
0.650103	0.155	0.0108455
0.68106	0.155	0.0100465
0.712017	0.155	0.00925763
0.742974	0.155	0.00848417
0.773932	0.155	0.00773045
0.804889	0.155	0.00699988
0.835846	0.155	0.00629512
0.866803	0.155	0.00561823
0.897761	0.155	0.00497084
0.928718	0.155	0.00435418
0.959675	0.155	0.00376919
0.990633	0.155	0.00321657
1.02159	0.155	0.00269683
1.05255	0.155	0.00221036
1.0835	0.155	0.00175741
1.11446	0.155	0.00133816
1.14542	0.155	0.000952739
1.17638	0.155	0.000601219
1.20733	0.155	0.000283643
1.23829	0.155	0
0	0.16	0.0189221
0.0316333	0.16	0.0189154
0.0632666	0.16	0.018895
0.0948999	0.16	0.0188595
0.126533	0.16	0.0188067
0.158167	0.16	0.0187327
0.1898	0.16	0.0186327
0.221433	0.16	0.0185002
0.253066	0.16	0.0183273
0.2847	0.16	0.0181051
0.316333	0.16	0.0178243
0.347966	0.16	0.0174768
0.3796	0.16	0.0170564
0.411233	0.16	0.0165604
0.442866	0.16	0.0159903
0.4745	0.16	0.0153517
0.506133	0.16	0.0146538
0.537766	0.16	0.0139081
0.5694	0.16	0.0131271
0.601033	0.16	0.0123233
0.632666	0.16	0.011508
0.664299	0.16	0.0106909
0.695933	0.16	0.00988021
0.727566	0.16	0.00908254
0.759199	0.16	0.00830312
0.790833	0.16	0.00754606
0.822466	0.16	0.00681459
0.854099	0.16	0.00611121
0.885733	0.16	0.00543786
0.917366	0.16	0.00479605
0.948999	0.16	0.0041869
0.980633	0.16	0.00361126
1.01227	0.16	0.00306975
1.0439	0.16	0.00256283
1.07553	0.16	0.00209082
1.10717	0.16	0.00165393
1.1388	0.16	0.00125232
1.17043	0.16	0.000886082
1.20207	0.16	0.000555281
1.2337	0.16	0.000259939
1.26533	0.16	0
0	0.165	0.0191063
0.0323093	0.165	0.0190992
0.0646187	0.165	0.0190777
0.096928	0.165	0.0190402
0.129237	0.165	0.0189841
0.161547	0.165	0.0189054
0.193856	0.165	0.0187986
0.226165	0.165	0.0186566
0.258475	0.165	0.0184709
0.290784	0.165	0.0182319
0.323093	0.165	0.0179302
0.355403	0.165	0.0175576
0.387712	0.165	0.0171085
0.420022	0.165	0.0165814
0.452331	0.165	0.0159791
0.48464	0.165	0.0153087
0.51695	0.165	0.0145806
0.549259	0.165	0.0138073
0.581568	0.165	0.0130021
0.613878	0.165	0.0121775
0.646187	0.165	0.0113449
0.678496	0.165	0.010514
0.710806	0.165	0.00969276
0.743115	0.165	0.00888752
0.775424	0.165	0.00810332
0.807734	0.165	0.00734409
0.840043	0.165	0.00661287
0.872352	0.165	0.00591203
0.904662	0.165	0.00524338
0.936971	0.165	0.00460828
0.96928	0.165	0.00400778
1.00159	0.165	0.00344262
1.0339	0.165	0.00291336
1.06621	0.165	0.0024204
1.09852	0.165	0.00196399
1.13083	0.165	0.00154432
1.16314	0.165	0.00116153
1.19545	0.165	0.00081568
1.22776	0.165	0.000506833
1.26006	0.165	0.00023498
1.29237	0.165	0
0	0.17	0.019266
0.0329854	0.17	0.0192585
0.0659708	0.17	0.0192358
0.0989562	0.17	0.0191963
0.131942	0.17	0.0191369
0.164927	0.17	0.0190533
0.197912	0.17	0.0189396
0.230898	0.17	0.0187878
0.263883	0.17	0.0185888
0.296869	0.17	0.0183325
0.329854	0.17	0.0180092
0.362839	0.17	0.0176108
0.395825	0.17	0.0171326
0.42881	0.17	0.0165741
0.461795	0.17	0.0159396
0.494781	0.17	0.0152377
0.527766	0.17	0.0144801
0.560752	0.17	0.0136801
0.593737	0.17	0.0128515
0.626722	0.17	0.0120073
0.659708	0.17	0.0111586
0.692693	0.17	0.0103151
0.725679	0.17	0.00948441
0.758664	0.17	0.00867277
0.791649	0.17	0.00788496
0.824635	0.17	0.00712471
0.85762	0.17	0.0063949
0.890606	0.17	0.00569774
0.923591	0.17	0.0050349
0.956576	0.17	0.00440764
0.989562	0.17	0.0038169
1.02255	0.17	0.00326334
1.05553	0.17	0.00274745
1.08852	0.17	0.00226956
1.1215	0.17	0.00182989
1.15449	0.17	0.0014286
1.18747	0.17	0.0010658
1.22046	0.17	0.000741552
1.25344	0.17	0.000455897
1.28643	0.17	0.000208789
1.31942	0.17	0
0	0.175	0.0194011
0.0336614	0.175	0.0193932
0.0673229	0.175	0.0193694
0.100984	0.175	0.0193278
0.134646	0.175	0.0192651
0.168307	0.175	0.0191766
0.201969	0.175	0.0190556
0.23563	0.175	0.0188938
0.269291	0.175	0.0186811
0.302953	0.175	0.0184069
0.336614	0.175	0.0180613
0.370276	0.175	0.0176365
0.403937	0.175	0.0171286
0.437599	0.175	0.0165385
0.47126	0.175	0.0158719
0.504921	0.175	0.0151389
0.538583	0.175	0.0143524
0.572244	0.175	0.0135266
0.605906	0.175	0.0126757
0.639567	0.175	0.0118129
0.673229	0.175	0.0109492
0.70689	0.175	0.0100942
0.740551	0.175	0.00925534
0.774213	0.175	0.00843846
0.807874	0.175	0.00764819
0.841536	0.175	0.00688807
0.875197	0.175	0.0061608
0.908859	0.175	0.00546844
0.94252	0.175	0.00481254
0.976181	0.175	0.00419423
1.00984	0.175	0.00361434
1.0435	0.175	0.00307348
1.07717	0.175	0.00257205
1.11083	0.175	0.00211034
1.14449	0.175	0.00168854
1.17815	0.175	0.00130678
1.21181	0.175	0.000965156
1.24547	0.175	0.000663724
1.27913	0.175	0.000402505
1.3128	0.175	0.0001814
1.34646	0.175	0
0	0.18	0.0195116
0.0343375	0.18	0.0195034
0.0686749	0.18	0.0194784
0.103012	0.18	0.0194347
0.13735	0.18	0.0193687
0.171687	0.18	0.0192752
0.206025	0.18	0.0191469
0.240362	0.18	0.0189747
0.2747	0.18	0.0187478
0.309037	0.18	0.0184551
0.343375	0.18	0.0180866
0.377712	0.18	0.0176348
0.41205	0.18	0.0170968
0.446387	0.18	0.0164749
0.480725	0.18	0.0157763
0.515062	0.18	0.0150125
0.5494	0.18	0.0141977
0.583737	0.18	0.0133469
0.618074	0.18	0.0124748
0.652412	0.18	0.0115945
0.686749	0.18	0.0107171
0.721087	0.18	0.00985174
0.755424	0.18	0.00900576
0.789762	0.18	0.00818479
0.824099	0.18	0.0073932
0.858437	0.18	0.00663434
0.892774	0.18	0.00591072
0.927112	0.18	0.00522427
0.961449	0.18	0.00457639
0.995787	0.18	0.00396811
1.03012	0.18	0.00340017
1.06446	0.18	0.00287308
1.0988	0.18	0.00238721
1.13314	0.18	0.00194279
1.16747	0.18	0.00153998
1.20181	0.18	0.0011789
1.23615	0.18	0.000859627
1.27049	0.18	0.000582234
1.30482	0.18	0.000346713
1.33916	0.18	0.000152867
1.3735	0.18	0
0	0.185	0.0195976
0.0350135	0.185	0.019589
0.070027	0.185	0.0195629
0.105041	0.185	0.0195171
0.140054	0.185	0.0194478
0.175068	0.185	0.0193492
0.210081	0.185	0.0192134
0.245095	0.185	0.0190305
0.280108	0.185	0.018789
0.315122	0.185	0.0184773
0.350135	0.185	0.0180852
0.385149	0.185	0.0176058
0.420162	0.185	0.0170372
0.455176	0.185	0.0163832
0.490189	0.185	0.0156527
0.525203	0.185	0.0148586
0.560216	0.185	0.0140162
0.59523	0.185	0.0131414
0.630243	0.185	0.012249
0.665257	0.185	0.0113523
0.70027	0.185	0.0104622
0.735284	0.185	0.00958775
0.770297	0.185	0.00873584
0.805311	0.185	0.00791192
0.840324	0.185	0.00712014
0.875338	0.185	0.00636365
0.910351	0.185	0.00564479
0.945365	0.185	0.00496533
0.980378	0.185	0.00432654
1.01539	0.185	0.00372936
1.05041	0.185	0.00317443
1.08542	0.185	0.00266219
1.12043	0.185	0.00219295
1.15545	0.185	0.00176691
1.19046	0.185	0.00138421
1.22547	0.185	0.00104496
1.26049	0.185	0.000749253
1.2955	0.185	0.000497146
1.33051	0.185	0.000288604
1.36553	0.185	0.000123276
1.40054	0.185	0
0	0.19	0.019659
0.0356896	0.19	0.01965
0.0713791	0.19	0.0196228
0.107069	0.19	0.0195749
0.142758	0.19	0.0195023
0.178448	0.19	0.0193986
0.214137	0.19	0.0192552
0.249827	0.19	0.0190613
0.285516	0.19	0.0188049
0.321206	0.19	0.0184736
0.356896	0.19	0.0180572
0.392585	0.19	0.0175495
0.428275	0.19	0.0169499
0.463964	0.19	0.0162636
0.499654	0.19	0.0155013
0.535343	0.19	0.0146773
0.571033	0.19	0.0138081
0.606722	0.19	0.0129101
0.642412	0.19	0.0119986
0.678102	0.19	0.0110866
0.713791	0.19	0.010185
0.749481	0.19	0.00930247
0.78517	0.19	0.00844576
0.82086	0.19	0.00762003
0.856549	0.19	0.00682917
0.892239	0.19	0.00607614
0.927928	0.19	0.00536312
0.963618	0.19	0.00469171
0.999307	0.19	0.00406308
1.035	0.19	0.00347804
1.07069	0.19	0.00293717
1.10638	0.19	0.00244084
1.14207	0.19	0.00198931
1.17776	0.19	0.00158274
1.21344	0.19	0.00122128
1.24913	0.19	0.000905026
1.28482	0.19	0.000634096
1.32051	0.19	0.000408556
1.3562	0.19	0.00022831
1.39189	0.19	9.27582e-05
1.42758	0.19	0
0	0.195	0.0196959
0.0363656	0.195	0.0196865
0.0727312	0.195	0.0196582
0.109097	0.195	0.0196083
0.145462	0.195	0.0195323
0.181828	0.195	0.0194234
0.218194	0.195	0.0192723
0.254559	0.195	0.0190673
0.290925	0.195	0.0187953
0.32729	0.195	0.0184438
0.363656	0.195	0.0180025
0.400022	0.195	0.017466
0.436387	0.195	0.0168349
0.472753	0.195	0.0161162
0.509118	0.195	0.0153222
0.545484	0.195	0.0144688
0.581849	0.195	0.0135735
0.618215	0.195	0.0126533
0.654581	0.195	0.0117236
0.690946	0.195	0.0107974
0.727312	0.195	0.00988546
0.763677	0.195	0.00899607
0.800043	0.195	0.00813571
0.836409	0.195	0.00730927
0.872774	0.195	0.00652043
0.90914	0.195	0.00577194
0.945505	0.195	0.00506581
0.981871	0.195	0.00440351
1.01824	0.195	0.00378607
1.0546	0.195	0.00321422
1.09097	0.195	0.00268844
1.12733	0.195	0.00220906
1.1637	0.195	0.0017763
1.20006	0.195	0.0013903
1.23643	0.195	0.0010512
1.2728	0.195	0.000759142
1.30916	0.195	0.000514253
1.34553	0.195	0.000316614
1.38189	0.195	0.000166033
1.41826	0.195	6.15157e-05
1.45462	0.195	0
0	0.2	0.0197082
0.0370416	0.2	0.0196985
0.0740833	0.2	0.019669
0.111125	0.2	0.0196171
0.148167	0.2	0.0195378
0.185208	0.2	0.0194237
0.22225	0.2	0.0192648
0.259291	0.2	0.0190483
0.296333	0.2	0.0187605
0.333375	0.2	0.0183882
0.370416	0.2	0.0179214
0.407458	0.2	0.0173554
0.4445	0.2	0.0166923
0.481541	0.2	0.015941
0.518583	0.2	0.0151155
0.555625	0.2	0.0142332
0.592666	0.2	0.0133125
0.629708	0.2	0.012371
0.666749	0.2	0.0114242
0.703791	0.2	0.0104851
0.740833	0.2	0.00956387
0.777874	0.2	0.00866875
0.814916	0.2	0.00780585
0.851958	0.2	0.0069798
0.888999	0.2	0.00619406
0.926041	0.2	0.00545117
0.963082	0.2	0.00475297
1.00012	0.2	0.0041008
1.03717	0.2	0.00349558
1.07421	0.2	0.00293793
1.11125	0.2	0.00242827
1.14829	0.2	0.00196688
1.18533	0.2	0.00155395
1.22237	0.2	0.00118962
1.25942	0.2	0.000874046
1.29646	0.2	0.000607403
1.3335	0.2	0.000389876
1.37054	0.2	0.00022155
1.40758	0.2	0.000102082
1.44462	0.2	2.98528e-05
1.48167	0.2	0
