0	0	0
0	0	0
0	0	0
0	0	0
0	0	0
0	0	0
0	0	0
0	0	0
0	0	0
0	0	0
0	0	0
0	0	0
0	0	0
0	0	0
0	0	0
0	0	0
0	0	0
0	0	0
0	0	0
0	0	0
0	0	0
0	0	0
0	0	0
0	0	0
0	0	0
0	0	0
0	0	0
0	0	0
0	0	0
0	0	0
0	0	0
0	0	0
0	0	0
0	0	0
0	0	0
0	0	0
0	0	0
0	0	0
0	0	0
0	0	0
0	0	0
0	0.0175	0.00200676
0.000829156	0.0175	0.00200517
0.00165831	0.0175	0.00200038
0.00248747	0.0175	0.0019924
0.00331662	0.0175	0.00198126
0.00414578	0.0175	0.001967
0.00497494	0.0175	0.00194967
0.00580409	0.0175	0.00192931
0.00663325	0.0175	0.001906
0.00746241	0.0175	0.00187979
0.00829156	0.0175	0.00185075
0.00912072	0.0175	0.00181897
0.00994987	0.0175	0.0017845
0.010779	0.0175	0.00174744
0.0116082	0.0175	0.00170786
0.0124373	0.0175	0.00166583
0.0132665	0.0175	0.00162143
0.0140957	0.0175	0.00157473
0.0149248	0.0175	0.0015258
0.015754	0.0175	0.00147472
0.0165831	0.0175	0.00142155
0.0174123	0.0175	0.00136635
0.0182414	0.0175	0.00130919
0.0190706	0.0175	0.00125012
0.0198997	0.0175	0.0011892
0.0207289	0.0175	0.00112649
0.0215581	0.0175	0.00106204
0.0223872	0.0175	0.000995886
0.0232164	0.0175	0.000928086
0.0240455	0.0175	0.000858682
0.0248747	0.0175	0.000787715
0.0257038	0.0175	0.000715224
0.026533	0.0175	0.000641249
0.0273622	0.0175	0.000565826
0.0281913	0.0175	0.000488988
0.0290205	0.0175	0.000410768
0.0298496	0.0175	0.000331199
0.0306788	0.0175	0.00025031
0.0315079	0.0175	0.000168129
0.0323371	0.0175	8.46836e-05
0.0331662	0.0175	0
0	0.035	0.0051391
0.00165831	0.035	0.0051352
0.00331662	0.035	0.00512344
0.00497494	0.035	0.00510388
0.00663325	0.035	0.00507655
0.00829156	0.035	0.00504153
0.00994987	0.035	0.00499892
0.0116082	0.035	0.00494883
0.0132665	0.035	0.00489137
0.0149248	0.035	0.00482668
0.0165831	0.035	0.0047549
0.0182414	0.035	0.00467618
0.0198997	0.035	0.00459067
0.0215581	0.035	0.00449853
0.0232164	0.035	0.00439992
0.0248747	0.035	0.00429498
0.026533	0.035	0.00418388
0.0281913	0.035	0.00406677
0.0298496	0.035	0.00394379
0.0315079	0.035	0.00381509
0.0331662	0.035	0.00368082
0.0348246	0.035	0.0035411
0.0364829	0.035	0.00339607
0.0381412	0.035	0.00324585
0.0397995	0.035	0.00309057
0.0414578	0.035	0.00293035
0.0431161	0.035	0.00276528
0.0447744	0.035	0.0025955
0.0464327	0.035	0.00242108
0.0480911	0.035	0.00224215
0.0497494	0.035	0.00205878
0.0514077	0.035	0.00187108
0.053066	0.035	0.00167912
0.0547243	0.035	0.001483
0.0563826	0.035	0.0012828
0.0580409	0.035	0.00107859
0.0596992	0.035	0.000870455
0.0613576	0.035	0.000658458
0.0630159	0.035	0.000442672
0.0646742	0.035	0.000223164
0.0663325	0.035	0
0	0.0525	0.00884176
0.00248747	0.0525	0.00883509
0.00497494	0.0525	0.00881501
0.00746241	0.0525	0.0087816
0.00994987	0.0525	0.00873492
0.0124373	0.0525	0.0086751
0.0149248	0.0525	0.00860228
0.0174123	0.0525	0.00851664
0.0198997	0.0525	0.00841836
0.0223872	0.0525	0.00830767
0.0248747	0.0525	0.00818479
0.0273622	0.0525	0.00804995
0.0298496	0.0525	0.00790341
0.0323371	0.0525	0.00774542
0.0348246	0.0525	0.00757624
0.037312	0.0525	0.00739612
0.0397995	0.0525	0.00720531
0.042287	0.0525	0.00700409
0.0447744	0.0525	0.00679268
0.0472619	0.0525	0.00657135
0.0497494	0.0525	0.00634033
0.0522368	0.0525	0.00609985
0.0547243	0.0525	0.00585014
0.0572118	0.0525	0.00559142
0.0596992	0.0525	0.00532392
0.0621867	0.0525	0.00504783
0.0646742	0.0525	0.00476336
0.0671617	0.0525	0.00447071
0.0696491	0.0525	0.00417007
0.0721366	0.0525	0.00386161
0.0746241	0.0525	0.00354551
0.0771115	0.0525	0.00322196
0.079599	0.0525	0.00289111
0.0820865	0.0525	0.00255312
0.0845739	0.0525	0.00220816
0.0870614	0.0525	0.00185637
0.0895489	0.0525	0.0014979
0.0920363	0.0525	0.00113289
0.0945238	0.0525	0.000761484
0.0970113	0.0525	0.00038381
0.0994987	0.0525	0
0	0.07	0.012903
0.00331662	0.07	0.0128933
0.00663325	0.07	0.012864
0.00994987	0.07	0.0128152
0.0132665	0.07	0.012747
0.0165831	0.07	0.0126596
0.0198997	0.07	0.0125532
0.0232164	0.07	0.012428
0.026533	0.07	0.0122844
0.0298496	0.07	0.0121227
0.0331662	0.07	0.011943
0.0364829	0.07	0.0117459
0.0397995	0.07	0.0115317
0.0431161	0.07	0.0113007
0.0464327	0.07	0.0110533
0.0497494	0.07	0.01079
0.053066	0.07	0.0105109
0.0563826	0.07	0.0102167
0.0596992	0.07	0.00990755
0.0630159	0.07	0.00958391
0.0663325	0.07	0.00924612
0.0696491	0.07	0.00889453
0.0729657	0.07	0.0085295
0.0762824	0.07	0.00815135
0.079599	0.07	0.00776042
0.0829156	0.07	0.00735702
0.0862322	0.07	0.00694147
0.0895489	0.07	0.00651406
0.0928655	0.07	0.00607509
0.0961821	0.07	0.00562484
0.0994987	0.07	0.00516358
0.102815	0.07	0.00469158
0.106132	0.07	0.00420909
0.109449	0.07	0.00371637
0.112765	0.07	0.00321366
0.116082	0.07	0.00270118
0.119398	0.07	0.00217916
0.122715	0.07	0.00164783
0.126032	0.07	0.00110739
0.129348	0.07	0.000558044
0.132665	0.07	0
0	0.0875	0.0172042
0.00414578	0.0875	0.0171912
0.00829156	0.0875	0.0171519
0.0124373	0.0875	0.0170866
0.0165831	0.0875	0.0169953
0.0207289	0.0875	0.0168784
0.0248747	0.0875	0.016736
0.0290205	0.0875	0.0165685
0.0331662	0.0875	0.0163763
0.037312	0.0875	0.0161598
0.0414578	0.0875	0.0159195
0.0456036	0.0875	0.0156557
0.0497494	0.0875	0.0153691
0.0538952	0.0875	0.01506
0.0580409	0.0875	0.0147291
0.0621867	0.0875	0.0143768
0.0663325	0.0875	0.0140037
0.0704783	0.0875	0.0136102
0.0746241	0.0875	0.0131969
0.0787698	0.0875	0.0127642
0.0829156	0.0875	0.0123128
0.0870614	0.0875	0.011843
0.0912072	0.0875	0.0113554
0.095353	0.0875	0.0108504
0.0994987	0.0875	0.0103285
0.103645	0.0875	0.00979005
0.10779	0.0875	0.00923558
0.111936	0.0875	0.00866548
0.116082	0.0875	0.00808015
0.120228	0.0875	0.00747999
0.124373	0.0875	0.00686537
0.128519	0.0875	0.00623667
0.132665	0.0875	0.00559424
0.136811	0.0875	0.00493843
0.140957	0.0875	0.00426957
0.145102	0.0875	0.003588
0.149248	0.0875	0.00289402
0.153394	0.0875	0.00218794
0.15754	0.0875	0.00147005
0.161685	0.0875	0.000740647
0.165831	0.0875	0
0	0.105	0.0216668
0.00497494	0.105	0.0216503
0.00994987	0.105	0.0216007
0.0149248	0.105	0.021518
0.0198997	0.105	0.0214025
0.0248747	0.105	0.0212545
0.0298496	0.105	0.0210743
0.0348246	0.105	0.0208624
0.0397995	0.105	0.0206192
0.0447744	0.105	0.0203453
0.0497494	0.105	0.0200413
0.0547243	0.105	0.0197077
0.0596992	0.105	0.0193452
0.0646742	0.105	0.0189544
0.0696491	0.105	0.018536
0.0746241	0.105	0.0180907
0.079599	0.105	0.0176191
0.0845739	0.105	0.0171219
0.0895489	0.105	0.0165999
0.0945238	0.105	0.0160535
0.0994987	0.105	0.0154835
0.104474	0.105	0.0148906
0.109449	0.105	0.0142753
0.114424	0.105	0.0136383
0.119398	0.105	0.0129802
0.124373	0.105	0.0123014
0.129348	0.105	0.0116027
0.134323	0.105	0.0108846
0.139298	0.105	0.0101475
0.144273	0.105	0.00939202
0.149248	0.105	0.00861865
0.154223	0.105	0.00782786
0.159198	0.105	0.00702012
0.164173	0.105	0.0061959
0.169148	0.105	0.00535563
0.174123	0.105	0.00449973
0.179098	0.105	0.00362863
0.184073	0.105	0.00274273
0.189048	0.105	0.0018424
0.194023	0.105	0.000928039
0.198997	0.105	0
0	0.1225	0.0262343
0.00580409	0.1225	0.0262141
0.0116082	0.1225	0.0261537
0.0174123	0.1225	0.026053
0.0232164	0.1225	0.0259124
0.0290205	0.1225	0.0257322
0.0348246	0.1225	0.0255129
0.0406287	0.1225	0.0252549
0.0464327	0.1225	0.024959
0.0522368	0.1225	0.0246257
0.0580409	0.1225	0.0242557
0.063845	0.1225	0.0238499
0.0696491	0.1225	0.023409
0.0754532	0.1225	0.0229337
0.0812573	0.1225	0.022425
0.0870614	0.1225	0.0218837
0.0928655	0.1225	0.0213105
0.0986696	0.1225	0.0207065
0.104474	0.1225	0.0200723
0.110278	0.1225	0.0194088
0.116082	0.1225	0.0187169
0.121886	0.1225	0.0179973
0.12769	0.1225	0.0172509
0.133494	0.1225	0.0164783
0.139298	0.1225	0.0156804
0.145102	0.1225	0.0148578
0.150906	0.1225	0.0140113
0.156711	0.1225	0.0131415
0.162515	0.1225	0.0122493
0.168319	0.1225	0.011335
0.174123	0.1225	0.0103995
0.179927	0.1225	0.00944339
0.185731	0.1225	0.00846715
0.191535	0.1225	0.00747141
0.197339	0.1225	0.00645673
0.203143	0.1225	0.00542365
0.208947	0.1225	0.00437268
0.214751	0.1225	0.00330435
0.220556	0.1225	0.00221914
0.22636	0.1225	0.00111754
0.232164	0.1225	0
0	0.14	0.0308631
0.00663325	0.14	0.0308393
0.0132665	0.14	0.0307677
0.0198997	0.14	0.0306485
0.026533	0.14	0.0304821
0.0331662	0.14	0.0302689
0.0397995	0.14	0.0300094
0.0464327	0.14	0.0297042
0.053066	0.14	0.0293541
0.0596992	0.14	0.0289599
0.0663325	0.14	0.0285223
0.0729657	0.14	0.0280425
0.079599	0.14	0.0275212
0.0862322	0.14	0.0269595
0.0928655	0.14	0.0263583
0.0994987	0.14	0.0257188
0.106132	0.14	0.0250419
0.112765	0.14	0.0243286
0.119398	0.14	0.02358
0.126032	0.14	0.0227971
0.132665	0.14	0.0219808
0.139298	0.14	0.0211322
0.145931	0.14	0.0202521
0.152565	0.14	0.0193417
0.159198	0.14	0.0184016
0.165831	0.14	0.017433
0.172464	0.14	0.0164365
0.179098	0.14	0.0154131
0.185731	0.14	0.0143636
0.192364	0.14	0.0132887
0.198997	0.14	0.0121893
0.205631	0.14	0.0110661
0.212264	0.14	0.00991986
0.218897	0.14	0.00875124
0.22553	0.14	0.00756094
0.232164	0.14	0.00634964
0.238797	0.14	0.00511797
0.24543	0.14	0.00386658
0.252063	0.14	0.00259606
0.258697	0.14	0.00130701
0.26533	0.14	0
0	0.1575	0.0355188
0.00746241	0.1575	0.0354912
0.0149248	0.1575	0.0354083
0.0223872	0.1575	0.0352703
0.0298496	0.1575	0.0350776
0.037312	0.1575	0.0348307
0.0447744	0.1575	0.0345301
0.0522368	0.1575	0.0341768
0.0596992	0.1575	0.0337715
0.0671617	0.1575	0.0333151
0.0746241	0.1575	0.0328088
0.0820865	0.1575	0.0322535
0.0895489	0.1575	0.0316505
0.0970113	0.1575	0.0310008
0.104474	0.1575	0.0303057
0.111936	0.1575	0.0295664
0.119398	0.1575	0.0287841
0.126861	0.1575	0.02796
0.134323	0.1575	0.0270953
0.141786	0.1575	0.0261913
0.149248	0.1575	0.0252492
0.156711	0.1575	0.02427
0.164173	0.1575	0.0232549
0.171635	0.1575	0.0222052
0.179098	0.1575	0.0211217
0.18656	0.1575	0.0200057
0.194023	0.1575	0.0188582
0.201485	0.1575	0.0176801
0.208947	0.1575	0.0164725
0.21641	0.1575	0.0152364
0.223872	0.1575	0.0139725
0.231335	0.1575	0.0126819
0.238797	0.1575	0.0113655
0.246259	0.1575	0.010024
0.253722	0.1575	0.00865836
0.261184	0.1575	0.00726932
0.268647	0.1575	0.00585768
0.276109	0.1575	0.0044242
0.283571	0.1575	0.00296962
0.291034	0.1575	0.00149465
0.298496	0.1575	0
0	0.175	0.0401732
0.00829156	0.175	0.0401418
0.0165831	0.175	0.0400474
0.0248747	0.175	0.0398902
0.0331662	0.175	0.0396708
0.0414578	0.175	0.0393896
0.0497494	0.175	0.0390475
0.0580409	0.175	0.0386452
0.0663325	0.175	0.0381839
0.0746241	0.175	0.0376646
0.0829156	0.175	0.0370885
0.0912072	0.175	0.0364568
0.0994987	0.175	0.0357709
0.10779	0.175	0.0350322
0.116082	0.175	0.0342421
0.124373	0.175	0.0334019
0.132665	0.175	0.0325131
0.140957	0.175	0.0315771
0.149248	0.175	0.0305954
0.15754	0.175	0.0295694
0.165831	0.175	0.0285004
0.174123	0.175	0.0273898
0.182414	0.175	0.026239
0.190706	0.175	0.0250493
0.198997	0.175	0.023822
0.207289	0.175	0.0225582
0.215581	0.175	0.0212594
0.223872	0.175	0.0199266
0.232164	0.175	0.018561
0.240455	0.175	0.0171638
0.248747	0.175	0.015736
0.257038	0.175	0.0142788
0.26533	0.175	0.0127931
0.273622	0.175	0.01128
0.281913	0.175	0.00974048
0.290205	0.175	0.00817547
0.298496	0.175	0.00658591
0.306788	0.175	0.00497271
0.315079	0.175	0.00333675
0.323371	0.175	0.00167891
0.331662	0.175	0
0	0.1925	0.0448026
0.00912072	0.1925	0.0447673
0.0182414	0.1925	0.0446612
0.0273622	0.1925	0.0444847
0.0364829	0.1925	0.0442382
0.0456036	0.1925	0.0439224
0.0547243	0.1925	0.0435382
0.063845	0.1925	0.0430865
0.0729657	0.1925	0.0425685
0.0820865	0.1925	0.0419856
0.0912072	0.1925	0.041339
0.100328	0.1925	0.0406302
0.109449	0.1925	0.0398608
0.118569	0.1925	0.0390323
0.12769	0.1925	0.0381463
0.136811	0.1925	0.0372045
0.145931	0.1925	0.0362086
0.155052	0.1925	0.0351601
0.164173	0.1925	0.0340607
0.173294	0.1925	0.0329122
0.182414	0.1925	0.0317159
0.191535	0.1925	0.0304737
0.200656	0.1925	0.0291869
0.209777	0.1925	0.0278572
0.218897	0.1925	0.0264861
0.228018	0.1925	0.025075
0.237139	0.1925	0.0236253
0.246259	0.1925	0.0221385
0.25538	0.1925	0.0206158
0.264501	0.1925	0.0190587
0.273622	0.1925	0.0174684
0.282742	0.1925	0.0158461
0.291863	0.1925	0.0141931
0.300984	0.1925	0.0125106
0.310104	0.1925	0.0107998
0.319225	0.1925	0.00906165
0.328346	0.1925	0.0072974
0.337467	0.1925	0.00550808
0.346587	0.1925	0.00369473
0.355708	0.1925	0.00185837
0.364829	0.1925	0
0	0.21	0.0493869
0.00994987	0.21	0.0493477
0.0198997	0.21	0.0492298
0.0298496	0.21	0.0490337
0.0397995	0.21	0.0487599
0.0497494	0.21	0.0484091
0.0596992	0.21	0.0479824
0.0696491	0.21	0.0474809
0.079599	0.21	0.0469059
0.0895489	0.21	0.0462588
0.0994987	0.21	0.0455412
0.109449	0.21	0.0447547
0.119398	0.21	0.0439012
0.129348	0.21	0.0429824
0.139298	0.21	0.0420002
0.149248	0.21	0.0409563
0.159198	0.21	0.0398528
0.169148	0.21	0.0386915
0.179098	0.21	0.0374743
0.189048	0.21	0.036203
0.198997	0.21	0.0348796
0.208947	0.21	0.0335058
0.218897	0.21	0.0320834
0.228847	0.21	0.0306142
0.238797	0.21	0.0290999
0.248747	0.21	0.0275422
0.258697	0.21	0.0259428
0.268647	0.21	0.0243032
0.278596	0.21	0.0226251
0.288546	0.21	0.0209099
0.298496	0.21	0.0191592
0.308446	0.21	0.0173743
0.318396	0.21	0.0155569
0.328346	0.21	0.0137081
0.338296	0.21	0.0118294
0.348246	0.21	0.00992203
0.358195	0.21	0.00798736
0.368145	0.21	0.00602662
0.378095	0.21	0.00404101
0.388045	0.21	0.00203175
0.397995	0.21	0
0	0.2275	0.0539087
0.010779	0.2275	0.0538655
0.0215581	0.2275	0.0537358
0.0323371	0.2275	0.05352
0.0431161	0.2275	0.0532186
0.0538952	0.2275	0.0528327
0.0646742	0.2275	0.0523631
0.0754532	0.2275	0.0518114
0.0862322	0.2275	0.0511789
0.0970113	0.2275	0.0504673
0.10779	0.2275	0.0496783
0.118569	0.2275	0.0488138
0.129348	0.2275	0.0478758
0.140127	0.2275	0.0468664
0.150906	0.2275	0.0457876
0.161685	0.2275	0.0446415
0.172464	0.2275	0.0434302
0.183244	0.2275	0.0421561
0.194023	0.2275	0.040821
0.204802	0.2275	0.0394273
0.215581	0.2275	0.0379769
0.22636	0.2275	0.0364721
0.237139	0.2275	0.0349147
0.247918	0.2275	0.0333069
0.258697	0.2275	0.0316506
0.269476	0.2275	0.0299477
0.280255	0.2275	0.0282001
0.291034	0.2275	0.0264096
0.301813	0.2275	0.0245781
0.312592	0.2275	0.0227073
0.323371	0.2275	0.020799
0.33415	0.2275	0.0188548
0.344929	0.2275	0.0168763
0.355708	0.2275	0.0148652
0.366487	0.2275	0.0128229
0.377266	0.2275	0.0107512
0.388045	0.2275	0.00865133
0.398824	0.2275	0.00652488
0.409603	0.2275	0.00437325
0.420382	0.2275	0.00219783
0.431161	0.2275	0
0	0.245	0.0583528
0.0116082	0.245	0.0583057
0.0232164	0.245	0.058164
0.0348246	0.245	0.0579283
0.0464327	0.245	0.0575993
0.0580409	0.245	0.0571779
0.0696491	0.245	0.0566653
0.0812573	0.245	0.0560631
0.0928655	0.245	0.0553728
0.104474	0.245	0.0545963
0.116082	0.245	0.0537356
0.12769	0.245	0.0527928
0.139298	0.245	0.0517701
0.150906	0.245	0.0506698
0.162515	0.245	0.0494943
0.174123	0.245	0.0482458
0.185731	0.245	0.0469269
0.197339	0.245	0.04554
0.208947	0.245	0.0440874
0.220556	0.245	0.0425716
0.232164	0.245	0.040995
0.243772	0.245	0.0393598
0.25538	0.245	0.0376685
0.266988	0.245	0.0359232
0.278596	0.245	0.0341263
0.290205	0.245	0.0322799
0.301813	0.245	0.0303861
0.313421	0.245	0.0284471
0.325029	0.245	0.0264649
0.336637	0.245	0.0244416
0.348246	0.245	0.022379
0.359854	0.245	0.0202792
0.371462	0.245	0.0181439
0.38307	0.245	0.0159751
0.394678	0.245	0.0137745
0.406287	0.245	0.0115439
0.417895	0.245	0.00928507
0.429503	0.245	0.0069996
0.441111	0.245	0.00468919
0.452719	0.245	0.00235546
0.464327	0.245	0
0	0.2625	0.062706
0.0124373	0.2625	0.0626548
0.0248747	0.2625	0.0625012
0.037312	0.2625	0.0622455
0.0497494	0.2625	0.0618886
0.0621867	0.2625	0.0614315
0.0746241	0.2625	0.0608757
0.0870614	0.2625	0.0602227
0.0994987	0.2625	0.0594743
0.111936	0.2625	0.0586328
0.124373	0.2625	0.0577001
0.136811	0.2625	0.0566787
0.149248	0.2625	0.0555711
0.161685	0.2625	0.0543798
0.174123	0.2625	0.0531075
0.18656	0.2625	0.0517567
0.198997	0.2625	0.0503303
0.211435	0.2625	0.0488309
0.223872	0.2625	0.0472612
0.23631	0.2625	0.0456239
0.248747	0.2625	0.0439218
0.261184	0.2625	0.0421573
0.273622	0.2625	0.0403332
0.286059	0.2625	0.038452
0.298496	0.2625	0.0365162
0.310934	0.2625	0.0345283
0.323371	0.2625	0.0324908
0.335808	0.2625	0.030406
0.348246	0.2625	0.0282762
0.360683	0.2625	0.0261038
0.37312	0.2625	0.0238909
0.385558	0.2625	0.0216398
0.397995	0.2625	0.0193526
0.410432	0.2625	0.0170315
0.42287	0.2625	0.0146784
0.435307	0.2625	0.0122954
0.447744	0.2625	0.00988451
0.460182	0.2625	0.00744762
0.472619	0.2625	0.00498667
0.485056	0.2625	0.00250351
0.497494	0.2625	0
0	0.28	0.0669564
0.0132665	0.28	0.0669012
0.026533	0.28	0.0667354
0.0397995	0.28	0.0664596
0.053066	0.28	0.0660747
0.0663325	0.28	0.0655817
0.079599	0.28	0.0649824
0.0928655	0.28	0.0642784
0.106132	0.28	0.0634717
0.119398	0.28	0.0625648
0.132665	0.28	0.0615599
0.145931	0.28	0.0604598
0.159198	0.28	0.0592671
0.172464	0.28	0.0579847
0.185731	0.28	0.0566156
0.198997	0.28	0.0551626
0.212264	0.28	0.0536288
0.22553	0.28	0.0520173
0.238797	0.28	0.050331
0.252063	0.28	0.048573
0.26533	0.28	0.0467462
0.278596	0.28	0.0448536
0.291863	0.28	0.0428981
0.305129	0.28	0.0408827
0.318396	0.28	0.0388101
0.331662	0.28	0.0366831
0.344929	0.28	0.0345045
0.358195	0.28	0.0322769
0.371462	0.28	0.0300031
0.384728	0.28	0.0276855
0.397995	0.28	0.0253267
0.411261	0.28	0.0229293
0.424528	0.28	0.0204956
0.437794	0.28	0.0180281
0.451061	0.28	0.0155291
0.464327	0.28	0.0130009
0.477594	0.28	0.0104457
0.49086	0.28	0.0078659
0.504127	0.28	0.00526357
0.517393	0.28	0.0026409
0.53066	0.28	0
0	0.2975	0.0710934
0.0140957	0.2975	0.0710341
0.0281913	0.2975	0.0708562
0.042287	0.2975	0.0705602
0.0563826	0.2975	0.070147
0.0704783	0.2975	0.069618
0.0845739	0.2975	0.0689748
0.0986696	0.2975	0.0682195
0.112765	0.2975	0.0673543
0.126861	0.2975	0.0663817
0.140957	0.2975	0.0653044
0.155052	0.2975	0.0641252
0.169148	0.2975	0.0628473
0.183244	0.2975	0.0614737
0.197339	0.2975	0.0600078
0.211435	0.2975	0.0584527
0.22553	0.2975	0.0568119
0.239626	0.2975	0.0550886
0.253722	0.2975	0.0532863
0.267817	0.2975	0.0514083
0.281913	0.2975	0.0494579
0.296009	0.2975	0.0474385
0.310104	0.2975	0.0453532
0.3242	0.2975	0.0432054
0.338296	0.2975	0.0409982
0.352391	0.2975	0.0387346
0.366487	0.2975	0.0364179
0.380583	0.2975	0.034051
0.394678	0.2975	0.031637
0.408774	0.2975	0.0291786
0.42287	0.2975	0.0266788
0.436965	0.2975	0.0241404
0.451061	0.2975	0.0215662
0.465157	0.2975	0.0189589
0.479252	0.2975	0.0163212
0.493348	0.2975	0.0136556
0.507444	0.2975	0.0109649
0.521539	0.2975	0.00825144
0.535635	0.2975	0.00551784
0.549731	0.2975	0.00276655
0.563826	0.2975	0
0	0.315	0.0751076
0.0149248	0.315	0.0750442
0.0298496	0.315	0.074854
0.0447744	0.315	0.0745376
0.0596992	0.315	0.074096
0.0746241	0.315	0.0735307
0.0895489	0.315	0.0728435
0.104474	0.315	0.0720366
0.119398	0.315	0.0711124
0.134323	0.315	0.0700738
0.149248	0.315	0.0689237
0.164173	0.315	0.0676653
0.179098	0.315	0.0663019
0.194023	0.315	0.0648371
0.208947	0.315	0.0632743
0.223872	0.315	0.0616172
0.238797	0.315	0.0598695
0.253722	0.315	0.0580349
0.268647	0.315	0.0561172
0.283571	0.315	0.0541201
0.298496	0.315	0.0520472
0.313421	0.315	0.0499022
0.328346	0.315	0.0476888
0.343271	0.315	0.0454106
0.358195	0.315	0.0430712
0.37312	0.315	0.0406739
0.388045	0.315	0.0382223
0.40297	0.315	0.0357198
0.417895	0.315	0.0331696
0.43282	0.315	0.0305752
0.447744	0.315	0.0279396
0.462669	0.315	0.0252662
0.477594	0.315	0.022558
0.492519	0.315	0.019818
0.507444	0.315	0.0170494
0.522368	0.315	0.0142552
0.537293	0.315	0.0114382
0.552218	0.315	0.00860129
0.567143	0.315	0.00574744
0.582068	0.315	0.00287942
0.596992	0.315	0
0	0.3325	0.0789904
0.015754	0.3325	0.078923
0.0315079	0.3325	0.0787204
0.0472619	0.3325	0.0783834
0.0630159	0.3325	0.0779131
0.0787698	0.3325	0.0773111
0.0945238	0.3325	0.0765795
0.110278	0.3325	0.0757207
0.126032	0.3325	0.0747372
0.141786	0.3325	0.0736323
0.15754	0.3325	0.072409
0.173294	0.3325	0.071071
0.189048	0.3325	0.0696219
0.204802	0.3325	0.0680655
0.220556	0.3325	0.0664058
0.23631	0.3325	0.0646467
0.252063	0.3325	0.0627924
0.267817	0.3325	0.0608468
0.283571	0.3325	0.0588143
0.299325	0.3325	0.0566988
0.315079	0.3325	0.0545045
0.330833	0.3325	0.0522355
0.346587	0.3325	0.0498957
0.362341	0.3325	0.0474893
0.378095	0.3325	0.0450201
0.393849	0.3325	0.042492
0.409603	0.3325	0.039909
0.425357	0.3325	0.0372747
0.441111	0.3325	0.034593
0.456865	0.3325	0.0318675
0.472619	0.3325	0.0291019
0.488373	0.3325	0.0262997
0.504127	0.3325	0.0234645
0.519881	0.3325	0.0205997
0.535635	0.3325	0.0177087
0.551389	0.3325	0.014795
0.567143	0.3325	0.0118619
0.582897	0.3325	0.00891256
0.598651	0.3325	0.00595036
0.614405	0.3325	0.00297845
0.630159	0.3325	0
0	0.35	0.0827342
0.0165831	0.35	0.0826626
0.0331662	0.35	0.0824475
0.0497494	0.35	0.0820897
0.0663325	0.35	0.0815905
0.0829156	0.35	0.0809515
0.0994987	0.35	0.0801751
0.116082	0.35	0.0792639
0.132665	0.35	0.0782206
0.149248	0.35	0.0770488
0.165831	0.35	0.075752
0.182414	0.35	0.0743339
0.198997	0.35	0.0727987
0.215581	0.35	0.0711505
0.232164	0.35	0.0693936
0.248747	0.35	0.0675325
0.26533	0.35	0.0655716
0.281913	0.35	0.0635155
0.298496	0.35	0.0613686
0.315079	0.35	0.0591356
0.331662	0.35	0.056821
0.348246	0.35	0.0544293
0.364829	0.35	0.051965
0.381412	0.35	0.0494325
0.397995	0.35	0.0468362
0.414578	0.35	0.0441804
0.431161	0.35	0.0414695
0.447744	0.35	0.0387077
0.464327	0.35	0.0358992
0.480911	0.35	0.0330481
0.497494	0.35	0.0301584
0.514077	0.35	0.0272342
0.53066	0.35	0.0242795
0.547243	0.35	0.0212981
0.563826	0.35	0.0182939
0.580409	0.35	0.0152707
0.596992	0.35	0.0122323
0.613576	0.35	0.00918236
0.630159	0.35	0.0061246
0.646742	0.35	0.00306262
0.663325	0.35	0
0	0.3675	0.086332
0.0174123	0.3675	0.0862561
0.0348246	0.3675	0.0860284
0.0522368	0.3675	0.0856495
0.0696491	0.3675	0.085121
0.0870614	0.3675	0.0844447
0.104474	0.3675	0.083623
0.121886	0.3675	0.0826588
0.139298	0.3675	0.0815552
0.156711	0.3675	0.0803159
0.174123	0.3675	0.0789448
0.191535	0.3675	0.0774462
0.208947	0.3675	0.0758243
0.22636	0.3675	0.0740839
0.243772	0.3675	0.0722296
0.261184	0.3675	0.0702662
0.278596	0.3675	0.0681988
0.296009	0.3675	0.0660322
0.313421	0.3675	0.0637716
0.330833	0.3675	0.0614218
0.348246	0.3675	0.0589879
0.365658	0.3675	0.056475
0.38307	0.3675	0.0538879
0.400482	0.3675	0.0512315
0.417895	0.3675	0.0485109
0.435307	0.3675	0.0457306
0.452719	0.3675	0.0428957
0.470132	0.3675	0.0400107
0.487544	0.3675	0.0370804
0.504956	0.3675	0.0341093
0.522368	0.3675	0.031102
0.539781	0.3675	0.028063
0.557193	0.3675	0.0249967
0.574605	0.3675	0.0219076
0.592018	0.3675	0.0187998
0.60943	0.3675	0.0156778
0.626842	0.3675	0.0125458
0.644254	0.3675	0.00940787
0.661667	0.3675	0.00626821
0.679079	0.3675	0.0031309
0.696491	0.3675	0
0	0.385	0.0897774
0.0182414	0.385	0.0896972
0.0364829	0.385	0.0894566
0.0547243	0.385	0.0890565
0.0729657	0.385	0.0884983
0.0912072	0.385	0.087784
0.109449	0.385	0.0869165
0.12769	0.385	0.0858986
0.145931	0.385	0.0847339
0.164173	0.385	0.0834265
0.182414	0.385	0.0819805
0.200656	0.385	0.0804005
0.218897	0.385	0.0786913
0.237139	0.385	0.076858
0.25538	0.385	0.0749058
0.273622	0.385	0.07284
0.291863	0.385	0.0706659
0.310104	0.385	0.068389
0.328346	0.385	0.0660148
0.346587	0.385	0.063549
0.364829	0.385	0.0609968
0.38307	0.385	0.058364
0.401312	0.385	0.0556559
0.419553	0.385	0.052878
0.437794	0.385	0.0500357
0.456036	0.385	0.0471344
0.474277	0.385	0.0441794
0.492519	0.385	0.0411758
0.51076	0.385	0.0381289
0.529002	0.385	0.0350439
0.547243	0.385	0.0319257
0.565485	0.385	0.0287795
0.583726	0.385	0.0256102
0.601967	0.385	0.0224226
0.620209	0.385	0.0192216
0.63845	0.385	0.0160121
0.656692	0.385	0.0127988
0.674933	0.385	0.00958624
0.693175	0.385	0.00637923
0.711416	0.385	0.0031823
0.729657	0.385	0
0	0.4025	0.0930647
0.0190706	0.4025	0.0929802
0.0381412	0.4025	0.0927265
0.0572118	0.4025	0.0923047
0.0762824	0.4025	0.0917162
0.095353	0.4025	0.0909635
0.114424	0.4025	0.0900493
0.133494	0.4025	0.088977
0.152565	0.4025	0.0877504
0.171635	0.4025	0.0863739
0.190706	0.4025	0.084852
0.209777	0.4025	0.0831898
0.228847	0.4025	0.0813925
0.247918	0.4025	0.0794657
0.266988	0.4025	0.0774149
0.286059	0.4025	0.075246
0.305129	0.4025	0.072965
0.3242	0.4025	0.0705777
0.343271	0.4025	0.0680903
0.362341	0.4025	0.0655089
0.381412	0.4025	0.0628394
0.400482	0.4025	0.060088
0.419553	0.4025	0.0572607
0.438624	0.4025	0.0543636
0.457694	0.4025	0.0514026
0.476765	0.4025	0.0483835
0.495835	0.4025	0.0453124
0.514906	0.4025	0.0421951
0.533977	0.4025	0.0390372
0.553047	0.4025	0.0358445
0.572118	0.4025	0.0326226
0.591188	0.4025	0.0293771
0.610259	0.4025	0.0261136
0.62933	0.4025	0.0228376
0.6484	0.4025	0.0195543
0.667471	0.4025	0.0162692
0.686541	0.4025	0.0129876
0.705612	0.4025	0.00971471
0.724683	0.4025	0.00645573
0.743753	0.4025	0.0032158
0.762824	0.4025	0
0	0.42	0.0961886
0.0198997	0.42	0.0960997
0.0397995	0.42	0.0958327
0.0596992	0.42	0.0953887
0.079599	0.42	0.0947695
0.0994987	0.42	0.0939776
0.119398	0.42	0.0930159
0.139298	0.42	0.0918883
0.159198	0.42	0.0905987
0.179098	0.42	0.089152
0.198997	0.42	0.0875532
0.218897	0.42	0.0858076
0.238797	0.42	0.0839212
0.258697	0.42	0.0818998
0.278596	0.42	0.0797496
0.298496	0.42	0.077477
0.318396	0.42	0.0750885
0.338296	0.42	0.0725907
0.358195	0.42	0.0699901
0.378095	0.42	0.0672935
0.397995	0.42	0.0645075
0.417895	0.42	0.0616388
0.437794	0.42	0.0586941
0.457694	0.42	0.05568
0.477594	0.42	0.0526031
0.497494	0.42	0.0494699
0.517393	0.42	0.046287
0.537293	0.42	0.0430607
0.557193	0.42	0.0397975
0.577093	0.42	0.0365038
0.596992	0.42	0.0331856
0.616892	0.42	0.0298494
0.636792	0.42	0.0265011
0.656692	0.42	0.0231469
0.676591	0.42	0.0197929
0.696491	0.42	0.0164448
0.716391	0.42	0.0131088
0.736291	0.42	0.00979051
0.75619	0.42	0.00649582
0.77609	0.42	0.00323042
0.79599	0.42	0
0	0.4375	0.0991444
0.0207289	0.4375	0.099051
0.0414578	0.4375	0.0987704
0.0621867	0.4375	0.0983038
0.0829156	0.4375	0.0976532
0.103645	0.4375	0.0968211
0.124373	0.4375	0.095811
0.145102	0.4375	0.0946269
0.165831	0.4375	0.0932731
0.18656	0.4375	0.091755
0.207289	0.4375	0.0900778
0.228018	0.4375	0.0882477
0.248747	0.4375	0.0862707
0.269476	0.4375	0.0841535
0.290205	0.4375	0.0819029
0.310934	0.4375	0.0795257
0.331662	0.4375	0.0770291
0.352391	0.4375	0.0744202
0.37312	0.4375	0.0717064
0.393849	0.4375	0.0688949
0.414578	0.4375	0.0659931
0.435307	0.4375	0.0630083
0.456036	0.4375	0.0599479
0.476765	0.4375	0.0568191
0.497494	0.4375	0.0536292
0.518223	0.4375	0.0503854
0.538952	0.4375	0.047095
0.55968	0.4375	0.043765
0.580409	0.4375	0.0404025
0.601138	0.4375	0.0370146
0.621867	0.4375	0.033608
0.642596	0.4375	0.0301897
0.663325	0.4375	0.0267666
0.684054	0.4375	0.0233453
0.704783	0.4375	0.0199325
0.725512	0.4375	0.0165348
0.746241	0.4375	0.0131588
0.766969	0.4375	0.00981093
0.787698	0.4375	0.00649762
0.808427	0.4375	0.00322521
0.829156	0.4375	0
0	0.455	0.101928
0.0215581	0.455	0.10183
0.0431161	0.455	0.101535
0.0646742	0.455	0.101045
0.0862322	0.455	0.100362
0.10779	0.455	0.0994894
0.129348	0.455	0.0984297
0.150906	0.455	0.0971877
0.172464	0.455	0.0957684
0.194023	0.455	0.0941772
0.215581	0.455	0.0924202
0.237139	0.455	0.0905039
0.258697	0.455	0.0884349
0.280255	0.455	0.0862205
0.301813	0.455	0.0838681
0.323371	0.455	0.0813852
0.344929	0.455	0.0787795
0.366487	0.455	0.076059
0.388045	0.455	0.0732316
0.409603	0.455	0.0703054
0.431161	0.455	0.0672883
0.452719	0.455	0.0641885
0.474277	0.455	0.0610139
0.495835	0.455	0.0577727
0.517393	0.455	0.0544728
0.538952	0.455	0.0511221
0.56051	0.455	0.0477287
0.582068	0.455	0.0443003
0.603626	0.455	0.0408447
0.625184	0.455	0.0373697
0.646742	0.455	0.0338829
0.6683	0.455	0.0303918
0.689858	0.455	0.0269041
0.711416	0.455	0.0234271
0.732974	0.455	0.0199683
0.754532	0.455	0.0165349
0.77609	0.455	0.0131342
0.797648	0.455	0.00977329
0.819206	0.455	0.0064593
0.840764	0.455	0.00319922
0.862322	0.455	0
0	0.4725	0.104535
0.0223872	0.4725	0.104432
0.0447744	0.4725	0.104123
0.0671617	0.4725	0.103609
0.0895489	0.4725	0.102893
0.111936	0.4725	0.101978
0.134323	0.4725	0.100867
0.156711	0.4725	0.0995661
0.179098	0.4725	0.0980795
0.201485	0.4725	0.0964136
0.223872	0.4725	0.0945749
0.246259	0.4725	0.0925705
0.268647	0.4725	0.0904077
0.291034	0.4725	0.0880944
0.313421	0.4725	0.0856385
0.335808	0.4725	0.0830485
0.358195	0.4725	0.0803326
0.380583	0.4725	0.0774996
0.40297	0.4725	0.0745582
0.425357	0.4725	0.0715171
0.447744	0.4725	0.0683852
0.470132	0.4725	0.0651713
0.492519	0.4725	0.0618842
0.514906	0.4725	0.0585328
0.537293	0.4725	0.0551258
0.55968	0.4725	0.0516721
0.582068	0.4725	0.0481802
0.604455	0.4725	0.0446589
0.626842	0.4725	0.0411166
0.649229	0.4725	0.037562
0.671617	0.4725	0.0340035
0.694004	0.4725	0.0304493
0.716391	0.4725	0.0269078
0.738778	0.4725	0.0233872
0.761165	0.4725	0.0198957
0.783553	0.4725	0.0164411
0.80594	0.4725	0.0130316
0.828327	0.4725	0.00967499
0.850714	0.4725	0.00637905
0.873101	0.4725	0.00315151
0.895489	0.4725	0
0	0.49	0.106962
0.0232164	0.49	0.106854
0.0464327	0.49	0.10653
0.0696491	0.49	0.105992
0.0928655	0.49	0.105242
0.116082	0.49	0.104283
0.139298	0.49	0.10312
0.162515	0.49	0.101758
0.185731	0.49	0.100202
0.208947	0.49	0.098459
0.232164	0.49	0.0965365
0.25538	0.49	0.0944419
0.278596	0.49	0.0921832
0.301813	0.49	0.0897689
0.325029	0.49	0.0872078
0.348246	0.49	0.0845088
0.371462	0.49	0.0816814
0.394678	0.49	0.0787348
0.417895	0.49	0.0756787
0.441111	0.49	0.0725225
0.464327	0.49	0.069276
0.487544	0.49	0.0659489
0.51076	0.49	0.0625508
0.533977	0.49	0.0590914
0.557193	0.49	0.0555804
0.580409	0.49	0.0520273
0.603626	0.49	0.0484417
0.626842	0.49	0.0448331
0.650058	0.49	0.041211
0.673275	0.49	0.0375845
0.696491	0.49	0.0339631
0.719708	0.49	0.0303559
0.742924	0.49	0.0267719
0.76614	0.49	0.0232203
0.789357	0.49	0.0197098
0.812573	0.49	0.0162494
0.835789	0.49	0.0128477
0.859006	0.49	0.00951345
0.882222	0.49	0.00625514
0.905439	0.49	0.0030812
0.928655	0.49	0
0	0.5075	0.109206
0.0240455	0.5075	0.109093
0.0480911	0.5075	0.108754
0.0721366	0.5075	0.10819
0.0961821	0.5075	0.107404
0.120228	0.5075	0.106401
0.144273	0.5075	0.105183
0.168319	0.5075	0.103758
0.192364	0.5075	0.102131
0.21641	0.5075	0.100309
0.240455	0.5075	0.0983001
0.264501	0.5075	0.0961128
0.288546	0.5075	0.0937557
0.312592	0.5075	0.091238
0.336637	0.5075	0.0885694
0.360683	0.5075	0.0857597
0.384728	0.5075	0.0828189
0.408774	0.5075	0.0797574
0.43282	0.5075	0.0765855
0.456865	0.5075	0.0733139
0.480911	0.5075	0.0699529
0.504956	0.5075	0.0665133
0.529002	0.5075	0.0630056
0.553047	0.5075	0.0594405
0.577093	0.5075	0.0558284
0.601138	0.5075	0.0521799
0.625184	0.5075	0.0485055
0.649229	0.5075	0.0448156
0.673275	0.5075	0.0411204
0.69732	0.5075	0.0374302
0.721366	0.5075	0.0337552
0.745411	0.5075	0.0301053
0.769457	0.5075	0.0264907
0.793502	0.5075	0.022921
0.817548	0.5075	0.0194062
0.841594	0.5075	0.0159557
0.865639	0.5075	0.0125793
0.889685	0.5075	0.00928619
0.91373	0.5075	0.00608585
0.937776	0.5075	0.00298742
0.961821	0.5075	0
0	0.525	0.111264
0.0248747	0.525	0.111146
0.0497494	0.525	0.11079
0.0746241	0.525	0.1102
0.0994987	0.525	0.109378
0.124373	0.525	0.108327
0.149248	0.525	0.107054
0.174123	0.525	0.105563
0.198997	0.525	0.103862
0.223872	0.525	0.101958
0.248747	0.525	0.0998605
0.273622	0.525	0.0975778
0.298496	0.525	0.0951195
0.323371	0.525	0.0924958
0.348246	0.525	0.0897172
0.37312	0.525	0.0867943
0.397995	0.525	0.0837382
0.42287	0.525	0.0805602
0.447744	0.525	0.0772715
0.472619	0.525	0.0738836
0.497494	0.525	0.0704082
0.522368	0.525	0.0668567
0.547243	0.525	0.0632408
0.572118	0.525	0.059572
0.596992	0.525	0.055862
0.621867	0.525	0.0521221
0.646742	0.525	0.0483639
0.671617	0.525	0.0445986
0.696491	0.525	0.0408377
0.721366	0.525	0.0370921
0.746241	0.525	0.0333731
0.771115	0.525	0.0296916
0.79599	0.525	0.0260585
0.820865	0.525	0.0224845
0.845739	0.525	0.0189803
0.870614	0.525	0.0155564
0.895489	0.525	0.0122231
0.920363	0.525	0.0089908
0.945238	0.525	0.00586954
0.970113	0.525	0.00286933
0.994987	0.525	0
0	0.5425	0.113133
0.0257038	0.5425	0.113009
0.0514077	0.5425	0.112638
0.0771115	0.5425	0.11202
0.102815	0.5425	0.111159
0.128519	0.5425	0.11006
0.154223	0.5425	0.108728
0.179927	0.5425	0.107169
0.205631	0.5425	0.105391
0.231335	0.5425	0.103403
0.257038	0.5425	0.101213
0.282742	0.5425	0.0988318
0.308446	0.5425	0.0962692
0.33415	0.5425	0.0935364
0.359854	0.5425	0.0906449
0.385558	0.5425	0.0876062
0.411261	0.5425	0.0844325
0.436965	0.5425	0.081136
0.462669	0.5425	0.077729
0.488373	0.5425	0.0742242
0.514077	0.5425	0.070634
0.539781	0.5425	0.0669712
0.565485	0.5425	0.0632484
0.591188	0.5425	0.0594782
0.616892	0.5425	0.0556733
0.642596	0.5425	0.0518461
0.6683	0.5425	0.0480092
0.694004	0.5425	0.0441749
0.719708	0.5425	0.0403556
0.745411	0.5425	0.0365634
0.771115	0.5425	0.0328105
0.796819	0.5425	0.0291086
0.822523	0.5425	0.0254698
0.848227	0.5425	0.0219057
0.873931	0.5425	0.0184278
0.899634	0.5425	0.0150475
0.925338	0.5425	0.0117762
0.951042	0.5425	0.00862494
0.976746	0.5425	0.00560465
1.00245	0.5425	0.00272614
1.02815	0.5425	0
0	0.56	0.114812
0.026533	0.56	0.114682
0.053066	0.56	0.114293
0.079599	0.56	0.113646
0.106132	0.56	0.112746
0.132665	0.56	0.111596
0.159198	0.56	0.110202
0.185731	0.56	0.108573
0.212264	0.56	0.106715
0.238797	0.56	0.104639
0.26533	0.56	0.102353
0.291863	0.56	0.0998697
0.318396	0.56	0.0971993
0.344929	0.56	0.094354
0.371462	0.56	0.0913463
0.397995	0.56	0.0881889
0.424528	0.56	0.084895
0.451061	0.56	0.0814778
0.477594	0.56	0.0779509
0.504127	0.56	0.074328
0.53066	0.56	0.0706228
0.557193	0.56	0.066849
0.583726	0.56	0.0630205
0.610259	0.56	0.0591511
0.636792	0.56	0.0552544
0.663325	0.56	0.0513441
0.689858	0.56	0.0474339
0.716391	0.56	0.0435371
0.742924	0.56	0.0396672
0.769457	0.56	0.0358374
0.79599	0.56	0.0320609
0.822523	0.56	0.0283505
0.849056	0.56	0.0247193
0.875589	0.56	0.0211797
0.902122	0.56	0.0177444
0.928655	0.56	0.0144256
0.955188	0.56	0.0112356
0.981721	0.56	0.00818638
1.00825	0.56	0.00528968
1.03479	0.56	0.00255711
1.06132	0.56	0
0	0.5775	0.116297
0.0273622	0.5775	0.116162
0.0547243	0.5775	0.115754
0.0820865	0.5775	0.115077
0.109449	0.5775	0.114135
0.136811	0.5775	0.112931
0.164173	0.5775	0.111474
0.191535	0.5775	0.109771
0.218897	0.5775	0.10783
0.246259	0.5775	0.105661
0.273622	0.5775	0.103276
0.300984	0.5775	0.100687
0.328346	0.5775	0.0979045
0.355708	0.5775	0.0949429
0.38307	0.5775	0.0918153
0.410432	0.5775	0.0885359
0.437794	0.5775	0.0851187
0.465157	0.5775	0.0815784
0.492519	0.5775	0.0779297
0.519881	0.5775	0.0741875
0.547243	0.5775	0.0703667
0.574605	0.5775	0.0664823
0.601967	0.5775	0.0625493
0.62933	0.5775	0.0585827
0.656692	0.5775	0.0545975
0.684054	0.5775	0.0506085
0.711416	0.5775	0.0466304
0.738778	0.5775	0.0426779
0.76614	0.5775	0.0387655
0.793502	0.5775	0.0349075
0.820865	0.5775	0.0311182
0.848227	0.5775	0.0274116
0.875589	0.5775	0.0238016
0.902951	0.5775	0.0203019
0.930313	0.5775	0.016926
0.957675	0.5775	0.0136872
0.985038	0.5775	0.0105986
1.0124	0.5775	0.00767303
1.03976	0.5775	0.00492324
1.06712	0.5775	0.00236156
1.09449	0.5775	0
0	0.595	0.117588
0.0281913	0.595	0.117446
0.0563826	0.595	0.117019
0.0845739	0.595	0.116311
0.112765	0.595	0.115324
0.140957	0.595	0.114065
0.169148	0.595	0.112541
0.197339	0.595	0.110759
0.22553	0.595	0.108731
0.253722	0.595	0.106467
0.281913	0.595	0.103978
0.310104	0.595	0.101278
0.338296	0.595	0.0983794
0.366487	0.595	0.0952972
0.394678	0.595	0.0920458
0.42287	0.595	0.0886406
0.451061	0.595	0.0850969
0.479252	0.595	0.0814308
0.507444	0.595	0.0776581
0.535635	0.595	0.0737951
0.563826	0.595	0.069858
0.592018	0.595	0.0658631
0.620209	0.595	0.0618269
0.6484	0.595	0.0577654
0.676591	0.595	0.0536949
0.704783	0.595	0.0496316
0.732974	0.595	0.0455913
0.761165	0.595	0.0415901
0.789357	0.595	0.0376435
0.817548	0.595	0.0337671
0.845739	0.595	0.0299762
0.873931	0.595	0.0262861
0.902122	0.595	0.0227117
0.930313	0.595	0.0192677
0.958505	0.595	0.0159686
0.986696	0.595	0.0128288
1.01489	0.595	0.00986234
1.04308	0.595	0.00708292
1.07127	0.595	0.00450407
1.09946	0.595	0.00213891
1.12765	0.595	0
0	0.6125	0.118683
0.0290205	0.6125	0.118534
0.0580409	0.6125	0.118087
0.0870614	0.6125	0.117345
0.116082	0.6125	0.116312
0.145102	0.6125	0.114994
0.174123	0.6125	0.113399
0.203143	0.6125	0.111536
0.232164	0.6125	0.109416
0.261184	0.6125	0.107051
0.290205	0.6125	0.104454
0.319225	0.6125	0.101638
0.348246	0.6125	0.0986188
0.377266	0.6125	0.0954113
0.406287	0.6125	0.0920317
0.435307	0.6125	0.0884966
0.464327	0.6125	0.0848228
0.493348	0.6125	0.0810277
0.522368	0.6125	0.0771286
0.551389	0.6125	0.0731432
0.580409	0.6125	0.069089
0.60943	0.6125	0.0649839
0.63845	0.6125	0.0608454
0.667471	0.6125	0.0566912
0.696491	0.6125	0.0525389
0.725512	0.6125	0.0484058
0.754532	0.6125	0.0443094
0.783553	0.6125	0.0402666
0.812573	0.6125	0.0362945
0.841594	0.6125	0.0324098
0.870614	0.6125	0.0286291
0.899634	0.6125	0.0249687
0.928655	0.6125	0.0214446
0.957675	0.6125	0.0180727
0.986696	0.6125	0.0148686
1.01572	0.6125	0.0118475
1.04474	0.6125	0.00902453
1.07376	0.6125	0.00641429
1.10278	0.6125	0.00403111
1.1318	0.6125	0.00188874
1.16082	0.6125	0
0	0.63	0.11958
0.0298496	0.63	0.119424
0.0596992	0.63	0.118956
0.0895489	0.63	0.118178
0.119398	0.63	0.117096
0.149248	0.63	0.115715
0.179098	0.63	0.114046
0.208947	0.63	0.112097
0.238797	0.63	0.109881
0.268647	0.63	0.107411
0.298496	0.63	0.104699
0.328346	0.63	0.101763
0.358195	0.63	0.0986173
0.388045	0.63	0.0952794
0.417895	0.63	0.0917668
0.447744	0.63	0.0880973
0.477594	0.63	0.0842895
0.507444	0.63	0.0803621
0.537293	0.63	0.076334
0.567143	0.63	0.0722243
0.596992	0.63	0.0680521
0.626842	0.63	0.0638367
0.656692	0.63	0.0595971
0.686541	0.63	0.0553525
0.716391	0.63	0.0511218
0.746241	0.63	0.0469238
0.77609	0.63	0.0427773
0.80594	0.63	0.0387006
0.835789	0.63	0.034712
0.865639	0.63	0.0308295
0.895489	0.63	0.027071
0.925338	0.63	0.023454
0.955188	0.63	0.0199956
0.985038	0.63	0.0167128
1.01489	0.63	0.0136223
1.04474	0.63	0.0107403
1.07459	0.63	0.0080829
1.10444	0.63	0.00566565
1.13429	0.63	0.00350361
1.16414	0.63	0.00161094
1.19398	0.63	0
0	0.6475	0.120279
0.0306788	0.6475	0.120115
0.0613576	0.6475	0.119624
0.0920363	0.6475	0.118809
0.122715	0.6475	0.117674
0.153394	0.6475	0.116228
0.184073	0.6475	0.11448
0.214751	0.6475	0.112441
0.24543	0.6475	0.110123
0.276109	0.6475	0.107541
0.306788	0.6475	0.10471
0.337467	0.6475	0.101647
0.368145	0.6475	0.0983698
0.398824	0.6475	0.0948959
0.429503	0.6475	0.0912449
0.460182	0.6475	0.0874363
0.49086	0.6475	0.0834902
0.521539	0.6475	0.0794268
0.552218	0.6475	0.0752668
0.582897	0.6475	0.0710308
0.613576	0.6475	0.0667396
0.644254	0.6475	0.0624139
0.674933	0.6475	0.0580743
0.705612	0.6475	0.0537416
0.736291	0.6475	0.0494361
0.766969	0.6475	0.0451782
0.797648	0.6475	0.0409879
0.828327	0.6475	0.0368851
0.859006	0.6475	0.0328894
0.889685	0.6475	0.0290202
0.920363	0.6475	0.0252965
0.951042	0.6475	0.021737
0.981721	0.6475	0.0183601
1.0124	0.6475	0.015184
1.04308	0.6475	0.0122264
1.07376	0.6475	0.00950458
1.10444	0.6475	0.00703562
1.13511	0.6475	0.004836
1.16579	0.6475	0.00292142
1.19647	0.6475	0.00130594
1.22715	0.6475	0
0	0.665	0.120779
0.0315079	0.665	0.120607
0.0630159	0.665	0.120092
0.0945238	0.665	0.119236
0.126032	0.665	0.118047
0.15754	0.665	0.116531
0.189048	0.665	0.114699
0.220556	0.665	0.112564
0.252063	0.665	0.110139
0.283571	0.665	0.107439
0.315079	0.665	0.104483
0.346587	0.665	0.101287
0.378095	0.665	0.0978708
0.409603	0.665	0.094255
0.441111	0.665	0.0904599
0.472619	0.665	0.086507
0.504127	0.665	0.0824179
0.535635	0.665	0.0782147
0.567143	0.665	0.0739197
0.598651	0.665	0.0695552
0.630159	0.665	0.0651437
0.661667	0.665	0.0607076
0.693175	0.665	0.0562693
0.724683	0.665	0.0518508
0.75619	0.665	0.0474744
0.787698	0.665	0.0431616
0.819206	0.665	0.0389343
0.850714	0.665	0.0348136
0.882222	0.665	0.0308205
0.91373	0.665	0.0269759
0.945238	0.665	0.0232999
0.976746	0.665	0.0198128
1.00825	0.665	0.0165339
1.03976	0.665	0.0134827
1.07127	0.665	0.0106779
1.10278	0.665	0.00813816
1.13429	0.665	0.00588143
1.16579	0.665	0.00392518
1.1973	0.665	0.00228549
1.22881	0.665	0.000975253
1.26032	0.665	0
0	0.6825	0.121079
0.0323371	0.6825	0.120899
0.0646742	0.6825	0.120357
0.0970113	0.6825	0.119459
0.129348	0.6825	0.118211
0.161685	0.6825	0.116621
0.194023	0.6825	0.1147
0.22636	0.6825	0.112463
0.258697	0.6825	0.109924
0.291034	0.6825	0.107101
0.323371	0.6825	0.104012
0.355708	0.6825	0.100676
0.388045	0.6825	0.0971152
0.420382	0.6825	0.0933509
0.452719	0.6825	0.0894056
0.485056	0.6825	0.0853027
0.517393	0.6825	0.0810657
0.549731	0.6825	0.0767185
0.582068	0.6825	0.0722851
0.614405	0.6825	0.0677899
0.646742	0.6825	0.0632569
0.679079	0.6825	0.0587104
0.711416	0.6825	0.0541744
0.743753	0.6825	0.0496728
0.77609	0.6825	0.0452292
0.808427	0.6825	0.0408671
0.840764	0.6825	0.0366095
0.873101	0.6825	0.0324794
0.905439	0.6825	0.0284992
0.937776	0.6825	0.0246909
0.970113	0.6825	0.0210764
1.00245	0.6825	0.0176767
1.03479	0.6825	0.0145129
1.06712	0.6825	0.0116055
1.09946	0.6825	0.00897441
1.1318	0.6825	0.00663952
1.16414	0.6825	0.00462012
1.19647	0.6825	0.00293458
1.22881	0.6825	0.00159885
1.26115	0.6825	0.000622556
1.29348	0.6825	0
0	0.7	0.121179
0.0331662	0.7	0.120989
0.0663325	0.7	0.120421
0.0994987	0.7	0.119477
0.132665	0.7	0.118166
0.165831	0.7	0.116496
0.198997	0.7	0.114482
0.232164	0.7	0.112137
0.26533	0.7	0.109477
0.298496	0.7	0.106523
0.331662	0.7	0.103293
0.364829	0.7	0.0998107
0.397995	0.7	0.0960976
0.431161	0.7	0.0921777
0.464327	0.7	0.0880758
0.497494	0.7	0.0838169
0.53066	0.7	0.0794267
0.563826	0.7	0.074931
0.596992	0.7	0.0703558
0.630159	0.7	0.0657273
0.663325	0.7	0.0610715
0.696491	0.7	0.0564145
0.729657	0.7	0.0517821
0.762824	0.7	0.0471999
0.79599	0.7	0.0426934
0.829156	0.7	0.0382875
0.862322	0.7	0.034007
0.895489	0.7	0.0298764
0.928655	0.7	0.0259195
0.961821	0.7	0.02216
0.994987	0.7	0.0186208
1.02815	0.7	0.0153246
1.06132	0.7	0.0122935
1.09449	0.7	0.00954949
1.12765	0.7	0.00711397
1.16082	0.7	0.00500828
1.19398	0.7	0.00325331
1.22715	0.7	0.0018685
1.26032	0.7	0.00086864
1.29348	0.7	0.000255691
1.32665	0.7	0
