0	0	0
0.01	0	0
0.02	0	0
0.03	0	0
0.04	0	0
0.05	0	0
0.06	0	0
0.07	0	0
0.08	0	0
0.09	0	0
0.1	0	0
0.11	0	0
0.12	0	0
0.13	0	0
0.14	0	0
0.15	0	0
0.16	0	0
0.17	0	0
0.18	0	0
0.19	0	0
0.2	0	0
0.21	0	0
0.22	0	0
0.23	0	0
0.24	0	0
0.25	0	0
0.26	0	0
0.27	0	0
0.28	0	0
0.29	0	0
0.3	0	0
0.31	0	0
0.32	0	0
0.33	0	0
0.34	0	0
0.35	0	0
0.36	0	0
0.37	0	0
0.38	0	0
0.39	0	0
0.4	0	0
0	0.0175	0.00875191
0.0105303	0.0175	0.00875046
0.0210607	0.0175	0.00874609
0.031591	0.0175	0.00873878
0.0421213	0.0175	0.00872851
0.0526517	0.0175	0.00871525
0.063182	0.0175	0.00869894
0.0737123	0.0175	0.00867953
0.0842426	0.0175	0.00865694
0.094773	0.0175	0.00863108
0.105303	0.0175	0.00860186
0.115834	0.0175	0.00856915
0.126364	0.0175	0.00853282
0.136894	0.0175	0.00849271
0.147425	0.0175	0.00844864
0.157955	0.0175	0.0084004
0.168485	0.0175	0.00834776
0.179016	0.0175	0.00829042
0.189546	0.0175	0.00822809
0.200076	0.0175	0.00816038
0.210607	0.0175	0.00808686
0.221137	0.0175	0.00800704
0.231667	0.0175	0.00792032
0.242198	0.0175	0.00782598
0.252728	0.0175	0.00772316
0.263258	0.0175	0.00761081
0.273789	0.0175	0.00748763
0.284319	0.0175	0.00735196
0.294849	0.0175	0.00720167
0.30538	0.0175	0.00703393
0.31591	0.0175	0.00684494
0.32644	0.0175	0.00662947
0.336971	0.0175	0.00638012
0.347501	0.0175	0.00608638
0.358031	0.0175	0.00573295
0.368562	0.0175	0.00529749
0.379092	0.0175	0.00474705
0.389622	0.0175	0.00403293
0.400153	0.0175	0.00308307
0.410683	0.0175	0.00179103
0.421213	0.0175	0
0	0.035	0.0172056
0.0110607	0.035	0.0172025
0.0221213	0.035	0.0171928
0.033182	0.035	0.0171768
0.0442426	0.035	0.0171542
0.0553033	0.035	0.0171251
0.066364	0.035	0.0170892
0.0774246	0.035	0.0170464
0.0884853	0.035	0.0169967
0.0995459	0.035	0.0169396
0.110607	0.035	0.0168751
0.121667	0.035	0.0168028
0.132728	0.035	0.0167224
0.143789	0.035	0.0166335
0.154849	0.035	0.0165356
0.16591	0.035	0.0164282
0.176971	0.035	0.0163107
0.188031	0.035	0.0161825
0.199092	0.035	0.0160427
0.210153	0.035	0.0158903
0.221213	0.035	0.0157243
0.232274	0.035	0.0155433
0.243335	0.035	0.0153457
0.254395	0.035	0.0151296
0.265456	0.035	0.0148926
0.276517	0.035	0.0146319
0.287577	0.035	0.0143437
0.298638	0.035	0.0140235
0.309698	0.035	0.0136653
0.320759	0.035	0.0132616
0.33182	0.035	0.0128022
0.34288	0.035	0.0122742
0.353941	0.035	0.0116606
0.365002	0.035	0.0109394
0.376062	0.035	0.010083
0.387123	0.035	0.00905685
0.398184	0.035	0.0078203
0.409244	0.035	0.0063287
0.420305	0.035	0.00453957
0.431366	0.035	0.00242568
0.442426	0.035	0
0	0.0525	0.0253692
0.011591	0.0525	0.025364
0.023182	0.0525	0.0253483
0.034773	0.0525	0.025322
0.046364	0.0525	0.0252851
0.057955	0.0525	0.0252374
0.0695459	0.0525	0.0251786
0.0811369	0.0525	0.0251086
0.0927279	0.0525	0.025027
0.104319	0.0525	0.0249335
0.11591	0.0525	0.0248275
0.127501	0.0525	0.0247086
0.139092	0.0525	0.0245762
0.150683	0.0525	0.0244296
0.162274	0.0525	0.024268
0.173865	0.0525	0.0240904
0.185456	0.0525	0.0238957
0.197047	0.0525	0.0236826
0.208638	0.0525	0.0234497
0.220229	0.0525	0.0231952
0.23182	0.0525	0.022917
0.243411	0.0525	0.0226127
0.255002	0.0525	0.0222791
0.266593	0.0525	0.0219128
0.278184	0.0525	0.0215094
0.289775	0.0525	0.0210634
0.301366	0.0525	0.0205682
0.312957	0.0525	0.0200156
0.324548	0.0525	0.0193955
0.336139	0.0525	0.0186954
0.34773	0.0525	0.0178999
0.359321	0.0525	0.0169907
0.370912	0.0525	0.015946
0.382503	0.0525	0.0147411
0.394094	0.0525	0.0133491
0.405685	0.0525	0.011743
0.417276	0.0525	0.00989831
0.428867	0.0525	0.00779821
0.440458	0.0525	0.00543813
0.452049	0.0525	0.00282995
0.46364	0.0525	0
0	0.07	0.0332504
0.0121213	0.07	0.0332428
0.0242426	0.07	0.0332202
0.036364	0.07	0.0331823
0.0484853	0.07	0.0331291
0.0606066	0.07	0.0330602
0.0727279	0.07	0.0329753
0.0848492	0.07	0.0328742
0.0969706	0.07	0.0327562
0.109092	0.07	0.0326208
0.121213	0.07	0.0324673
0.133335	0.07	0.032295
0.145456	0.07	0.0321029
0.157577	0.07	0.0318898
0.169698	0.07	0.0316546
0.18182	0.07	0.0313958
0.193941	0.07	0.0311116
0.206062	0.07	0.0308
0.218184	0.07	0.0304587
0.230305	0.07	0.030085
0.242426	0.07	0.0296755
0.254548	0.07	0.0292264
0.266669	0.07	0.0287331
0.27879	0.07	0.0281901
0.290912	0.07	0.0275907
0.303033	0.07	0.026927
0.315154	0.07	0.0261897
0.327276	0.07	0.0253674
0.339397	0.07	0.024447
0.351518	0.07	0.0234131
0.36364	0.07	0.0222485
0.375761	0.07	0.0209342
0.387882	0.07	0.0194503
0.400004	0.07	0.0177769
0.412125	0.07	0.0158964
0.424246	0.07	0.0137952
0.436368	0.07	0.011466
0.448489	0.07	0.00890966
0.46061	0.07	0.0061356
0.472731	0.07	0.00315964
0.484853	0.07	0
0	0.0875	0.0408568
0.0126517	0.0875	0.0408467
0.0253033	0.0875	0.0408163
0.037955	0.0875	0.0407654
0.0506066	0.0875	0.0406938
0.0632583	0.0875	0.0406013
0.0759099	0.0875	0.0404872
0.0885616	0.0875	0.0403511
0.101213	0.0875	0.0401924
0.113865	0.0875	0.0400101
0.126517	0.0875	0.0398033
0.139168	0.0875	0.0395709
0.15182	0.0875	0.0393115
0.164471	0.0875	0.0390237
0.177123	0.0875	0.0387056
0.189775	0.0875	0.0383551
0.202426	0.0875	0.0379698
0.215078	0.0875	0.0375468
0.22773	0.0875	0.0370829
0.240381	0.0875	0.0365743
0.253033	0.0875	0.0360162
0.265685	0.0875	0.0354035
0.278336	0.0875	0.0347299
0.290988	0.0875	0.0339882
0.30364	0.0875	0.0331696
0.316291	0.0875	0.0322645
0.328943	0.0875	0.0312614
0.341595	0.0875	0.0301474
0.354246	0.0875	0.0289084
0.366898	0.0875	0.027529
0.37955	0.0875	0.0259932
0.392201	0.0875	0.0242853
0.404853	0.0875	0.0223906
0.417504	0.0875	0.0202971
0.430156	0.0875	0.0179965
0.442808	0.0875	0.0154857
0.455459	0.0875	0.0127666
0.468111	0.0875	0.00984667
0.480763	0.0875	0.00673704
0.493414	0.0875	0.00345058
0.506066	0.0875	0
0	0.105	0.0481958
0.013182	0.105	0.0481829
0.026364	0.105	0.0481439
0.0395459	0.105	0.0480787
0.0527279	0.105	0.047987
0.0659099	0.105	0.0478684
0.0790919	0.105	0.0477221
0.0922739	0.105	0.0475476
0.105456	0.105	0.0473439
0.118638	0.105	0.0471099
0.13182	0.105	0.0468443
0.145002	0.105	0.0465457
0.158184	0.105	0.0462122
0.171366	0.105	0.0458418
0.184548	0.105	0.0454321
0.19773	0.105	0.0449805
0.210912	0.105	0.0444836
0.224094	0.105	0.0439378
0.237276	0.105	0.0433389
0.250458	0.105	0.0426818
0.26364	0.105	0.0419608
0.276822	0.105	0.0411693
0.290004	0.105	0.0402997
0.303186	0.105	0.0393434
0.316368	0.105	0.0382904
0.32955	0.105	0.0371299
0.342731	0.105	0.0358499
0.355913	0.105	0.0344373
0.369095	0.105	0.032879
0.382277	0.105	0.0311614
0.395459	0.105	0.0292719
0.408641	0.105	0.0271994
0.421823	0.105	0.0249352
0.435005	0.105	0.0224738
0.448187	0.105	0.0198136
0.461369	0.105	0.016957
0.474551	0.105	0.0139096
0.487733	0.105	0.0106802
0.500915	0.105	0.00727865
0.514097	0.105	0.00371528
0.527279	0.105	0
0	0.1225	0.0552744
0.0137123	0.1225	0.0552583
0.0274246	0.1225	0.0552101
0.0411369	0.1225	0.0551294
0.0548492	0.1225	0.0550158
0.0685616	0.1225	0.0548689
0.0822739	0.1225	0.0546877
0.0959862	0.1225	0.0544715
0.109698	0.1225	0.054219
0.123411	0.1225	0.0539289
0.137123	0.1225	0.0535995
0.150835	0.1225	0.053229
0.164548	0.1225	0.052815
0.17826	0.1225	0.0523552
0.191972	0.1225	0.0518464
0.205685	0.1225	0.0512852
0.219397	0.1225	0.0506678
0.233109	0.1225	0.0499896
0.246822	0.1225	0.0492453
0.260534	0.1225	0.0484291
0.274246	0.1225	0.0475343
0.287959	0.1225	0.0465531
0.301671	0.1225	0.0454772
0.315383	0.1225	0.0442969
0.329095	0.1225	0.043002
0.342808	0.1225	0.0415815
0.35652	0.1225	0.0400237
0.370232	0.1225	0.038317
0.383945	0.1225	0.03645
0.397657	0.1225	0.0344123
0.411369	0.1225	0.032195
0.425082	0.1225	0.0297914
0.438794	0.1225	0.0271977
0.452506	0.1225	0.0244128
0.466219	0.1225	0.021439
0.479931	0.1225	0.0182809
0.493643	0.1225	0.0149456
0.507355	0.1225	0.0114411
0.521068	0.1225	0.0077762
0.53478	0.1225	0.0039597
0.548492	0.1225	0
0	0.14	0.0620991
0.0142426	0.14	0.0620798
0.0284853	0.14	0.0620216
0.0427279	0.14	0.0619242
0.0569706	0.14	0.0617872
0.0712132	0.14	0.0616099
0.0854558	0.14	0.0613914
0.0996985	0.14	0.0611305
0.113941	0.14	0.0608257
0.128184	0.14	0.0604755
0.142426	0.14	0.0600779
0.156669	0.14	0.0596305
0.170912	0.14	0.0591307
0.185154	0.14	0.0585753
0.199397	0.14	0.0579609
0.21364	0.14	0.0572833
0.227882	0.14	0.056538
0.242125	0.14	0.0557197
0.256368	0.14	0.0548224
0.27061	0.14	0.0538394
0.284853	0.14	0.0527633
0.299095	0.14	0.0515859
0.313338	0.14	0.0502981
0.327581	0.14	0.0488904
0.341823	0.14	0.0473526
0.356066	0.14	0.0456743
0.370309	0.14	0.0438453
0.384551	0.14	0.0418556
0.398794	0.14	0.0396966
0.413037	0.14	0.0373607
0.427279	0.14	0.0348426
0.441522	0.14	0.0321392
0.455765	0.14	0.0292498
0.470007	0.14	0.0261763
0.48425	0.14	0.0229227
0.498492	0.14	0.0194948
0.512735	0.14	0.0158996
0.526978	0.14	0.0121446
0.54122	0.14	0.00823786
0.555463	0.14	0.00418712
0.569706	0.14	0
0	0.1575	0.0686762
0.014773	0.1575	0.0686533
0.0295459	0.1575	0.0685845
0.0443189	0.1575	0.0684696
0.0590919	0.1575	0.0683078
0.0738649	0.1575	0.0680983
0.0886378	0.1575	0.0678401
0.103411	0.1575	0.0675319
0.118184	0.1575	0.0671718
0.132957	0.1575	0.0667581
0.14773	0.1575	0.0662883
0.162503	0.1575	0.0657598
0.177276	0.1575	0.0651694
0.192049	0.1575	0.0645135
0.206822	0.1575	0.0637882
0.221595	0.1575	0.0629887
0.236368	0.1575	0.0621099
0.251141	0.1575	0.0611459
0.265913	0.1575	0.0600901
0.280686	0.1575	0.0589355
0.295459	0.1575	0.0576741
0.310232	0.1575	0.0562976
0.325005	0.1575	0.0547968
0.339778	0.1575	0.0531627
0.354551	0.1575	0.0513857
0.369324	0.1575	0.0494567
0.384097	0.1575	0.047367
0.39887	0.1575	0.0451089
0.413643	0.1575	0.0426762
0.428416	0.1575	0.0400641
0.443189	0.1575	0.0372701
0.457962	0.1575	0.0342935
0.472735	0.1575	0.031136
0.487508	0.1575	0.0278009
0.502281	0.1575	0.0242933
0.517054	0.1575	0.0206192
0.531827	0.1575	0.0167855
0.5466	0.1575	0.0127994
0.561373	0.1575	0.0086683
0.576146	0.1575	0.00439945
0.590919	0.1575	0
0	0.175	0.0750113
0.0153033	0.175	0.0749847
0.0306066	0.175	0.0749049
0.0459099	0.175	0.0747714
0.0612132	0.175	0.0745835
0.0765165	0.175	0.0743403
0.0918198	0.175	0.0740405
0.107123	0.175	0.0736826
0.122426	0.175	0.0732646
0.13773	0.175	0.0727844
0.153033	0.175	0.0722392
0.168336	0.175	0.0716259
0.18364	0.175	0.0709412
0.198943	0.175	0.0701809
0.214246	0.175	0.0693405
0.22955	0.175	0.068415
0.244853	0.175	0.0673987
0.260156	0.175	0.0662853
0.275459	0.175	0.065068
0.290763	0.175	0.0637394
0.306066	0.175	0.0622914
0.321369	0.175	0.0607158
0.336673	0.175	0.0590041
0.351976	0.175	0.0571477
0.367279	0.175	0.0551383
0.382583	0.175	0.0529682
0.397886	0.175	0.0506304
0.413189	0.175	0.0481194
0.428492	0.175	0.045431
0.443796	0.175	0.0425629
0.459099	0.175	0.0395145
0.474402	0.175	0.0362872
0.489706	0.175	0.0328838
0.505009	0.175	0.0293086
0.520312	0.175	0.0255673
0.535616	0.175	0.0216659
0.550919	0.175	0.0176113
0.566222	0.175	0.0134104
0.581525	0.175	0.00907023
0.596829	0.175	0.00459781
0.612132	0.175	0
0	0.1925	0.0811098
0.0158336	0.1925	0.0810793
0.0316673	0.1925	0.0809879
0.0475009	0.1925	0.0808351
0.0633345	0.1925	0.08062
0.0791682	0.1925	0.0803417
0.0950018	0.1925	0.0799987
0.110835	0.1925	0.0795891
0.126669	0.1925	0.079111
0.142503	0.1925	0.0785618
0.158336	0.1925	0.0779384
0.17417	0.1925	0.0772377
0.190004	0.1925	0.0764556
0.205837	0.1925	0.0755878
0.221671	0.1925	0.0746295
0.237504	0.1925	0.0735751
0.253338	0.1925	0.0724188
0.269172	0.1925	0.0711541
0.285005	0.1925	0.0697739
0.300839	0.1925	0.0682708
0.316673	0.1925	0.0666372
0.332506	0.1925	0.0648651
0.34834	0.1925	0.0629466
0.364174	0.1925	0.0608742
0.380007	0.1925	0.0586408
0.395841	0.1925	0.0562402
0.411674	0.1925	0.0536673
0.427508	0.1925	0.0509183
0.443342	0.1925	0.047991
0.459175	0.1925	0.0448848
0.475009	0.1925	0.0416007
0.490843	0.1925	0.0381413
0.506676	0.1925	0.0345103
0.52251	0.1925	0.0307129
0.538343	0.1925	0.0267547
0.554177	0.1925	0.0226421
0.570011	0.1925	0.0183817
0.585844	0.1925	0.0139804
0.601678	0.1925	0.00944516
0.617512	0.1925	0.00478277
0.633345	0.1925	0
0	0.21	0.0869764
0.016364	0.21	0.086942
0.0327279	0.21	0.0868386
0.0490919	0.21	0.0866658
0.0654558	0.21	0.0864226
0.0818198	0.21	0.086108
0.0981838	0.21	0.0857202
0.114548	0.21	0.0852575
0.130912	0.21	0.0847173
0.147276	0.21	0.0840971
0.16364	0.21	0.0833935
0.180004	0.21	0.082603
0.196368	0.21	0.0817213
0.212731	0.21	0.0807439
0.229095	0.21	0.0796656
0.245459	0.21	0.0784807
0.261823	0.21	0.0771832
0.278187	0.21	0.0757665
0.294551	0.21	0.0742237
0.310915	0.21	0.0725475
0.327279	0.21	0.0707306
0.343643	0.21	0.0687659
0.360007	0.21	0.0666462
0.376371	0.21	0.0643652
0.392735	0.21	0.061917
0.409099	0.21	0.059297
0.425463	0.21	0.0565015
0.441827	0.21	0.0535286
0.458191	0.21	0.0503773
0.474555	0.21	0.0470487
0.490919	0.21	0.0435449
0.507283	0.21	0.0398693
0.523647	0.21	0.0360265
0.540011	0.21	0.0320219
0.556375	0.21	0.0278615
0.572739	0.21	0.0235517
0.589103	0.21	0.0190992
0.605467	0.21	0.014511
0.621831	0.21	0.00979383
0.638194	0.21	0.00495458
0.654558	0.21	0
0	0.2275	0.0926155
0.0168943	0.2275	0.092577
0.0337886	0.2275	0.0924614
0.0506829	0.2275	0.092268
0.0675772	0.2275	0.091996
0.0844715	0.2275	0.091644
0.101366	0.2275	0.0912104
0.11826	0.2275	0.090693
0.135154	0.2275	0.0900894
0.152049	0.2275	0.0893966
0.168943	0.2275	0.0886111
0.185837	0.2275	0.0877292
0.202731	0.2275	0.0867464
0.219626	0.2275	0.085658
0.23652	0.2275	0.0844586
0.253414	0.2275	0.0831425
0.270309	0.2275	0.0817036
0.287203	0.2275	0.0801354
0.304097	0.2275	0.0784312
0.320992	0.2275	0.0765843
0.337886	0.2275	0.0745878
0.35478	0.2275	0.0724354
0.371674	0.2275	0.0701209
0.388569	0.2275	0.067639
0.405463	0.2275	0.0649854
0.422357	0.2275	0.0621565
0.439252	0.2275	0.0591503
0.456146	0.2275	0.0559661
0.47304	0.2275	0.0526044
0.489934	0.2275	0.0490672
0.506829	0.2275	0.0453576
0.523723	0.2275	0.0414798
0.540617	0.2275	0.0374388
0.557512	0.2275	0.0332404
0.574406	0.2275	0.028891
0.5913	0.2275	0.024397
0.608194	0.2275	0.0197652
0.625089	0.2275	0.0150027
0.641983	0.2275	0.0101164
0.658877	0.2275	0.00511323
0.675772	0.2275	0
0	0.245	0.0980312
0.0174246	0.245	0.0979885
0.0348492	0.245	0.0978602
0.0522739	0.245	0.0976458
0.0696985	0.245	0.0973442
0.0871231	0.245	0.0969541
0.104548	0.245	0.0964737
0.121972	0.245	0.0959007
0.139397	0.245	0.0952325
0.156822	0.245	0.0944659
0.174246	0.245	0.0935973
0.191671	0.245	0.0926229
0.209095	0.245	0.091538
0.22652	0.245	0.0903378
0.243945	0.245	0.0890169
0.261369	0.245	0.0875696
0.278794	0.245	0.0859899
0.296219	0.245	0.0842715
0.313643	0.245	0.0824082
0.331068	0.245	0.0803937
0.348492	0.245	0.078222
0.365917	0.245	0.0758872
0.383342	0.245	0.0733846
0.400766	0.245	0.0707098
0.418191	0.245	0.0678596
0.435616	0.245	0.0648319
0.45304	0.245	0.061626
0.470465	0.245	0.0582421
0.487889	0.245	0.054682
0.505314	0.245	0.0509485
0.522739	0.245	0.0470455
0.540163	0.245	0.0429779
0.557588	0.245	0.0387511
0.575012	0.245	0.0343712
0.592437	0.245	0.0298448
0.609862	0.245	0.0251788
0.627286	0.245	0.02038
0.644711	0.245	0.0154556
0.662136	0.245	0.0104128
0.67956	0.245	0.00525854
0.696985	0.245	0
0	0.2625	0.103227
0.017955	0.2625	0.10318
0.0359099	0.2625	0.103039
0.0538649	0.2625	0.102803
0.0718198	0.2625	0.102471
0.0897748	0.2625	0.102042
0.10773	0.2625	0.101514
0.125685	0.2625	0.100885
0.14364	0.2625	0.100151
0.161595	0.2625	0.0993099
0.17955	0.2625	0.0983575
0.197504	0.2625	0.0972898
0.215459	0.2625	0.0961023
0.233414	0.2625	0.0947901
0.251369	0.2625	0.0933478
0.269324	0.2625	0.09177
0.287279	0.2625	0.0900507
0.305234	0.2625	0.0881842
0.323189	0.2625	0.0861645
0.341144	0.2625	0.0839861
0.359099	0.2625	0.0816436
0.377054	0.2625	0.0791322
0.395009	0.2625	0.0764481
0.412964	0.2625	0.073588
0.430919	0.2625	0.0705499
0.448874	0.2625	0.0673328
0.466829	0.2625	0.063937
0.484784	0.2625	0.060364
0.502739	0.2625	0.0566164
0.520694	0.2625	0.0526977
0.538649	0.2625	0.0486126
0.556603	0.2625	0.0443664
0.574558	0.2625	0.0399651
0.592513	0.2625	0.0354152
0.610468	0.2625	0.0307234
0.628423	0.2625	0.025897
0.646378	0.2625	0.0209431
0.664333	0.2625	0.015869
0.682288	0.2625	0.0106823
0.700243	0.2625	0.00539016
0.718198	0.2625	0
0	0.28	0.108205
0.0184853	0.28	0.108154
0.0369706	0.28	0.108
0.0554558	0.28	0.107742
0.0739411	0.28	0.10738
0.0924264	0.28	0.106912
0.110912	0.28	0.106336
0.129397	0.28	0.105649
0.147882	0.28	0.104849
0.166368	0.28	0.103933
0.184853	0.28	0.102896
0.203338	0.28	0.101735
0.221823	0.28	0.100445
0.240309	0.28	0.0990207
0.258794	0.28	0.0974577
0.277279	0.28	0.0957504
0.295765	0.28	0.0938932
0.31425	0.28	0.0918808
0.332735	0.28	0.0897078
0.35122	0.28	0.0873693
0.369706	0.28	0.0848608
0.388191	0.28	0.0821785
0.406676	0.28	0.0793194
0.425161	0.28	0.0762813
0.443647	0.28	0.0730633
0.462132	0.28	0.0696655
0.480617	0.28	0.0660891
0.499103	0.28	0.0623366
0.517588	0.28	0.0584113
0.536073	0.28	0.0543176
0.554558	0.28	0.0500607
0.573044	0.28	0.0456464
0.591529	0.28	0.0410813
0.610014	0.28	0.0363721
0.6285	0.28	0.0315261
0.646985	0.28	0.0265507
0.66547	0.28	0.0214535
0.683955	0.28	0.0162421
0.702441	0.28	0.0109242
0.720926	0.28	0.00550763
0.739411	0.28	0
0	0.2975	0.11297
0.0190156	0.2975	0.112914
0.0380312	0.2975	0.112747
0.0570468	0.2975	0.112467
0.0760624	0.2975	0.112074
0.0950781	0.2975	0.111567
0.114094	0.2975	0.110942
0.133109	0.2975	0.110198
0.152125	0.2975	0.109331
0.171141	0.2975	0.108339
0.190156	0.2975	0.107218
0.209172	0.2975	0.105963
0.228187	0.2975	0.10457
0.247203	0.2975	0.103035
0.266219	0.2975	0.101352
0.285234	0.2975	0.0995163
0.30425	0.2975	0.0975231
0.323265	0.2975	0.0953674
0.342281	0.2975	0.0930443
0.361297	0.2975	0.0905498
0.380312	0.2975	0.0878801
0.399328	0.2975	0.0850322
0.418343	0.2975	0.0820043
0.437359	0.2975	0.0787951
0.456375	0.2975	0.0754046
0.47539	0.2975	0.0718341
0.494406	0.2975	0.0680856
0.513422	0.2975	0.0641623
0.532437	0.2975	0.0600685
0.551453	0.2975	0.0558092
0.570468	0.2975	0.0513901
0.589484	0.2975	0.0468177
0.6085	0.2975	0.0420989
0.627515	0.2975	0.037241
0.646531	0.2975	0.0322516
0.665546	0.2975	0.0271385
0.684562	0.2975	0.0219098
0.703578	0.2975	0.0165734
0.722593	0.2975	0.0111376
0.741609	0.2975	0.00561038
0.760624	0.2975	0
0	0.315	0.117522
0.0195459	0.315	0.117462
0.0390919	0.315	0.117282
0.0586378	0.315	0.11698
0.0781838	0.315	0.116556
0.0977297	0.315	0.116008
0.117276	0.315	0.115334
0.136822	0.315	0.114532
0.156368	0.315	0.113599
0.175913	0.315	0.112531
0.195459	0.315	0.111325
0.215005	0.315	0.109977
0.234551	0.315	0.108482
0.254097	0.315	0.106836
0.273643	0.315	0.105034
0.293189	0.315	0.103072
0.312735	0.315	0.100945
0.332281	0.315	0.0986486
0.351827	0.315	0.0961788
0.371373	0.315	0.0935321
0.390919	0.315	0.0907057
0.410465	0.315	0.0876976
0.430011	0.315	0.0845066
0.449557	0.315	0.0811327
0.469103	0.315	0.0775768
0.488649	0.315	0.0738409
0.508194	0.315	0.0699281
0.52774	0.315	0.0658423
0.547286	0.315	0.0615885
0.566832	0.315	0.0571723
0.586378	0.315	0.0526002
0.605924	0.315	0.0478791
0.62547	0.315	0.0430164
0.645016	0.315	0.03802
0.664562	0.315	0.0328979
0.684108	0.315	0.0276585
0.703654	0.315	0.0223102
0.7232	0.315	0.0168615
0.742746	0.315	0.0113212
0.762292	0.315	0.00569776
0.781838	0.315	0
0	0.3325	0.121865
0.0200763	0.3325	0.121801
0.0401525	0.3325	0.121607
0.0602288	0.3325	0.121283
0.0803051	0.3325	0.120827
0.100381	0.3325	0.120239
0.120458	0.3325	0.119516
0.140534	0.3325	0.118656
0.16061	0.3325	0.117656
0.180686	0.3325	0.116512
0.200763	0.3325	0.115221
0.220839	0.3325	0.11378
0.240915	0.3325	0.112183
0.260992	0.3325	0.110427
0.281068	0.3325	0.108508
0.301144	0.3325	0.106421
0.32122	0.3325	0.104162
0.341297	0.3325	0.101728
0.361373	0.3325	0.0991145
0.381449	0.3325	0.0963195
0.401525	0.3325	0.0933407
0.421602	0.3325	0.0901772
0.441678	0.3325	0.0868288
0.461754	0.3325	0.0832961
0.481831	0.3325	0.0795812
0.501907	0.3325	0.0756868
0.521983	0.3325	0.0716169
0.542059	0.3325	0.0673761
0.562136	0.3325	0.0629702
0.582212	0.3325	0.0584055
0.602288	0.3325	0.053689
0.622364	0.3325	0.0488283
0.642441	0.3325	0.0438314
0.662517	0.3325	0.0387066
0.682593	0.3325	0.0334626
0.70267	0.3325	0.0281082
0.722746	0.3325	0.0226525
0.742822	0.3325	0.0171045
0.762898	0.3325	0.0114736
0.782975	0.3325	0.005769
0.803051	0.3325	0
0	0.35	0.126
0.0206066	0.35	0.125931
0.0412132	0.35	0.125724
0.0618198	0.35	0.125377
0.0824264	0.35	0.12489
0.103033	0.35	0.124262
0.12364	0.35	0.123489
0.144246	0.35	0.122571
0.164853	0.35	0.121503
0.185459	0.35	0.120284
0.206066	0.35	0.118909
0.226673	0.35	0.117374
0.247279	0.35	0.115677
0.267886	0.35	0.113812
0.288492	0.35	0.111777
0.309099	0.35	0.109566
0.329706	0.35	0.107178
0.350312	0.35	0.104608
0.370919	0.35	0.101854
0.391525	0.35	0.098914
0.412132	0.35	0.0957871
0.432739	0.35	0.0924727
0.453345	0.35	0.0889718
0.473952	0.35	0.0852859
0.494558	0.35	0.0814179
0.515165	0.35	0.0773713
0.535772	0.35	0.073151
0.556378	0.35	0.0687624
0.576985	0.35	0.0642119
0.597591	0.35	0.0595066
0.618198	0.35	0.0546541
0.638805	0.35	0.0496627
0.659411	0.35	0.0445409
0.680018	0.35	0.0392978
0.700624	0.35	0.0339426
0.721231	0.35	0.0284848
0.741838	0.35	0.0229342
0.762444	0.35	0.0173004
0.783051	0.35	0.0115934
0.803657	0.35	0.00582326
0.824264	0.35	0
0	0.3675	0.129929
0.0211369	0.3675	0.129855
0.0422739	0.3675	0.129634
0.0634108	0.3675	0.129265
0.0845477	0.3675	0.128746
0.105685	0.3675	0.128077
0.126822	0.3675	0.127255
0.147959	0.3675	0.126279
0.169095	0.3675	0.125144
0.190232	0.3675	0.123848
0.211369	0.3675	0.122389
0.232506	0.3675	0.120762
0.253643	0.3675	0.118964
0.27478	0.3675	0.116992
0.295917	0.3675	0.114841
0.317054	0.3675	0.112509
0.338191	0.3675	0.109993
0.359328	0.3675	0.10729
0.380465	0.3675	0.104398
0.401602	0.3675	0.101317
0.422739	0.3675	0.0980454
0.443876	0.3675	0.0945845
0.465012	0.3675	0.0909357
0.486149	0.3675	0.0871017
0.507286	0.3675	0.0830859
0.528423	0.3675	0.0788931
0.54956	0.3675	0.0745286
0.570697	0.3675	0.0699988
0.591834	0.3675	0.0653109
0.612971	0.3675	0.0604725
0.634108	0.3675	0.0554922
0.655245	0.3675	0.0503787
0.676382	0.3675	0.0451415
0.697519	0.3675	0.0397901
0.718656	0.3675	0.0343346
0.739793	0.3675	0.0287853
0.76093	0.3675	0.0231524
0.782066	0.3675	0.0174467
0.803203	0.3675	0.0116788
0.82434	0.3675	0.0058596
0.845477	0.3675	0
0	0.385	0.133652
0.0216673	0.385	0.133574
0.0433345	0.385	0.133339
0.0650018	0.385	0.132947
0.086669	0.385	0.132397
0.108336	0.385	0.131687
0.130004	0.385	0.130816
0.151671	0.385	0.12978
0.173338	0.385	0.128578
0.195005	0.385	0.127207
0.216673	0.385	0.125664
0.23834	0.385	0.123945
0.260007	0.385	0.122047
0.281674	0.385	0.119968
0.303342	0.385	0.117703
0.325009	0.385	0.115251
0.346676	0.385	0.112609
0.368343	0.385	0.109775
0.390011	0.385	0.106748
0.411678	0.385	0.103528
0.433345	0.385	0.100116
0.455012	0.385	0.096512
0.47668	0.385	0.0927196
0.498347	0.385	0.088742
0.520014	0.385	0.0845836
0.541682	0.385	0.0802499
0.563349	0.385	0.0757471
0.585016	0.385	0.0710825
0.606683	0.385	0.0662638
0.628351	0.385	0.0612998
0.650018	0.385	0.0561994
0.671685	0.385	0.0509725
0.693352	0.385	0.045629
0.71502	0.385	0.0401796
0.736687	0.385	0.0346348
0.758354	0.385	0.0290059
0.780021	0.385	0.0233041
0.801689	0.385	0.0175409
0.823356	0.385	0.0117279
0.845023	0.385	0.00587698
0.86669	0.385	0
0	0.4025	0.137171
0.0221976	0.4025	0.137088
0.0443952	0.4025	0.13684
0.0665928	0.4025	0.136425
0.0887904	0.4025	0.135843
0.110988	0.4025	0.135092
0.133186	0.4025	0.134171
0.155383	0.4025	0.133077
0.177581	0.4025	0.131808
0.199778	0.4025	0.130361
0.221976	0.4025	0.128734
0.244174	0.4025	0.126923
0.266371	0.4025	0.124926
0.288569	0.4025	0.12274
0.310766	0.4025	0.120363
0.332964	0.4025	0.117792
0.355161	0.4025	0.115025
0.377359	0.4025	0.112063
0.399557	0.4025	0.108903
0.421754	0.4025	0.105548
0.443952	0.4025	0.101997
0.466149	0.4025	0.0982539
0.488347	0.4025	0.0943218
0.510545	0.4025	0.0902048
0.532742	0.4025	0.0859084
0.55494	0.4025	0.0814388
0.577137	0.4025	0.0768032
0.599335	0.4025	0.0720097
0.621533	0.4025	0.0670668
0.64373	0.4025	0.0619841
0.665928	0.4025	0.0567715
0.688125	0.4025	0.0514395
0.710323	0.4025	0.0459991
0.732521	0.4025	0.0404617
0.754718	0.4025	0.034839
0.776916	0.4025	0.0291429
0.799113	0.4025	0.0233858
0.821311	0.4025	0.0175802
0.843508	0.4025	0.0117387
0.865706	0.4025	0.00587426
0.887904	0.4025	0
0	0.42	0.140487
0.0227279	0.42	0.140399
0.0454558	0.42	0.140137
0.0681838	0.42	0.1397
0.0909117	0.42	0.139086
0.11364	0.42	0.138294
0.136368	0.42	0.137323
0.159095	0.42	0.13617
0.181823	0.42	0.134834
0.204551	0.42	0.133311
0.227279	0.42	0.1316
0.250007	0.42	0.129698
0.272735	0.42	0.127602
0.295463	0.42	0.125311
0.318191	0.42	0.122821
0.340919	0.42	0.120132
0.363647	0.42	0.117243
0.386375	0.42	0.114153
0.409103	0.42	0.110863
0.431831	0.42	0.107374
0.454558	0.42	0.103688
0.477286	0.42	0.0998085
0.500014	0.42	0.0957399
0.522742	0.42	0.0914874
0.54547	0.42	0.0870571
0.568198	0.42	0.0824563
0.590926	0.42	0.077693
0.613654	0.42	0.0727761
0.636382	0.42	0.0677152
0.65911	0.42	0.0625206
0.681838	0.42	0.0572033
0.704566	0.42	0.0517747
0.727294	0.42	0.0462467
0.750021	0.42	0.0406318
0.772749	0.42	0.0349425
0.795477	0.42	0.029192
0.818205	0.42	0.0233938
0.840933	0.42	0.0175614
0.863661	0.42	0.0117088
0.886389	0.42	0.00585019
0.909117	0.42	0
0	0.4375	0.1436
0.0232583	0.4375	0.143508
0.0465165	0.4375	0.143232
0.0697748	0.4375	0.142771
0.093033	0.4375	0.142125
0.116291	0.4375	0.141292
0.13955	0.4375	0.140271
0.162808	0.4375	0.139059
0.186066	0.4375	0.137656
0.209324	0.4375	0.136058
0.232583	0.4375	0.134263
0.255841	0.4375	0.132269
0.279099	0.4375	0.130075
0.302357	0.4375	0.127678
0.325616	0.4375	0.125077
0.348874	0.4375	0.122272
0.372132	0.4375	0.119261
0.39539	0.4375	0.116045
0.418649	0.4375	0.112626
0.441907	0.4375	0.109005
0.465165	0.4375	0.105186
0.488423	0.4375	0.101173
0.511682	0.4375	0.0969712
0.53494	0.4375	0.0925864
0.558198	0.4375	0.0880261
0.581456	0.4375	0.0832983
0.604715	0.4375	0.0784119
0.627973	0.4375	0.073377
0.651231	0.4375	0.068204
0.674489	0.4375	0.0629042
0.697748	0.4375	0.0574896
0.721006	0.4375	0.0519727
0.744264	0.4375	0.0463664
0.767522	0.4375	0.0406843
0.790781	0.4375	0.0349402
0.814039	0.4375	0.0291485
0.837297	0.4375	0.0233238
0.860555	0.4375	0.0174811
0.883814	0.4375	0.0116357
0.907072	0.4375	0.0058034
0.93033	0.4375	0
0	0.455	0.146511
0.0237886	0.455	0.146414
0.0475772	0.455	0.146125
0.0713657	0.455	0.145641
0.0951543	0.455	0.144962
0.118943	0.455	0.144088
0.142731	0.455	0.143016
0.16652	0.455	0.141746
0.190309	0.455	0.140274
0.214097	0.455	0.1386
0.237886	0.455	0.136722
0.261674	0.455	0.134637
0.285463	0.455	0.132344
0.309252	0.455	0.129843
0.33304	0.455	0.127131
0.356829	0.455	0.124209
0.380617	0.455	0.121077
0.404406	0.455	0.117737
0.428194	0.455	0.11419
0.451983	0.455	0.110439
0.475772	0.455	0.106489
0.49956	0.455	0.102345
0.523349	0.455	0.0980121
0.547137	0.455	0.0934981
0.570926	0.455	0.0888111
0.594715	0.455	0.08396
0.618503	0.455	0.0789551
0.642292	0.455	0.073807
0.66608	0.455	0.0685275
0.689869	0.455	0.063129
0.713657	0.455	0.0576244
0.737446	0.455	0.0520274
0.761235	0.455	0.0463522
0.785023	0.455	0.0406136
0.808812	0.455	0.0348268
0.8326	0.455	0.0290073
0.856389	0.455	0.0231714
0.880178	0.455	0.0173356
0.903966	0.455	0.0115168
0.927755	0.455	0.00573237
0.951543	0.455	0
0	0.4725	0.149221
0.0243189	0.4725	0.149119
0.0486378	0.4725	0.148815
0.0729567	0.4725	0.148308
0.0972756	0.4725	0.147597
0.121595	0.4725	0.146681
0.145913	0.4725	0.145559
0.170232	0.4725	0.144229
0.194551	0.4725	0.14269
0.21887	0.4725	0.14094
0.243189	0.4725	0.138977
0.267508	0.4725	0.136801
0.291827	0.4725	0.13441
0.316146	0.4725	0.131803
0.340465	0.4725	0.128981
0.364784	0.4725	0.125943
0.389103	0.4725	0.122691
0.413422	0.4725	0.119227
0.43774	0.4725	0.115553
0.462059	0.4725	0.111674
0.486378	0.4725	0.107594
0.510697	0.4725	0.10332
0.535016	0.4725	0.0988588
0.559335	0.4725	0.0942181
0.583654	0.4725	0.0894073
0.607973	0.4725	0.0844365
0.632292	0.4725	0.0793169
0.656611	0.4725	0.0740604
0.68093	0.4725	0.0686798
0.705248	0.4725	0.0631886
0.729567	0.4725	0.0576012
0.753886	0.4725	0.0519324
0.778205	0.4725	0.0461977
0.802524	0.4725	0.0404134
0.826843	0.4725	0.034596
0.851162	0.4725	0.0287629
0.875481	0.4725	0.0229317
0.8998	0.4725	0.0171209
0.924119	0.4725	0.011349
0.948438	0.4725	0.00563545
0.972756	0.4725	0
0	0.49	0.151729
0.0248492	0.49	0.151623
0.0496985	0.49	0.151305
0.0745477	0.49	0.150774
0.099397	0.49	0.150031
0.124246	0.49	0.149073
0.149095	0.49	0.1479
0.173945	0.49	0.14651
0.198794	0.49	0.144902
0.223643	0.49	0.143076
0.248492	0.49	0.141029
0.273342	0.49	0.138761
0.298191	0.49	0.136271
0.32304	0.49	0.133559
0.347889	0.49	0.130626
0.372739	0.49	0.127473
0.397588	0.49	0.1241
0.422437	0.49	0.120513
0.447286	0.49	0.116713
0.472136	0.49	0.112706
0.496985	0.49	0.108498
0.521834	0.49	0.104096
0.546683	0.49	0.0995071
0.571533	0.49	0.0947417
0.596382	0.49	0.0898096
0.621231	0.49	0.0847221
0.64608	0.49	0.0794915
0.67093	0.49	0.0741308
0.695779	0.49	0.0686542
0.720628	0.49	0.0630764
0.745477	0.49	0.0574131
0.770327	0.49	0.0516806
0.795176	0.49	0.0458959
0.820025	0.49	0.0400768
0.844874	0.49	0.0342416
0.869723	0.49	0.0284092
0.894573	0.49	0.0225994
0.919422	0.49	0.0168323
0.944271	0.49	0.0111289
0.96912	0.49	0.00551078
0.99397	0.49	0
0	0.5075	0.154036
0.0253796	0.5075	0.153926
0.0507591	0.5075	0.153593
0.0761387	0.5075	0.153039
0.101518	0.5075	0.152262
0.126898	0.5075	0.151262
0.152277	0.5075	0.150037
0.177657	0.5075	0.148588
0.203037	0.5075	0.146911
0.228416	0.5075	0.145008
0.253796	0.5075	0.142876
0.279175	0.5075	0.140516
0.304555	0.5075	0.137927
0.329934	0.5075	0.13511
0.355314	0.5075	0.132066
0.380694	0.5075	0.128796
0.406073	0.5075	0.125303
0.431453	0.5075	0.121592
0.456832	0.5075	0.117666
0.482212	0.5075	0.113532
0.507591	0.5075	0.109196
0.532971	0.5075	0.104666
0.558351	0.5075	0.0999521
0.58373	0.5075	0.0950637
0.60911	0.5075	0.0900124
0.634489	0.5075	0.0848108
0.659869	0.5075	0.0794724
0.685248	0.5075	0.0740115
0.710628	0.5075	0.0684436
0.736008	0.5075	0.062785
0.761387	0.5075	0.0570527
0.786767	0.5075	0.0512645
0.812146	0.5075	0.0454394
0.837526	0.5075	0.0395965
0.862905	0.5075	0.0337563
0.888285	0.5075	0.0279397
0.913665	0.5075	0.0221685
0.939044	0.5075	0.0164651
0.964424	0.5075	0.010853
0.989803	0.5075	0.00535632
1.01518	0.5075	0
0	0.525	0.156143
0.0259099	0.525	0.156027
0.0518198	0.525	0.155681
0.0777297	0.525	0.155102
0.10364	0.525	0.154292
0.12955	0.525	0.153249
0.155459	0.525	0.151973
0.181369	0.525	0.150462
0.207279	0.525	0.148717
0.233189	0.525	0.146736
0.259099	0.525	0.144518
0.285009	0.525	0.142065
0.310919	0.525	0.139376
0.336829	0.525	0.136453
0.362739	0.525	0.133297
0.388649	0.525	0.129911
0.414558	0.525	0.126298
0.440468	0.525	0.122462
0.466378	0.525	0.11841
0.492288	0.525	0.114149
0.518198	0.525	0.109685
0.544108	0.525	0.105028
0.570018	0.525	0.100189
0.595928	0.525	0.0951786
0.621838	0.525	0.0900097
0.647748	0.525	0.0846962
0.673657	0.525	0.0792527
0.699567	0.525	0.0736952
0.725477	0.525	0.0680406
0.751387	0.525	0.0623065
0.777297	0.525	0.0565118
0.803207	0.525	0.050676
0.829117	0.525	0.0448198
0.855027	0.525	0.0389646
0.880937	0.525	0.0331326
0.906847	0.525	0.0273472
0.932756	0.525	0.0216326
0.958666	0.525	0.0160138
0.984576	0.525	0.0105171
1.01049	0.525	0.00516975
1.0364	0.525	0
0	0.5425	0.158049
0.0264402	0.5425	0.157928
0.0528805	0.5425	0.157567
0.0793207	0.5425	0.156965
0.105761	0.5425	0.156121
0.132201	0.5425	0.155035
0.158641	0.5425	0.153706
0.185082	0.5425	0.152134
0.211522	0.5425	0.150318
0.237962	0.5425	0.148258
0.264402	0.5425	0.145955
0.290843	0.5425	0.143408
0.317283	0.5425	0.140618
0.343723	0.5425	0.137588
0.370163	0.5425	0.134319
0.396603	0.5425	0.130815
0.423044	0.5425	0.12708
0.449484	0.5425	0.12312
0.475924	0.5425	0.118942
0.502364	0.5425	0.114552
0.528805	0.5425	0.10996
0.555245	0.5425	0.105176
0.581685	0.5425	0.100212
0.608125	0.5425	0.0950804
0.634566	0.5425	0.0897951
0.661006	0.5425	0.0843713
0.687446	0.5425	0.0788252
0.713886	0.5425	0.0731743
0.740327	0.5425	0.0674369
0.766767	0.5425	0.0616326
0.793207	0.5425	0.0557819
0.819647	0.5425	0.0499064
0.846087	0.5425	0.0440286
0.872528	0.5425	0.0381723
0.898968	0.5425	0.0323621
0.925408	0.5425	0.0266239
0.951848	0.5425	0.0209845
0.978289	0.5425	0.0154723
1.00473	0.5425	0.0101166
1.03117	0.5425	0.00494848
1.05761	0.5425	0
0	0.56	0.159754
0.0269706	0.56	0.159629
0.0539411	0.56	0.159253
0.0809117	0.56	0.158626
0.107882	0.56	0.157747
0.134853	0.56	0.156618
0.161823	0.56	0.155236
0.188794	0.56	0.153602
0.215765	0.56	0.151715
0.242735	0.56	0.149576
0.269706	0.56	0.147185
0.296676	0.56	0.144543
0.323647	0.56	0.141651
0.350617	0.56	0.138512
0.377588	0.56	0.135129
0.404558	0.56	0.131507
0.431529	0.56	0.127649
0.4585	0.56	0.123563
0.48547	0.56	0.119256
0.512441	0.56	0.114737
0.539411	0.56	0.110016
0.566382	0.56	0.105105
0.593352	0.56	0.100016
0.620323	0.56	0.094763
0.647294	0.56	0.0893618
0.674264	0.56	0.0838289
0.701235	0.56	0.078182
0.728205	0.56	0.0724403
0.755176	0.56	0.0666239
0.782146	0.56	0.0607542
0.809117	0.56	0.0548537
0.836087	0.56	0.0489461
0.863058	0.56	0.0430563
0.890029	0.56	0.0372103
0.916999	0.56	0.0314357
0.94397	0.56	0.025761
0.97094	0.56	0.0202165
0.997911	0.56	0.0148338
1.02488	0.56	0.00964648
1.05185	0.56	0.00468956
1.07882	0.56	0
0	0.5775	0.161258
0.0275009	0.5775	0.161128
0.0550018	0.5775	0.160737
0.0825027	0.5775	0.160085
0.110004	0.5775	0.159173
0.137504	0.5775	0.157998
0.165005	0.5775	0.156563
0.192506	0.5775	0.154866
0.220007	0.5775	0.152907
0.247508	0.5775	0.150687
0.275009	0.5775	0.148207
0.30251	0.5775	0.145469
0.330011	0.5775	0.142473
0.357512	0.5775	0.139225
0.385012	0.5775	0.135726
0.412513	0.5775	0.131983
0.440014	0.5775	0.128001
0.467515	0.5775	0.123787
0.495016	0.5775	0.11935
0.522517	0.5775	0.114701
0.550018	0.5775	0.109849
0.577519	0.5775	0.104809
0.60502	0.5775	0.0995941
0.632521	0.5775	0.0942196
0.660021	0.5775	0.0887025
0.687522	0.5775	0.0830611
0.715023	0.5775	0.0773149
0.742524	0.5775	0.0714846
0.770025	0.5775	0.0655924
0.797526	0.5775	0.0596618
0.825027	0.5775	0.0537173
0.852528	0.5775	0.0477851
0.880029	0.5775	0.0418925
0.907529	0.5775	0.0360684
0.93503	0.5775	0.0303433
0.962531	0.5775	0.0247491
0.990032	0.5775	0.0193196
1.01753	0.5775	0.0140909
1.04503	0.5775	0.00910073
1.07253	0.5775	0.00438959
1.10004	0.5775	0
0	0.595	0.162562
0.0280312	0.595	0.162427
0.0560624	0.595	0.162021
0.0840937	0.595	0.161344
0.112125	0.595	0.160396
0.140156	0.595	0.159177
0.168187	0.595	0.157686
0.196219	0.595	0.155925
0.22425	0.595	0.153893
0.252281	0.595	0.151591
0.280312	0.595	0.149021
0.308343	0.595	0.146185
0.336375	0.595	0.143084
0.364406	0.595	0.139723
0.392437	0.595	0.136107
0.420468	0.595	0.132241
0.4485	0.595	0.128132
0.476531	0.595	0.123788
0.504562	0.595	0.11922
0.532593	0.595	0.114438
0.560624	0.595	0.109454
0.588656	0.595	0.104283
0.616687	0.595	0.0989404
0.644718	0.595	0.0934432
0.672749	0.595	0.0878097
0.700781	0.595	0.0820598
0.728812	0.595	0.076215
0.756843	0.595	0.0702979
0.784874	0.595	0.0643327
0.812905	0.595	0.0583451
0.840937	0.595	0.0523621
0.868968	0.595	0.0464124
0.896999	0.595	0.0405263
0.92503	0.595	0.0347355
0.953062	0.595	0.029074
0.981093	0.595	0.0235775
1.00912	0.595	0.0182842
1.03716	0.595	0.0132347
1.06519	0.595	0.00847269
1.09322	0.595	0.00404467
1.12125	0.595	0
0	0.6125	0.163666
0.0285616	0.6125	0.163525
0.0571231	0.6125	0.163104
0.0856847	0.6125	0.162401
0.114246	0.6125	0.161417
0.142808	0.6125	0.160152
0.171369	0.6125	0.158606
0.199931	0.6125	0.15678
0.228492	0.6125	0.154673
0.257054	0.6125	0.152288
0.285616	0.6125	0.149626
0.314177	0.6125	0.146689
0.342739	0.6125	0.143481
0.3713	0.6125	0.140007
0.399862	0.6125	0.13627
0.428423	0.6125	0.132279
0.456985	0.6125	0.12804
0.485546	0.6125	0.123564
0.514108	0.6125	0.118861
0.54267	0.6125	0.113943
0.571231	0.6125	0.108824
0.599793	0.6125	0.10352
0.628354	0.6125	0.0980481
0.656916	0.6125	0.0924264
0.685477	0.6125	0.0866752
0.714039	0.6125	0.0808164
0.7426	0.6125	0.0748731
0.771162	0.6125	0.0688703
0.799723	0.6125	0.0628343
0.828285	0.6125	0.0567932
0.856847	0.6125	0.0507768
0.885408	0.6125	0.0448164
0.91397	0.6125	0.0389455
0.942531	0.6125	0.0331993
0.971093	0.6125	0.0276156
0.999654	0.6125	0.0222344
1.02822	0.6125	0.0170989
1.05678	0.6125	0.0122555
1.08534	0.6125	0.00775457
1.1139	0.6125	0.00365028
1.14246	0.6125	0
0	0.63	0.164569
0.0290919	0.63	0.164423
0.0581838	0.63	0.163986
0.0872756	0.63	0.163257
0.116368	0.63	0.162237
0.145459	0.63	0.160925
0.174551	0.63	0.159322
0.203643	0.63	0.157429
0.232735	0.63	0.155247
0.261827	0.63	0.152776
0.290919	0.63	0.15002
0.320011	0.63	0.146981
0.349103	0.63	0.143664
0.378194	0.63	0.140072
0.407286	0.63	0.136212
0.436378	0.63	0.132093
0.46547	0.63	0.127721
0.494562	0.63	0.123109
0.523654	0.63	0.118268
0.552746	0.63	0.113211
0.581838	0.63	0.107954
0.61093	0.63	0.102515
0.640021	0.63	0.0969101
0.669113	0.63	0.0911615
0.698205	0.63	0.0852908
0.727297	0.63	0.0793216
0.756389	0.63	0.0732794
0.785481	0.63	0.0671913
0.814573	0.63	0.0610861
0.843665	0.63	0.0549945
0.872756	0.63	0.048949
0.901848	0.63	0.0429843
0.93094	0.63	0.0371371
0.960032	0.63	0.0314465
0.989124	0.63	0.0259546
1.01822	0.63	0.0207065
1.04731	0.63	0.0157511
1.0764	0.63	0.0111418
1.10549	0.63	0.00693738
1.13458	0.63	0.0032013
1.16368	0.63	0
0	0.6475	0.165271
0.0296222	0.6475	0.16512
0.0592444	0.6475	0.164667
0.0888666	0.6475	0.163911
0.118489	0.6475	0.162854
0.148111	0.6475	0.161495
0.177733	0.6475	0.159834
0.207355	0.6475	0.157873
0.236978	0.6475	0.155613
0.2666	0.6475	0.153056
0.296222	0.6475	0.150203
0.325844	0.6475	0.14706
0.355467	0.6475	0.143629
0.385089	0.6475	0.139918
0.414711	0.6475	0.135932
0.444333	0.6475	0.13168
0.473955	0.6475	0.127173
0.503578	0.6475	0.122421
0.5332	0.6475	0.117437
0.562822	0.6475	0.112238
0.592444	0.6475	0.106839
0.622066	0.6475	0.101259
0.651689	0.6475	0.095519
0.681311	0.6475	0.0896404
0.710933	0.6475	0.0836474
0.740555	0.6475	0.0775659
0.770178	0.6475	0.0714236
0.7998	0.6475	0.0652499
0.829422	0.6475	0.0590763
0.859044	0.6475	0.0529364
0.888666	0.6475	0.0468658
0.918289	0.6475	0.0409024
0.947911	0.6475	0.0350868
0.977533	0.6475	0.0294624
1.00716	0.6475	0.024076
1.03678	0.6475	0.0189786
1.0664	0.6475	0.014226
1.09602	0.6475	0.00988041
1.12564	0.6475	0.00601073
1.15527	0.6475	0.00269206
1.18489	0.6475	0
0	0.665	0.165773
0.0301525	0.665	0.165616
0.0603051	0.665	0.165147
0.0904576	0.665	0.164364
0.12061	0.665	0.163269
0.150763	0.665	0.161861
0.180915	0.665	0.160142
0.211068	0.665	0.158111
0.24122	0.665	0.155772
0.271373	0.665	0.153125
0.301525	0.665	0.150174
0.331678	0.665	0.146923
0.361831	0.665	0.143377
0.391983	0.665	0.139542
0.422136	0.665	0.135426
0.452288	0.665	0.131038
0.482441	0.665	0.12639
0.512593	0.665	0.121494
0.542746	0.665	0.116364
0.572898	0.665	0.111017
0.603051	0.665	0.105471
0.633203	0.665	0.0997474
0.663356	0.665	0.093867
0.693508	0.665	0.0878545
0.723661	0.665	0.0817359
0.753814	0.665	0.0755393
0.783966	0.665	0.0692947
0.814119	0.665	0.0630344
0.844271	0.665	0.0567926
0.874424	0.665	0.0506058
0.904576	0.665	0.044513
0.934729	0.665	0.0385558
0.964881	0.665	0.032779
0.995034	0.665	0.0272305
1.02519	0.665	0.0219628
1.05534	0.665	0.0170334
1.08549	0.665	0.0125068
1.11564	0.665	0.00845578
1.1458	0.665	0.00496286
1.17595	0.665	0.00211685
1.2061	0.665	0
0	0.6825	0.166074
0.0306829	0.6825	0.165912
0.0613657	0.6825	0.165426
0.0920486	0.6825	0.164615
0.122731	0.6825	0.163481
0.153414	0.6825	0.162024
0.184097	0.6825	0.160244
0.21478	0.6825	0.158143
0.245463	0.6825	0.155722
0.276146	0.6825	0.152984
0.306829	0.6825	0.149932
0.337512	0.6825	0.14657
0.368194	0.6825	0.142905
0.398877	0.6825	0.138943
0.42956	0.6825	0.134692
0.460243	0.6825	0.130164
0.490926	0.6825	0.12537
0.521609	0.6825	0.120324
0.552292	0.6825	0.115043
0.582975	0.6825	0.109543
0.613657	0.6825	0.103845
0.64434	0.6825	0.0979717
0.675023	0.6825	0.0919461
0.705706	0.6825	0.0857949
0.736389	0.6825	0.0795464
0.767072	0.6825	0.073231
0.797755	0.6825	0.0668815
0.828438	0.6825	0.0605325
0.85912	0.6825	0.0542216
0.889803	0.6825	0.0479884
0.920486	0.6825	0.0418755
0.951169	0.6825	0.0359285
0.981852	0.6825	0.0301965
1.01253	0.6825	0.0247326
1.04322	0.6825	0.0195956
1.0739	0.6825	0.0148508
1.10458	0.6825	0.0105732
1.13527	0.6825	0.00685002
1.16595	0.6825	0.00378109
1.19663	0.6825	0.00147128
1.22731	0.6825	0
0	0.7	0.166174
0.0312132	0.7	0.166006
0.0624264	0.7	0.165503
0.0936396	0.7	0.164665
0.124853	0.7	0.163492
0.156066	0.7	0.161984
0.187279	0.7	0.160142
0.218492	0.7	0.157968
0.249706	0.7	0.155463
0.280919	0.7	0.152631
0.312132	0.7	0.149475
0.343345	0.7	0.145999
0.374558	0.7	0.142211
0.405772	0.7	0.138117
0.436985	0.7	0.133728
0.468198	0.7	0.129054
0.499411	0.7	0.124109
0.530624	0.7	0.118908
0.561838	0.7	0.113469
0.593051	0.7	0.10781
0.624264	0.7	0.101954
0.655477	0.7	0.0959247
0.68669	0.7	0.089748
0.717904	0.7	0.0834525
0.749117	0.7	0.0770689
0.78033	0.7	0.0706302
0.811543	0.7	0.0641717
0.842756	0.7	0.0577312
0.87397	0.7	0.0513493
0.905183	0.7	0.0450691
0.936396	0.7	0.038937
0.967609	0.7	0.0330028
0.998823	0.7	0.0273203
1.03004	0.7	0.0219483
1.06125	0.7	0.0169523
1.09246	0.7	0.0124073
1.12368	0.7	0.00840198
1.15489	0.7	0.00504279
1.1861	0.7	0.00245346
1.21731	0.7	0.000755479
1.24853	0.7	0
