0	0	0
0.00875	0	0
0.0175	0	0
0.02625	0	0
0.035	0	0
0.04375	0	0
0.0525	0	0
0.06125	0	0
0.07	0	0
0.07875	0	0
0.0875	0	0
0.09625	0	0
0.105	0	0
0.11375	0	0
0.1225	0	0
0.13125	0	0
0.14	0	0
0.14875	0	0
0.1575	0	0
0.16625	0	0
0.175	0	0
0.18375	0	0
0.1925	0	0
0.20125	0	0
0.21	0	0
0.21875	0	0
0.2275	0	0
0.23625	0	0
0.245	0	0
0.25375	0	0
0.2625	0	0
0.27125	0	0
0.28	0	0
0.28875	0	0
0.2975	0	0
0.30625	0	0
0.315	0	0
0.32375	0	0
0.3325	0	0
0.34125	0	0
0.35	0	0
0	0.0225	0.0106609
0.00919743	0.0225	0.0106583
0.0183949	0.0225	0.0106508
0.0275923	0.0225	0.0106381
0.0367897	0.0225	0.0106204
0.0459872	0.0225	0.0105974
0.0551846	0.0225	0.0105692
0.064382	0.0225	0.0105357
0.0735795	0.0225	0.0104968
0.0827769	0.0225	0.0104522
0.0919743	0.0225	0.0104019
0.101172	0.0225	0.0103457
0.110369	0.0225	0.0102834
0.119567	0.0225	0.0102147
0.128764	0.0225	0.0101394
0.137961	0.0225	0.0100572
0.147159	0.0225	0.00996763
0.156356	0.0225	0.00987038
0.165554	0.0225	0.00976497
0.174751	0.0225	0.00965085
0.183949	0.0225	0.00952742
0.193146	0.0225	0.00939394
0.202344	0.0225	0.00924958
0.211541	0.0225	0.00909334
0.220738	0.0225	0.00892406
0.229936	0.0225	0.0087403
0.239133	0.0225	0.00854036
0.248331	0.0225	0.00832214
0.257528	0.0225	0.008083
0.266726	0.0225	0.00781965
0.275923	0.0225	0.00752785
0.28512	0.0225	0.0072021
0.294318	0.0225	0.00683514
0.303515	0.0225	0.00641727
0.312713	0.0225	0.00593534
0.32191	0.0225	0.00537134
0.331108	0.0225	0.00470033
0.340305	0.0225	0.00388751
0.349502	0.0225	0.00288397
0.3587	0.0225	0.00162072
0.367897	0.0225	0
0	0.045	0.0208457
0.00964486	0.045	0.0208402
0.0192897	0.045	0.0208237
0.0289346	0.045	0.0207961
0.0385795	0.045	0.0207574
0.0482243	0.045	0.0207074
0.0578692	0.045	0.0206459
0.067514	0.045	0.0205727
0.0771589	0.045	0.0204876
0.0868038	0.045	0.0203903
0.0964486	0.045	0.0202803
0.106094	0.045	0.0201573
0.115738	0.045	0.0200207
0.125383	0.045	0.0198701
0.135028	0.045	0.0197047
0.144673	0.045	0.0195238
0.154318	0.045	0.0193266
0.163963	0.045	0.0191122
0.173608	0.045	0.0188792
0.183252	0.045	0.0186266
0.192897	0.045	0.0183528
0.202542	0.045	0.018056
0.212187	0.045	0.0177342
0.221832	0.045	0.0173851
0.231477	0.045	0.0170057
0.241122	0.045	0.0165927
0.250766	0.045	0.016142
0.260411	0.045	0.0156488
0.270056	0.045	0.0151071
0.279701	0.045	0.0145096
0.289346	0.045	0.0138476
0.298991	0.045	0.0131102
0.308636	0.045	0.0122841
0.318281	0.045	0.0113533
0.327925	0.045	0.0102986
0.33757	0.045	0.00909739
0.347215	0.045	0.00772386
0.35686	0.045	0.00615029
0.366505	0.045	0.00434964
0.37615	0.045	0.00230108
0.385795	0.045	0
0	0.0675	0.0305842
0.0100923	0.0675	0.0305753
0.0201846	0.0675	0.0305486
0.0302769	0.0675	0.030504
0.0403692	0.0675	0.0304413
0.0504615	0.0675	0.0303604
0.0605538	0.0675	0.0302608
0.0706461	0.0675	0.0301423
0.0807384	0.0675	0.0300045
0.0908307	0.0675	0.0298466
0.100923	0.0675	0.0296683
0.111015	0.0675	0.0294687
0.121108	0.0675	0.0292469
0.1312	0.0675	0.0290022
0.141292	0.0675	0.0287332
0.151384	0.0675	0.0284389
0.161477	0.0675	0.0281176
0.171569	0.0675	0.0277679
0.181661	0.0675	0.0273878
0.191754	0.0675	0.0269751
0.201846	0.0675	0.0265273
0.211938	0.0675	0.0260415
0.222031	0.0675	0.0255143
0.232123	0.0675	0.0249419
0.242215	0.0675	0.0243197
0.252307	0.0675	0.0236424
0.2624	0.0675	0.0229039
0.272492	0.0675	0.0220968
0.282584	0.0675	0.0212129
0.292677	0.0675	0.0202423
0.302769	0.0675	0.0191739
0.312861	0.0675	0.0179949
0.322953	0.0675	0.0166911
0.333046	0.0675	0.015247
0.343138	0.0675	0.0136462
0.35323	0.0675	0.0118721
0.363323	0.0675	0.00990949
0.373415	0.0675	0.00774575
0.383507	0.0675	0.00537299
0.3936	0.0675	0.00278953
0.403692	0.0675	0
0	0.09	0.0399048
0.0105397	0.09	0.0398922
0.0210795	0.09	0.0398542
0.0316192	0.09	0.0397906
0.0421589	0.09	0.0397014
0.0526986	0.09	0.0395861
0.0632384	0.09	0.0394443
0.0737781	0.09	0.0392754
0.0843178	0.09	0.0390789
0.0948575	0.09	0.0388539
0.105397	0.09	0.0385996
0.115937	0.09	0.0383148
0.126477	0.09	0.0379984
0.137016	0.09	0.037649
0.147556	0.09	0.037265
0.158096	0.09	0.0368445
0.168636	0.09	0.0363856
0.179175	0.09	0.0358858
0.189715	0.09	0.0353424
0.200255	0.09	0.0347525
0.210795	0.09	0.0341125
0.221334	0.09	0.0334184
0.231874	0.09	0.0326658
0.242414	0.09	0.0318494
0.252953	0.09	0.0309634
0.263493	0.09	0.0300012
0.274033	0.09	0.0289552
0.284573	0.09	0.0278171
0.295112	0.09	0.0265776
0.305652	0.09	0.0252264
0.316192	0.09	0.0237525
0.326732	0.09	0.0221442
0.337271	0.09	0.0203896
0.347811	0.09	0.0184769
0.358351	0.09	0.0163951
0.36889	0.09	0.0141345
0.37943	0.09	0.0116881
0.38997	0.09	0.00905126
0.40051	0.09	0.00622282
0.411049	0.09	0.00320447
0.421589	0.09	0
0	0.1125	0.0488347
0.0109872	0.1125	0.048818
0.0219743	0.1125	0.0487677
0.0329615	0.1125	0.0486836
0.0439486	0.1125	0.0485655
0.0549358	0.1125	0.0484129
0.065923	0.1125	0.0482253
0.0769101	0.1125	0.0480018
0.0878973	0.1125	0.0477417
0.0988844	0.1125	0.047444
0.109872	0.1125	0.0471073
0.120859	0.1125	0.0467304
0.131846	0.1125	0.0463116
0.142833	0.1125	0.0458491
0.15382	0.1125	0.0453408
0.164807	0.1125	0.0447844
0.175795	0.1125	0.0441772
0.186782	0.1125	0.0435163
0.197769	0.1125	0.0427981
0.208756	0.1125	0.042019
0.219743	0.1125	0.0411746
0.23073	0.1125	0.0402602
0.241718	0.1125	0.0392703
0.252705	0.1125	0.038199
0.263692	0.1125	0.0370398
0.274679	0.1125	0.0357854
0.285666	0.1125	0.0344279
0.296653	0.1125	0.0329588
0.30764	0.1125	0.0313693
0.318628	0.1125	0.0296499
0.329615	0.1125	0.0277911
0.340602	0.1125	0.0257837
0.351589	0.1125	0.0236188
0.362576	0.1125	0.0212883
0.373563	0.1125	0.0187856
0.384551	0.1125	0.0161057
0.395538	0.1125	0.0132454
0.406525	0.1125	0.0102034
0.417512	0.1125	0.00698038
0.428499	0.1125	0.00357826
0.439486	0.1125	0
0	0.135	0.0573989
0.0114346	0.135	0.0573778
0.0228692	0.135	0.0573145
0.0343038	0.135	0.0572086
0.0457384	0.135	0.0570598
0.057173	0.135	0.0568675
0.0686075	0.135	0.0566311
0.0800421	0.135	0.0563497
0.0914767	0.135	0.0560221
0.102911	0.135	0.055647
0.114346	0.135	0.0552231
0.125781	0.135	0.0547486
0.137215	0.135	0.0542215
0.14865	0.135	0.0536396
0.160084	0.135	0.0530004
0.171519	0.135	0.0523011
0.182953	0.135	0.0515385
0.194388	0.135	0.0507091
0.205823	0.135	0.0498089
0.217257	0.135	0.0488336
0.228692	0.135	0.0477784
0.240126	0.135	0.0466379
0.251561	0.135	0.0454064
0.262996	0.135	0.0440775
0.27443	0.135	0.0426446
0.285865	0.135	0.0411004
0.297299	0.135	0.0394374
0.308734	0.135	0.0376477
0.320169	0.135	0.0357234
0.331603	0.135	0.0336567
0.343038	0.135	0.03144
0.354472	0.135	0.0290662
0.365907	0.135	0.0265292
0.377342	0.135	0.0238237
0.388776	0.135	0.0209458
0.400211	0.135	0.017893
0.411645	0.135	0.014664
0.42308	0.135	0.0112587
0.434514	0.135	0.00767824
0.445949	0.135	0.00392452
0.457384	0.135	0
0	0.1575	0.0656204
0.011882	0.1575	0.0655948
0.023764	0.1575	0.0655177
0.0356461	0.1575	0.0653889
0.0475281	0.1575	0.065208
0.0594101	0.1575	0.0649743
0.0712921	0.1575	0.064687
0.0831742	0.1575	0.0643449
0.0950562	0.1575	0.0639468
0.106938	0.1575	0.0634913
0.11882	0.1575	0.0629765
0.130702	0.1575	0.0624005
0.142584	0.1575	0.061761
0.154466	0.1575	0.0610554
0.166348	0.1575	0.060281
0.17823	0.1575	0.0594344
0.190112	0.1575	0.0585122
0.201994	0.1575	0.0575104
0.213876	0.1575	0.0564248
0.225758	0.1575	0.0552506
0.23764	0.1575	0.0539827
0.249522	0.1575	0.0526156
0.261405	0.1575	0.0511435
0.273287	0.1575	0.0495601
0.285169	0.1575	0.0478589
0.297051	0.1575	0.0460332
0.308933	0.1575	0.044076
0.320815	0.1575	0.0419806
0.332697	0.1575	0.0397403
0.344579	0.1575	0.0373487
0.356461	0.1575	0.0348
0.368343	0.1575	0.032089
0.380225	0.1575	0.0292115
0.392107	0.1575	0.0261641
0.403989	0.1575	0.0229446
0.415871	0.1575	0.0195516
0.427753	0.1575	0.0159848
0.439635	0.1575	0.0122447
0.451517	0.1575	0.00833262
0.463399	0.1575	0.00425031
0.475281	0.1575	0
0	0.18	0.0735198
0.0123295	0.18	0.0734895
0.0246589	0.18	0.0733982
0.0369884	0.18	0.0732459
0.0493178	0.18	0.0730318
0.0616473	0.18	0.0727553
0.0739767	0.18	0.0724154
0.0863062	0.18	0.0720109
0.0986356	0.18	0.0715404
0.110965	0.18	0.0710021
0.123295	0.18	0.0703941
0.135624	0.18	0.0697142
0.147953	0.18	0.0689598
0.160283	0.18	0.0681282
0.172612	0.18	0.0672162
0.184942	0.18	0.0662203
0.197271	0.18	0.0651368
0.209601	0.18	0.0639615
0.22193	0.18	0.0626899
0.23426	0.18	0.0613173
0.246589	0.18	0.0598383
0.258919	0.18	0.0582477
0.271248	0.18	0.0565396
0.283577	0.18	0.0547082
0.295907	0.18	0.0527474
0.308236	0.18	0.0506512
0.320566	0.18	0.0484134
0.332895	0.18	0.0460284
0.345225	0.18	0.0434906
0.357554	0.18	0.040795
0.369884	0.18	0.0379371
0.382213	0.18	0.0349134
0.394543	0.18	0.0317207
0.406872	0.18	0.0283569
0.419201	0.18	0.0248209
0.431531	0.18	0.0211119
0.44386	0.18	0.0172303
0.45619	0.18	0.0131767
0.468519	0.18	0.00895261
0.480849	0.18	0.00455969
0.493178	0.18	0
0	0.2025	0.0811154
0.0127769	0.2025	0.0810802
0.0255538	0.2025	0.0809745
0.0383307	0.2025	0.0807981
0.0511075	0.2025	0.0805502
0.0638844	0.2025	0.0802301
0.0766613	0.2025	0.0798366
0.0894382	0.2025	0.0793686
0.102215	0.2025	0.0788243
0.114992	0.2025	0.078202
0.127769	0.2025	0.0774995
0.140546	0.2025	0.0767145
0.153323	0.2025	0.0758441
0.1661	0.2025	0.0748855
0.178876	0.2025	0.0738353
0.191653	0.2025	0.07269
0.20443	0.2025	0.0714455
0.217207	0.2025	0.0700976
0.229984	0.2025	0.0686419
0.242761	0.2025	0.0670736
0.255538	0.2025	0.0653875
0.268315	0.2025	0.0635785
0.281092	0.2025	0.0616412
0.293868	0.2025	0.0595701
0.306645	0.2025	0.0573598
0.319422	0.2025	0.0550049
0.332199	0.2025	0.0525003
0.344976	0.2025	0.0498411
0.357753	0.2025	0.0470229
0.37053	0.2025	0.0440418
0.383307	0.2025	0.0408943
0.396084	0.2025	0.0375779
0.40886	0.2025	0.0340905
0.421637	0.2025	0.0304307
0.434414	0.2025	0.0265979
0.447191	0.2025	0.0225921
0.459968	0.2025	0.0184137
0.472745	0.2025	0.0140637
0.485522	0.2025	0.00954361
0.498299	0.2025	0.00485504
0.511075	0.2025	0
0	0.225	0.088423
0.0132243	0.225	0.088383
0.0264486	0.225	0.0882627
0.039673	0.225	0.0880618
0.0528973	0.225	0.0877798
0.0661216	0.225	0.0874156
0.0793459	0.225	0.0869681
0.0925702	0.225	0.086436
0.105795	0.225	0.0858175
0.119019	0.225	0.0851107
0.132243	0.225	0.0843133
0.145468	0.225	0.0834229
0.158692	0.225	0.0824366
0.171916	0.225	0.0813513
0.18514	0.225	0.0801636
0.198365	0.225	0.0788698
0.211589	0.225	0.0774661
0.224813	0.225	0.0759482
0.238038	0.225	0.0743116
0.251262	0.225	0.0725518
0.264486	0.225	0.0706639
0.277711	0.225	0.068643
0.290935	0.225	0.0664842
0.304159	0.225	0.0641825
0.317384	0.225	0.0617332
0.330608	0.225	0.0591315
0.343832	0.225	0.0563731
0.357057	0.225	0.0534541
0.370281	0.225	0.0503707
0.383505	0.225	0.0471201
0.39673	0.225	0.0436997
0.409954	0.225	0.0401075
0.423178	0.225	0.0363422
0.436403	0.225	0.0324031
0.449627	0.225	0.0282899
0.462851	0.225	0.0240029
0.476075	0.225	0.019543
0.4893	0.225	0.0149111
0.502524	0.225	0.0101088
0.515748	0.225	0.00513781
0.528973	0.225	0
0	0.2475	0.0954564
0.0136718	0.2475	0.0954115
0.0273435	0.2475	0.0952765
0.0410153	0.2475	0.0950512
0.054687	0.2475	0.0947348
0.0683588	0.2475	0.0943264
0.0820305	0.2475	0.0938248
0.0957023	0.2475	0.0932286
0.109374	0.2475	0.0925359
0.123046	0.2475	0.0917447
0.136718	0.2475	0.0908528
0.150389	0.2475	0.0898576
0.164061	0.2475	0.0887561
0.177733	0.2475	0.0875453
0.191405	0.2475	0.0862217
0.205076	0.2475	0.0847818
0.218748	0.2475	0.0832216
0.23242	0.2475	0.081537
0.246092	0.2475	0.0797239
0.259763	0.2475	0.0777777
0.273435	0.2475	0.075694
0.287107	0.2475	0.0734683
0.300779	0.2475	0.071096
0.31445	0.2475	0.0685729
0.328122	0.2475	0.0658947
0.341794	0.2475	0.0630574
0.355466	0.2475	0.0600574
0.369137	0.2475	0.0568914
0.382809	0.2475	0.0535565
0.396481	0.2475	0.0500505
0.410153	0.2475	0.0463714
0.423824	0.2475	0.0425179
0.437496	0.2475	0.0384893
0.451168	0.2475	0.0342851
0.46484	0.2475	0.0299056
0.478511	0.2475	0.0253512
0.492183	0.2475	0.020623
0.505855	0.2475	0.0157221
0.519527	0.2475	0.0106501
0.533198	0.2475	0.00540878
0.54687	0.2475	0
0	0.27	0.102227
0.0141192	0.27	0.102177
0.0282384	0.27	0.102028
0.0423575	0.27	0.101778
0.0564767	0.27	0.101427
0.0705959	0.27	0.100975
0.0847151	0.27	0.100419
0.0988343	0.27	0.0997593
0.112953	0.27	0.0989929
0.127073	0.27	0.0981181
0.141192	0.27	0.0971325
0.155311	0.27	0.0960336
0.16943	0.27	0.0948184
0.183549	0.27	0.093484
0.197669	0.27	0.0920269
0.211788	0.27	0.0904435
0.225907	0.27	0.0887302
0.240026	0.27	0.0868831
0.254145	0.27	0.0848981
0.268264	0.27	0.0827711
0.282384	0.27	0.0804979
0.296503	0.27	0.0780746
0.310622	0.27	0.075497
0.324741	0.27	0.0727614
0.33886	0.27	0.069864
0.35298	0.27	0.0668016
0.367099	0.27	0.063571
0.381218	0.27	0.0601697
0.395337	0.27	0.0565955
0.409456	0.27	0.0528465
0.423575	0.27	0.0489214
0.437695	0.27	0.0448194
0.451814	0.27	0.0405402
0.465933	0.27	0.0360836
0.480052	0.27	0.0314503
0.494171	0.27	0.0266408
0.508291	0.27	0.0216564
0.52241	0.27	0.0164984
0.536529	0.27	0.0111685
0.550648	0.27	0.00566835
0.564767	0.27	0
0	0.2925	0.108745
0.0145666	0.2925	0.10869
0.0291332	0.2925	0.108526
0.0436998	0.2925	0.108252
0.0582665	0.2925	0.107867
0.0728331	0.2925	0.107371
0.0873997	0.2925	0.106762
0.101966	0.2925	0.106039
0.116533	0.2925	0.1052
0.1311	0.2925	0.104242
0.145666	0.2925	0.103164
0.160233	0.2925	0.101963
0.174799	0.2925	0.100636
0.189366	0.2925	0.0991804
0.203933	0.2925	0.0975924
0.218499	0.2925	0.0958689
0.233066	0.2925	0.0940064
0.247632	0.2925	0.092001
0.262199	0.2925	0.0898492
0.276766	0.2925	0.0875471
0.291332	0.2925	0.0850909
0.305899	0.2925	0.082477
0.320466	0.2925	0.0797019
0.335032	0.2925	0.0767622
0.349599	0.2925	0.0736548
0.364165	0.2925	0.0703769
0.378732	0.2925	0.066926
0.393299	0.2925	0.0633
0.407865	0.2925	0.0594973
0.422432	0.2925	0.0555166
0.436998	0.2925	0.051357
0.451565	0.2925	0.047018
0.466132	0.2925	0.0424997
0.480698	0.2925	0.0378024
0.495265	0.2925	0.0329267
0.509832	0.2925	0.0278736
0.524398	0.2925	0.0226445
0.538965	0.2925	0.0172408
0.553531	0.2925	0.0116642
0.568098	0.2925	0.00591658
0.582665	0.2925	0
0	0.315	0.115017
0.015014	0.315	0.114958
0.0300281	0.315	0.114779
0.0450421	0.315	0.114481
0.0600562	0.315	0.114063
0.0750702	0.315	0.113524
0.0900843	0.315	0.112862
0.105098	0.315	0.112076
0.120112	0.315	0.111165
0.135126	0.315	0.110126
0.15014	0.315	0.108957
0.165155	0.315	0.107656
0.180169	0.315	0.106219
0.195183	0.315	0.104645
0.210197	0.315	0.102929
0.225211	0.315	0.101069
0.240225	0.315	0.0990609
0.255239	0.315	0.0969019
0.270253	0.315	0.0945883
0.285267	0.315	0.0921167
0.300281	0.315	0.0894837
0.315295	0.315	0.0866862
0.330309	0.315	0.0837209
0.345323	0.315	0.0805851
0.360337	0.315	0.0772762
0.375351	0.315	0.0737918
0.390365	0.315	0.07013
0.405379	0.315	0.0662892
0.420393	0.315	0.0622681
0.435407	0.315	0.058066
0.450421	0.315	0.0536823
0.465435	0.315	0.049117
0.480449	0.315	0.0443704
0.495464	0.315	0.0394431
0.510478	0.315	0.0343359
0.525492	0.315	0.0290502
0.540506	0.315	0.0235874
0.55552	0.315	0.017949
0.570534	0.315	0.012137
0.585548	0.315	0.00615331
0.600562	0.315	0
0	0.3375	0.121051
0.0154615	0.3375	0.120986
0.030923	0.3375	0.120794
0.0463844	0.3375	0.120472
0.0618459	0.3375	0.120021
0.0773074	0.3375	0.119439
0.0927689	0.3375	0.118725
0.10823	0.3375	0.117878
0.123692	0.3375	0.116896
0.139153	0.3375	0.115777
0.154615	0.3375	0.114519
0.170076	0.3375	0.113119
0.185538	0.3375	0.111575
0.200999	0.3375	0.109885
0.216461	0.3375	0.108044
0.231922	0.3375	0.106051
0.247384	0.3375	0.103902
0.262845	0.3375	0.101594
0.278307	0.3375	0.0991232
0.293768	0.3375	0.0964876
0.30923	0.3375	0.0936839
0.324691	0.3375	0.0907092
0.340153	0.3375	0.0875609
0.355614	0.3375	0.0842366
0.371075	0.3375	0.0807341
0.386537	0.3375	0.0770516
0.401998	0.3375	0.0731876
0.41746	0.3375	0.069141
0.432921	0.3375	0.0649109
0.448383	0.3375	0.060497
0.463844	0.3375	0.0558991
0.479306	0.3375	0.0511174
0.494767	0.3375	0.0461527
0.510229	0.3375	0.0410058
0.52569	0.3375	0.0356778
0.541152	0.3375	0.0301701
0.556613	0.3375	0.0244844
0.572075	0.3375	0.0186226
0.587536	0.3375	0.0125864
0.602998	0.3375	0.00637819
0.618459	0.3375	0
0	0.36	0.12685
0.0159089	0.36	0.126781
0.0318178	0.36	0.126574
0.0477267	0.36	0.126229
0.0636356	0.36	0.125745
0.0795446	0.36	0.125121
0.0954535	0.36	0.124356
0.111362	0.36	0.123449
0.127271	0.36	0.122398
0.14318	0.36	0.1212
0.159089	0.36	0.119855
0.174998	0.36	0.118359
0.190907	0.36	0.11671
0.206816	0.36	0.114906
0.222725	0.36	0.112944
0.238634	0.36	0.110821
0.254543	0.36	0.108534
0.270451	0.36	0.106081
0.28636	0.36	0.103459
0.302269	0.36	0.100665
0.318178	0.36	0.0976963
0.334087	0.36	0.0945507
0.349996	0.36	0.091226
0.365905	0.36	0.0877202
0.381814	0.36	0.0840316
0.397723	0.36	0.0801588
0.413632	0.36	0.0761009
0.429541	0.36	0.0718569
0.445449	0.36	0.0674267
0.461358	0.36	0.06281
0.477267	0.36	0.0580072
0.493176	0.36	0.0530189
0.509085	0.36	0.0478459
0.524994	0.36	0.0424894
0.540903	0.36	0.0369509
0.556812	0.36	0.0312319
0.572721	0.36	0.0253344
0.58863	0.36	0.0192602
0.604539	0.36	0.0130116
0.620448	0.36	0.00659071
0.636356	0.36	0
0	0.3825	0.132418
0.0163563	0.3825	0.132345
0.0327127	0.3825	0.132125
0.049069	0.3825	0.131757
0.0654254	0.3825	0.13124
0.0817817	0.3825	0.130575
0.0981381	0.3825	0.12976
0.114494	0.3825	0.128794
0.130851	0.3825	0.127674
0.147207	0.3825	0.126399
0.163563	0.3825	0.124968
0.17992	0.3825	0.123378
0.196276	0.3825	0.121627
0.212632	0.3825	0.119712
0.228989	0.3825	0.117632
0.245345	0.3825	0.115383
0.261701	0.3825	0.112963
0.278058	0.3825	0.110369
0.294414	0.3825	0.107599
0.310771	0.3825	0.104652
0.327127	0.3825	0.101523
0.343483	0.3825	0.0982127
0.35984	0.3825	0.0947178
0.376196	0.3825	0.0910372
0.392552	0.3825	0.0871695
0.408909	0.3825	0.0831139
0.425265	0.3825	0.0788697
0.441621	0.3825	0.0744366
0.457978	0.3825	0.0698145
0.474334	0.3825	0.0650038
0.49069	0.3825	0.0600052
0.507047	0.3825	0.0548194
0.523403	0.3825	0.0494479
0.539759	0.3825	0.0438919
0.556116	0.3825	0.0381531
0.572472	0.3825	0.0322336
0.588828	0.3825	0.0261352
0.605185	0.3825	0.0198603
0.621541	0.3825	0.0134112
0.637897	0.3825	0.00679022
0.654254	0.3825	0
0	0.405	0.137759
0.0168038	0.405	0.137681
0.0336075	0.405	0.137447
0.0504113	0.405	0.137057
0.0672151	0.405	0.136509
0.0840189	0.405	0.135803
0.100823	0.405	0.134939
0.117626	0.405	0.133914
0.13443	0.405	0.132727
0.151234	0.405	0.131377
0.168038	0.405	0.129862
0.184842	0.405	0.12818
0.201645	0.405	0.126329
0.218449	0.405	0.124306
0.235253	0.405	0.12211
0.252057	0.405	0.119738
0.26886	0.405	0.117188
0.285664	0.405	0.114458
0.302468	0.405	0.111545
0.319272	0.405	0.108449
0.336075	0.405	0.105166
0.352879	0.405	0.101696
0.369683	0.405	0.0980365
0.386487	0.405	0.0941873
0.403291	0.405	0.0901473
0.420094	0.405	0.0859158
0.436898	0.405	0.0814927
0.453702	0.405	0.076878
0.470506	0.405	0.0720722
0.487309	0.405	0.0670759
0.504113	0.405	0.0618902
0.520917	0.405	0.0565163
0.537721	0.405	0.0509556
0.554525	0.405	0.0452101
0.571328	0.405	0.0392816
0.588132	0.405	0.0331724
0.604936	0.405	0.0268847
0.62174	0.405	0.020421
0.638543	0.405	0.0137838
0.655347	0.405	0.00697594
0.672151	0.405	0
0	0.4275	0.142874
0.0172512	0.4275	0.142791
0.0345024	0.4275	0.142544
0.0517536	0.4275	0.142131
0.0690048	0.4275	0.141552
0.086256	0.4275	0.140807
0.103507	0.4275	0.139893
0.120758	0.4275	0.138811
0.13801	0.4275	0.137559
0.155261	0.4275	0.136135
0.172512	0.4275	0.134538
0.189763	0.4275	0.132766
0.207014	0.4275	0.130816
0.224266	0.4275	0.128688
0.241517	0.4275	0.126379
0.258768	0.4275	0.123887
0.276019	0.4275	0.121211
0.293271	0.4275	0.118348
0.310522	0.4275	0.115296
0.327773	0.4275	0.112055
0.345024	0.4275	0.108623
0.362275	0.4275	0.104998
0.379527	0.4275	0.101181
0.396778	0.4275	0.0971687
0.414029	0.4275	0.0929625
0.43128	0.4275	0.0885618
0.448531	0.4275	0.0839668
0.465783	0.4275	0.079178
0.483034	0.4275	0.0741963
0.500285	0.4275	0.0690226
0.517536	0.4275	0.0636585
0.534787	0.4275	0.0581054
0.552039	0.4275	0.0523653
0.56929	0.4275	0.0464404
0.586541	0.4275	0.0403327
0.603792	0.4275	0.034045
0.621043	0.4275	0.0275798
0.638295	0.4275	0.0209398
0.655546	0.4275	0.0141278
0.672797	0.4275	0.00714693
0.690048	0.4275	0
0	0.45	0.147762
0.0176986	0.45	0.147676
0.0353973	0.45	0.147415
0.0530959	0.45	0.14698
0.0707946	0.45	0.146371
0.0884932	0.45	0.145586
0.106192	0.45	0.144625
0.12389	0.45	0.143487
0.141589	0.45	0.14217
0.159288	0.45	0.140674
0.176986	0.45	0.138996
0.194685	0.45	0.137135
0.212384	0.45	0.13509
0.230082	0.45	0.132858
0.247781	0.45	0.130439
0.26548	0.45	0.12783
0.283178	0.45	0.12503
0.300877	0.45	0.122038
0.318575	0.45	0.118851
0.336274	0.45	0.11547
0.353973	0.45	0.111893
0.371671	0.45	0.108119
0.38937	0.45	0.104147
0.407069	0.45	0.0999782
0.424767	0.45	0.0956117
0.442466	0.45	0.0910481
0.460165	0.45	0.086288
0.477863	0.45	0.0813323
0.495562	0.45	0.0761822
0.513261	0.45	0.0708393
0.530959	0.45	0.0653052
0.548658	0.45	0.0595821
0.566356	0.45	0.0536723
0.584055	0.45	0.0475781
0.601754	0.45	0.0413022
0.619452	0.45	0.0348476
0.637151	0.45	0.0282171
0.65485	0.45	0.021414
0.672548	0.45	0.0144412
0.690247	0.45	0.00730214
0.707946	0.45	0
0	0.4725	0.152426
0.0181461	0.4725	0.152335
0.0362921	0.4725	0.152061
0.0544382	0.4725	0.151605
0.0725843	0.4725	0.150965
0.0907304	0.4725	0.150142
0.108876	0.4725	0.149134
0.127022	0.4725	0.14794
0.145169	0.4725	0.14656
0.163315	0.4725	0.144992
0.181461	0.4725	0.143235
0.199607	0.4725	0.141287
0.217753	0.4725	0.139148
0.235899	0.4725	0.136815
0.254045	0.4725	0.134288
0.272191	0.4725	0.131565
0.290337	0.4725	0.128644
0.308483	0.4725	0.125526
0.326629	0.4725	0.122208
0.344775	0.4725	0.11869
0.362921	0.4725	0.114972
0.381067	0.4725	0.111052
0.399214	0.4725	0.106932
0.41736	0.4725	0.102612
0.435506	0.4725	0.0980905
0.453652	0.4725	0.0933701
0.471798	0.4725	0.0884513
0.489944	0.4725	0.0833356
0.50809	0.4725	0.0780246
0.526236	0.4725	0.0725202
0.544382	0.4725	0.0668248
0.562528	0.4725	0.0609408
0.580674	0.4725	0.0548709
0.59882	0.4725	0.048618
0.616966	0.4725	0.0421852
0.635112	0.4725	0.0355757
0.653259	0.4725	0.0287929
0.671405	0.4725	0.0218404
0.689551	0.4725	0.0147217
0.707697	0.4725	0.00744034
0.725843	0.4725	0
0	0.495	0.156864
0.0185935	0.495	0.156768
0.037187	0.495	0.156482
0.0557805	0.495	0.156004
0.074374	0.495	0.155335
0.0929675	0.495	0.154473
0.111561	0.495	0.153419
0.130155	0.495	0.152171
0.148748	0.495	0.150728
0.167342	0.495	0.149089
0.185935	0.495	0.147254
0.204529	0.495	0.145221
0.223122	0.495	0.142989
0.241716	0.495	0.140557
0.260309	0.495	0.137924
0.278903	0.495	0.135089
0.297496	0.495	0.13205
0.31609	0.495	0.128808
0.334683	0.495	0.125362
0.353277	0.495	0.121711
0.37187	0.495	0.117856
0.390464	0.495	0.113796
0.409057	0.495	0.109532
0.427651	0.495	0.105064
0.446244	0.495	0.100393
0.464838	0.495	0.0955219
0.483431	0.495	0.0904506
0.502025	0.495	0.0851816
0.520618	0.495	0.0797169
0.539212	0.495	0.0740591
0.557805	0.495	0.0682108
0.576399	0.495	0.0621751
0.594992	0.495	0.055955
0.613586	0.495	0.0495541
0.632179	0.495	0.0429759
0.650773	0.495	0.0362242
0.669366	0.495	0.0293028
0.68796	0.495	0.0222156
0.706553	0.495	0.0149667
0.725147	0.495	0.00756016
0.74374	0.495	0
0	0.5175	0.161075
0.0190409	0.5175	0.160976
0.0380819	0.5175	0.160676
0.0571228	0.5175	0.160178
0.0761637	0.5175	0.159479
0.0952047	0.5175	0.158579
0.114246	0.5175	0.157479
0.133287	0.5175	0.156177
0.152327	0.5175	0.154672
0.171368	0.5175	0.152964
0.190409	0.5175	0.151052
0.20945	0.5175	0.148935
0.228491	0.5175	0.146612
0.247532	0.5175	0.144082
0.266573	0.5175	0.141345
0.285614	0.5175	0.138399
0.304655	0.5175	0.135245
0.323696	0.5175	0.131883
0.342737	0.5175	0.128311
0.361778	0.5175	0.12453
0.380819	0.5175	0.120541
0.39986	0.5175	0.116343
0.418901	0.5175	0.111939
0.437941	0.5175	0.107329
0.456982	0.5175	0.102514
0.476023	0.5175	0.0974969
0.495064	0.5175	0.0922791
0.514105	0.5175	0.0868632
0.533146	0.5175	0.081252
0.552187	0.5175	0.0754484
0.571228	0.5175	0.0694558
0.590269	0.5175	0.0632776
0.60931	0.5175	0.0569176
0.628351	0.5175	0.0503798
0.647392	0.5175	0.0436683
0.666433	0.5175	0.0367874
0.685474	0.5175	0.0297416
0.704515	0.5175	0.0225354
0.723555	0.5175	0.0151734
0.742596	0.5175	0.00766003
0.761637	0.5175	0
0	0.54	0.165059
0.0194884	0.54	0.164955
0.0389767	0.54	0.164643
0.0584651	0.54	0.164124
0.0779535	0.54	0.163396
0.0974418	0.54	0.162459
0.11693	0.54	0.161313
0.136419	0.54	0.159957
0.155907	0.54	0.158391
0.175395	0.54	0.156614
0.194884	0.54	0.154626
0.214372	0.54	0.152425
0.23386	0.54	0.150012
0.253349	0.54	0.147386
0.272837	0.54	0.144546
0.292325	0.54	0.141492
0.311814	0.54	0.138225
0.331302	0.54	0.134743
0.350791	0.54	0.131048
0.370279	0.54	0.12714
0.389767	0.54	0.12302
0.409256	0.54	0.118689
0.428744	0.54	0.114148
0.448232	0.54	0.1094
0.467721	0.54	0.104446
0.487209	0.54	0.0992877
0.506698	0.54	0.093929
0.526186	0.54	0.0883726
0.545674	0.54	0.0826218
0.565163	0.54	0.0766801
0.584651	0.54	0.0705516
0.604139	0.54	0.0642403
0.623628	0.54	0.0577506
0.643116	0.54	0.0510873
0.662604	0.54	0.0442551
0.682093	0.54	0.0372589
0.701581	0.54	0.030104
0.72107	0.54	0.0227954
0.740558	0.54	0.0153384
0.760046	0.54	0.00773818
0.779535	0.54	0
0	0.5625	0.168814
0.0199358	0.5625	0.168706
0.0398716	0.5625	0.168381
0.0598074	0.5625	0.167841
0.0797432	0.5625	0.167084
0.099679	0.5625	0.166109
0.119615	0.5625	0.164918
0.139551	0.5625	0.163509
0.159486	0.5625	0.161882
0.179422	0.5625	0.160037
0.199358	0.5625	0.157973
0.219294	0.5625	0.15569
0.23923	0.5625	0.153188
0.259165	0.5625	0.150466
0.279101	0.5625	0.147525
0.299037	0.5625	0.144364
0.318973	0.5625	0.140984
0.338909	0.5625	0.137386
0.358844	0.5625	0.133569
0.37878	0.5625	0.129536
0.398716	0.5625	0.125288
0.418652	0.5625	0.120826
0.438588	0.5625	0.116153
0.458523	0.5625	0.11127
0.478459	0.5625	0.10618
0.498395	0.5625	0.100886
0.518331	0.5625	0.0953919
0.538267	0.5625	0.089701
0.558202	0.5625	0.0838173
0.578138	0.5625	0.0777451
0.598074	0.5625	0.0714891
0.61801	0.5625	0.0650541
0.637946	0.5625	0.0584454
0.657881	0.5625	0.0516683
0.677817	0.5625	0.0447284
0.697753	0.5625	0.0376315
0.717689	0.5625	0.0303834
0.737625	0.5625	0.0229902
0.75756	0.5625	0.015458
0.777496	0.5625	0.00779257
0.797432	0.5625	0
0	0.585	0.172338
0.0203832	0.585	0.172226
0.0407665	0.585	0.171889
0.0611497	0.585	0.171327
0.0815329	0.585	0.170541
0.101916	0.585	0.16953
0.122299	0.585	0.168293
0.142683	0.585	0.166831
0.163066	0.585	0.165144
0.183449	0.585	0.16323
0.203832	0.585	0.161091
0.224216	0.585	0.158726
0.244599	0.585	0.156135
0.264982	0.585	0.153318
0.285365	0.585	0.150276
0.305748	0.585	0.147009
0.326132	0.585	0.143518
0.346515	0.585	0.139804
0.366898	0.585	0.135868
0.387281	0.585	0.131712
0.407665	0.585	0.127338
0.428048	0.585	0.122748
0.448431	0.585	0.117944
0.468814	0.585	0.11293
0.489198	0.585	0.107708
0.509581	0.585	0.102283
0.529964	0.585	0.0966583
0.550347	0.585	0.0908386
0.57073	0.585	0.0848285
0.591114	0.585	0.0786333
0.611497	0.585	0.0722582
0.63188	0.585	0.0657091
0.652263	0.585	0.058992
0.672647	0.585	0.0521132
0.69303	0.585	0.0450793
0.713413	0.585	0.0378969
0.733796	0.585	0.0305729
0.754179	0.585	0.0231142
0.774563	0.585	0.0155279
0.794946	0.585	0.00782086
0.815329	0.585	0
0	0.6075	0.17563
0.0208307	0.6075	0.175513
0.0416613	0.6075	0.175164
0.062492	0.6075	0.174581
0.0833226	0.6075	0.173766
0.104153	0.6075	0.172717
0.124984	0.6075	0.171435
0.145815	0.6075	0.16992
0.166645	0.6075	0.168172
0.187476	0.6075	0.166191
0.208307	0.6075	0.163976
0.229137	0.6075	0.161529
0.249968	0.6075	0.158849
0.270799	0.6075	0.155938
0.291629	0.6075	0.152795
0.31246	0.6075	0.149423
0.333291	0.6075	0.145821
0.354121	0.6075	0.141993
0.374952	0.6075	0.137938
0.395783	0.6075	0.133661
0.416613	0.6075	0.129162
0.437444	0.6075	0.124445
0.458275	0.6075	0.119514
0.479105	0.6075	0.114371
0.499936	0.6075	0.109021
0.520767	0.6075	0.103469
0.541597	0.6075	0.0977181
0.562428	0.6075	0.0917749
0.583259	0.6075	0.0856448
0.604089	0.6075	0.0793336
0.62492	0.6075	0.0728478
0.645751	0.6075	0.0661941
0.666581	0.6075	0.0593796
0.687412	0.6075	0.0524116
0.708242	0.6075	0.0452978
0.729073	0.6075	0.0380459
0.749904	0.6075	0.0306641
0.770734	0.6075	0.0231605
0.791565	0.6075	0.0155432
0.812396	0.6075	0.00782038
0.833226	0.6075	0
0	0.63	0.178687
0.0212781	0.63	0.178566
0.0425562	0.63	0.178204
0.0638343	0.63	0.177601
0.0851124	0.63	0.176756
0.10639	0.63	0.17567
0.127669	0.63	0.174343
0.148947	0.63	0.172774
0.170225	0.63	0.170965
0.191503	0.63	0.168915
0.212781	0.63	0.166625
0.234059	0.63	0.164096
0.255337	0.63	0.161327
0.276615	0.63	0.158321
0.297893	0.63	0.155078
0.319171	0.63	0.1516
0.340449	0.63	0.147888
0.361728	0.63	0.143945
0.383006	0.63	0.139773
0.404284	0.63	0.135374
0.425562	0.63	0.130752
0.44684	0.63	0.125911
0.468118	0.63	0.120853
0.489396	0.63	0.115584
0.510674	0.63	0.110109
0.531952	0.63	0.104432
0.55323	0.63	0.0985602
0.574509	0.63	0.0924985
0.595787	0.63	0.0862541
0.617065	0.63	0.0798339
0.638343	0.63	0.0732455
0.659621	0.63	0.0664968
0.680899	0.63	0.0595959
0.702177	0.63	0.0525515
0.723455	0.63	0.0453725
0.744733	0.63	0.0380682
0.766011	0.63	0.030648
0.787289	0.63	0.0231215
0.808568	0.63	0.0154983
0.829846	0.63	0.00778799
0.851124	0.63	0
0	0.6525	0.181508
0.0217255	0.6525	0.181383
0.0434511	0.6525	0.181009
0.0651766	0.6525	0.180384
0.0869021	0.6525	0.17951
0.108628	0.6525	0.178386
0.130353	0.6525	0.177012
0.152079	0.6525	0.17539
0.173804	0.6525	0.173519
0.19553	0.6525	0.171401
0.217255	0.6525	0.169035
0.238981	0.6525	0.166422
0.260706	0.6525	0.163565
0.282432	0.6525	0.160463
0.304157	0.6525	0.157119
0.325883	0.6525	0.153535
0.347608	0.6525	0.149713
0.369334	0.6525	0.145655
0.391059	0.6525	0.141365
0.412785	0.6525	0.136845
0.434511	0.6525	0.132101
0.456236	0.6525	0.127135
0.477962	0.6525	0.121953
0.499687	0.6525	0.11656
0.521413	0.6525	0.110961
0.543138	0.6525	0.105163
0.564864	0.6525	0.0991725
0.586589	0.6525	0.0929968
0.608315	0.6525	0.0866436
0.63004	0.6525	0.080121
0.651766	0.6525	0.0734379
0.673491	0.6525	0.0666034
0.695217	0.6525	0.0596273
0.716942	0.6525	0.0525196
0.738668	0.6525	0.0452908
0.760393	0.6525	0.0379518
0.782119	0.6525	0.0305139
0.803844	0.6525	0.0229882
0.82557	0.6525	0.0153865
0.847295	0.6525	0.00772
0.869021	0.6525	0
0	0.675	0.184092
0.022173	0.675	0.183962
0.0443459	0.675	0.183575
0.0665189	0.675	0.182929
0.0886918	0.675	0.182024
0.110865	0.675	0.180862
0.133038	0.675	0.179442
0.155211	0.675	0.177765
0.177384	0.675	0.175832
0.199557	0.675	0.173644
0.22173	0.675	0.171201
0.243903	0.675	0.168504
0.266075	0.675	0.165557
0.288248	0.675	0.162359
0.310421	0.675	0.158913
0.332594	0.675	0.155222
0.354767	0.675	0.151288
0.37694	0.675	0.147115
0.399113	0.675	0.142706
0.421286	0.675	0.138066
0.443459	0.675	0.133198
0.465632	0.675	0.128108
0.487805	0.675	0.122802
0.509978	0.675	0.117285
0.532151	0.675	0.111565
0.554324	0.675	0.105648
0.576497	0.675	0.0995421
0.59867	0.675	0.0932562
0.620843	0.675	0.0867991
0.643016	0.675	0.0801802
0.665189	0.675	0.0734099
0.687362	0.675	0.0664989
0.709535	0.675	0.0594586
0.731708	0.675	0.0523008
0.753881	0.675	0.045038
0.776054	0.675	0.037683
0.798226	0.675	0.0302493
0.820399	0.675	0.0227503
0.842572	0.675	0.0152
0.864745	0.675	0.007612
0.886918	0.675	0
0	0.6975	0.186435
0.0226204	0.6975	0.186302
0.0452408	0.6975	0.185901
0.0678612	0.6975	0.185233
0.0904816	0.6975	0.184298
0.113102	0.6975	0.183097
0.135722	0.6975	0.181629
0.158343	0.6975	0.179897
0.180963	0.6975	0.177901
0.203584	0.6975	0.175641
0.226204	0.6975	0.17312
0.248824	0.6975	0.170339
0.271445	0.6975	0.167299
0.294065	0.6975	0.164003
0.316685	0.6975	0.160454
0.339306	0.6975	0.156655
0.361926	0.6975	0.152608
0.384547	0.6975	0.148319
0.407167	0.6975	0.14379
0.429787	0.6975	0.139027
0.452408	0.6975	0.134035
0.475028	0.6975	0.128821
0.497649	0.6975	0.12339
0.520269	0.6975	0.11775
0.542889	0.6975	0.111909
0.56551	0.6975	0.105874
0.58813	0.6975	0.0996551
0.610751	0.6975	0.0932621
0.633371	0.6975	0.0867051
0.655991	0.6975	0.0799955
0.678612	0.6975	0.073145
0.701232	0.6975	0.0661663
0.723852	0.6975	0.0590727
0.746473	0.6975	0.0518782
0.769093	0.6975	0.0445975
0.791714	0.6975	0.0372461
0.814334	0.6975	0.0298399
0.836954	0.6975	0.0223954
0.859575	0.6975	0.0149294
0.882195	0.6975	0.00745867
0.904816	0.6975	0
0	0.72	0.188537
0.0230678	0.72	0.188399
0.0461356	0.72	0.187985
0.0692035	0.72	0.187294
0.0922713	0.72	0.186328
0.115339	0.72	0.185087
0.138407	0.72	0.183572
0.161475	0.72	0.181783
0.184543	0.72	0.179722
0.20761	0.72	0.17739
0.230678	0.72	0.174789
0.253746	0.72	0.17192
0.276814	0.72	0.168787
0.299882	0.72	0.165392
0.322949	0.72	0.161738
0.346017	0.72	0.157828
0.369085	0.72	0.153666
0.392153	0.72	0.149258
0.415221	0.72	0.144607
0.438289	0.72	0.13972
0.461356	0.72	0.134603
0.484424	0.72	0.129262
0.507492	0.72	0.123706
0.53056	0.72	0.117942
0.553628	0.72	0.111979
0.576696	0.72	0.105827
0.599763	0.72	0.0994964
0.622831	0.72	0.0929983
0.645899	0.72	0.0863449
0.668967	0.72	0.0795492
0.692035	0.72	0.0726248
0.715102	0.72	0.0655866
0.73817	0.72	0.0584502
0.761238	0.72	0.0512323
0.784306	0.72	0.0439503
0.807374	0.72	0.0366226
0.830442	0.72	0.0292688
0.853509	0.72	0.0219088
0.876577	0.72	0.0145633
0.899645	0.72	0.00725344
0.922713	0.72	0
0	0.7425	0.190396
0.0235153	0.7425	0.190253
0.0470305	0.7425	0.189825
0.0705458	0.7425	0.189112
0.094061	0.7425	0.188114
0.117576	0.7425	0.186832
0.141092	0.7425	0.185267
0.164607	0.7425	0.18342
0.188122	0.7425	0.181293
0.211637	0.7425	0.178887
0.235153	0.7425	0.176204
0.258668	0.7425	0.173246
0.282183	0.7425	0.170017
0.305698	0.7425	0.16652
0.329214	0.7425	0.162757
0.352729	0.7425	0.158734
0.376244	0.7425	0.154455
0.399759	0.7425	0.149925
0.423275	0.7425	0.14515
0.44679	0.7425	0.140136
0.470305	0.7425	0.134891
0.49382	0.7425	0.129421
0.517336	0.7425	0.123737
0.540851	0.7425	0.117847
0.564366	0.7425	0.111762
0.587881	0.7425	0.105492
0.611397	0.7425	0.0990497
0.634912	0.7425	0.0924478
0.658427	0.7425	0.0857001
0.681942	0.7425	0.0788218
0.705458	0.7425	0.0718289
0.728973	0.7425	0.0647387
0.752488	0.7425	0.0575694
0.776003	0.7425	0.0503408
0.799519	0.7425	0.0430739
0.823034	0.7425	0.035791
0.846549	0.7425	0.0285155
0.870064	0.7425	0.0212725
0.89358	0.7425	0.0140877
0.917095	0.7425	0.00698799
0.94061	0.7425	0
0	0.765	0.19201
0.0239627	0.765	0.191863
0.0479254	0.765	0.19142
0.0718881	0.765	0.190684
0.0958507	0.765	0.189653
0.119813	0.765	0.188329
0.143776	0.765	0.186713
0.167739	0.765	0.184806
0.191701	0.765	0.182611
0.215664	0.765	0.180128
0.239627	0.765	0.177361
0.26359	0.765	0.174312
0.287552	0.765	0.170984
0.311515	0.765	0.167381
0.335478	0.765	0.163508
0.35944	0.765	0.159368
0.383403	0.765	0.154968
0.407366	0.765	0.150312
0.431328	0.765	0.145409
0.455291	0.765	0.140265
0.479254	0.765	0.134888
0.503216	0.765	0.129287
0.527179	0.765	0.123472
0.551142	0.765	0.117453
0.575104	0.765	0.111243
0.599067	0.765	0.104853
0.62303	0.765	0.0982978
0.646992	0.765	0.0915916
0.670955	0.765	0.0847507
0.694918	0.765	0.0777922
0.718881	0.765	0.0707348
0.742843	0.765	0.0635986
0.766806	0.765	0.0564053
0.790769	0.765	0.0491783
0.814731	0.765	0.0419426
0.838694	0.765	0.0347253
0.862657	0.765	0.0275555
0.886619	0.765	0.0204643
0.910582	0.765	0.0134848
0.934545	0.765	0.00665154
0.958507	0.765	0
0	0.7875	0.193378
0.0244101	0.7875	0.193226
0.0488202	0.7875	0.192769
0.0732304	0.7875	0.192008
0.0976405	0.7875	0.190943
0.122051	0.7875	0.189576
0.146461	0.7875	0.187907
0.170871	0.7875	0.185939
0.195281	0.7875	0.183673
0.219691	0.7875	0.181111
0.244101	0.7875	0.178257
0.268511	0.7875	0.175113
0.292921	0.7875	0.171683
0.317332	0.7875	0.167972
0.341742	0.7875	0.163983
0.366152	0.7875	0.159723
0.390562	0.7875	0.155197
0.414972	0.7875	0.150412
0.439382	0.7875	0.145376
0.463792	0.7875	0.140097
0.488202	0.7875	0.134584
0.512612	0.7875	0.128846
0.537023	0.7875	0.122896
0.561433	0.7875	0.116745
0.585843	0.7875	0.110406
0.610253	0.7875	0.103893
0.634663	0.7875	0.0972219
0.659073	0.7875	0.0904098
0.683483	0.7875	0.0834748
0.707893	0.7875	0.0764367
0.732304	0.7875	0.0693172
0.756714	0.7875	0.0621397
0.781124	0.7875	0.0549297
0.805534	0.7875	0.0477149
0.829944	0.7875	0.0405256
0.854354	0.7875	0.0333947
0.878764	0.7875	0.0263584
0.903174	0.7875	0.0194562
0.927584	0.7875	0.0127311
0.951995	0.7875	0.00622962
0.976405	0.7875	0
0	0.81	0.194499
0.0248575	0.81	0.194342
0.0497151	0.81	0.19387
0.0745726	0.81	0.193084
0.0994302	0.81	0.191984
0.124288	0.81	0.190572
0.149145	0.81	0.188849
0.174003	0.81	0.186816
0.19886	0.81	0.184477
0.223718	0.81	0.181834
0.248575	0.81	0.178889
0.273433	0.81	0.175647
0.298291	0.81	0.172111
0.323148	0.81	0.168286
0.348006	0.81	0.164178
0.372863	0.81	0.159793
0.397721	0.81	0.155137
0.422578	0.81	0.150217
0.447436	0.81	0.145043
0.472293	0.81	0.139623
0.497151	0.81	0.133968
0.522009	0.81	0.128088
0.546866	0.81	0.121997
0.571724	0.81	0.115707
0.596581	0.81	0.109234
0.621439	0.81	0.102593
0.646296	0.81	0.0958021
0.671154	0.81	0.0888804
0.696011	0.81	0.0818486
0.720869	0.81	0.0747296
0.745726	0.81	0.0675482
0.770584	0.81	0.0603317
0.795442	0.81	0.0531101
0.820299	0.81	0.0459162
0.845157	0.81	0.0387864
0.870014	0.81	0.0317613
0.894872	0.81	0.0248861
0.919729	0.81	0.0182117
0.944587	0.81	0.0117956
0.969444	0.81	0.00570205
0.994302	0.81	0
0	0.8325	0.195372
0.025305	0.8325	0.195209
0.05061	0.8325	0.194722
0.0759149	0.8325	0.193909
0.10122	0.8325	0.192773
0.126525	0.8325	0.191315
0.15183	0.8325	0.189535
0.177135	0.8325	0.187436
0.20244	0.8325	0.185021
0.227745	0.8325	0.182293
0.25305	0.8325	0.179254
0.278355	0.8325	0.175909
0.30366	0.8325	0.172263
0.328965	0.8325	0.168321
0.35427	0.8325	0.164088
0.379575	0.8325	0.159571
0.40488	0.8325	0.154779
0.430185	0.8325	0.149718
0.45549	0.8325	0.144399
0.480795	0.8325	0.138832
0.5061	0.8325	0.133028
0.531405	0.8325	0.126999
0.55671	0.8325	0.12076
0.582015	0.8325	0.114325
0.60732	0.8325	0.10771
0.632625	0.8325	0.100935
0.657929	0.8325	0.0940173
0.683234	0.8325	0.08698
0.708539	0.8325	0.0798464
0.733844	0.8325	0.0726424
0.759149	0.8325	0.0653966
0.784454	0.8325	0.0581405
0.809759	0.8325	0.0509091
0.835064	0.8325	0.0437415
0.860369	0.8325	0.0366813
0.885674	0.8325	0.0297783
0.910979	0.8325	0.0230896
0.936284	0.8325	0.016682
0.961589	0.8325	0.0106344
0.986894	0.8325	0.00503952
1.0122	0.8325	0
0	0.855	0.195996
0.0257524	0.855	0.195828
0.0515048	0.855	0.195324
0.0772572	0.855	0.194485
0.10301	0.855	0.193311
0.128762	0.855	0.191803
0.154514	0.855	0.189965
0.180267	0.855	0.187797
0.206019	0.855	0.185303
0.231772	0.855	0.182486
0.257524	0.855	0.179349
0.283277	0.855	0.175897
0.309029	0.855	0.172136
0.334781	0.855	0.16807
0.360534	0.855	0.163706
0.386286	0.855	0.159053
0.412039	0.855	0.154117
0.437791	0.855	0.148908
0.463543	0.855	0.143437
0.489296	0.855	0.137715
0.515048	0.855	0.131753
0.540801	0.855	0.125567
0.566553	0.855	0.119171
0.592305	0.855	0.112581
0.618058	0.855	0.105817
0.64381	0.855	0.0988971
0.669563	0.855	0.0918447
0.695315	0.855	0.0846835
0.721068	0.855	0.0774401
0.74682	0.855	0.070144
0.772572	0.855	0.0628278
0.798325	0.855	0.0555276
0.824077	0.855	0.0482841
0.84983	0.855	0.0411431
0.875582	0.855	0.034157
0.901334	0.855	0.0273867
0.927087	0.855	0.0209045
0.952839	0.855	0.0147996
0.978592	0.855	0.00918399
1.00434	0.855	0.0041977
1.0301	0.855	0
0	0.8775	0.19637
0.0261998	0.8775	0.196197
0.0523997	0.8775	0.195676
0.0785995	0.8775	0.194808
0.104799	0.8775	0.193595
0.130999	0.8775	0.192037
0.157199	0.8775	0.190137
0.183399	0.8775	0.187897
0.209599	0.8775	0.18532
0.235799	0.8775	0.18241
0.261998	0.8775	0.179171
0.288198	0.8775	0.175607
0.314398	0.8775	0.171725
0.340598	0.8775	0.16753
0.366798	0.8775	0.163029
0.392998	0.8775	0.158231
0.419198	0.8775	0.153144
0.445397	0.8775	0.147779
0.471597	0.8775	0.142147
0.497797	0.8775	0.13626
0.523997	0.8775	0.130132
0.550197	0.8775	0.123778
0.576397	0.8775	0.117214
0.602596	0.8775	0.11046
0.628796	0.8775	0.103534
0.654996	0.8775	0.0964595
0.681196	0.8775	0.0892606
0.707396	0.8775	0.0819641
0.733596	0.8775	0.0745998
0.759795	0.8775	0.0672007
0.785995	0.8775	0.0598036
0.812195	0.8775	0.0524497
0.838395	0.8775	0.0451857
0.864595	0.8775	0.0380648
0.890795	0.8775	0.0311487
0.916995	0.8775	0.024511
0.943194	0.8775	0.0182436
0.969394	0.8775	0.0124672
0.995594	0.8775	0.00734769
1.02179	0.8775	0.00310725
1.04799	0.8775	0
0	0.9	0.196495
0.0266473	0.9	0.196316
0.0532946	0.9	0.195777
0.0799418	0.9	0.19488
0.106589	0.9	0.193625
0.133236	0.9	0.192015
0.159884	0.9	0.190051
0.186531	0.9	0.187735
0.213178	0.9	0.185072
0.239825	0.9	0.182065
0.266473	0.9	0.178718
0.29312	0.9	0.175037
0.319767	0.9	0.171027
0.346415	0.9	0.166696
0.373062	0.9	0.16205
0.399709	0.9	0.1571
0.426356	0.9	0.151854
0.453004	0.9	0.146323
0.479651	0.9	0.14052
0.506298	0.9	0.134458
0.532946	0.9	0.128152
0.559593	0.9	0.121619
0.58624	0.9	0.114876
0.612887	0.9	0.107943
0.639535	0.9	0.100843
0.666182	0.9	0.0935995
0.692829	0.9	0.0862398
0.719476	0.9	0.0787933
0.746124	0.9	0.071293
0.772771	0.9	0.0637756
0.799418	0.9	0.056282
0.826066	0.9	0.0488586
0.852713	0.9	0.0415579
0.87936	0.9	0.0344404
0.906007	0.9	0.0275765
0.932655	0.9	0.0210531
0.959302	0.9	0.014985
0.985949	0.9	0.00953939
1.0126	0.9	0.00497306
1.03924	0.9	0.00165802
1.06589	0.9	0
