3.31034	0
2.97392	10
2.79231	20
2.65199	30
2.5356	40
2.43654	50
2.3511	60
2.27675	70
2.21155	80
2.15399	90
2.10286	100
2.05713	110
2.01601	120
1.97879	130
1.94493	140
1.91393	150
1.88542	160
1.85904	170
1.83453	180
1.81164	190
1.79017	200
1.76995	210
1.75083	220
1.73269	230
1.71542	240
1.69892	250
1.68312	260
1.66795	270
1.65334	280
1.63924	290
1.62562	300
1.61241	310
1.5996	320
1.58715	330
1.57503	340
1.56321	350
1.55168	360
1.54041	370
1.52939	380
1.5186	390
1.50802	400
1.49765	410
1.48746	420
1.47745	430
1.46762	440
1.45794	450
1.44841	460
1.43903	470
1.42979	480
1.42067	490
1.41168	500
1.40281	510
1.39405	520
1.38541	530
1.37686	540
1.36842	550
1.36007	560
1.35182	570
1.34366	580
1.33558	590
1.32759	600
1.31968	610
1.31184	620
1.30409	630
1.2964	640
1.28879	650
1.28125	660
1.27378	670
1.26637	680
1.25902	690
1.25174	700
1.24452	710
1.23736	720
1.23026	730
1.22322	740
1.21623	750
1.2093	760
1.20242	770
1.19559	780
1.18881	790
1.18209	800
1.17541	810
1.16878	820
1.1622	830
1.15567	840
1.14919	850
1.14275	860
1.13635	870
1.13	880
1.12369	890
1.11743	900
1.11121	910
1.10502	920
1.09888	930
1.09279	940
1.08673	950
1.08071	960
1.07473	970
1.06878	980
1.06288	990
1.05702	1000
1.05119	1010
1.04539	1020
1.03964	1030
1.03392	1040
1.02823	1050
1.02259	1060
1.01697	1070
1.01139	1080
1.00585	1090
1.00034	1100
0.994858	1110
0.989414	1120
0.984002	1130
0.978622	1140
0.973275	1150
0.96796	1160
0.962677	1170
0.957425	1180
0.952204	1190
0.947014	1200
0.941855	1210
0.936726	1220
0.931627	1230
0.926558	1240
0.921519	1250
0.916509	1260
0.911528	1270
0.906575	1280
0.901652	1290
0.896757	1300
0.89189	1310
0.887052	1320
0.882241	1330
0.877458	1340
0.872702	1350
0.867973	1360
0.863271	1370
0.858596	1380
0.853948	1390
0.849326	1400
0.844731	1410
0.840161	1420
0.835617	1430
0.831099	1440
0.826607	1450
0.82214	1460
0.817698	1470
0.81328	1480
0.808888	1490
0.804521	1500
0.800178	1510
0.795859	1520
0.791564	1530
0.787293	1540
0.783047	1550
0.778824	1560
0.774624	1570
0.770448	1580
0.766295	1590
0.762165	1600
0.758058	1610
0.753974	1620
0.749913	1630
0.745874	1640
0.741857	1650
0.737863	1660
0.733891	1670
0.72994	1680
0.726012	1690
0.722105	1700
0.71822	1710
0.714356	1720
0.710513	1730
0.706692	1740
0.702891	1750
0.699112	1760
0.695353	1770
0.691615	1780
0.687897	1790
0.6842	1800
0.680523	1810
0.676867	1820
0.67323	1830
0.669613	1840
0.666016	1850
0.662439	1860
0.658881	1870
0.655343	1880
0.651824	1890
0.648324	1900
0.644843	1910
0.641381	1920
0.637939	1930
0.634515	1940
0.631109	1950
0.627722	1960
0.624354	1970
0.621004	1980
0.617672	1990
0.614359	2000
0.611063	2010
0.607785	2020
0.604525	2030
0.601283	2040
0.598059	2050
0.594851	2060
0.591662	2070
0.588489	2080
0.585334	2090
0.582196	2100
0.579075	2110
0.575971	2120
0.572884	2130
0.569813	2140
0.56676	2150
0.563722	2160
0.560701	2170
0.557697	2180
0.554708	2190
0.551736	2200
0.54878	2210
0.54584	2220
0.542916	2230
0.540008	2240
0.537115	2250
0.534238	2260
0.531377	2270
0.528531	2280
0.5257	2290
0.522885	2300
0.520085	2310
0.5173	2320
0.51453	2330
0.511774	2340
0.509034	2350
0.506309	2360
0.503598	2370
0.500902	2380
0.498221	2390
0.495553	2400
0.492901	2410
0.490262	2420
0.487638	2430
0.485028	2440
0.482432	2450
0.47985	2460
0.477282	2470
0.474728	2480
0.472187	2490
0.46966	2500
0.467147	2510
0.464647	2520
0.462161	2530
0.459688	2540
0.457228	2550
0.454782	2560
0.452349	2570
0.449929	2580
0.447521	2590
0.445127	2600
0.442746	2610
0.440377	2620
0.438022	2630
0.435678	2640
0.433348	2650
0.43103	2660
0.428724	2670
0.426431	2680
0.42415	2690
0.421882	2700
0.419625	2710
0.417381	2720
0.415149	2730
0.412928	2740
0.41072	2750
0.408524	2760
0.406339	2770
0.404166	2780
0.402005	2790
0.399855	2800
0.397717	2810
0.39559	2820
0.393475	2830
0.391371	2840
0.389278	2850
0.387197	2860
0.385127	2870
0.383067	2880
0.381019	2890
0.378982	2900
0.376956	2910
0.374941	2920
0.372936	2930
0.370942	2940
0.368959	2950
0.366987	2960
0.365025	2970
0.363073	2980
0.361132	2990
0.359202	3000
0.357282	3010
0.355372	3020
0.353472	3030
0.351583	3040
0.349703	3050
0.347834	3060
0.345975	3070
0.344126	3080
0.342286	3090
0.340457	3100
0.338637	3110
0.336827	3120
0.335027	3130
0.333236	3140
0.331455	3150
0.329683	3160
0.327921	3170
0.326169	3180
0.324425	3190
0.322691	3200
0.320967	3210
0.319251	3220
0.317545	3230
0.315848	3240
0.31416	3250
0.312481	3260
0.310811	3270
0.30915	3280
0.307498	3290
0.305855	3300
0.30422	3310
0.302595	3320
0.300978	3330
0.299369	3340
0.29777	3350
0.296178	3360
0.294596	3370
0.293021	3380
0.291456	3390
0.289898	3400
0.288349	3410
0.286808	3420
0.285276	3430
0.283751	3440
0.282235	3450
0.280727	3460
0.279227	3470
0.277735	3480
0.276251	3490
0.274775	3500
0.273307	3510
0.271846	3520
0.270394	3530
0.268949	3540
0.267512	3550
0.266083	3560
0.264661	3570
0.263247	3580
0.261841	3590
0.260442	3600
0.25905	3610
0.257666	3620
0.256289	3630
0.25492	3640
0.253558	3650
0.252203	3660
0.250856	3670
0.249516	3680
0.248182	3690
0.246856	3700
0.245538	3710
0.244226	3720
0.242921	3730
0.241623	3740
0.240332	3750
0.239048	3760
0.237771	3770
0.236501	3780
0.235237	3790
0.233981	3800
0.232731	3810
0.231487	3820
0.230251	3830
0.22902	3840
0.227797	3850
0.22658	3860
0.225369	3870
0.224165	3880
0.222968	3890
0.221777	3900
0.220592	3910
0.219413	3920
0.218241	3930
0.217075	3940
0.215916	3950
0.214762	3960
0.213615	3970
0.212474	3980
0.211339	3990
0.21021	4000
0.209087	4010
0.20797	4020
0.206859	4030
0.205754	4040
0.204655	4050
0.203561	4060
0.202474	4070
0.201392	4080
0.200316	4090
0.199246	4100
0.198182	4110
0.197123	4120
0.19607	4130
0.195023	4140
0.193981	4150
0.192945	4160
0.191914	4170
0.190889	4180
0.189869	4190
0.188855	4200
0.187846	4210
0.186843	4220
0.185845	4230
0.184852	4240
0.183864	4250
0.182882	4260
0.181905	4270
0.180934	4280
0.179967	4290
0.179006	4300
0.17805	4310
0.177098	4320
0.176152	4330
0.175211	4340
0.174275	4350
0.173345	4360
0.172419	4370
0.171498	4380
0.170581	4390
0.16967	4400
0.168764	4410
0.167862	4420
0.166966	4430
0.166074	4440
0.165187	4450
0.164304	4460
0.163427	4470
0.162554	4480
0.161686	4490
0.160822	4500
0.159963	4510
0.159108	4520
0.158258	4530
0.157413	4540
0.156572	4550
0.155736	4560
0.154904	4570
0.154077	4580
0.153254	4590
0.152435	4600
0.151621	4610
0.150811	4620
0.150005	4630
0.149204	4640
0.148407	4650
0.147614	4660
0.146826	4670
0.146042	4680
0.145261	4690
0.144485	4700
0.143714	4710
0.142946	4720
0.142183	4730
0.141423	4740
0.140668	4750
0.139916	4760
0.139169	4770
0.138426	4780
0.137686	4790
0.136951	4800
0.136219	4810
0.135492	4820
0.134768	4830
0.134048	4840
0.133332	4850
0.13262	4860
0.131911	4870
0.131207	4880
0.130506	4890
0.129809	4900
0.129115	4910
0.128426	4920
0.12774	4930
0.127058	4940
0.126379	4950
0.125704	4960
0.125032	4970
0.124365	4980
0.1237	4990
0.12304	5000
0.122382	5010
0.121729	5020
0.121078	5030
0.120432	5040
0.119788	5050
0.119149	5060
0.118512	5070
0.117879	5080
0.117249	5090
0.116623	5100
0.116	5110
0.115381	5120
0.114764	5130
0.114151	5140
0.113542	5150
0.112935	5160
0.112332	5170
0.111732	5180
0.111135	5190
0.110542	5200
0.109951	5210
0.109364	5220
0.10878	5230
0.108199	5240
0.107621	5250
0.107046	5260
0.106474	5270
0.105905	5280
0.10534	5290
0.104777	5300
0.104217	5310
0.103661	5320
0.103107	5330
0.102556	5340
0.102008	5350
0.101464	5360
0.100922	5370
0.100383	5380
0.0998464	5390
0.0993131	5400
0.0987827	5410
0.098255	5420
0.0977302	5430
0.0972082	5440
0.096689	5450
0.0961725	5460
0.0956589	5470
0.0951479	5480
0.0946397	5490
0.0941342	5500
0.0936314	5510
0.0931313	5520
0.0926338	5530
0.092139	5540
0.0916469	5550
0.0911574	5560
0.0906705	5570
0.0901862	5580
0.0897045	5590
0.0892253	5600
0.0887488	5610
0.0882747	5620
0.0878032	5630
0.0873342	5640
0.0868678	5650
0.0864038	5660
0.0859423	5670
0.0854832	5680
0.0850266	5690
0.0845725	5700
0.0841207	5710
0.0836714	5720
0.0832245	5730
0.08278	5740
0.0823378	5750
0.081898	5760
0.0814606	5770
0.0810255	5780
0.0805927	5790
0.0801622	5800
0.0797341	5810
0.0793082	5820
0.0788846	5830
0.0784632	5840
0.0780441	5850
0.0776273	5860
0.0772127	5870
0.0768002	5880
0.07639	5890
0.075982	5900
0.0755762	5910
0.0751725	5920
0.074771	5930
0.0743716	5940
0.0739744	5950
0.0735792	5960
0.0731862	5970
0.0727953	5980
0.0724065	5990
0.0720198	6000
0.0716351	6010
0.0712525	6020
0.0708719	6030
0.0704933	6040
0.0701168	6050
0.0697423	6060
0.0693698	6070
0.0689993	6080
0.0686307	6090
0.0682641	6100
0.0678995	6110
0.0675369	6120
0.0671761	6130
0.0668173	6140
0.0664604	6150
0.0661054	6160
0.0657524	6170
0.0654012	6180
0.0650518	6190
0.0647044	6200
0.0643588	6210
0.064015	6220
0.0636731	6230
0.063333	6240
0.0629947	6250
0.0626582	6260
0.0623236	6270
0.0619907	6280
0.0616596	6290
0.0613302	6300
0.0610027	6310
0.0606768	6320
0.0603527	6330
0.0600304	6340
0.0597097	6350
0.0593908	6360
0.0590736	6370
0.0587581	6380
0.0584442	6390
0.0581321	6400
0.0578216	6410
0.0575127	6420
0.0572055	6430
0.0569	6440
0.0565961	6450
0.0562938	6460
0.0559931	6470
0.055694	6480
0.0553965	6490
0.0551006	6500
0.0548063	6510
0.0545136	6520
0.0542224	6530
0.0539328	6540
0.0536447	6550
0.0533582	6560
0.0530732	6570
0.0527897	6580
0.0525078	6590
0.0522273	6600
0.0519484	6610
0.0516709	6620
0.0513949	6630
0.0511204	6640
0.0508473	6650
0.0505758	6660
0.0503056	6670
0.0500369	6680
0.0497697	6690
0.0495038	6700
0.0492394	6710
0.0489764	6720
0.0487148	6730
0.0484546	6740
0.0481958	6750
0.0479384	6760
0.0476823	6770
0.0474277	6780
0.0471743	6790
0.0469224	6800
0.0466717	6810
0.0464224	6820
0.0461745	6830
0.0459279	6840
0.0456826	6850
0.0454386	6860
0.0451959	6870
0.0449544	6880
0.0447143	6890
0.0444755	6900
0.044238	6910
0.0440017	6920
0.0437666	6930
0.0435329	6940
0.0433004	6950
0.0430691	6960
0.042839	6970
0.0426102	6980
0.0423826	6990
0.0421562	7000
0.0419311	7010
0.0417071	7020
0.0414843	7030
0.0412628	7040
0.0410424	7050
0.0408232	7060
0.0406051	7070
0.0403882	7080
0.0401725	7090
0.0399579	7100
0.0397445	7110
0.0395322	7120
0.0393211	7130
0.039111	7140
0.0389021	7150
0.0386944	7160
0.0384877	7170
0.0382821	7180
0.0380776	7190
0.0378743	7200
0.037672	7210
0.0374707	7220
0.0372706	7230
0.0370715	7240
0.0368735	7250
0.0366766	7260
0.0364807	7270
0.0362858	7280
0.036092	7290
0.0358992	7300
0.0357075	7310
0.0355168	7320
0.0353271	7330
0.0351384	7340
0.0349507	7350
0.034764	7360
0.0345783	7370
0.0343936	7380
0.0342099	7390
0.0340272	7400
0.0338455	7410
0.0336647	7420
0.0334849	7430
0.033306	7440
0.0331281	7450
0.0329512	7460
0.0327752	7470
0.0326001	7480
0.032426	7490
0.0322528	7500
0.0320805	7510
0.0319092	7520
0.0317387	7530
0.0315692	7540
0.0314006	7550
0.0312329	7560
0.0310661	7570
0.0309001	7580
0.0307351	7590
0.0305709	7600
0.0304076	7610
0.0302452	7620
0.0300837	7630
0.029923	7640
0.0297632	7650
0.0296042	7660
0.0294461	7670
0.0292888	7680
0.0291323	7690
0.0289767	7700
0.028822	7710
0.028668	7720
0.0285149	7730
0.0283626	7740
0.0282111	7750
0.0280604	7760
0.0279105	7770
0.0277615	7780
0.0276132	7790
0.0274657	7800
0.027319	7810
0.0271731	7820
0.0270279	7830
0.0268836	7840
0.02674	7850
0.0265972	7860
0.0264551	7870
0.0263138	7880
0.0261732	7890
0.0260335	7900
0.0258944	7910
0.0257561	7920
0.0256185	7930
0.0254817	7940
0.0253456	7950
0.0252102	7960
0.0250756	7970
0.0249416	7980
0.0248084	7990
0.0246759	8000
0.0245441	8010
0.024413	8020
0.0242826	8030
0.0241529	8040
0.0240239	8050
0.0238956	8060
0.0237679	8070
0.023641	8080
0.0235147	8090
0.0233891	8100
0.0232642	8110
0.0231399	8120
0.0230163	8130
0.0228934	8140
0.0227711	8150
0.0226495	8160
0.0225285	8170
0.0224082	8180
0.0222885	8190
0.0221695	8200
0.022051	8210
0.0219333	8220
0.0218161	8230
0.0216996	8240
0.0215837	8250
0.0214684	8260
0.0213537	8270
0.0212397	8280
0.0211262	8290
0.0210134	8300
0.0209012	8310
0.0207895	8320
0.0206785	8330
0.020568	8340
0.0204582	8350
0.0203489	8360
0.0202402	8370
0.0201321	8380
0.0200246	8390
0.0199176	8400
0.0198112	8410
0.0197054	8420
0.0196002	8430
0.0194955	8440
0.0193913	8450
0.0192878	8460
0.0191847	8470
0.0190823	8480
0.0189803	8490
0.018879	8500
0.0187781	8510
0.0186778	8520
0.0185781	8530
0.0184788	8540
0.0183801	8550
0.018282	8560
0.0181843	8570
0.0180872	8580
0.0179906	8590
0.0178945	8600
0.0177989	8610
0.0177038	8620
0.0176093	8630
0.0175152	8640
0.0174217	8650
0.0173286	8660
0.0172361	8670
0.017144	8680
0.0170524	8690
0.0169614	8700
0.0168708	8710
0.0167806	8720
0.016691	8730
0.0166019	8740
0.0165132	8750
0.016425	8760
0.0163373	8770
0.01625	8780
0.0161632	8790
0.0160769	8800
0.015991	8810
0.0159056	8820
0.0158206	8830
0.0157361	8840
0.0156521	8850
0.0155685	8860
0.0154853	8870
0.0154026	8880
0.0153203	8890
0.0152385	8900
0.0151571	8910
0.0150762	8920
0.0149956	8930
0.0149155	8940
0.0148359	8950
0.0147566	8960
0.0146778	8970
0.0145994	8980
0.0145214	8990
0.0144439	9000
0.0143667	9010
0.01429	9020
0.0142137	9030
0.0141377	9040
0.0140622	9050
0.0139871	9060
0.0139124	9070
0.0138381	9080
0.0137642	9090
0.0136907	9100
0.0136176	9110
0.0135448	9120
0.0134725	9130
0.0134005	9140
0.0133289	9150
0.0132577	9160
0.0131869	9170
0.0131165	9180
0.0130464	9190
0.0129768	9200
0.0129074	9210
0.0128385	9220
0.0127699	9230
0.0127017	9240
0.0126339	9250
0.0125664	9260
0.0124993	9270
0.0124325	9280
0.0123661	9290
0.0123001	9300
0.0122344	9310
0.012169	9320
0.012104	9330
0.0120394	9340
0.0119751	9350
0.0119111	9360
0.0118475	9370
0.0117842	9380
0.0117213	9390
0.0116586	9400
0.0115964	9410
0.0115344	9420
0.0114728	9430
0.0114116	9440
0.0113506	9450
0.01129	9460
0.0112297	9470
0.0111697	9480
0.01111	9490
0.0110507	9500
0.0109917	9510
0.010933	9520
0.0108746	9530
0.0108165	9540
0.0107587	9550
0.0107012	9560
0.0106441	9570
0.0105872	9580
0.0105307	9590
0.0104744	9600
0.0104185	9610
0.0103628	9620
0.0103075	9630
0.0102524	9640
0.0101977	9650
0.0101432	9660
0.010089	9670
0.0100351	9680
0.00998154	9690
0.00992822	9700
0.00987519	9710
0.00982245	9720
0.00976998	9730
0.0097178	9740
0.0096659	9750
0.00961427	9760
0.00956292	9770
0.00951184	9780
0.00946103	9790
0.0094105	9800
0.00936023	9810
0.00931024	9820
0.00926051	9830
0.00921105	9840
0.00916185	9850
0.00911291	9860
0.00906424	9870
0.00901583	9880
0.00896767	9890
0.00891977	9900
0.00887213	9910
0.00882474	9920
0.00877761	9930
0.00873072	9940
0.00868409	9950
0.00863771	9960
0.00859157	9970
0.00854568	9980
0.00850004	9990
0.00845463	10000
0.00840948	10010
0.00836456	10020
0.00831988	10030
0.00827544	10040
0.00823124	10050
0.00818728	10060
0.00814355	10070
0.00810005	10080
0.00805679	10090
0.00801375	10100
0.00797095	10110
0.00792837	10120
0.00788603	10130
0.00784391	10140
0.00780201	10150
0.00776034	10160
0.00771889	10170
0.00767766	10180
0.00763665	10190
0.00759586	10200
0.00755529	10210
0.00751494	10220
0.0074748	10230
0.00743487	10240
0.00739516	10250
0.00735566	10260
0.00731637	10270
0.00727729	10280
0.00723842	10290
0.00719976	10300
0.00716131	10310
0.00712306	10320
0.00708501	10330
0.00704717	10340
0.00700953	10350
0.00697209	10360
0.00693485	10370
0.00689781	10380
0.00686096	10390
0.00682432	10400
0.00678787	10410
0.00675161	10420
0.00671555	10430
0.00667968	10440
0.006644	10450
0.00660852	10460
0.00657322	10470
0.00653811	10480
0.00650319	10490
0.00646845	10500
0.0064339	10510
0.00639954	10520
0.00636536	10530
0.00633136	10540
0.00629754	10550
0.0062639	10560
0.00623045	10570
0.00619717	10580
0.00616407	10590
0.00613114	10600
0.0060984	10610
0.00606582	10620
0.00603342	10630
0.0060012	10640
0.00596914	10650
0.00593726	10660
0.00590555	10670
0.00587401	10680
0.00584263	10690
0.00581142	10700
0.00578038	10710
0.00574951	10720
0.0057188	10730
0.00568825	10740
0.00565787	10750
0.00562765	10760
0.00559759	10770
0.0055677	10780
0.00553796	10790
0.00550838	10800
0.00547896	10810
0.00544969	10820
0.00542058	10830
0.00539163	10840
0.00536283	10850
0.00533419	10860
0.0053057	10870
0.00527736	10880
0.00524917	10890
0.00522113	10900
0.00519325	10910
0.00516551	10920
0.00513792	10930
0.00511047	10940
0.00508318	10950
0.00505603	10960
0.00502902	10970
0.00500216	10980
0.00497544	10990
0.00494887	11000
0.00492243	11010
0.00489614	11020
0.00486999	11030
0.00484398	11040
0.00481811	11050
0.00479237	11060
0.00476677	11070
0.00474131	11080
0.00471599	11090
0.0046908	11100
0.00466575	11110
0.00464082	11120
0.00461604	11130
0.00459138	11140
0.00456686	11150
0.00454247	11160
0.0045182	11170
0.00449407	11180
0.00447007	11190
0.00444619	11200
0.00442244	11210
0.00439882	11220
0.00437533	11230
0.00435196	11240
0.00432871	11250
0.00430559	11260
0.00428259	11270
0.00425972	11280
0.00423697	11290
0.00421434	11300
0.00419183	11310
0.00416944	11320
0.00414717	11330
0.00412502	11340
0.00410298	11350
0.00408107	11360
0.00405927	11370
0.00403759	11380
0.00401602	11390
0.00399457	11400
0.00397324	11410
0.00395201	11420
0.00393091	11430
0.00390991	11440
0.00388903	11450
0.00386825	11460
0.00384759	11470
0.00382704	11480
0.0038066	11490
0.00378627	11500
0.00376604	11510
0.00374593	11520
0.00372592	11530
0.00370602	11540
0.00368623	11550
0.00366654	11560
0.00364695	11570
0.00362747	11580
0.0036081	11590
0.00358883	11600
0.00356966	11610
0.00355059	11620
0.00353163	11630
0.00351276	11640
0.003494	11650
0.00347534	11660
0.00345678	11670
0.00343831	11680
0.00341995	11690
0.00340168	11700
0.00338351	11710
0.00336544	11720
0.00334746	11730
0.00332958	11740
0.0033118	11750
0.00329411	11760
0.00327652	11770
0.00325902	11780
0.00324161	11790
0.00322429	11800
0.00320707	11810
0.00318994	11820
0.0031729	11830
0.00315596	11840
0.0031391	11850
0.00312233	11860
0.00310566	11870
0.00308907	11880
0.00307257	11890
0.00305616	11900
0.00303983	11910
0.0030236	11920
0.00300745	11930
0.00299138	11940
0.00297541	11950
0.00295951	11960
0.00294371	11970
0.00292798	11980
0.00291234	11990
0.00289679	12000
0.00288132	12010
0.00286593	12020
0.00285062	12030
0.00283539	12040
0.00282025	12050
0.00280519	12060
0.0027902	12070
0.0027753	12080
0.00276048	12090
0.00274573	12100
0.00273107	12110
0.00271648	12120
0.00270197	12130
0.00268754	12140
0.00267318	12150
0.0026589	12160
0.0026447	12170
0.00263058	12180
0.00261653	12190
0.00260255	12200
0.00258865	12210
0.00257482	12220
0.00256107	12230
0.00254739	12240
0.00253378	12250
0.00252025	12260
0.00250679	12270
0.0024934	12280
0.00248008	12290
0.00246684	12300
0.00245366	12310
0.00244055	12320
0.00242752	12330
0.00241455	12340
0.00240166	12350
0.00238883	12360
0.00237607	12370
0.00236338	12380
0.00235075	12390
0.0023382	12400
0.00232571	12410
0.00231329	12420
0.00230093	12430
0.00228864	12440
0.00227642	12450
0.00226426	12460
0.00225216	12470
0.00224013	12480
0.00222817	12490
0.00221627	12500
0.00220443	12510
0.00219266	12520
0.00218095	12530
0.0021693	12540
0.00215771	12550
0.00214618	12560
0.00213472	12570
0.00212332	12580
0.00211198	12590
0.0021007	12600
0.00208948	12610
0.00207832	12620
0.00206722	12630
0.00205617	12640
0.00204519	12650
0.00203427	12660
0.0020234	12670
0.00201259	12680
0.00200185	12690
0.00199115	12700
0.00198052	12710
0.00196994	12720
0.00195942	12730
0.00194895	12740
0.00193854	12750
0.00192819	12760
0.00191789	12770
0.00190764	12780
0.00189746	12790
0.00188732	12800
0.00187724	12810
0.00186721	12820
0.00185724	12830
0.00184732	12840
0.00183745	12850
0.00182764	12860
0.00181788	12870
0.00180817	12880
0.00179851	12890
0.0017889	12900
0.00177935	12910
0.00176984	12920
0.00176039	12930
0.00175099	12940
0.00174164	12950
0.00173233	12960
0.00172308	12970
0.00171388	12980
0.00170472	12990
0.00169562	13000
0.00168656	13010
0.00167755	13020
0.00166859	13030
0.00165968	13040
0.00165082	13050
0.001642	13060
0.00163323	13070
0.0016245	13080
0.00161583	13090
0.0016072	13100
0.00159861	13110
0.00159007	13120
0.00158158	13130
0.00157313	13140
0.00156473	13150
0.00155637	13160
0.00154806	13170
0.00153979	13180
0.00153157	13190
0.00152339	13200
0.00151525	13210
0.00150716	13220
0.00149911	13230
0.0014911	13240
0.00148313	13250
0.00147521	13260
0.00146733	13270
0.0014595	13280
0.0014517	13290
0.00144395	13300
0.00143623	13310
0.00142856	13320
0.00142093	13330
0.00141334	13340
0.00140579	13350
0.00139829	13360
0.00139082	13370
0.00138339	13380
0.001376	13390
0.00136865	13400
0.00136134	13410
0.00135407	13420
0.00134684	13430
0.00133964	13440
0.00133249	13450
0.00132537	13460
0.00131829	13470
0.00131125	13480
0.00130425	13490
0.00129728	13500
0.00129035	13510
0.00128346	13520
0.0012766	13530
0.00126978	13540
0.001263	13550
0.00125626	13560
0.00124955	13570
0.00124287	13580
0.00123623	13590
0.00122963	13600
0.00122306	13610
0.00121653	13620
0.00121003	13630
0.00120357	13640
0.00119714	13650
0.00119075	13660
0.00118439	13670
0.00117806	13680
0.00117177	13690
0.00116551	13700
0.00115928	13710
0.00115309	13720
0.00114693	13730
0.00114081	13740
0.00113471	13750
0.00112865	13760
0.00112262	13770
0.00111663	13780
0.00111066	13790
0.00110473	13800
0.00109883	13810
0.00109296	13820
0.00108712	13830
0.00108132	13840
0.00107554	13850
0.0010698	13860
0.00106408	13870
0.0010584	13880
0.00105275	13890
0.00104712	13900
0.00104153	13910
0.00103597	13920
0.00103043	13930
0.00102493	13940
0.00101946	13950
0.00101401	13960
0.00100859	13970
0.00100321	13980
0.000997849	13990
0.000992519	14000
0.000987218	14010
0.000981945	14020
0.0009767	14030
0.000971483	14040
0.000966294	14050
0.000961133	14060
0.000956	14070
0.000950893	14080
0.000945814	14090
0.000940763	14100
0.000935738	14110
0.00093074	14120
0.000925768	14130
0.000920824	14140
0.000915905	14150
0.000911013	14160
0.000906147	14170
0.000901307	14180
0.000896493	14190
0.000891705	14200
0.000886942	14210
0.000882205	14220
0.000877493	14230
0.000872806	14240
0.000868144	14250
0.000863507	14260
0.000858895	14270
0.000854307	14280
0.000849744	14290
0.000845205	14300
0.000840691	14310
0.000836201	14320
0.000831734	14330
0.000827292	14340
0.000822873	14350
0.000818478	14360
0.000814106	14370
0.000809758	14380
0.000805433	14390
0.000801131	14400
0.000796852	14410
0.000792595	14420
0.000788362	14430
0.000784151	14440
0.000779963	14450
0.000775797	14460
0.000771653	14470
0.000767532	14480
0.000763432	14490
0.000759354	14500
0.000755298	14510
0.000751264	14520
0.000747251	14530
0.00074326	14540
0.00073929	14550
0.000735342	14560
0.000731414	14570
0.000727507	14580
0.000723621	14590
0.000719756	14600
0.000715912	14610
0.000712088	14620
0.000708285	14630
0.000704502	14640
0.000700739	14650
0.000696996	14660
0.000693273	14670
0.00068957	14680
0.000685887	14690
0.000682223	14700
0.00067858	14710
0.000674955	14720
0.00067135	14730
0.000667764	14740
0.000664197	14750
0.00066065	14760
0.000657121	14770
0.000653611	14780
0.00065012	14790
0.000646648	14800
0.000643194	14810
0.000639758	14820
0.000636341	14830
0.000632942	14840
0.000629562	14850
0.000626199	14860
0.000622854	14870
0.000619528	14880
0.000616219	14890
0.000612927	14900
0.000609653	14910
0.000606397	14920
0.000603158	14930
0.000599937	14940
0.000596732	14950
0.000593545	14960
0.000590375	14970
0.000587221	14980
0.000584085	14990
0.000580965	15000
0.000577862	15010
0.000574775	15020
0.000571705	15030
0.000568652	15040
0.000565614	15050
0.000562593	15060
0.000559588	15070
0.0005566	15080
0.000553627	15090
0.00055067	15100
0.000547728	15110
0.000544803	15120
0.000541893	15130
0.000538998	15140
0.00053612	15150
0.000533256	15160
0.000530408	15170
0.000527575	15180
0.000524757	15190
0.000521954	15200
0.000519166	15210
0.000516393	15220
0.000513635	15230
0.000510891	15240
0.000508163	15250
0.000505448	15260
0.000502749	15270
0.000500063	15280
0.000497392	15290
0.000494736	15300
0.000492093	15310
0.000489465	15320
0.00048685	15330
0.00048425	15340
0.000481664	15350
0.000479091	15360
0.000476532	15370
0.000473987	15380
0.000471455	15390
0.000468937	15400
0.000466432	15410
0.000463941	15420
0.000461463	15430
0.000458998	15440
0.000456546	15450
0.000454108	15460
0.000451682	15470
0.00044927	15480
0.00044687	15490
0.000444483	15500
0.000442109	15510
0.000439748	15520
0.000437399	15530
0.000435063	15540
0.000432739	15550
0.000430428	15560
0.000428129	15570
0.000425842	15580
0.000423567	15590
0.000421305	15600
0.000419055	15610
0.000416816	15620
0.00041459	15630
0.000412376	15640
0.000410173	15650
0.000407982	15660
0.000405803	15670
0.000403636	15680
0.00040148	15690
0.000399335	15700
0.000397202	15710
0.000395081	15720
0.000392971	15730
0.000390872	15740
0.000388784	15750
0.000386707	15760
0.000384642	15770
0.000382587	15780
0.000380544	15790
0.000378511	15800
0.00037649	15810
0.000374479	15820
0.000372478	15830
0.000370489	15840
0.00036851	15850
0.000366542	15860
0.000364584	15870
0.000362637	15880
0.0003607	15890
0.000358773	15900
0.000356857	15910
0.000354951	15920
0.000353055	15930
0.000351169	15940
0.000349293	15950
0.000347428	15960
0.000345572	15970
0.000343726	15980
0.00034189	15990
0.000340064	16000
0.000338248	16010
0.000336441	16020
0.000334644	16030
0.000332857	16040
0.000331079	16050
0.000329311	16060
0.000327552	16070
0.000325802	16080
0.000324062	16090
0.000322331	16100
0.000320609	16110
0.000318897	16120
0.000317194	16130
0.000315499	16140
0.000313814	16150
0.000312138	16160
0.000310471	16170
0.000308813	16180
0.000307163	16190
0.000305522	16200
0.000303891	16210
0.000302267	16220
0.000300653	16230
0.000299047	16240
0.00029745	16250
0.000295861	16260
0.000294281	16270
0.000292709	16280
0.000291146	16290
0.00028959	16300
0.000288044	16310
0.000286505	16320
0.000284975	16330
0.000283453	16340
0.000281939	16350
0.000280433	16360
0.000278935	16370
0.000277445	16380
0.000275963	16390
0.000274489	16400
0.000273023	16410
0.000271565	16420
0.000270114	16430
0.000268672	16440
0.000267237	16450
0.000265809	16460
0.000264389	16470
0.000262977	16480
0.000261573	16490
0.000260176	16500
0.000258786	16510
0.000257404	16520
0.000256029	16530
0.000254661	16540
0.000253301	16550
0.000251948	16560
0.000250602	16570
0.000249264	16580
0.000247933	16590
0.000246608	16600
0.000245291	16610
0.000243981	16620
0.000242678	16630
0.000241382	16640
0.000240092	16650
0.00023881	16660
0.000237534	16670
0.000236266	16680
0.000235004	16690
0.000233748	16700
0.0002325	16710
0.000231258	16720
0.000230023	16730
0.000228794	16740
0.000227572	16750
0.000226357	16760
0.000225148	16770
0.000223945	16780
0.000222749	16790
0.000221559	16800
0.000220376	16810
0.000219199	16820
0.000218028	16830
0.000216863	16840
0.000215705	16850
0.000214553	16860
0.000213407	16870
0.000212267	16880
0.000211133	16890
0.000210006	16900
0.000208884	16910
0.000207768	16920
0.000206658	16930
0.000205555	16940
0.000204457	16950
0.000203365	16960
0.000202278	16970
0.000201198	16980
0.000200123	16990
0.000199055	17000
0.000197991	17010
0.000196934	17020
0.000195882	17030
0.000194836	17040
0.000193795	17050
0.00019276	17060
0.00019173	17070
0.000190706	17080
0.000189688	17090
0.000188674	17100
0.000187667	17110
0.000186664	17120
0.000185667	17130
0.000184676	17140
0.000183689	17150
0.000182708	17160
0.000181732	17170
0.000180762	17180
0.000179796	17190
0.000178836	17200
0.00017788	17210
0.00017693	17220
0.000175985	17230
0.000175045	17240
0.00017411	17250
0.00017318	17260
0.000172255	17270
0.000171335	17280
0.00017042	17290
0.00016951	17300
0.000168605	17310
0.000167704	17320
0.000166808	17330
0.000165917	17340
0.000165031	17350
0.00016415	17360
0.000163273	17370
0.000162401	17380
0.000161533	17390
0.000160671	17400
0.000159812	17410
0.000158959	17420
0.00015811	17430
0.000157265	17440
0.000156425	17450
0.00015559	17460
0.000154759	17470
0.000153932	17480
0.00015311	17490
0.000152292	17500
0.000151479	17510
0.00015067	17520
0.000149865	17530
0.000149064	17540
0.000148268	17550
0.000147476	17560
0.000146689	17570
0.000145905	17580
0.000145126	17590
0.000144351	17600
0.00014358	17610
0.000142813	17620
0.00014205	17630
0.000141291	17640
0.000140537	17650
0.000139786	17660
0.000139039	17670
0.000138297	17680
0.000137558	17690
0.000136823	17700
0.000136092	17710
0.000135365	17720
0.000134642	17730
0.000133923	17740
0.000133208	17750
0.000132496	17760
0.000131789	17770
0.000131085	17780
0.000130385	17790
0.000129688	17800
0.000128996	17810
0.000128307	17820
0.000127621	17830
0.00012694	17840
0.000126262	17850
0.000125587	17860
0.000124916	17870
0.000124249	17880
0.000123586	17890
0.000122925	17900
0.000122269	17910
0.000121616	17920
0.000120966	17930
0.00012032	17940
0.000119677	17950
0.000119038	17960
0.000118402	17970
0.00011777	17980
0.000117141	17990
0.000116515	18000
0.000115893	18010
0.000115274	18020
0.000114658	18030
0.000114046	18040
0.000113437	18050
0.000112831	18060
0.000112228	18070
0.000111629	18080
0.000111032	18090
0.000110439	18100
0.00010985	18110
0.000109263	18120
0.000108679	18130
0.000108099	18140
0.000107521	18150
0.000106947	18160
0.000106376	18170
0.000105808	18180
0.000105242	18190
0.00010468	18200
0.000104121	18210
0.000103565	18220
0.000103012	18230
0.000102462	18240
0.000101914	18250
0.00010137	18260
0.000100829	18270
0.00010029	18280
9.97544e-05	18290
9.92216e-05	18300
9.86917e-05	18310
9.81645e-05	18320
9.76402e-05	18330
9.71187e-05	18340
9.65999e-05	18350
9.6084e-05	18360
9.55708e-05	18370
9.50603e-05	18380
9.45526e-05	18390
9.40475e-05	18400
9.35452e-05	18410
9.30456e-05	18420
9.25486e-05	18430
9.20543e-05	18440
9.15626e-05	18450
9.10735e-05	18460
9.05871e-05	18470
9.01032e-05	18480
8.9622e-05	18490
8.91433e-05	18500
8.86671e-05	18510
8.81935e-05	18520
8.77225e-05	18530
8.72539e-05	18540
8.67879e-05	18550
8.63243e-05	18560
8.58632e-05	18570
8.54046e-05	18580
8.49485e-05	18590
8.44947e-05	18600
8.40434e-05	18610
8.35945e-05	18620
8.3148e-05	18630
8.27039e-05	18640
8.22622e-05	18650
8.18228e-05	18660
8.13858e-05	18670
8.09511e-05	18680
8.05187e-05	18690
8.00886e-05	18700
7.96608e-05	18710
7.92353e-05	18720
7.88121e-05	18730
7.83912e-05	18740
7.79725e-05	18750
7.7556e-05	18760
7.71418e-05	18770
7.67297e-05	18780
7.63199e-05	18790
7.59122e-05	18800
7.55068e-05	18810
7.51035e-05	18820
7.47023e-05	18830
7.43033e-05	18840
7.39065e-05	18850
7.35117e-05	18860
7.31191e-05	18870
7.27285e-05	18880
7.23401e-05	18890
7.19537e-05	18900
7.15693e-05	18910
7.11871e-05	18920
7.08069e-05	18930
7.04287e-05	18940
7.00525e-05	18950
6.96783e-05	18960
6.93061e-05	18970
6.8936e-05	18980
6.85678e-05	18990
6.82015e-05	19000
6.78372e-05	19010
6.74749e-05	19020
6.71145e-05	19030
6.6756e-05	19040
6.63995e-05	19050
6.60448e-05	19060
6.56921e-05	19070
6.53412e-05	19080
6.49922e-05	19090
6.4645e-05	19100
6.42997e-05	19110
6.39563e-05	19120
6.36147e-05	19130
6.32749e-05	19140
6.2937e-05	19150
6.26008e-05	19160
6.22664e-05	19170
6.19338e-05	19180
6.1603e-05	19190
6.1274e-05	19200
6.09467e-05	19210
6.06212e-05	19220
6.02974e-05	19230
5.99753e-05	19240
5.9655e-05	19250
5.93364e-05	19260
5.90194e-05	19270
5.87042e-05	19280
5.83906e-05	19290
5.80788e-05	19300
5.77686e-05	19310
5.746e-05	19320
5.71531e-05	19330
5.68478e-05	19340
5.65442e-05	19350
5.62422e-05	19360
5.59418e-05	19370
5.5643e-05	19380
5.53458e-05	19390
5.50501e-05	19400
5.47561e-05	19410
5.44636e-05	19420
5.41727e-05	19430
5.38834e-05	19440
5.35956e-05	19450
5.33093e-05	19460
5.30246e-05	19470
5.27414e-05	19480
5.24597e-05	19490
5.21795e-05	19500
5.19008e-05	19510
5.16235e-05	19520
5.13478e-05	19530
5.10735e-05	19540
5.08007e-05	19550
5.05294e-05	19560
5.02595e-05	19570
4.99911e-05	19580
4.97241e-05	19590
4.94585e-05	19600
4.91943e-05	19610
4.89315e-05	19620
4.86702e-05	19630
4.84102e-05	19640
4.81517e-05	19650
4.78945e-05	19660
4.76386e-05	19670
4.73842e-05	19680
4.71311e-05	19690
4.68794e-05	19700
4.6629e-05	19710
4.63799e-05	19720
4.61322e-05	19730
4.58858e-05	19740
4.56407e-05	19750
4.53969e-05	19760
4.51544e-05	19770
4.49133e-05	19780
4.46734e-05	19790
4.44348e-05	19800
4.41974e-05	19810
4.39614e-05	19820
4.37265e-05	19830
4.3493e-05	19840
4.32607e-05	19850
4.30296e-05	19860
4.27998e-05	19870
4.25712e-05	19880
4.23438e-05	19890
4.21176e-05	19900
4.18927e-05	19910
4.16689e-05	19920
4.14464e-05	19930
4.1225e-05	19940
4.10048e-05	19950
4.07858e-05	19960
4.05679e-05	19970
4.03512e-05	19980
4.01357e-05	19990
3.99213e-05	20000
3.97081e-05	20010
3.9496e-05	20020
3.92851e-05	20030
3.90752e-05	20040
3.88665e-05	20050
3.86589e-05	20060
3.84524e-05	20070
3.82471e-05	20080
3.80428e-05	20090
3.78396e-05	20100
3.76375e-05	20110
3.74364e-05	20120
3.72365e-05	20130
3.70376e-05	20140
3.68398e-05	20150
3.6643e-05	20160
3.64473e-05	20170
3.62526e-05	20180
3.6059e-05	20190
3.58664e-05	20200
3.56748e-05	20210
3.54842e-05	20220
3.52947e-05	20230
3.51062e-05	20240
3.49187e-05	20250
3.47322e-05	20260
3.45467e-05	20270
3.43621e-05	20280
3.41786e-05	20290
3.3996e-05	20300
3.38145e-05	20310
3.36339e-05	20320
3.34542e-05	20330
3.32755e-05	20340
3.30978e-05	20350
3.2921e-05	20360
3.27452e-05	20370
3.25703e-05	20380
3.23963e-05	20390
3.22233e-05	20400
3.20511e-05	20410
3.188e-05	20420
3.17097e-05	20430
3.15403e-05	20440
3.13718e-05	20450
3.12043e-05	20460
3.10376e-05	20470
3.08718e-05	20480
3.07069e-05	20490
3.05429e-05	20500
3.03798e-05	20510
3.02175e-05	20520
3.00561e-05	20530
2.98956e-05	20540
2.97359e-05	20550
2.95771e-05	20560
2.94191e-05	20570
2.9262e-05	20580
2.91057e-05	20590
2.89502e-05	20600
2.87956e-05	20610
2.86418e-05	20620
2.84888e-05	20630
2.83366e-05	20640
2.81853e-05	20650
2.80347e-05	20660
2.7885e-05	20670
2.7736e-05	20680
2.75879e-05	20690
2.74405e-05	20700
2.7294e-05	20710
2.71482e-05	20720
2.70032e-05	20730
2.6859e-05	20740
2.67155e-05	20750
2.65728e-05	20760
2.64309e-05	20770
2.62897e-05	20780
2.61493e-05	20790
2.60096e-05	20800
2.58707e-05	20810
2.57325e-05	20820
2.55951e-05	20830
2.54584e-05	20840
2.53224e-05	20850
2.51871e-05	20860
2.50526e-05	20870
2.49188e-05	20880
2.47857e-05	20890
2.46533e-05	20900
2.45216e-05	20910
2.43906e-05	20920
2.42604e-05	20930
2.41308e-05	20940
2.40019e-05	20950
2.38737e-05	20960
2.37462e-05	20970
2.36193e-05	20980
2.34932e-05	20990
2.33677e-05	21000
2.32429e-05	21010
2.31187e-05	21020
2.29953e-05	21030
2.28724e-05	21040
2.27503e-05	21050
2.26288e-05	21060
2.25079e-05	21070
2.23877e-05	21080
2.22681e-05	21090
2.21492e-05	21100
2.20309e-05	21110
2.19132e-05	21120
2.17961e-05	21130
2.16797e-05	21140
2.15639e-05	21150
2.14487e-05	21160
2.13342e-05	21170
2.12202e-05	21180
2.11069e-05	21190
2.09942e-05	21200
2.0882e-05	21210
2.07705e-05	21220
2.06595e-05	21230
2.05492e-05	21240
2.04394e-05	21250
2.03303e-05	21260
2.02217e-05	21270
2.01137e-05	21280
2.00062e-05	21290
1.98994e-05	21300
1.97931e-05	21310
1.96874e-05	21320
1.95822e-05	21330
1.94776e-05	21340
1.93736e-05	21350
1.92701e-05	21360
1.91672e-05	21370
1.90648e-05	21380
1.8963e-05	21390
1.88617e-05	21400
1.87609e-05	21410
1.86607e-05	21420
1.85611e-05	21430
1.84619e-05	21440
1.83633e-05	21450
1.82652e-05	21460
1.81677e-05	21470
1.80706e-05	21480
1.79741e-05	21490
1.78781e-05	21500
1.77826e-05	21510
1.76876e-05	21520
1.75932e-05	21530
1.74992e-05	21540
1.74057e-05	21550
1.73128e-05	21560
1.72203e-05	21570
1.71283e-05	21580
1.70368e-05	21590
1.69458e-05	21600
1.68553e-05	21610
1.67653e-05	21620
1.66757e-05	21630
1.65867e-05	21640
1.64981e-05	21650
1.641e-05	21660
1.63223e-05	21670
1.62351e-05	21680
1.61484e-05	21690
1.60622e-05	21700
1.59764e-05	21710
1.5891e-05	21720
1.58062e-05	21730
1.57217e-05	21740
1.56378e-05	21750
1.55542e-05	21760
1.54711e-05	21770
1.53885e-05	21780
1.53063e-05	21790
1.52246e-05	21800
1.51432e-05	21810
1.50624e-05	21820
1.49819e-05	21830
1.49019e-05	21840
1.48223e-05	21850
1.47431e-05	21860
1.46644e-05	21870
1.45861e-05	21880
1.45081e-05	21890
1.44307e-05	21900
1.43536e-05	21910
1.42769e-05	21920
1.42007e-05	21930
1.41248e-05	21940
1.40494e-05	21950
1.39743e-05	21960
1.38997e-05	21970
1.38254e-05	21980
1.37516e-05	21990
1.36781e-05	22000
1.36051e-05	22010
1.35324e-05	22020
1.34601e-05	22030
1.33882e-05	22040
1.33167e-05	22050
1.32456e-05	22060
1.31749e-05	22070
1.31045e-05	22080
1.30345e-05	22090
1.29649e-05	22100
1.28956e-05	22110
1.28267e-05	22120
1.27582e-05	22130
1.26901e-05	22140
1.26223e-05	22150
1.25549e-05	22160
1.24878e-05	22170
1.24211e-05	22180
1.23548e-05	22190
1.22888e-05	22200
1.22232e-05	22210
1.21579e-05	22220
1.20929e-05	22230
1.20283e-05	22240
1.19641e-05	22250
1.19002e-05	22260
1.18366e-05	22270
1.17734e-05	22280
1.17105e-05	22290
1.1648e-05	22300
1.15858e-05	22310
1.15239e-05	22320
1.14623e-05	22330
1.14011e-05	22340
1.13402e-05	22350
1.12796e-05	22360
1.12194e-05	22370
1.11595e-05	22380
1.10999e-05	22390
1.10406e-05	22400
1.09816e-05	22410
1.09229e-05	22420
1.08646e-05	22430
1.08066e-05	22440
1.07489e-05	22450
1.06914e-05	22460
1.06343e-05	22470
1.05775e-05	22480
1.0521e-05	22490
1.04648e-05	22500
1.04089e-05	22510
1.03533e-05	22520
1.0298e-05	22530
1.0243e-05	22540
1.01883e-05	22550
1.01339e-05	22560
1.00798e-05	22570
1.00259e-05	22580
9.9724e-06	22590
9.91913e-06	22600
9.86615e-06	22610
9.81346e-06	22620
9.76104e-06	22630
9.7089e-06	22640
9.65705e-06	22650
9.60547e-06	22660
9.55416e-06	22670
9.50313e-06	22680
9.45237e-06	22690
9.40188e-06	22700
9.35167e-06	22710
9.30172e-06	22720
9.25203e-06	22730
9.20262e-06	22740
9.15346e-06	22750
9.10457e-06	22760
9.05594e-06	22770
9.00757e-06	22780
8.95946e-06	22790
8.91161e-06	22800
8.86401e-06	22810
8.81666e-06	22820
8.76957e-06	22830
8.72273e-06	22840
8.67614e-06	22850
8.6298e-06	22860
8.5837e-06	22870
8.53786e-06	22880
8.49225e-06	22890
8.44689e-06	22900
8.40178e-06	22910
8.3569e-06	22920
8.31227e-06	22930
8.26787e-06	22940
8.22371e-06	22950
8.17978e-06	22960
8.13609e-06	22970
8.09263e-06	22980
8.04941e-06	22990
8.00642e-06	23000
7.96365e-06	23010
7.92112e-06	23020
7.87881e-06	23030
7.83672e-06	23040
7.79487e-06	23050
7.75323e-06	23060
7.71182e-06	23070
7.67063e-06	23080
7.62966e-06	23090
7.58891e-06	23100
7.54837e-06	23110
7.50806e-06	23120
7.46795e-06	23130
7.42807e-06	23140
7.38839e-06	23150
7.34893e-06	23160
7.30967e-06	23170
7.27063e-06	23180
7.2318e-06	23190
7.19317e-06	23200
7.15475e-06	23210
7.11653e-06	23220
7.07852e-06	23230
7.04072e-06	23240
7.00311e-06	23250
6.9657e-06	23260
6.9285e-06	23270
6.89149e-06	23280
6.85468e-06	23290
6.81807e-06	23300
6.78165e-06	23310
6.74543e-06	23320
6.7094e-06	23330
6.67357e-06	23340
6.63792e-06	23350
6.60247e-06	23360
6.5672e-06	23370
6.53212e-06	23380
6.49723e-06	23390
6.46253e-06	23400
6.42801e-06	23410
6.39368e-06	23420
6.35953e-06	23430
6.32556e-06	23440
6.29177e-06	23450
6.25817e-06	23460
6.22474e-06	23470
6.19149e-06	23480
6.15842e-06	23490
6.12553e-06	23500
6.09281e-06	23510
6.06027e-06	23520
6.0279e-06	23530
5.9957e-06	23540
5.96368e-06	23550
5.93182e-06	23560
5.90014e-06	23570
5.86863e-06	23580
5.83728e-06	23590
5.8061e-06	23600
5.77509e-06	23610
5.74425e-06	23620
5.71356e-06	23630
5.68305e-06	23640
5.65269e-06	23650
5.6225e-06	23660
5.59247e-06	23670
5.5626e-06	23680
5.53289e-06	23690
5.50333e-06	23700
5.47394e-06	23710
5.4447e-06	23720
5.41562e-06	23730
5.38669e-06	23740
5.35792e-06	23750
5.3293e-06	23760
5.30084e-06	23770
5.27253e-06	23780
5.24436e-06	23790
5.21635e-06	23800
5.18849e-06	23810
5.16078e-06	23820
5.13321e-06	23830
5.1058e-06	23840
5.07852e-06	23850
5.0514e-06	23860
5.02442e-06	23870
4.99758e-06	23880
4.97089e-06	23890
4.94434e-06	23900
4.91793e-06	23910
4.89166e-06	23920
4.86553e-06	23930
4.83954e-06	23940
4.8137e-06	23950
4.78798e-06	23960
4.76241e-06	23970
4.73697e-06	23980
4.71167e-06	23990
4.68651e-06	24000
4.66147e-06	24010
4.63658e-06	24020
4.61181e-06	24030
4.58718e-06	24040
4.56268e-06	24050
4.53831e-06	24060
4.51407e-06	24070
4.48996e-06	24080
4.46597e-06	24090
4.44212e-06	24100
4.41839e-06	24110
4.39479e-06	24120
4.37132e-06	24130
4.34797e-06	24140
4.32475e-06	24150
4.30165e-06	24160
4.27867e-06	24170
4.25582e-06	24180
4.23309e-06	24190
4.21048e-06	24200
4.18799e-06	24210
4.16562e-06	24220
4.14337e-06	24230
4.12124e-06	24240
4.09923e-06	24250
4.07733e-06	24260
4.05555e-06	24270
4.03389e-06	24280
4.01235e-06	24290
3.99092e-06	24300
3.9696e-06	24310
3.9484e-06	24320
3.92731e-06	24330
3.90633e-06	24340
3.88547e-06	24350
3.86471e-06	24360
3.84407e-06	24370
3.82354e-06	24380
3.80312e-06	24390
3.7828e-06	24400
3.7626e-06	24410
3.7425e-06	24420
3.72251e-06	24430
3.70263e-06	24440
3.68285e-06	24450
3.66318e-06	24460
3.64361e-06	24470
3.62415e-06	24480
3.6048e-06	24490
3.58554e-06	24500
3.56639e-06	24510
3.54734e-06	24520
3.52839e-06	24530
3.50955e-06	24540
3.4908e-06	24550
3.47216e-06	24560
3.45361e-06	24570
3.43516e-06	24580
3.41682e-06	24590
3.39857e-06	24600
3.38041e-06	24610
3.36236e-06	24620
3.3444e-06	24630
3.32654e-06	24640
3.30877e-06	24650
3.2911e-06	24660
3.27352e-06	24670
3.25603e-06	24680
3.23864e-06	24690
3.22134e-06	24700
3.20414e-06	24710
3.18702e-06	24720
3.17e-06	24730
3.15307e-06	24740
3.13623e-06	24750
3.11948e-06	24760
3.10281e-06	24770
3.08624e-06	24780
3.06976e-06	24790
3.05336e-06	24800
3.03705e-06	24810
3.02083e-06	24820
3.00469e-06	24830
2.98865e-06	24840
2.97268e-06	24850
2.9568e-06	24860
2.94101e-06	24870
2.9253e-06	24880
2.90968e-06	24890
2.89414e-06	24900
2.87868e-06	24910
2.8633e-06	24920
2.84801e-06	24930
2.8328e-06	24940
2.81767e-06	24950
2.80262e-06	24960
2.78765e-06	24970
2.77276e-06	24980
2.75795e-06	24990
2.74322e-06	25000
2.72857e-06	25010
2.71399e-06	25020
2.6995e-06	25030
2.68508e-06	25040
2.67073e-06	25050
2.65647e-06	25060
2.64228e-06	25070
2.62817e-06	25080
2.61413e-06	25090
2.60017e-06	25100
2.58628e-06	25110
2.57247e-06	25120
2.55873e-06	25130
2.54506e-06	25140
2.53146e-06	25150
2.51794e-06	25160
2.50449e-06	25170
2.49112e-06	25180
2.47781e-06	25190
2.46458e-06	25200
2.45141e-06	25210
2.43832e-06	25220
2.4253e-06	25230
2.41234e-06	25240
2.39946e-06	25250
2.38664e-06	25260
2.37389e-06	25270
2.36121e-06	25280
2.3486e-06	25290
2.33606e-06	25300
2.32358e-06	25310
2.31117e-06	25320
2.29882e-06	25330
2.28655e-06	25340
2.27433e-06	25350
2.26219e-06	25360
2.2501e-06	25370
2.23808e-06	25380
2.22613e-06	25390
2.21424e-06	25400
2.20241e-06	25410
2.19065e-06	25420
2.17895e-06	25430
2.16731e-06	25440
2.15573e-06	25450
2.14422e-06	25460
2.13277e-06	25470
2.12138e-06	25480
2.11004e-06	25490
2.09877e-06	25500
2.08756e-06	25510
2.07641e-06	25520
2.06532e-06	25530
2.05429e-06	25540
2.04332e-06	25550
2.03241e-06	25560
2.02155e-06	25570
2.01075e-06	25580
2.00001e-06	25590
1.98933e-06	25600
1.9787e-06	25610
1.96814e-06	25620
1.95762e-06	25630
1.94717e-06	25640
1.93677e-06	25650
1.92642e-06	25660
1.91613e-06	25670
1.9059e-06	25680
1.89572e-06	25690
1.88559e-06	25700
1.87552e-06	25710
1.8655e-06	25720
1.85554e-06	25730
1.84563e-06	25740
1.83577e-06	25750
1.82597e-06	25760
1.81621e-06	25770
1.80651e-06	25780
1.79686e-06	25790
1.78727e-06	25800
1.77772e-06	25810
1.76822e-06	25820
1.75878e-06	25830
1.74939e-06	25840
1.74004e-06	25850
1.73075e-06	25860
1.7215e-06	25870
1.71231e-06	25880
1.70316e-06	25890
1.69407e-06	25900
1.68502e-06	25910
1.67602e-06	25920
1.66706e-06	25930
1.65816e-06	25940
1.6493e-06	25950
1.64049e-06	25960
1.63173e-06	25970
1.62302e-06	25980
1.61435e-06	25990
1.60573e-06	26000
1.59715e-06	26010
1.58862e-06	26020
1.58013e-06	26030
1.57169e-06	26040
1.5633e-06	26050
1.55495e-06	26060
1.54664e-06	26070
1.53838e-06	26080
1.53016e-06	26090
1.52199e-06	26100
1.51386e-06	26110
1.50578e-06	26120
1.49773e-06	26130
1.48973e-06	26140
1.48178e-06	26150
1.47386e-06	26160
1.46599e-06	26170
1.45816e-06	26180
1.45037e-06	26190
1.44262e-06	26200
1.43492e-06	26210
1.42726e-06	26220
1.41963e-06	26230
1.41205e-06	26240
1.40451e-06	26250
1.39701e-06	26260
1.38954e-06	26270
1.38212e-06	26280
1.37474e-06	26290
1.3674e-06	26300
1.36009e-06	26310
1.35283e-06	26320
1.3456e-06	26330
1.33842e-06	26340
1.33127e-06	26350
1.32416e-06	26360
1.31708e-06	26370
1.31005e-06	26380
1.30305e-06	26390
1.29609e-06	26400
1.28917e-06	26410
1.28228e-06	26420
1.27543e-06	26430
1.26862e-06	26440
1.26185e-06	26450
1.25511e-06	26460
1.2484e-06	26470
1.24173e-06	26480
1.2351e-06	26490
1.2285e-06	26500
1.22194e-06	26510
1.21542e-06	26520
1.20892e-06	26530
1.20247e-06	26540
1.19604e-06	26550
1.18966e-06	26560
1.1833e-06	26570
1.17698e-06	26580
1.17069e-06	26590
1.16444e-06	26600
1.15822e-06	26610
1.15204e-06	26620
1.14588e-06	26630
1.13976e-06	26640
1.13367e-06	26650
1.12762e-06	26660
1.1216e-06	26670
1.11561e-06	26680
1.10965e-06	26690
1.10372e-06	26700
1.09782e-06	26710
1.09196e-06	26720
1.08613e-06	26730
1.08033e-06	26740
1.07456e-06	26750
1.06882e-06	26760
1.06311e-06	26770
1.05743e-06	26780
1.05178e-06	26790
1.04616e-06	26800
1.04058e-06	26810
1.03502e-06	26820
1.02949e-06	26830
1.02399e-06	26840
1.01852e-06	26850
1.01308e-06	26860
1.00767e-06	26870
1.00229e-06	26880
9.96935e-07	26890
