2.45055	0
2.09692	10
1.91752	20
1.78807	30
1.68941	40
1.61193	50
1.54949	60
1.49798	70
1.45452	80
1.41708	90
1.38423	100
1.35493	110
1.3284	120
1.3041	130
1.2816	140
1.26058	150
1.24079	160
1.22205	170
1.2042	180
1.18712	190
1.17072	200
1.15491	210
1.13963	220
1.12483	230
1.11046	240
1.09647	250
1.08285	260
1.06955	270
1.05655	280
1.04383	290
1.03138	300
1.01917	310
1.00719	320
0.995434	330
0.983882	340
0.972527	350
0.96136	360
0.950371	370
0.939555	380
0.928903	390
0.91841	400
0.908071	410
0.897879	420
0.88783	430
0.877921	440
0.868146	450
0.858502	460
0.848986	470
0.839594	480
0.830324	490
0.821171	500
0.812135	510
0.803212	520
0.794399	530
0.785695	540
0.777098	550
0.768604	560
0.760213	570
0.751923	580
0.743731	590
0.735636	600
0.727637	610
0.719731	620
0.711918	630
0.704195	640
0.696562	650
0.689017	660
0.681558	670
0.674185	680
0.666896	690
0.65969	700
0.652566	710
0.645522	720
0.638558	730
0.631672	740
0.624863	750
0.618131	760
0.611474	770
0.604891	780
0.598382	790
0.591945	800
0.585579	810
0.579284	820
0.573059	830
0.566903	840
0.560814	850
0.554793	860
0.548837	870
0.542948	880
0.537123	890
0.531361	900
0.525663	910
0.520028	920
0.514454	930
0.50894	940
0.503487	950
0.498094	960
0.492759	970
0.487482	980
0.482263	990
0.4771	1000
0.471994	1010
0.466943	1020
0.461947	1030
0.457004	1040
0.452116	1050
0.44728	1060
0.442497	1070
0.437765	1080
0.433085	1090
0.428455	1100
0.423875	1110
0.419345	1120
0.414864	1130
0.41043	1140
0.406045	1150
0.401707	1160
0.397416	1170
0.39317	1180
0.388971	1190
0.384817	1200
0.380707	1210
0.376642	1220
0.37262	1230
0.368642	1240
0.364706	1250
0.360813	1260
0.356961	1270
0.353151	1280
0.349382	1290
0.345653	1300
0.341964	1310
0.338315	1320
0.334705	1330
0.331133	1340
0.3276	1350
0.324105	1360
0.320647	1370
0.317226	1380
0.313842	1390
0.310494	1400
0.307182	1410
0.303905	1420
0.300664	1430
0.297457	1440
0.294284	1450
0.291146	1460
0.288041	1470
0.284969	1480
0.28193	1490
0.278924	1500
0.275949	1510
0.273007	1520
0.270096	1530
0.267216	1540
0.264367	1550
0.261548	1560
0.258759	1570
0.256001	1580
0.253271	1590
0.250571	1600
0.2479	1610
0.245257	1620
0.242643	1630
0.240056	1640
0.237497	1650
0.234965	1660
0.232461	1670
0.229983	1680
0.227531	1690
0.225106	1700
0.222707	1710
0.220333	1720
0.217984	1730
0.215661	1740
0.213362	1750
0.211088	1760
0.208839	1770
0.206613	1780
0.204411	1790
0.202232	1800
0.200077	1810
0.197945	1820
0.195835	1830
0.193748	1840
0.191683	1850
0.18964	1860
0.187619	1870
0.18562	1880
0.183642	1890
0.181685	1900
0.179749	1910
0.177833	1920
0.175938	1930
0.174063	1940
0.172208	1950
0.170373	1960
0.168558	1970
0.166762	1980
0.164985	1990
0.163227	2000
0.161487	2010
0.159767	2020
0.158064	2030
0.15638	2040
0.154714	2050
0.153065	2060
0.151434	2070
0.14982	2080
0.148224	2090
0.146645	2100
0.145082	2110
0.143536	2120
0.142007	2130
0.140494	2140
0.138997	2150
0.137516	2160
0.13605	2170
0.134601	2180
0.133167	2190
0.131748	2200
0.130344	2210
0.128955	2220
0.127581	2230
0.126222	2240
0.124877	2250
0.123546	2260
0.12223	2270
0.120928	2280
0.119639	2290
0.118364	2300
0.117103	2310
0.115856	2320
0.114621	2330
0.1134	2340
0.112192	2350
0.110996	2360
0.109814	2370
0.108644	2380
0.107486	2390
0.106341	2400
0.105208	2410
0.104087	2420
0.102978	2430
0.101881	2440
0.100795	2450
0.0997215	2460
0.098659	2470
0.0976079	2480
0.0965679	2490
0.0955391	2500
0.0945212	2510
0.0935141	2520
0.0925178	2530
0.0915321	2540
0.0905569	2550
0.089592	2560
0.0886375	2570
0.0876931	2580
0.0867588	2590
0.0858345	2600
0.08492	2610
0.0840152	2620
0.0831201	2630
0.0822345	2640
0.0813584	2650
0.0804916	2660
0.079634	2670
0.0787856	2680
0.0779462	2690
0.0771157	2700
0.0762941	2710
0.0754813	2720
0.0746771	2730
0.0738815	2740
0.0730943	2750
0.0723156	2760
0.0715451	2770
0.0707829	2780
0.0700287	2790
0.0692826	2800
0.0685445	2810
0.0678142	2820
0.0670917	2830
0.0663769	2840
0.0656697	2850
0.0649701	2860
0.0642779	2870
0.0635931	2880
0.0629155	2890
0.0622452	2900
0.0615821	2910
0.060926	2920
0.0602769	2930
0.0596347	2940
0.0589993	2950
0.0583707	2960
0.0577488	2970
0.0571336	2980
0.0565249	2990
0.0559227	3000
0.0553269	3010
0.0547374	3020
0.0541542	3030
0.0535773	3040
0.0530065	3050
0.0524417	3060
0.051883	3070
0.0513302	3080
0.0507834	3090
0.0502423	3100
0.049707	3110
0.0491775	3120
0.0486535	3130
0.0481352	3140
0.0476223	3150
0.047115	3160
0.046613	3170
0.0461164	3180
0.0456251	3190
0.045139	3200
0.0446581	3210
0.0441823	3220
0.0437116	3230
0.0432459	3240
0.0427851	3250
0.0423293	3260
0.0418783	3270
0.0414321	3280
0.0409907	3290
0.040554	3300
0.0401219	3310
0.0396945	3320
0.0392716	3330
0.0388532	3340
0.0384392	3350
0.0380297	3360
0.0376245	3370
0.0372237	3380
0.0368271	3390
0.0364348	3400
0.0360466	3410
0.0356625	3420
0.0352826	3430
0.0349067	3440
0.0345348	3450
0.0341669	3460
0.0338029	3470
0.0334427	3480
0.0330864	3490
0.0327339	3500
0.0323852	3510
0.0320401	3520
0.0316988	3530
0.0313611	3540
0.031027	3550
0.0306964	3560
0.0303694	3570
0.0300458	3580
0.0297257	3590
0.029409	3600
0.0290957	3610
0.0287857	3620
0.028479	3630
0.0281756	3640
0.0278754	3650
0.0275784	3660
0.0272846	3670
0.0269939	3680
0.0267063	3690
0.0264218	3700
0.0261403	3710
0.0258618	3720
0.0255863	3730
0.0253137	3740
0.025044	3750
0.0247772	3760
0.0245132	3770
0.024252	3780
0.0239936	3790
0.023738	3800
0.0234851	3810
0.0232349	3820
0.0229874	3830
0.0227425	3840
0.0225002	3850
0.0222604	3860
0.0220233	3870
0.0217886	3880
0.0215565	3890
0.0213268	3900
0.0210996	3910
0.0208748	3920
0.0206524	3930
0.0204324	3940
0.0202147	3950
0.0199994	3960
0.0197863	3970
0.0195755	3980
0.0193669	3990
0.0191606	4000
0.0189565	4010
0.0187545	4020
0.0185547	4030
0.018357	4040
0.0181614	4050
0.0179679	4060
0.0177765	4070
0.0175871	4080
0.0173997	4090
0.0172144	4100
0.017031	4110
0.0168495	4120
0.01667	4130
0.0164924	4140
0.0163167	4150
0.0161429	4160
0.0159709	4170
0.0158007	4180
0.0156324	4190
0.0154658	4200
0.0153011	4210
0.015138	4220
0.0149768	4230
0.0148172	4240
0.0146593	4250
0.0145032	4260
0.0143486	4270
0.0141958	4280
0.0140445	4290
0.0138949	4300
0.0137469	4310
0.0136004	4320
0.0134555	4330
0.0133122	4340
0.0131703	4350
0.01303	4360
0.0128912	4370
0.0127538	4380
0.012618	4390
0.0124835	4400
0.0123505	4410
0.012219	4420
0.0120888	4430
0.01196	4440
0.0118326	4450
0.0117065	4460
0.0115818	4470
0.0114584	4480
0.0113363	4490
0.0112155	4500
0.011096	4510
0.0109778	4520
0.0108609	4530
0.0107452	4540
0.0106307	4550
0.0105174	4560
0.0104054	4570
0.0102945	4580
0.0101848	4590
0.0100763	4600
0.00996897	4610
0.00986276	4620
0.00975768	4630
0.00965373	4640
0.00955088	4650
0.00944912	4660
0.00934845	4670
0.00924885	4680
0.00915032	4690
0.00905283	4700
0.00895638	4710
0.00886096	4720
0.00876655	4730
0.00867316	4740
0.00858075	4750
0.00848933	4760
0.00839889	4770
0.00830941	4780
0.00822088	4790
0.00813329	4800
0.00804664	4810
0.00796091	4820
0.0078761	4830
0.00779219	4840
0.00770917	4850
0.00762704	4860
0.00754578	4870
0.00746539	4880
0.00738585	4890
0.00730716	4900
0.00722931	4910
0.00715229	4920
0.00707609	4930
0.0070007	4940
0.00692612	4950
0.00685233	4960
0.00677932	4970
0.00670709	4980
0.00663564	4990
0.00656494	5000
0.006495	5010
0.0064258	5020
0.00635734	5030
0.00628961	5040
0.0062226	5050
0.00615631	5060
0.00609072	5070
0.00602583	5080
0.00596163	5090
0.00589811	5100
0.00583527	5110
0.00577311	5120
0.0057116	5130
0.00565075	5140
0.00559055	5150
0.00553098	5160
0.00547206	5170
0.00541376	5180
0.00535608	5190
0.00529902	5200
0.00524256	5210
0.00518671	5220
0.00513145	5230
0.00507678	5240
0.00502269	5250
0.00496918	5260
0.00491624	5270
0.00486386	5280
0.00481204	5290
0.00476077	5300
0.00471005	5310
0.00465987	5320
0.00461023	5330
0.00456111	5340
0.00451251	5350
0.00446444	5360
0.00441687	5370
0.00436982	5380
0.00432326	5390
0.0042772	5400
0.00423163	5410
0.00418655	5420
0.00414195	5430
0.00409782	5440
0.00405416	5450
0.00401097	5460
0.00396823	5470
0.00392596	5480
0.00388413	5490
0.00384275	5500
0.00380181	5510
0.0037613	5520
0.00372123	5530
0.00368158	5540
0.00364236	5550
0.00360356	5560
0.00356516	5570
0.00352718	5580
0.0034896	5590
0.00345242	5600
0.00341564	5610
0.00337925	5620
0.00334325	5630
0.00330763	5640
0.00327239	5650
0.00323753	5660
0.00320303	5670
0.00316891	5680
0.00313515	5690
0.00310175	5700
0.0030687	5710
0.00303601	5720
0.00300366	5730
0.00297166	5740
0.00294	5750
0.00290868	5760
0.00287769	5770
0.00284703	5780
0.0028167	5790
0.00278669	5800
0.002757	5810
0.00272763	5820
0.00269857	5830
0.00266982	5840
0.00264137	5850
0.00261323	5860
0.00258539	5870
0.00255785	5880
0.00253059	5890
0.00250363	5900
0.00247696	5910
0.00245057	5920
0.00242446	5930
0.00239863	5940
0.00237308	5950
0.00234779	5960
0.00232278	5970
0.00229803	5980
0.00227355	5990
0.00224933	6000
0.00222536	6010
0.00220166	6020
0.0021782	6030
0.00215499	6040
0.00213203	6050
0.00210932	6060
0.00208685	6070
0.00206461	6080
0.00204262	6090
0.00202085	6100
0.00199932	6110
0.00197802	6120
0.00195695	6130
0.0019361	6140
0.00191547	6150
0.00189507	6160
0.00187488	6170
0.0018549	6180
0.00183514	6190
0.00181559	6200
0.00179624	6210
0.00177711	6220
0.00175817	6230
0.00173944	6240
0.00172091	6250
0.00170258	6260
0.00168444	6270
0.00166649	6280
0.00164874	6290
0.00163117	6300
0.00161379	6310
0.0015966	6320
0.00157959	6330
0.00156276	6340
0.00154611	6350
0.00152964	6360
0.00151334	6370
0.00149722	6380
0.00148127	6390
0.00146549	6400
0.00144987	6410
0.00143443	6420
0.00141914	6430
0.00140402	6440
0.00138907	6450
0.00137427	6460
0.00135963	6470
0.00134514	6480
0.00133081	6490
0.00131663	6500
0.0013026	6510
0.00128873	6520
0.001275	6530
0.00126141	6540
0.00124797	6550
0.00123468	6560
0.00122152	6570
0.00120851	6580
0.00119563	6590
0.00118289	6600
0.00117029	6610
0.00115782	6620
0.00114549	6630
0.00113328	6640
0.00112121	6650
0.00110927	6660
0.00109745	6670
0.00108576	6680
0.00107419	6690
0.00106274	6700
0.00105142	6710
0.00104022	6720
0.00102914	6730
0.00101817	6740
0.00100732	6750
0.000996593	6760
0.000985975	6770
0.00097547	6780
0.000965078	6790
0.000954796	6800
0.000944624	6810
0.00093456	6820
0.000924603	6830
0.000914752	6840
0.000905006	6850
0.000895365	6860
0.000885825	6870
0.000876388	6880
0.000867051	6890
0.000857813	6900
0.000848674	6910
0.000839632	6920
0.000830687	6930
0.000821837	6940
0.000813081	6950
0.000804419	6960
0.000795848	6970
0.000787369	6980
0.000778981	6990
0.000770682	7000
0.000762471	7010
0.000754347	7020
0.000746311	7030
0.000738359	7040
0.000730493	7050
0.00072271	7060
0.000715011	7070
0.000707393	7080
0.000699856	7090
0.0006924	7100
0.000685023	7110
0.000677725	7120
0.000670505	7130
0.000663361	7140
0.000656294	7150
0.000649302	7160
0.000642384	7170
0.00063554	7180
0.000628769	7190
0.00062207	7200
0.000615443	7210
0.000608886	7220
0.000602399	7230
0.000595981	7240
0.000589631	7250
0.000583349	7260
0.000577134	7270
0.000570986	7280
0.000564902	7290
0.000558884	7300
0.00055293	7310
0.000547039	7320
0.000541211	7330
0.000535445	7340
0.00052974	7350
0.000524096	7360
0.000518512	7370
0.000512988	7380
0.000507523	7390
0.000502116	7400
0.000496766	7410
0.000491474	7420
0.000486238	7430
0.000481057	7440
0.000475932	7450
0.000470861	7460
0.000465845	7470
0.000460882	7480
0.000455972	7490
0.000451114	7500
0.000446308	7510
0.000441553	7520
0.000436848	7530
0.000432194	7540
0.00042759	7550
0.000423034	7560
0.000418527	7570
0.000414068	7580
0.000409657	7590
0.000405292	7600
0.000400974	7610
0.000396702	7620
0.000392476	7630
0.000388294	7640
0.000384157	7650
0.000380065	7660
0.000376016	7670
0.000372009	7680
0.000368046	7690
0.000364125	7700
0.000360246	7710
0.000356408	7720
0.00035261	7730
0.000348854	7740
0.000345137	7750
0.00034146	7760
0.000337822	7770
0.000334223	7780
0.000330662	7790
0.000327139	7800
0.000323654	7810
0.000320206	7820
0.000316794	7830
0.000313419	7840
0.00031008	7850
0.000306776	7860
0.000303508	7870
0.000300274	7880
0.000297075	7890
0.00029391	7900
0.000290779	7910
0.000287681	7920
0.000284616	7930
0.000281584	7940
0.000278584	7950
0.000275616	7960
0.000272679	7970
0.000269774	7980
0.0002669	7990
0.000264057	8000
0.000261243	8010
0.00025846	8020
0.000255706	8030
0.000252982	8040
0.000250287	8050
0.00024762	8060
0.000244982	8070
0.000242372	8080
0.00023979	8090
0.000237235	8100
0.000234708	8110
0.000232207	8120
0.000229733	8130
0.000227286	8140
0.000224864	8150
0.000222469	8160
0.000220098	8170
0.000217753	8180
0.000215433	8190
0.000213138	8200
0.000210868	8210
0.000208621	8220
0.000206398	8230
0.000204199	8240
0.000202024	8250
0.000199871	8260
0.000197742	8270
0.000195635	8280
0.000193551	8290
0.000191489	8300
0.000189449	8310
0.00018743	8320
0.000185434	8330
0.000183458	8340
0.000181503	8350
0.00017957	8360
0.000177657	8370
0.000175764	8380
0.000173891	8390
0.000172039	8400
0.000170206	8410
0.000168392	8420
0.000166598	8430
0.000164823	8440
0.000163067	8450
0.00016133	8460
0.000159611	8470
0.000157911	8480
0.000156228	8490
0.000154564	8500
0.000152917	8510
0.000151288	8520
0.000149676	8530
0.000148082	8540
0.000146504	8550
0.000144943	8560
0.000143399	8570
0.000141871	8580
0.00014036	8590
0.000138864	8600
0.000137385	8610
0.000135921	8620
0.000134473	8630
0.00013304	8640
0.000131623	8650
0.000130221	8660
0.000128833	8670
0.000127461	8680
0.000126103	8690
0.000124759	8700
0.00012343	8710
0.000122115	8720
0.000120814	8730
0.000119527	8740
0.000118253	8750
0.000116994	8760
0.000115747	8770
0.000114514	8780
0.000113294	8790
0.000112087	8800
0.000110893	8810
0.000109711	8820
0.000108542	8830
0.000107386	8840
0.000106242	8850
0.00010511	8860
0.00010399	8870
0.000102882	8880
0.000101786	8890
0.000100702	8900
9.96288e-05	8910
9.85674e-05	8920
9.75173e-05	8930
9.64783e-05	8940
9.54504e-05	8950
9.44335e-05	8960
9.34274e-05	8970
9.24321e-05	8980
9.14473e-05	8990
9.0473e-05	9000
8.95091e-05	9010
8.85555e-05	9020
8.7612e-05	9030
8.66786e-05	9040
8.57551e-05	9050
8.48415e-05	9060
8.39376e-05	9070
8.30433e-05	9080
8.21586e-05	9090
8.12833e-05	9100
8.04173e-05	9110
7.95605e-05	9120
7.87129e-05	9130
7.78743e-05	9140
7.70446e-05	9150
7.62238e-05	9160
7.54117e-05	9170
7.46083e-05	9180
7.38134e-05	9190
7.3027e-05	9200
7.2249e-05	9210
7.14792e-05	9220
7.07177e-05	9230
6.99643e-05	9240
6.92189e-05	9250
6.84814e-05	9260
6.77518e-05	9270
6.703e-05	9280
6.63159e-05	9290
6.56093e-05	9300
6.49103e-05	9310
6.42188e-05	9320
6.35346e-05	9330
6.28577e-05	9340
6.2188e-05	9350
6.15255e-05	9360
6.087e-05	9370
6.02215e-05	9380
5.95799e-05	9390
5.89451e-05	9400
5.83171e-05	9410
5.76958e-05	9420
5.70811e-05	9430
5.6473e-05	9440
5.58713e-05	9450
5.52761e-05	9460
5.46872e-05	9470
5.41045e-05	9480
5.35281e-05	9490
5.29578e-05	9500
5.23936e-05	9510
5.18354e-05	9520
5.12832e-05	9530
5.07368e-05	9540
5.01962e-05	9550
4.96615e-05	9560
4.91324e-05	9570
4.86089e-05	9580
4.8091e-05	9590
4.75787e-05	9600
4.70718e-05	9610
4.65703e-05	9620
4.60741e-05	9630
4.55832e-05	9640
4.50976e-05	9650
4.46171e-05	9660
4.41418e-05	9670
4.36715e-05	9680
4.32062e-05	9690
4.27459e-05	9700
4.22905e-05	9710
4.18399e-05	9720
4.13942e-05	9730
4.09532e-05	9740
4.05168e-05	9750
4.00852e-05	9760
3.96581e-05	9770
3.92356e-05	9780
3.88176e-05	9790
3.8404e-05	9800
3.79949e-05	9810
3.75901e-05	9820
3.71896e-05	9830
3.67934e-05	9840
3.64014e-05	9850
3.60136e-05	9860
3.56299e-05	9870
3.52503e-05	9880
3.48747e-05	9890
3.45032e-05	9900
3.41356e-05	9910
3.37719e-05	9920
3.34121e-05	9930
3.30561e-05	9940
3.27039e-05	9950
3.23555e-05	9960
3.20108e-05	9970
3.16698e-05	9980
3.13323e-05	9990
3.09985e-05	10000
3.06683e-05	10010
3.03415e-05	10020
3.00183e-05	10030
2.96985e-05	10040
2.93821e-05	10050
2.9069e-05	10060
2.87593e-05	10070
2.84529e-05	10080
2.81498e-05	10090
2.78499e-05	10100
2.75532e-05	10110
2.72596e-05	10120
2.69692e-05	10130
2.66819e-05	10140
2.63976e-05	10150
2.61164e-05	10160
2.58381e-05	10170
2.55628e-05	10180
2.52905e-05	10190
2.50211e-05	10200
2.47545e-05	10210
2.44907e-05	10220
2.42298e-05	10230
2.39717e-05	10240
2.37163e-05	10250
2.34636e-05	10260
2.32136e-05	10270
2.29663e-05	10280
2.27216e-05	10290
2.24796e-05	10300
2.22401e-05	10310
2.20031e-05	10320
2.17687e-05	10330
2.15368e-05	10340
2.13073e-05	10350
2.10803e-05	10360
2.08557e-05	10370
2.06335e-05	10380
2.04137e-05	10390
2.01962e-05	10400
1.9981e-05	10410
1.97682e-05	10420
1.95576e-05	10430
1.93492e-05	10440
1.9143e-05	10450
1.89391e-05	10460
1.87373e-05	10470
1.85377e-05	10480
1.83402e-05	10490
1.81448e-05	10500
1.79515e-05	10510
1.77602e-05	10520
1.7571e-05	10530
1.73838e-05	10540
1.71986e-05	10550
1.70154e-05	10560
1.68341e-05	10570
1.66547e-05	10580
1.64773e-05	10590
1.63018e-05	10600
1.61281e-05	10610
1.59562e-05	10620
1.57863e-05	10630
1.56181e-05	10640
1.54517e-05	10650
1.5287e-05	10660
1.51242e-05	10670
1.4963e-05	10680
1.48036e-05	10690
1.46459e-05	10700
1.44899e-05	10710
1.43355e-05	10720
1.41828e-05	10730
1.40317e-05	10740
1.38822e-05	10750
1.37343e-05	10760
1.3588e-05	10770
1.34432e-05	10780
1.33e-05	10790
1.31583e-05	10800
1.30181e-05	10810
1.28794e-05	10820
1.27422e-05	10830
1.26064e-05	10840
1.24721e-05	10850
1.23392e-05	10860
1.22078e-05	10870
1.20777e-05	10880
1.1949e-05	10890
1.18217e-05	10900
1.16958e-05	10910
1.15712e-05	10920
1.14479e-05	10930
1.13259e-05	10940
1.12053e-05	10950
1.10859e-05	10960
1.09678e-05	10970
1.08509e-05	10980
1.07353e-05	10990
1.06209e-05	11000
1.05078e-05	11010
1.03958e-05	11020
1.02851e-05	11030
1.01755e-05	11040
1.00671e-05	11050
9.95984e-06	11060
9.85373e-06	11070
9.74875e-06	11080
9.64489e-06	11090
9.54213e-06	11100
9.44047e-06	11110
9.33989e-06	11120
9.24038e-06	11130
9.14194e-06	11140
9.04454e-06	11150
8.94818e-06	11160
8.85285e-06	11170
8.75853e-06	11180
8.66522e-06	11190
8.5729e-06	11200
8.48156e-06	11210
8.3912e-06	11220
8.3018e-06	11230
8.21335e-06	11240
8.12585e-06	11250
8.03928e-06	11260
7.95363e-06	11270
7.86889e-06	11280
7.78505e-06	11290
7.70211e-06	11300
7.62005e-06	11310
7.53887e-06	11320
7.45855e-06	11330
7.37909e-06	11340
7.30047e-06	11350
7.22269e-06	11360
7.14574e-06	11370
7.06961e-06	11380
6.99429e-06	11390
6.91978e-06	11400
6.84605e-06	11410
6.77311e-06	11420
6.70095e-06	11430
6.62956e-06	11440
6.55893e-06	11450
6.48905e-06	11460
6.41992e-06	11470
6.35152e-06	11480
6.28385e-06	11490
6.2169e-06	11500
6.15067e-06	11510
6.08514e-06	11520
6.02031e-06	11530
5.95617e-06	11540
5.89271e-06	11550
5.82993e-06	11560
5.76782e-06	11570
5.70637e-06	11580
5.64558e-06	11590
5.58543e-06	11600
5.52592e-06	11610
5.46705e-06	11620
5.4088e-06	11630
5.35118e-06	11640
5.29417e-06	11650
5.23776e-06	11660
5.18196e-06	11670
5.12675e-06	11680
5.07213e-06	11690
5.01809e-06	11700
4.96463e-06	11710
4.91174e-06	11720
4.85941e-06	11730
4.80764e-06	11740
4.75641e-06	11750
4.70574e-06	11760
4.65561e-06	11770
4.606e-06	11780
4.55693e-06	11790
4.50838e-06	11800
4.46035e-06	11810
4.41283e-06	11820
4.36582e-06	11830
4.3193e-06	11840
4.27329e-06	11850
4.22776e-06	11860
4.18272e-06	11870
4.13815e-06	11880
4.09407e-06	11890
4.05045e-06	11900
4.00729e-06	11910
3.9646e-06	11920
3.92236e-06	11930
3.88057e-06	11940
3.83923e-06	11950
3.79833e-06	11960
3.75786e-06	11970
3.71782e-06	11980
3.67821e-06	11990
3.63903e-06	12000
3.60026e-06	12010
3.5619e-06	12020
3.52395e-06	12030
3.48641e-06	12040
3.44926e-06	12050
3.41251e-06	12060
3.37616e-06	12070
3.34019e-06	12080
3.3046e-06	12090
3.2694e-06	12100
3.23456e-06	12110
3.2001e-06	12120
3.16601e-06	12130
3.13228e-06	12140
3.09891e-06	12150
3.06589e-06	12160
3.03323e-06	12170
3.00091e-06	12180
2.96894e-06	12190
2.93731e-06	12200
2.90602e-06	12210
2.87505e-06	12220
2.84442e-06	12230
2.81412e-06	12240
2.78414e-06	12250
2.75448e-06	12260
2.72513e-06	12270
2.6961e-06	12280
2.66737e-06	12290
2.63895e-06	12300
2.61084e-06	12310
2.58302e-06	12320
2.5555e-06	12330
2.52828e-06	12340
2.50134e-06	12350
2.47469e-06	12360
2.44833e-06	12370
2.42224e-06	12380
2.39644e-06	12390
2.3709e-06	12400
2.34564e-06	12410
2.32065e-06	12420
2.29593e-06	12430
2.27147e-06	12440
2.24727e-06	12450
2.22333e-06	12460
2.19964e-06	12470
2.17621e-06	12480
2.15302e-06	12490
2.13008e-06	12500
2.10739e-06	12510
2.08494e-06	12520
2.06272e-06	12530
2.04075e-06	12540
2.019e-06	12550
1.99749e-06	12560
1.97621e-06	12570
1.95516e-06	12580
1.93433e-06	12590
1.91372e-06	12600
1.89333e-06	12610
1.87316e-06	12620
1.8532e-06	12630
1.83346e-06	12640
1.81393e-06	12650
1.7946e-06	12660
1.77548e-06	12670
1.75656e-06	12680
1.73785e-06	12690
1.71934e-06	12700
1.70102e-06	12710
1.6829e-06	12720
1.66497e-06	12730
1.64723e-06	12740
1.62968e-06	12750
1.61232e-06	12760
1.59514e-06	12770
1.57814e-06	12780
1.56133e-06	12790
1.5447e-06	12800
1.52824e-06	12810
1.51196e-06	12820
1.49585e-06	12830
1.47991e-06	12840
1.46414e-06	12850
1.44855e-06	12860
1.43311e-06	12870
1.41784e-06	12880
1.40274e-06	12890
1.38779e-06	12900
1.37301e-06	12910
1.35838e-06	12920
1.34391e-06	12930
1.32959e-06	12940
1.31543e-06	12950
1.30141e-06	12960
1.28755e-06	12970
1.27383e-06	12980
1.26026e-06	12990
1.24683e-06	13000
1.23355e-06	13010
1.2204e-06	13020
1.2074e-06	13030
1.19454e-06	13040
1.18181e-06	13050
1.16922e-06	13060
1.15676e-06	13070
1.14444e-06	13080
1.13225e-06	13090
1.12018e-06	13100
1.10825e-06	13110
1.09644e-06	13120
1.08476e-06	13130
1.0732e-06	13140
1.06177e-06	13150
1.05046e-06	13160
1.03927e-06	13170
1.02819e-06	13180
1.01724e-06	13190
1.0064e-06	13200
9.9568e-07	13210
