3.32985	0
3.02493	10
2.86218	20
2.73596	30
2.62998	40
2.53818	50
2.45749	60
2.38593	70
2.32206	80
2.26478	90
2.21315	100
2.16642	110
2.12396	120
2.08521	130
2.04971	140
2.01707	150
1.98694	160
1.95902	170
1.93306	180
1.90884	190
1.88616	200
1.86486	210
1.84479	220
1.82581	230
1.80783	240
1.79073	250
1.77443	260
1.75886	270
1.74395	280
1.72963	290
1.71586	300
1.70259	310
1.68977	320
1.67738	330
1.66537	340
1.65371	350
1.64238	360
1.63136	370
1.62063	380
1.61015	390
1.59992	400
1.58993	410
1.58015	420
1.57057	430
1.56118	440
1.55197	450
1.54293	460
1.53405	470
1.52532	480
1.51673	490
1.50828	500
1.49996	510
1.49177	520
1.48369	530
1.47572	540
1.46786	550
1.4601	560
1.45244	570
1.44488	580
1.4374	590
1.43001	600
1.42271	610
1.41548	620
1.40834	630
1.40127	640
1.39427	650
1.38734	660
1.38048	670
1.37368	680
1.36695	690
1.36028	700
1.35366	710
1.34711	720
1.34061	730
1.33417	740
1.32778	750
1.32144	760
1.31516	770
1.30892	780
1.30273	790
1.29659	800
1.29049	810
1.28444	820
1.27844	830
1.27247	840
1.26655	850
1.26067	860
1.25483	870
1.24903	880
1.24326	890
1.23754	900
1.23185	910
1.2262	920
1.22059	930
1.21501	940
1.20947	950
1.20396	960
1.19848	970
1.19304	980
1.18763	990
1.18225	1000
1.17691	1010
1.17159	1020
1.16631	1030
1.16106	1040
1.15583	1050
1.15064	1060
1.14548	1070
1.14034	1080
1.13524	1090
1.13016	1100
1.12511	1110
1.12009	1120
1.11509	1130
1.11012	1140
1.10518	1150
1.10026	1160
1.09537	1170
1.09051	1180
1.08567	1190
1.08086	1200
1.07607	1210
1.07131	1220
1.06657	1230
1.06185	1240
1.05716	1250
1.0525	1260
1.04785	1270
1.04323	1280
1.03864	1290
1.03407	1300
1.02951	1310
1.02499	1320
1.02048	1330
1.016	1340
1.01154	1350
1.0071	1360
1.00268	1370
0.998283	1380
0.993908	1390
0.989555	1400
0.985222	1410
0.98091	1420
0.976619	1430
0.972349	1440
0.968099	1450
0.963869	1460
0.95966	1470
0.95547	1480
0.951301	1490
0.947151	1500
0.94302	1510
0.938909	1520
0.934818	1530
0.930746	1540
0.926692	1550
0.922658	1560
0.918642	1570
0.914646	1580
0.910667	1590
0.906707	1600
0.902766	1610
0.898843	1620
0.894938	1630
0.891051	1640
0.887182	1650
0.88333	1660
0.879497	1670
0.875681	1680
0.871882	1690
0.868101	1700
0.864337	1710
0.86059	1720
0.856861	1730
0.853148	1740
0.849452	1750
0.845773	1760
0.842111	1770
0.838465	1780
0.834836	1790
0.831223	1800
0.827627	1810
0.824047	1820
0.820483	1830
0.816935	1840
0.813403	1850
0.809886	1860
0.806386	1870
0.802901	1880
0.799432	1890
0.795979	1900
0.792541	1910
0.789118	1920
0.785711	1930
0.782319	1940
0.778942	1950
0.77558	1960
0.772233	1970
0.768901	1980
0.765584	1990
0.762282	2000
0.758994	2010
0.755721	2020
0.752462	2030
0.749218	2040
0.745989	2050
0.742773	2060
0.739572	2070
0.736385	2080
0.733212	2090
0.730053	2100
0.726909	2110
0.723778	2120
0.72066	2130
0.717557	2140
0.714467	2150
0.711391	2160
0.708329	2170
0.70528	2180
0.702244	2190
0.699222	2200
0.696213	2210
0.693217	2220
0.690234	2230
0.687265	2240
0.684308	2250
0.681365	2260
0.678434	2270
0.675517	2280
0.672612	2290
0.66972	2300
0.66684	2310
0.663973	2320
0.661119	2330
0.658277	2340
0.655448	2350
0.652631	2360
0.649826	2370
0.647033	2380
0.644253	2390
0.641485	2400
0.638729	2410
0.635985	2420
0.633253	2430
0.630533	2440
0.627824	2450
0.625128	2460
0.622443	2470
0.61977	2480
0.617109	2490
0.614459	2500
0.611821	2510
0.609194	2520
0.606579	2530
0.603975	2540
0.601382	2550
0.598801	2560
0.596231	2570
0.593672	2580
0.591124	2590
0.588587	2600
0.586061	2610
0.583546	2620
0.581042	2630
0.578549	2640
0.576067	2650
0.573596	2660
0.571135	2670
0.568685	2680
0.566246	2690
0.563817	2700
0.561398	2710
0.558991	2720
0.556593	2730
0.554206	2740
0.551829	2750
0.549463	2760
0.547107	2770
0.544761	2780
0.542425	2790
0.540099	2800
0.537784	2810
0.535478	2820
0.533183	2830
0.530897	2840
0.528621	2850
0.526355	2860
0.524099	2870
0.521852	2880
0.519616	2890
0.517389	2900
0.515171	2910
0.512963	2920
0.510765	2930
0.508576	2940
0.506397	2950
0.504227	2960
0.502066	2970
0.499915	2980
0.497773	2990
0.49564	3000
0.493516	3010
0.491402	3020
0.489296	3030
0.4872	3040
0.485113	3050
0.483035	3060
0.480966	3070
0.478905	3080
0.476854	3090
0.474811	3100
0.472778	3110
0.470752	3120
0.468736	3130
0.466729	3140
0.46473	3150
0.462739	3160
0.460757	3170
0.458784	3180
0.456819	3190
0.454863	3200
0.452915	3210
0.450976	3220
0.449045	3230
0.447122	3240
0.445207	3250
0.443301	3260
0.441403	3270
0.439513	3280
0.437631	3290
0.435757	3300
0.433892	3310
0.432034	3320
0.430184	3330
0.428343	3340
0.426509	3350
0.424683	3360
0.422865	3370
0.421055	3380
0.419252	3390
0.417457	3400
0.41567	3410
0.413891	3420
0.412119	3430
0.410355	3440
0.408599	3450
0.40685	3460
0.405109	3470
0.403375	3480
0.401648	3490
0.399929	3500
0.398217	3510
0.396513	3520
0.394816	3530
0.393126	3540
0.391444	3550
0.389769	3560
0.388101	3570
0.38644	3580
0.384786	3590
0.383139	3600
0.3815	3610
0.379867	3620
0.378242	3630
0.376623	3640
0.375011	3650
0.373407	3660
0.371809	3670
0.370218	3680
0.368634	3690
0.367056	3700
0.365486	3710
0.363922	3720
0.362365	3730
0.360814	3740
0.359271	3750
0.357733	3760
0.356203	3770
0.354679	3780
0.353161	3790
0.35165	3800
0.350146	3810
0.348648	3820
0.347156	3830
0.345671	3840
0.344192	3850
0.34272	3860
0.341253	3870
0.339793	3880
0.33834	3890
0.336892	3900
0.335451	3910
0.334016	3920
0.332587	3930
0.331164	3940
0.329748	3950
0.328337	3960
0.326933	3970
0.325534	3980
0.324142	3990
0.322755	4000
0.321374	4010
0.32	4020
0.318631	4030
0.317268	4040
0.315911	4050
0.314559	4060
0.313214	4070
0.311874	4080
0.31054	4090
0.309212	4100
0.307889	4110
0.306572	4120
0.305261	4130
0.303955	4140
0.302655	4150
0.301361	4160
0.300072	4170
0.298788	4180
0.29751	4190
0.296238	4200
0.294971	4210
0.293709	4220
0.292453	4230
0.291202	4240
0.289957	4250
0.288717	4260
0.287482	4270
0.286252	4280
0.285028	4290
0.283809	4300
0.282595	4310
0.281387	4320
0.280183	4330
0.278985	4340
0.277792	4350
0.276604	4360
0.275421	4370
0.274243	4380
0.27307	4390
0.271902	4400
0.27074	4410
0.269582	4420
0.268429	4430
0.267281	4440
0.266138	4450
0.265	4460
0.263867	4470
0.262738	4480
0.261615	4490
0.260496	4500
0.259382	4510
0.258273	4520
0.257168	4530
0.256068	4540
0.254973	4550
0.253883	4560
0.252797	4570
0.251716	4580
0.25064	4590
0.249568	4600
0.248501	4610
0.247438	4620
0.24638	4630
0.245327	4640
0.244277	4650
0.243233	4660
0.242193	4670
0.241157	4680
0.240126	4690
0.239099	4700
0.238077	4710
0.237059	4720
0.236045	4730
0.235036	4740
0.234031	4750
0.23303	4760
0.232033	4770
0.231041	4780
0.230053	4790
0.22907	4800
0.22809	4810
0.227115	4820
0.226144	4830
0.225177	4840
0.224214	4850
0.223255	4860
0.222301	4870
0.22135	4880
0.220404	4890
0.219461	4900
0.218523	4910
0.217588	4920
0.216658	4930
0.215732	4940
0.214809	4950
0.213891	4960
0.212976	4970
0.212066	4980
0.211159	4990
0.210256	5000
0.209357	5010
0.208462	5020
0.20757	5030
0.206683	5040
0.205799	5050
0.204919	5060
0.204043	5070
0.203171	5080
0.202302	5090
0.201437	5100
0.200576	5110
0.199718	5120
0.198864	5130
0.198014	5140
0.197167	5150
0.196324	5160
0.195485	5170
0.194649	5180
0.193817	5190
0.192988	5200
0.192163	5210
0.191341	5220
0.190523	5230
0.189709	5240
0.188898	5250
0.18809	5260
0.187286	5270
0.186485	5280
0.185688	5290
0.184894	5300
0.184103	5310
0.183316	5320
0.182532	5330
0.181752	5340
0.180975	5350
0.180201	5360
0.179431	5370
0.178663	5380
0.1779	5390
0.177139	5400
0.176382	5410
0.175627	5420
0.174877	5430
0.174129	5440
0.173384	5450
0.172643	5460
0.171905	5470
0.17117	5480
0.170438	5490
0.169709	5500
0.168984	5510
0.168261	5520
0.167542	5530
0.166826	5540
0.166112	5550
0.165402	5560
0.164695	5570
0.163991	5580
0.16329	5590
0.162592	5600
0.161897	5610
0.161204	5620
0.160515	5630
0.159829	5640
0.159146	5650
0.158465	5660
0.157788	5670
0.157113	5680
0.156441	5690
0.155773	5700
0.155107	5710
0.154443	5720
0.153783	5730
0.153126	5740
0.152471	5750
0.151819	5760
0.15117	5770
0.150524	5780
0.14988	5790
0.149239	5800
0.148601	5810
0.147966	5820
0.147333	5830
0.146704	5840
0.146076	5850
0.145452	5860
0.14483	5870
0.144211	5880
0.143594	5890
0.14298	5900
0.142369	5910
0.14176	5920
0.141154	5930
0.140551	5940
0.13995	5950
0.139352	5960
0.138756	5970
0.138163	5980
0.137572	5990
0.136984	6000
0.136398	6010
0.135815	6020
0.135234	6030
0.134656	6040
0.134081	6050
0.133507	6060
0.132937	6070
0.132368	6080
0.131802	6090
0.131239	6100
0.130678	6110
0.130119	6120
0.129563	6130
0.129009	6140
0.128457	6150
0.127908	6160
0.127361	6170
0.126817	6180
0.126275	6190
0.125735	6200
0.125197	6210
0.124662	6220
0.124129	6230
0.123598	6240
0.12307	6250
0.122544	6260
0.12202	6270
0.121498	6280
0.120979	6290
0.120462	6300
0.119947	6310
0.119434	6320
0.118923	6330
0.118415	6340
0.117909	6350
0.117405	6360
0.116903	6370
0.116403	6380
0.115905	6390
0.11541	6400
0.114916	6410
0.114425	6420
0.113936	6430
0.113449	6440
0.112964	6450
0.112481	6460
0.112	6470
0.111521	6480
0.111044	6490
0.11057	6500
0.110097	6510
0.109626	6520
0.109158	6530
0.108691	6540
0.108226	6550
0.107764	6560
0.107303	6570
0.106844	6580
0.106387	6590
0.105932	6600
0.10548	6610
0.105029	6620
0.10458	6630
0.104133	6640
0.103687	6650
0.103244	6660
0.102803	6670
0.102363	6680
0.101926	6690
0.10149	6700
0.101056	6710
0.100624	6720
0.100194	6730
0.0997654	6740
0.0993389	6750
0.0989142	6760
0.0984914	6770
0.0980703	6780
0.097651	6790
0.0972336	6800
0.0968179	6810
0.096404	6820
0.0959918	6830
0.0955814	6840
0.0951728	6850
0.0947659	6860
0.0943608	6870
0.0939574	6880
0.0935557	6890
0.0931558	6900
0.0927575	6910
0.092361	6920
0.0919661	6930
0.0915729	6940
0.0911815	6950
0.0907917	6960
0.0904035	6970
0.090017	6980
0.0896322	6990
0.089249	7000
0.0888675	7010
0.0884875	7020
0.0881092	7030
0.0877326	7040
0.0873575	7050
0.086984	7060
0.0866122	7070
0.0862419	7080
0.0858732	7090
0.0855061	7100
0.0851405	7110
0.0847766	7120
0.0844141	7130
0.0840532	7140
0.0836939	7150
0.0833361	7160
0.0829798	7170
0.0826251	7180
0.0822719	7190
0.0819201	7200
0.0815699	7210
0.0812212	7220
0.080874	7230
0.0805282	7240
0.080184	7250
0.0798412	7260
0.0794999	7270
0.07916	7280
0.0788216	7290
0.0784846	7300
0.0781491	7310
0.077815	7320
0.0774823	7330
0.0771511	7340
0.0768212	7350
0.0764928	7360
0.0761658	7370
0.0758402	7380
0.075516	7390
0.0751931	7400
0.0748717	7410
0.0745516	7420
0.0742329	7430
0.0739155	7440
0.0735995	7450
0.0732849	7460
0.0729716	7470
0.0726596	7480
0.072349	7490
0.0720397	7500
0.0717317	7510
0.0714251	7520
0.0711197	7530
0.0708157	7540
0.0705129	7550
0.0702115	7560
0.0699113	7570
0.0696124	7580
0.0693148	7590
0.0690185	7600
0.0687235	7610
0.0684297	7620
0.0681371	7630
0.0678458	7640
0.0675558	7650
0.067267	7660
0.0669794	7670
0.0666931	7680
0.0664079	7690
0.066124	7700
0.0658414	7710
0.0655599	7720
0.0652796	7730
0.0650005	7740
0.0647227	7750
0.064446	7760
0.0641704	7770
0.0638961	7780
0.063623	7790
0.063351	7800
0.0630801	7810
0.0628105	7820
0.0625419	7830
0.0622746	7840
0.0620083	7850
0.0617433	7860
0.0614793	7870
0.0612165	7880
0.0609548	7890
0.0606942	7900
0.0604347	7910
0.0601763	7920
0.0599191	7930
0.0596629	7940
0.0594079	7950
0.0591539	7960
0.058901	7970
0.0586492	7980
0.0583985	7990
0.0581488	8000
0.0579002	8010
0.0576527	8020
0.0574062	8030
0.0571608	8040
0.0569164	8050
0.0566731	8060
0.0564308	8070
0.0561896	8080
0.0559494	8090
0.0557102	8100
0.055472	8110
0.0552349	8120
0.0549987	8130
0.0547636	8140
0.0545295	8150
0.0542964	8160
0.0540643	8170
0.0538331	8180
0.053603	8190
0.0533738	8200
0.0531457	8210
0.0529185	8220
0.0526922	8230
0.052467	8240
0.0522427	8250
0.0520193	8260
0.0517969	8270
0.0515755	8280
0.051355	8290
0.0511355	8300
0.0509169	8310
0.0506992	8320
0.0504825	8330
0.0502666	8340
0.0500517	8350
0.0498378	8360
0.0496247	8370
0.0494126	8380
0.0492013	8390
0.048991	8400
0.0487815	8410
0.048573	8420
0.0483653	8430
0.0481586	8440
0.0479527	8450
0.0477477	8460
0.0475436	8470
0.0473403	8480
0.0471379	8490
0.0469364	8500
0.0467358	8510
0.046536	8520
0.046337	8530
0.0461389	8540
0.0459417	8550
0.0457453	8560
0.0455497	8570
0.045355	8580
0.0451611	8590
0.044968	8600
0.0447758	8610
0.0445844	8620
0.0443938	8630
0.044204	8640
0.044015	8650
0.0438268	8660
0.0436395	8670
0.0434529	8680
0.0432671	8690
0.0430822	8700
0.042898	8710
0.0427146	8720
0.042532	8730
0.0423502	8740
0.0421691	8750
0.0419889	8760
0.0418093	8770
0.0416306	8780
0.0414526	8790
0.0412754	8800
0.041099	8810
0.0409233	8820
0.0407483	8830
0.0405741	8840
0.0404007	8850
0.0402279	8860
0.040056	8870
0.0398847	8880
0.0397142	8890
0.0395444	8900
0.0393754	8910
0.039207	8920
0.0390394	8930
0.0388725	8940
0.0387064	8950
0.0385409	8960
0.0383761	8970
0.0382121	8980
0.0380487	8990
0.037886	9000
0.0377241	9010
0.0375628	9020
0.0374022	9030
0.0372423	9040
0.0370831	9050
0.0369246	9060
0.0367667	9070
0.0366095	9080
0.036453	9090
0.0362972	9100
0.036142	9110
0.0359875	9120
0.0358337	9130
0.0356805	9140
0.0355279	9150
0.0353761	9160
0.0352248	9170
0.0350742	9180
0.0349243	9190
0.034775	9200
0.0346263	9210
0.0344783	9220
0.0343309	9230
0.0341841	9240
0.034038	9250
0.0338925	9260
0.0337476	9270
0.0336033	9280
0.0334597	9290
0.0333166	9300
0.0331742	9310
0.0330324	9320
0.0328911	9330
0.0327505	9340
0.0326105	9350
0.0324711	9360
0.0323323	9370
0.0321941	9380
0.0320564	9390
0.0319194	9400
0.0317829	9410
0.0316471	9420
0.0315118	9430
0.0313771	9440
0.0312429	9450
0.0311094	9460
0.0309764	9470
0.0308439	9480
0.0307121	9490
0.0305808	9500
0.03045	9510
0.0303199	9520
0.0301903	9530
0.0300612	9540
0.0299327	9550
0.0298047	9560
0.0296773	9570
0.0295504	9580
0.0294241	9590
0.0292983	9600
0.029173	9610
0.0290483	9620
0.0289241	9630
0.0288005	9640
0.0286774	9650
0.0285548	9660
0.0284327	9670
0.0283112	9680
0.0281901	9690
0.0280696	9700
0.0279496	9710
0.0278301	9720
0.0277111	9730
0.0275927	9740
0.0274747	9750
0.0273573	9760
0.0272403	9770
0.0271239	9780
0.0270079	9790
0.0268924	9800
0.0267775	9810
0.026663	9820
0.026549	9830
0.0264355	9840
0.0263225	9850
0.02621	9860
0.0260979	9870
0.0259863	9880
0.0258753	9890
0.0257646	9900
0.0256545	9910
0.0255448	9920
0.0254356	9930
0.0253269	9940
0.0252186	9950
0.0251108	9960
0.0250034	9970
0.0248965	9980
0.0247901	9990
0.0246841	10000
0.0245786	10010
0.0244735	10020
0.0243689	10030
0.0242647	10040
0.024161	10050
0.0240577	10060
0.0239549	10070
0.0238525	10080
0.0237505	10090
0.0236489	10100
0.0235478	10110
0.0234472	10120
0.0233469	10130
0.0232471	10140
0.0231477	10150
0.0230488	10160
0.0229503	10170
0.0228521	10180
0.0227544	10190
0.0226572	10200
0.0225603	10210
0.0224639	10220
0.0223678	10230
0.0222722	10240
0.022177	10250
0.0220822	10260
0.0219878	10270
0.0218938	10280
0.0218002	10290
0.021707	10300
0.0216142	10310
0.0215218	10320
0.0214298	10330
0.0213382	10340
0.0212469	10350
0.0211561	10360
0.0210657	10370
0.0209756	10380
0.0208859	10390
0.0207967	10400
0.0207077	10410
0.0206192	10420
0.0205311	10430
0.0204433	10440
0.0203559	10450
0.0202689	10460
0.0201822	10470
0.0200959	10480
0.02001	10490
0.0199245	10500
0.0198393	10510
0.0197545	10520
0.01967	10530
0.019586	10540
0.0195022	10550
0.0194189	10560
0.0193358	10570
0.0192532	10580
0.0191709	10590
0.0190889	10600
0.0190073	10610
0.018926	10620
0.0188451	10630
0.0187646	10640
0.0186844	10650
0.0186045	10660
0.0185249	10670
0.0184457	10680
0.0183669	10690
0.0182884	10700
0.0182102	10710
0.0181323	10720
0.0180548	10730
0.0179776	10740
0.0179008	10750
0.0178243	10760
0.0177481	10770
0.0176722	10780
0.0175966	10790
0.0175214	10800
0.0174465	10810
0.0173719	10820
0.0172976	10830
0.0172237	10840
0.0171501	10850
0.0170768	10860
0.0170037	10870
0.0169311	10880
0.0168587	10890
0.0167866	10900
0.0167148	10910
0.0166434	10920
0.0165722	10930
0.0165014	10940
0.0164308	10950
0.0163606	10960
0.0162907	10970
0.016221	10980
0.0161517	10990
0.0160826	11000
0.0160139	11010
0.0159454	11020
0.0158772	11030
0.0158094	11040
0.0157418	11050
0.0156745	11060
0.0156075	11070
0.0155407	11080
0.0154743	11090
0.0154082	11100
0.0153423	11110
0.0152767	11120
0.0152114	11130
0.0151464	11140
0.0150816	11150
0.0150171	11160
0.0149529	11170
0.014889	11180
0.0148254	11190
0.014762	11200
0.0146989	11210
0.014636	11220
0.0145735	11230
0.0145112	11240
0.0144491	11250
0.0143873	11260
0.0143258	11270
0.0142646	11280
0.0142036	11290
0.0141429	11300
0.0140824	11310
0.0140222	11320
0.0139623	11330
0.0139026	11340
0.0138432	11350
0.013784	11360
0.0137251	11370
0.0136664	11380
0.013608	11390
0.0135498	11400
0.0134919	11410
0.0134342	11420
0.0133767	11430
0.0133196	11440
0.0132626	11450
0.0132059	11460
0.0131495	11470
0.0130932	11480
0.0130373	11490
0.0129815	11500
0.012926	11510
0.0128708	11520
0.0128158	11530
0.012761	11540
0.0127064	11550
0.0126521	11560
0.012598	11570
0.0125441	11580
0.0124905	11590
0.0124371	11600
0.012384	11610
0.012331	11620
0.0122783	11630
0.0122258	11640
0.0121735	11650
0.0121215	11660
0.0120697	11670
0.0120181	11680
0.0119667	11690
0.0119155	11700
0.0118646	11710
0.0118139	11720
0.0117634	11730
0.0117131	11740
0.011663	11750
0.0116132	11760
0.0115635	11770
0.0115141	11780
0.0114648	11790
0.0114158	11800
0.011367	11810
0.0113184	11820
0.0112701	11830
0.0112219	11840
0.0111739	11850
0.0111261	11860
0.0110786	11870
0.0110312	11880
0.010984	11890
0.0109371	11900
0.0108903	11910
0.0108438	11920
0.0107974	11930
0.0107513	11940
0.0107053	11950
0.0106595	11960
0.010614	11970
0.0105686	11980
0.0105234	11990
0.0104784	12000
0.0104336	12010
0.010389	12020
0.0103446	12030
0.0103004	12040
0.0102563	12050
0.0102125	12060
0.0101688	12070
0.0101254	12080
0.0100821	12090
0.010039	12100
0.00999606	12110
0.00995332	12120
0.00991077	12130
0.0098684	12140
0.00982622	12150
0.00978421	12160
0.00974238	12170
0.00970073	12180
0.00965926	12190
0.00961797	12200
0.00957685	12210
0.00953591	12220
0.00949514	12230
0.00945455	12240
0.00941413	12250
0.00937388	12260
0.00933381	12270
0.00929391	12280
0.00925417	12290
0.00921461	12300
0.00917522	12310
0.009136	12320
0.00909694	12330
0.00905805	12340
0.00901932	12350
0.00898077	12360
0.00894237	12370
0.00890414	12380
0.00886608	12390
0.00882818	12400
0.00879043	12410
0.00875286	12420
0.00871544	12430
0.00867818	12440
0.00864108	12450
0.00860414	12460
0.00856735	12470
0.00853073	12480
0.00849426	12490
0.00845794	12500
0.00842179	12510
0.00838578	12520
0.00834993	12530
0.00831424	12540
0.00827869	12550
0.0082433	12560
0.00820806	12570
0.00817297	12580
0.00813803	12590
0.00810324	12600
0.0080686	12610
0.00803411	12620
0.00799976	12630
0.00796556	12640
0.00793151	12650
0.0078976	12660
0.00786384	12670
0.00783022	12680
0.00779674	12690
0.00776341	12700
0.00773022	12710
0.00769718	12720
0.00766427	12730
0.0076315	12740
0.00759888	12750
0.00756639	12760
0.00753405	12770
0.00750184	12780
0.00746977	12790
0.00743783	12800
0.00740604	12810
0.00737438	12820
0.00734285	12830
0.00731146	12840
0.0072802	12850
0.00724908	12860
0.00721809	12870
0.00718723	12880
0.0071565	12890
0.00712591	12900
0.00709545	12910
0.00706511	12920
0.00703491	12930
0.00700484	12940
0.00697489	12950
0.00694507	12960
0.00691538	12970
0.00688582	12980
0.00685638	12990
0.00682707	13000
0.00679788	13010
0.00676882	13020
0.00673988	13030
0.00671107	13040
0.00668238	13050
0.00665381	13060
0.00662537	13070
0.00659704	13080
0.00656884	13090
0.00654076	13100
0.0065128	13110
0.00648495	13120
0.00645723	13130
0.00642963	13140
0.00640214	13150
0.00637477	13160
0.00634752	13170
0.00632038	13180
0.00629336	13190
0.00626646	13200
0.00623967	13210
0.00621299	13220
0.00618643	13230
0.00615998	13240
0.00613365	13250
0.00610743	13260
0.00608132	13270
0.00605532	13280
0.00602943	13290
0.00600366	13300
0.00597799	13310
0.00595243	13320
0.00592699	13330
0.00590165	13340
0.00587642	13350
0.0058513	13360
0.00582628	13370
0.00580138	13380
0.00577657	13390
0.00575188	13400
0.00572729	13410
0.00570281	13420
0.00567843	13430
0.00565415	13440
0.00562998	13450
0.00560591	13460
0.00558194	13470
0.00555808	13480
0.00553432	13490
0.00551066	13500
0.0054871	13510
0.00546364	13520
0.00544029	13530
0.00541703	13540
0.00539387	13550
0.00537081	13560
0.00534785	13570
0.00532499	13580
0.00530222	13590
0.00527956	13600
0.00525699	13610
0.00523451	13620
0.00521214	13630
0.00518985	13640
0.00516767	13650
0.00514557	13660
0.00512358	13670
0.00510167	13680
0.00507986	13690
0.00505815	13700
0.00503652	13710
0.00501499	13720
0.00499355	13730
0.0049722	13740
0.00495095	13750
0.00492978	13760
0.00490871	13770
0.00488772	13780
0.00486683	13790
0.00484602	13800
0.0048253	13810
0.00480468	13820
0.00478414	13830
0.00476368	13840
0.00474332	13850
0.00472304	13860
0.00470285	13870
0.00468274	13880
0.00466272	13890
0.00464279	13900
0.00462294	13910
0.00460318	13920
0.0045835	13930
0.00456391	13940
0.0045444	13950
0.00452497	13960
0.00450562	13970
0.00448636	13980
0.00446718	13990
0.00444808	14000
0.00442907	14010
0.00441013	14020
0.00439128	14030
0.00437251	14040
0.00435381	14050
0.0043352	14060
0.00431667	14070
0.00429821	14080
0.00427984	14090
0.00426154	14100
0.00424332	14110
0.00422518	14120
0.00420712	14130
0.00418914	14140
0.00417123	14150
0.00415339	14160
0.00413564	14170
0.00411796	14180
0.00410035	14190
0.00408283	14200
0.00406537	14210
0.00404799	14220
0.00403069	14230
0.00401345	14240
0.0039963	14250
0.00397921	14260
0.0039622	14270
0.00394526	14280
0.0039284	14290
0.0039116	14300
0.00389488	14310
0.00387823	14320
0.00386165	14330
0.00384514	14340
0.0038287	14350
0.00381233	14360
0.00379604	14370
0.00377981	14380
0.00376365	14390
0.00374756	14400
0.00373154	14410
0.00371559	14420
0.0036997	14430
0.00368389	14440
0.00366814	14450
0.00365245	14460
0.00363684	14470
0.00362129	14480
0.00360581	14490
0.0035904	14500
0.00357505	14510
0.00355976	14520
0.00354455	14530
0.00352939	14540
0.0035143	14550
0.00349928	14560
0.00348432	14570
0.00346943	14580
0.00345459	14590
0.00343982	14600
0.00342512	14610
0.00341048	14620
0.0033959	14630
0.00338138	14640
0.00336692	14650
0.00335253	14660
0.0033382	14670
0.00332393	14680
0.00330972	14690
0.00329557	14700
0.00328148	14710
0.00326745	14720
0.00325348	14730
0.00323957	14740
0.00322572	14750
0.00321193	14760
0.0031982	14770
0.00318453	14780
0.00317092	14790
0.00315736	14800
0.00314386	14810
0.00313042	14820
0.00311704	14830
0.00310371	14840
0.00309044	14850
0.00307723	14860
0.00306408	14870
0.00305098	14880
0.00303794	14890
0.00302495	14900
0.00301202	14910
0.00299914	14920
0.00298632	14930
0.00297355	14940
0.00296084	14950
0.00294818	14960
0.00293558	14970
0.00292303	14980
0.00291053	14990
0.00289809	15000
0.0028857	15010
0.00287336	15020
0.00286108	15030
0.00284885	15040
0.00283667	15050
0.00282454	15060
0.00281247	15070
0.00280044	15080
0.00278847	15090
0.00277655	15100
0.00276468	15110
0.00275286	15120
0.00274109	15130
0.00272938	15140
0.00271771	15150
0.00270609	15160
0.00269452	15170
0.002683	15180
0.00267153	15190
0.00266011	15200
0.00264874	15210
0.00263741	15220
0.00262614	15230
0.00261491	15240
0.00260373	15250
0.0025926	15260
0.00258152	15270
0.00257048	15280
0.00255949	15290
0.00254855	15300
0.00253766	15310
0.00252681	15320
0.00251601	15330
0.00250525	15340
0.00249454	15350
0.00248388	15360
0.00247326	15370
0.00246268	15380
0.00245216	15390
0.00244167	15400
0.00243123	15410
0.00242084	15420
0.00241049	15430
0.00240019	15440
0.00238992	15450
0.00237971	15460
0.00236953	15470
0.0023594	15480
0.00234932	15490
0.00233927	15500
0.00232927	15510
0.00231932	15520
0.0023094	15530
0.00229953	15540
0.0022897	15550
0.00227991	15560
0.00227016	15570
0.00226046	15580
0.00225079	15590
0.00224117	15600
0.00223159	15610
0.00222205	15620
0.00221255	15630
0.00220309	15640
0.00219367	15650
0.0021843	15660
0.00217496	15670
0.00216566	15680
0.0021564	15690
0.00214718	15700
0.002138	15710
0.00212886	15720
0.00211976	15730
0.0021107	15740
0.00210168	15750
0.00209269	15760
0.00208375	15770
0.00207484	15780
0.00206597	15790
0.00205714	15800
0.00204834	15810
0.00203958	15820
0.00203086	15830
0.00202218	15840
0.00201354	15850
0.00200493	15860
0.00199636	15870
0.00198782	15880
0.00197933	15890
0.00197086	15900
0.00196244	15910
0.00195405	15920
0.0019457	15930
0.00193738	15940
0.0019291	15950
0.00192085	15960
0.00191264	15970
0.00190446	15980
0.00189632	15990
0.00188821	16000
0.00188014	16010
0.0018721	16020
0.0018641	16030
0.00185613	16040
0.00184819	16050
0.00184029	16060
0.00183243	16070
0.00182459	16080
0.00181679	16090
0.00180902	16100
0.00180129	16110
0.00179359	16120
0.00178592	16130
0.00177829	16140
0.00177069	16150
0.00176312	16160
0.00175558	16170
0.00174807	16180
0.0017406	16190
0.00173316	16200
0.00172575	16210
0.00171837	16220
0.00171103	16230
0.00170371	16240
0.00169643	16250
0.00168918	16260
0.00168195	16270
0.00167476	16280
0.0016676	16290
0.00166047	16300
0.00165338	16310
0.00164631	16320
0.00163927	16330
0.00163226	16340
0.00162528	16350
0.00161834	16360
0.00161142	16370
0.00160453	16380
0.00159767	16390
0.00159084	16400
0.00158404	16410
0.00157727	16420
0.00157052	16430
0.00156381	16440
0.00155712	16450
0.00155047	16460
0.00154384	16470
0.00153724	16480
0.00153067	16490
0.00152412	16500
0.00151761	16510
0.00151112	16520
0.00150466	16530
0.00149823	16540
0.00149182	16550
0.00148544	16560
0.00147909	16570
0.00147277	16580
0.00146647	16590
0.00146021	16600
0.00145396	16610
0.00144775	16620
0.00144156	16630
0.00143539	16640
0.00142926	16650
0.00142315	16660
0.00141706	16670
0.00141101	16680
0.00140497	16690
0.00139897	16700
0.00139299	16710
0.00138703	16720
0.0013811	16730
0.0013752	16740
0.00136932	16750
0.00136347	16760
0.00135764	16770
0.00135183	16780
0.00134605	16790
0.0013403	16800
0.00133457	16810
0.00132886	16820
0.00132318	16830
0.00131753	16840
0.00131189	16850
0.00130629	16860
0.0013007	16870
0.00129514	16880
0.0012896	16890
0.00128409	16900
0.0012786	16910
0.00127313	16920
0.00126769	16930
0.00126227	16940
0.00125688	16950
0.0012515	16960
0.00124615	16970
0.00124083	16980
0.00123552	16990
0.00123024	17000
0.00122498	17010
0.00121974	17020
0.00121453	17030
0.00120934	17040
0.00120417	17050
0.00119902	17060
0.00119389	17070
0.00118879	17080
0.00118371	17090
0.00117865	17100
0.00117361	17110
0.00116859	17120
0.00116359	17130
0.00115862	17140
0.00115367	17150
0.00114873	17160
0.00114382	17170
0.00113893	17180
0.00113406	17190
0.00112922	17200
0.00112439	17210
0.00111958	17220
0.0011148	17230
0.00111003	17240
0.00110528	17250
0.00110056	17260
0.00109585	17270
0.00109117	17280
0.0010865	17290
0.00108186	17300
0.00107723	17310
0.00107263	17320
0.00106804	17330
0.00106348	17340
0.00105893	17350
0.0010544	17360
0.0010499	17370
0.00104541	17380
0.00104094	17390
0.00103649	17400
0.00103206	17410
0.00102765	17420
0.00102325	17430
0.00101888	17440
0.00101452	17450
0.00101019	17460
0.00100587	17470
0.00100157	17480
0.000997285	17490
0.000993022	17500
0.000988777	17510
0.000984549	17520
0.00098034	17530
0.000976149	17540
0.000971976	17550
0.000967821	17560
0.000963684	17570
0.000959564	17580
0.000955462	17590
0.000951377	17600
0.00094731	17610
0.00094326	17620
0.000939228	17630
0.000935212	17640
0.000931214	17650
0.000927233	17660
0.000923269	17670
0.000919322	17680
0.000915392	17690
0.000911479	17700
0.000907582	17710
0.000903702	17720
0.000899839	17730
0.000895992	17740
0.000892161	17750
0.000888347	17760
0.00088455	17770
0.000880768	17780
0.000877003	17790
0.000873254	17800
0.00086952	17810
0.000865803	17820
0.000862102	17830
0.000858416	17840
0.000854747	17850
0.000851092	17860
0.000847454	17870
0.000843831	17880
0.000840224	17890
0.000836632	17900
0.000833055	17910
0.000829494	17920
0.000825948	17930
0.000822417	17940
0.000818901	17950
0.0008154	17960
0.000811914	17970
0.000808443	17980
0.000804987	17990
0.000801545	18000
0.000798119	18010
0.000794707	18020
0.000791309	18030
0.000787927	18040
0.000784558	18050
0.000781204	18060
0.000777864	18070
0.000774539	18080
0.000771228	18090
0.000767931	18100
0.000764648	18110
0.000761379	18120
0.000758124	18130
0.000754883	18140
0.000751656	18150
0.000748442	18160
0.000745243	18170
0.000742057	18180
0.000738884	18190
0.000735726	18200
0.00073258	18210
0.000729449	18220
0.00072633	18230
0.000723225	18240
0.000720133	18250
0.000717055	18260
0.000713989	18270
0.000710937	18280
0.000707898	18290
0.000704871	18300
0.000701858	18310
0.000698857	18320
0.00069587	18330
0.000692895	18340
0.000689933	18350
0.000686983	18360
0.000684046	18370
0.000681122	18380
0.00067821	18390
0.000675311	18400
0.000672424	18410
0.000669549	18420
0.000666687	18430
0.000663837	18440
0.000660999	18450
0.000658173	18460
0.000655359	18470
0.000652558	18480
0.000649768	18490
0.00064699	18500
0.000644224	18510
0.00064147	18520
0.000638728	18530
0.000635997	18540
0.000633278	18550
0.000630571	18560
0.000627875	18570
0.000625191	18580
0.000622518	18590
0.000619857	18600
0.000617207	18610
0.000614568	18620
0.000611941	18630
0.000609325	18640
0.00060672	18650
0.000604126	18660
0.000601544	18670
0.000598972	18680
0.000596411	18690
0.000593862	18700
0.000591323	18710
0.000588795	18720
0.000586278	18730
0.000583771	18740
0.000581276	18750
0.000578791	18760
0.000576316	18770
0.000573853	18780
0.000571399	18790
0.000568957	18800
0.000566524	18810
0.000564102	18820
0.000561691	18830
0.00055929	18840
0.000556899	18850
0.000554518	18860
0.000552147	18870
0.000549787	18880
0.000547436	18890
0.000545096	18900
0.000542766	18910
0.000540445	18920
0.000538135	18930
0.000535834	18940
0.000533544	18950
0.000531263	18960
0.000528992	18970
0.00052673	18980
0.000524478	18990
0.000522236	19000
0.000520004	19010
0.000517781	19020
0.000515567	19030
0.000513363	19040
0.000511168	19050
0.000508983	19060
0.000506807	19070
0.00050464	19080
0.000502483	19090
0.000500335	19100
0.000498196	19110
0.000496066	19120
0.000493945	19130
0.000491834	19140
0.000489731	19150
0.000487638	19160
0.000485553	19170
0.000483477	19180
0.00048141	19190
0.000479352	19200
0.000477303	19210
0.000475262	19220
0.000473231	19230
0.000471208	19240
0.000469193	19250
0.000467187	19260
0.00046519	19270
0.000463201	19280
0.000461221	19290
0.000459249	19300
0.000457286	19310
0.000455331	19320
0.000453385	19330
0.000451446	19340
0.000449516	19350
0.000447595	19360
0.000445681	19370
0.000443776	19380
0.000441879	19390
0.00043999	19400
0.000438109	19410
0.000436236	19420
0.000434371	19430
0.000432514	19440
0.000430665	19450
0.000428824	19460
0.00042699	19470
0.000425165	19480
0.000423347	19490
0.000421538	19500
0.000419736	19510
0.000417941	19520
0.000416154	19530
0.000414375	19540
0.000412604	19550
0.00041084	19560
0.000409084	19570
0.000407335	19580
0.000405593	19590
0.000403859	19600
0.000402133	19610
0.000400414	19620
0.000398702	19630
0.000396998	19640
0.0003953	19650
0.00039361	19660
0.000391928	19670
0.000390252	19680
0.000388584	19690
0.000386923	19700
0.000385268	19710
0.000383621	19720
0.000381981	19730
0.000380348	19740
0.000378722	19750
0.000377103	19760
0.000375491	19770
0.000373886	19780
0.000372288	19790
0.000370696	19800
0.000369111	19810
0.000367533	19820
0.000365962	19830
0.000364398	19840
0.00036284	19850
0.000361289	19860
0.000359744	19870
0.000358206	19880
0.000356675	19890
0.00035515	19900
0.000353632	19910
0.00035212	19920
0.000350615	19930
0.000349116	19940
0.000347623	19950
0.000346137	19960
0.000344657	19970
0.000343184	19980
0.000341717	19990
0.000340256	20000
0.000338801	20010
0.000337353	20020
0.000335911	20030
0.000334475	20040
0.000333045	20050
0.000331621	20060
0.000330203	20070
0.000328792	20080
0.000327386	20090
0.000325987	20100
0.000324593	20110
0.000323205	20120
0.000321824	20130
0.000320448	20140
0.000319078	20150
0.000317714	20160
0.000316355	20170
0.000315003	20180
0.000313656	20190
0.000312315	20200
0.00031098	20210
0.000309651	20220
0.000308327	20230
0.000307009	20240
0.000305696	20250
0.00030439	20260
0.000303088	20270
0.000301793	20280
0.000300502	20290
0.000299218	20300
0.000297939	20310
0.000296665	20320
0.000295397	20330
0.000294134	20340
0.000292876	20350
0.000291624	20360
0.000290378	20370
0.000289136	20380
0.0002879	20390
0.000286669	20400
0.000285444	20410
0.000284224	20420
0.000283008	20430
0.000281799	20440
0.000280594	20450
0.000279394	20460
0.0002782	20470
0.000277011	20480
0.000275826	20490
0.000274647	20500
0.000273473	20510
0.000272304	20520
0.00027114	20530
0.000269981	20540
0.000268826	20550
0.000267677	20560
0.000266533	20570
0.000265393	20580
0.000264259	20590
0.000263129	20600
0.000262004	20610
0.000260884	20620
0.000259769	20630
0.000258658	20640
0.000257553	20650
0.000256452	20660
0.000255355	20670
0.000254264	20680
0.000253177	20690
0.000252094	20700
0.000251017	20710
0.000249943	20720
0.000248875	20730
0.000247811	20740
0.000246752	20750
0.000245697	20760
0.000244646	20770
0.0002436	20780
0.000242559	20790
0.000241522	20800
0.00024049	20810
0.000239461	20820
0.000238438	20830
0.000237418	20840
0.000236403	20850
0.000235393	20860
0.000234386	20870
0.000233384	20880
0.000232387	20890
0.000231393	20900
0.000230404	20910
0.000229419	20920
0.000228438	20930
0.000227462	20940
0.000226489	20950
0.000225521	20960
0.000224557	20970
0.000223597	20980
0.000222641	20990
0.000221689	21000
0.000220741	21010
0.000219798	21020
0.000218858	21030
0.000217923	21040
0.000216991	21050
0.000216063	21060
0.00021514	21070
0.00021422	21080
0.000213304	21090
0.000212392	21100
0.000211484	21110
0.00021058	21120
0.00020968	21130
0.000208783	21140
0.000207891	21150
0.000207002	21160
0.000206117	21170
0.000205236	21180
0.000204359	21190
0.000203485	21200
0.000202615	21210
0.000201749	21220
0.000200886	21230
0.000200028	21240
0.000199172	21250
0.000198321	21260
0.000197473	21270
0.000196629	21280
0.000195788	21290
0.000194951	21300
0.000194118	21310
0.000193288	21320
0.000192462	21330
0.000191639	21340
0.00019082	21350
0.000190004	21360
0.000189192	21370
0.000188383	21380
0.000187577	21390
0.000186776	21400
0.000185977	21410
0.000185182	21420
0.00018439	21430
0.000183602	21440
0.000182817	21450
0.000182036	21460
0.000181257	21470
0.000180483	21480
0.000179711	21490
0.000178943	21500
0.000178178	21510
0.000177416	21520
0.000176658	21530
0.000175902	21540
0.00017515	21550
0.000174402	21560
0.000173656	21570
0.000172914	21580
0.000172174	21590
0.000171438	21600
0.000170705	21610
0.000169976	21620
0.000169249	21630
0.000168525	21640
0.000167805	21650
0.000167088	21660
0.000166373	21670
0.000165662	21680
0.000164954	21690
0.000164249	21700
0.000163546	21710
0.000162847	21720
0.000162151	21730
0.000161458	21740
0.000160768	21750
0.00016008	21760
0.000159396	21770
0.000158715	21780
0.000158036	21790
0.00015736	21800
0.000156688	21810
0.000156018	21820
0.000155351	21830
0.000154687	21840
0.000154025	21850
0.000153367	21860
0.000152711	21870
0.000152058	21880
0.000151408	21890
0.000150761	21900
0.000150117	21910
0.000149475	21920
0.000148836	21930
0.0001482	21940
0.000147566	21950
0.000146935	21960
0.000146307	21970
0.000145682	21980
0.000145059	21990
0.000144439	22000
0.000143821	22010
0.000143206	22020
0.000142594	22030
0.000141984	22040
0.000141377	22050
0.000140773	22060
0.000140171	22070
0.000139572	22080
0.000138975	22090
0.000138381	22100
0.00013779	22110
0.000137201	22120
0.000136614	22130
0.00013603	22140
0.000135448	22150
0.000134869	22160
0.000134293	22170
0.000133719	22180
0.000133147	22190
0.000132578	22200
0.000132011	22210
0.000131447	22220
0.000130885	22230
0.000130325	22240
0.000129768	22250
0.000129213	22260
0.000128661	22270
0.000128111	22280
0.000127563	22290
0.000127018	22300
0.000126475	22310
0.000125934	22320
0.000125396	22330
0.00012486	22340
0.000124326	22350
0.000123794	22360
0.000123265	22370
0.000122738	22380
0.000122214	22390
0.000121691	22400
0.000121171	22410
0.000120653	22420
0.000120137	22430
0.000119623	22440
0.000119112	22450
0.000118603	22460
0.000118096	22470
0.000117591	22480
0.000117088	22490
0.000116588	22500
0.000116089	22510
0.000115593	22520
0.000115099	22530
0.000114607	22540
0.000114117	22550
0.000113629	22560
0.000113143	22570
0.000112659	22580
0.000112178	22590
0.000111698	22600
0.000111221	22610
0.000110745	22620
0.000110272	22630
0.0001098	22640
0.000109331	22650
0.000108864	22660
0.000108398	22670
0.000107935	22680
0.000107473	22690
0.000107014	22700
0.000106556	22710
0.000106101	22720
0.000105647	22730
0.000105196	22740
0.000104746	22750
0.000104298	22760
0.000103852	22770
0.000103408	22780
0.000102966	22790
0.000102526	22800
0.000102088	22810
0.000101651	22820
0.000101217	22830
0.000100784	22840
0.000100353	22850
9.99242e-05	22860
9.9497e-05	22870
9.90717e-05	22880
9.86481e-05	22890
9.82264e-05	22900
9.78065e-05	22910
9.73883e-05	22920
9.6972e-05	22930
9.65574e-05	22940
9.61447e-05	22950
9.57336e-05	22960
9.53244e-05	22970
9.49169e-05	22980
9.45111e-05	22990
9.4107e-05	23000
9.37047e-05	23010
9.33041e-05	23020
9.29053e-05	23030
9.25081e-05	23040
9.21126e-05	23050
9.17188e-05	23060
9.13267e-05	23070
9.09363e-05	23080
9.05475e-05	23090
9.01604e-05	23100
8.9775e-05	23110
8.93912e-05	23120
8.9009e-05	23130
8.86285e-05	23140
8.82496e-05	23150
8.78724e-05	23160
8.74967e-05	23170
8.71227e-05	23180
8.67502e-05	23190
8.63793e-05	23200
8.60101e-05	23210
8.56424e-05	23220
8.52762e-05	23230
8.49117e-05	23240
8.45487e-05	23250
8.41872e-05	23260
8.38273e-05	23270
8.3469e-05	23280
8.31121e-05	23290
8.27568e-05	23300
8.2403e-05	23310
8.20507e-05	23320
8.17e-05	23330
8.13507e-05	23340
8.10029e-05	23350
8.06566e-05	23360
8.03118e-05	23370
7.99685e-05	23380
7.96266e-05	23390
7.92862e-05	23400
7.89472e-05	23410
7.86097e-05	23420
7.82737e-05	23430
7.79391e-05	23440
7.76059e-05	23450
7.72741e-05	23460
7.69437e-05	23470
7.66148e-05	23480
7.62873e-05	23490
7.59611e-05	23500
7.56364e-05	23510
7.53131e-05	23520
7.49911e-05	23530
7.46705e-05	23540
7.43513e-05	23550
7.40334e-05	23560
7.37169e-05	23570
7.34018e-05	23580
7.3088e-05	23590
7.27755e-05	23600
7.24644e-05	23610
7.21546e-05	23620
7.18462e-05	23630
7.1539e-05	23640
7.12332e-05	23650
7.09287e-05	23660
7.06254e-05	23670
7.03235e-05	23680
7.00229e-05	23690
6.97235e-05	23700
6.94254e-05	23710
6.91286e-05	23720
6.88331e-05	23730
6.85388e-05	23740
6.82458e-05	23750
6.79541e-05	23760
6.76636e-05	23770
6.73743e-05	23780
6.70863e-05	23790
6.67995e-05	23800
6.65139e-05	23810
6.62296e-05	23820
6.59464e-05	23830
6.56645e-05	23840
6.53838e-05	23850
6.51043e-05	23860
6.48259e-05	23870
6.45488e-05	23880
6.42729e-05	23890
6.39981e-05	23900
6.37245e-05	23910
6.34521e-05	23920
6.31808e-05	23930
6.29107e-05	23940
6.26418e-05	23950
6.2374e-05	23960
6.21073e-05	23970
6.18418e-05	23980
6.15774e-05	23990
6.13142e-05	24000
6.10521e-05	24010
6.07911e-05	24020
6.05312e-05	24030
6.02724e-05	24040
6.00147e-05	24050
5.97582e-05	24060
5.95027e-05	24070
5.92483e-05	24080
5.8995e-05	24090
5.87428e-05	24100
5.84917e-05	24110
5.82416e-05	24120
5.79926e-05	24130
5.77447e-05	24140
5.74979e-05	24150
5.72521e-05	24160
5.70073e-05	24170
5.67636e-05	24180
5.65209e-05	24190
5.62793e-05	24200
5.60387e-05	24210
5.57991e-05	24220
5.55606e-05	24230
5.53231e-05	24240
5.50866e-05	24250
5.48511e-05	24260
5.46166e-05	24270
5.43831e-05	24280
5.41506e-05	24290
5.39191e-05	24300
5.36886e-05	24310
5.34591e-05	24320
5.32305e-05	24330
5.3003e-05	24340
5.27764e-05	24350
5.25507e-05	24360
5.23261e-05	24370
5.21024e-05	24380
5.18796e-05	24390
5.16579e-05	24400
5.1437e-05	24410
5.12171e-05	24420
5.09982e-05	24430
5.07801e-05	24440
5.05631e-05	24450
5.03469e-05	24460
5.01317e-05	24470
4.99173e-05	24480
4.97039e-05	24490
4.94915e-05	24500
4.92799e-05	24510
4.90692e-05	24520
4.88594e-05	24530
4.86506e-05	24540
4.84426e-05	24550
4.82355e-05	24560
4.80293e-05	24570
4.78239e-05	24580
4.76195e-05	24590
4.74159e-05	24600
4.72132e-05	24610
4.70114e-05	24620
4.68104e-05	24630
4.66103e-05	24640
4.6411e-05	24650
4.62126e-05	24660
4.6015e-05	24670
4.58183e-05	24680
4.56225e-05	24690
4.54274e-05	24700
4.52332e-05	24710
4.50398e-05	24720
4.48473e-05	24730
4.46556e-05	24740
4.44647e-05	24750
4.42746e-05	24760
4.40853e-05	24770
4.38968e-05	24780
4.37092e-05	24790
4.35223e-05	24800
4.33362e-05	24810
4.3151e-05	24820
4.29665e-05	24830
4.27828e-05	24840
4.25999e-05	24850
4.24178e-05	24860
4.22365e-05	24870
4.20559e-05	24880
4.18761e-05	24890
4.16971e-05	24900
4.15188e-05	24910
4.13413e-05	24920
4.11646e-05	24930
4.09886e-05	24940
4.08134e-05	24950
4.06389e-05	24960
4.04652e-05	24970
4.02922e-05	24980
4.01199e-05	24990
3.99484e-05	25000
3.97776e-05	25010
3.96076e-05	25020
3.94383e-05	25030
3.92697e-05	25040
3.91018e-05	25050
3.89346e-05	25060
3.87682e-05	25070
3.86024e-05	25080
3.84374e-05	25090
3.82731e-05	25100
3.81095e-05	25110
3.79466e-05	25120
3.77843e-05	25130
3.76228e-05	25140
3.7462e-05	25150
3.73018e-05	25160
3.71423e-05	25170
3.69836e-05	25180
3.68254e-05	25190
3.6668e-05	25200
3.65113e-05	25210
3.63552e-05	25220
3.61998e-05	25230
3.6045e-05	25240
3.58909e-05	25250
3.57375e-05	25260
3.55847e-05	25270
3.54326e-05	25280
3.52811e-05	25290
3.51303e-05	25300
3.49801e-05	25310
3.48305e-05	25320
3.46816e-05	25330
3.45334e-05	25340
3.43857e-05	25350
3.42387e-05	25360
3.40924e-05	25370
3.39466e-05	25380
3.38015e-05	25390
3.3657e-05	25400
3.35131e-05	25410
3.33698e-05	25420
3.32272e-05	25430
3.30851e-05	25440
3.29437e-05	25450
3.28028e-05	25460
3.26626e-05	25470
3.2523e-05	25480
3.23839e-05	25490
3.22455e-05	25500
3.21076e-05	25510
3.19704e-05	25520
3.18337e-05	25530
3.16976e-05	25540
3.15621e-05	25550
3.14272e-05	25560
3.12928e-05	25570
3.1159e-05	25580
3.10258e-05	25590
3.08932e-05	25600
3.07611e-05	25610
3.06296e-05	25620
3.04987e-05	25630
3.03683e-05	25640
3.02385e-05	25650
3.01092e-05	25660
2.99805e-05	25670
2.98523e-05	25680
2.97247e-05	25690
2.95976e-05	25700
2.94711e-05	25710
2.93451e-05	25720
2.92196e-05	25730
2.90947e-05	25740
2.89704e-05	25750
2.88465e-05	25760
2.87232e-05	25770
2.86004e-05	25780
2.84781e-05	25790
2.83564e-05	25800
2.82351e-05	25810
2.81144e-05	25820
2.79943e-05	25830
2.78746e-05	25840
2.77554e-05	25850
2.76368e-05	25860
2.75186e-05	25870
2.7401e-05	25880
2.72838e-05	25890
2.71672e-05	25900
2.7051e-05	25910
2.69354e-05	25920
2.68202e-05	25930
2.67056e-05	25940
2.65914e-05	25950
2.64777e-05	25960
2.63645e-05	25970
2.62518e-05	25980
2.61396e-05	25990
2.60279e-05	26000
2.59166e-05	26010
2.58058e-05	26020
2.56955e-05	26030
2.55856e-05	26040
2.54762e-05	26050
2.53673e-05	26060
2.52589e-05	26070
2.51509e-05	26080
2.50434e-05	26090
2.49363e-05	26100
2.48297e-05	26110
2.47236e-05	26120
2.46179e-05	26130
2.45126e-05	26140
2.44078e-05	26150
2.43035e-05	26160
2.41996e-05	26170
2.40961e-05	26180
2.39931e-05	26190
2.38906e-05	26200
2.37884e-05	26210
2.36867e-05	26220
2.35855e-05	26230
2.34846e-05	26240
2.33842e-05	26250
2.32843e-05	26260
2.31847e-05	26270
2.30856e-05	26280
2.29869e-05	26290
2.28886e-05	26300
2.27908e-05	26310
2.26934e-05	26320
2.25963e-05	26330
2.24997e-05	26340
2.24036e-05	26350
2.23078e-05	26360
2.22124e-05	26370
2.21175e-05	26380
2.20229e-05	26390
2.19288e-05	26400
2.1835e-05	26410
2.17417e-05	26420
2.16487e-05	26430
2.15562e-05	26440
2.1464e-05	26450
2.13723e-05	26460
2.12809e-05	26470
2.11899e-05	26480
2.10993e-05	26490
2.10091e-05	26500
2.09193e-05	26510
2.08299e-05	26520
2.07408e-05	26530
2.06522e-05	26540
2.05639e-05	26550
2.0476e-05	26560
2.03884e-05	26570
2.03013e-05	26580
2.02145e-05	26590
2.01281e-05	26600
2.0042e-05	26610
1.99563e-05	26620
1.9871e-05	26630
1.97861e-05	26640
1.97015e-05	26650
1.96172e-05	26660
1.95334e-05	26670
1.94499e-05	26680
1.93667e-05	26690
1.92839e-05	26700
1.92015e-05	26710
1.91194e-05	26720
1.90377e-05	26730
1.89563e-05	26740
1.88752e-05	26750
1.87946e-05	26760
1.87142e-05	26770
1.86342e-05	26780
1.85545e-05	26790
1.84752e-05	26800
1.83962e-05	26810
1.83176e-05	26820
1.82393e-05	26830
1.81613e-05	26840
1.80837e-05	26850
1.80064e-05	26860
1.79294e-05	26870
1.78527e-05	26880
1.77764e-05	26890
1.77004e-05	26900
1.76247e-05	26910
1.75494e-05	26920
1.74744e-05	26930
1.73997e-05	26940
1.73253e-05	26950
1.72512e-05	26960
1.71775e-05	26970
1.7104e-05	26980
1.70309e-05	26990
1.69581e-05	27000
1.68856e-05	27010
1.68134e-05	27020
1.67415e-05	27030
1.667e-05	27040
1.65987e-05	27050
1.65277e-05	27060
1.64571e-05	27070
1.63867e-05	27080
1.63167e-05	27090
1.62469e-05	27100
1.61775e-05	27110
1.61083e-05	27120
1.60394e-05	27130
1.59709e-05	27140
1.59026e-05	27150
1.58346e-05	27160
1.57669e-05	27170
1.56995e-05	27180
1.56324e-05	27190
1.55656e-05	27200
1.5499e-05	27210
1.54328e-05	27220
1.53668e-05	27230
1.53011e-05	27240
1.52357e-05	27250
1.51706e-05	27260
1.51057e-05	27270
1.50411e-05	27280
1.49768e-05	27290
1.49128e-05	27300
1.4849e-05	27310
1.47856e-05	27320
1.47223e-05	27330
1.46594e-05	27340
1.45967e-05	27350
1.45343e-05	27360
1.44722e-05	27370
1.44103e-05	27380
1.43487e-05	27390
1.42874e-05	27400
1.42263e-05	27410
1.41655e-05	27420
1.41049e-05	27430
1.40446e-05	27440
1.39846e-05	27450
1.39248e-05	27460
1.38653e-05	27470
1.3806e-05	27480
1.3747e-05	27490
1.36882e-05	27500
1.36297e-05	27510
1.35714e-05	27520
1.35134e-05	27530
1.34556e-05	27540
1.33981e-05	27550
1.33408e-05	27560
1.32838e-05	27570
1.3227e-05	27580
1.31705e-05	27590
1.31142e-05	27600
1.30581e-05	27610
1.30023e-05	27620
1.29467e-05	27630
1.28913e-05	27640
1.28362e-05	27650
1.27814e-05	27660
1.27267e-05	27670
1.26723e-05	27680
1.26181e-05	27690
1.25642e-05	27700
1.25105e-05	27710
1.2457e-05	27720
1.24037e-05	27730
1.23507e-05	27740
1.22979e-05	27750
1.22453e-05	27760
1.2193e-05	27770
1.21409e-05	27780
1.2089e-05	27790
1.20373e-05	27800
1.19858e-05	27810
1.19346e-05	27820
1.18836e-05	27830
1.18328e-05	27840
1.17822e-05	27850
1.17318e-05	27860
1.16816e-05	27870
1.16317e-05	27880
1.1582e-05	27890
1.15325e-05	27900
1.14832e-05	27910
1.14341e-05	27920
1.13852e-05	27930
1.13365e-05	27940
1.12881e-05	27950
1.12398e-05	27960
1.11917e-05	27970
1.11439e-05	27980
1.10963e-05	27990
1.10488e-05	28000
1.10016e-05	28010
1.09546e-05	28020
1.09077e-05	28030
1.08611e-05	28040
1.08147e-05	28050
1.07684e-05	28060
1.07224e-05	28070
1.06766e-05	28080
1.06309e-05	28090
1.05855e-05	28100
1.05402e-05	28110
1.04952e-05	28120
1.04503e-05	28130
1.04056e-05	28140
1.03611e-05	28150
1.03168e-05	28160
1.02727e-05	28170
1.02288e-05	28180
1.01851e-05	28190
1.01415e-05	28200
1.00982e-05	28210
1.0055e-05	28220
1.0012e-05	28230
9.96922e-06	28240
9.9266e-06	28250
9.88417e-06	28260
9.84191e-06	28270
9.79984e-06	28280
9.75794e-06	28290
9.71623e-06	28300
9.67469e-06	28310
9.63333e-06	28320
9.59215e-06	28330
9.55114e-06	28340
9.51031e-06	28350
9.46965e-06	28360
9.42917e-06	28370
9.38886e-06	28380
9.34872e-06	28390
9.30875e-06	28400
9.26896e-06	28410
9.22933e-06	28420
9.18988e-06	28430
9.15059e-06	28440
9.11147e-06	28450
9.07252e-06	28460
9.03373e-06	28470
8.99511e-06	28480
8.95666e-06	28490
8.91837e-06	28500
8.88024e-06	28510
8.84228e-06	28520
8.80448e-06	28530
8.76684e-06	28540
8.72936e-06	28550
8.69204e-06	28560
8.65488e-06	28570
8.61788e-06	28580
8.58104e-06	28590
8.54436e-06	28600
8.50783e-06	28610
8.47146e-06	28620
8.43524e-06	28630
8.39918e-06	28640
8.36327e-06	28650
8.32752e-06	28660
8.29192e-06	28670
8.25647e-06	28680
8.22117e-06	28690
8.18603e-06	28700
8.15103e-06	28710
8.11619e-06	28720
8.08149e-06	28730
8.04694e-06	28740
8.01254e-06	28750
7.97828e-06	28760
7.94418e-06	28770
7.91021e-06	28780
7.8764e-06	28790
7.84273e-06	28800
7.8092e-06	28810
7.77581e-06	28820
7.74257e-06	28830
7.70947e-06	28840
7.67651e-06	28850
7.6437e-06	28860
7.61102e-06	28870
7.57848e-06	28880
7.54608e-06	28890
7.51382e-06	28900
7.4817e-06	28910
7.44972e-06	28920
7.41787e-06	28930
7.38616e-06	28940
7.35458e-06	28950
7.32314e-06	28960
7.29183e-06	28970
7.26066e-06	28980
7.22962e-06	28990
7.19871e-06	29000
7.16794e-06	29010
7.13729e-06	29020
7.10678e-06	29030
7.0764e-06	29040
7.04615e-06	29050
7.01603e-06	29060
6.98603e-06	29070
6.95617e-06	29080
6.92643e-06	29090
6.89682e-06	29100
6.86733e-06	29110
6.83797e-06	29120
6.80874e-06	29130
6.77963e-06	29140
6.75065e-06	29150
6.72179e-06	29160
6.69306e-06	29170
6.66444e-06	29180
6.63595e-06	29190
6.60758e-06	29200
6.57933e-06	29210
6.55121e-06	29220
6.5232e-06	29230
6.49531e-06	29240
6.46755e-06	29250
6.4399e-06	29260
6.41237e-06	29270
6.38495e-06	29280
6.35766e-06	29290
6.33048e-06	29300
6.30341e-06	29310
6.27647e-06	29320
6.24963e-06	29330
6.22292e-06	29340
6.19631e-06	29350
6.16982e-06	29360
6.14345e-06	29370
6.11718e-06	29380
6.09103e-06	29390
6.06499e-06	29400
6.03907e-06	29410
6.01325e-06	29420
5.98754e-06	29430
5.96194e-06	29440
5.93646e-06	29450
5.91108e-06	29460
5.88581e-06	29470
5.86065e-06	29480
5.83559e-06	29490
5.81064e-06	29500
5.7858e-06	29510
5.76107e-06	29520
5.73644e-06	29530
5.71192e-06	29540
5.6875e-06	29550
5.66318e-06	29560
5.63897e-06	29570
5.61486e-06	29580
5.59086e-06	29590
5.56696e-06	29600
5.54316e-06	29610
5.51946e-06	29620
5.49587e-06	29630
5.47237e-06	29640
5.44898e-06	29650
5.42568e-06	29660
5.40249e-06	29670
5.37939e-06	29680
5.35639e-06	29690
5.3335e-06	29700
5.31069e-06	29710
5.28799e-06	29720
5.26538e-06	29730
5.24288e-06	29740
5.22046e-06	29750
5.19814e-06	29760
5.17592e-06	29770
5.15379e-06	29780
5.13176e-06	29790
5.10982e-06	29800
5.08798e-06	29810
5.06623e-06	29820
5.04457e-06	29830
5.023e-06	29840
5.00153e-06	29850
4.98015e-06	29860
4.95886e-06	29870
4.93766e-06	29880
4.91655e-06	29890
4.89553e-06	29900
4.8746e-06	29910
4.85376e-06	29920
4.83301e-06	29930
4.81235e-06	29940
4.79178e-06	29950
4.77129e-06	29960
4.7509e-06	29970
4.73058e-06	29980
4.71036e-06	29990
4.69022e-06	30000
4.67017e-06	30010
4.65021e-06	30020
4.63033e-06	30030
4.61053e-06	30040
4.59082e-06	30050
4.5712e-06	30060
4.55165e-06	30070
4.5322e-06	30080
4.51282e-06	30090
4.49353e-06	30100
4.47432e-06	30110
4.45519e-06	30120
4.43614e-06	30130
4.41718e-06	30140
4.3983e-06	30150
4.37949e-06	30160
4.36077e-06	30170
4.34213e-06	30180
4.32356e-06	30190
4.30508e-06	30200
4.28668e-06	30210
4.26835e-06	30220
4.2501e-06	30230
4.23193e-06	30240
4.21384e-06	30250
4.19583e-06	30260
4.17789e-06	30270
4.16003e-06	30280
4.14225e-06	30290
4.12454e-06	30300
4.1069e-06	30310
4.08935e-06	30320
4.07187e-06	30330
4.05446e-06	30340
4.03712e-06	30350
4.01987e-06	30360
4.00268e-06	30370
3.98557e-06	30380
3.96853e-06	30390
3.95156e-06	30400
3.93467e-06	30410
3.91785e-06	30420
3.9011e-06	30430
3.88442e-06	30440
3.86782e-06	30450
3.85128e-06	30460
3.83482e-06	30470
3.81842e-06	30480
3.8021e-06	30490
3.78585e-06	30500
3.76966e-06	30510
3.75355e-06	30520
3.7375e-06	30530
3.72152e-06	30540
3.70561e-06	30550
3.68977e-06	30560
3.674e-06	30570
3.65829e-06	30580
3.64265e-06	30590
3.62708e-06	30600
3.61157e-06	30610
3.59613e-06	30620
3.58076e-06	30630
3.56545e-06	30640
3.55021e-06	30650
3.53503e-06	30660
3.51992e-06	30670
3.50487e-06	30680
3.48989e-06	30690
3.47497e-06	30700
3.46011e-06	30710
3.44532e-06	30720
3.43059e-06	30730
3.41592e-06	30740
3.40132e-06	30750
3.38678e-06	30760
3.3723e-06	30770
3.35789e-06	30780
3.34353e-06	30790
3.32924e-06	30800
3.315e-06	30810
3.30083e-06	30820
3.28672e-06	30830
3.27267e-06	30840
3.25868e-06	30850
3.24475e-06	30860
3.23088e-06	30870
3.21706e-06	30880
3.20331e-06	30890
3.18962e-06	30900
3.17598e-06	30910
3.1624e-06	30920
3.14888e-06	30930
3.13542e-06	30940
3.12202e-06	30950
3.10867e-06	30960
3.09538e-06	30970
3.08215e-06	30980
3.06897e-06	30990
3.05585e-06	31000
3.04279e-06	31010
3.02978e-06	31020
3.01683e-06	31030
3.00393e-06	31040
2.99109e-06	31050
2.9783e-06	31060
2.96557e-06	31070
2.95289e-06	31080
2.94027e-06	31090
2.9277e-06	31100
2.91518e-06	31110
2.90272e-06	31120
2.89031e-06	31130
2.87795e-06	31140
2.86565e-06	31150
2.8534e-06	31160
2.8412e-06	31170
2.82905e-06	31180
2.81696e-06	31190
2.80492e-06	31200
2.79293e-06	31210
2.78099e-06	31220
2.7691e-06	31230
2.75726e-06	31240
2.74547e-06	31250
2.73374e-06	31260
2.72205e-06	31270
2.71041e-06	31280
2.69882e-06	31290
2.68729e-06	31300
2.6758e-06	31310
2.66436e-06	31320
2.65297e-06	31330
2.64163e-06	31340
2.63033e-06	31350
2.61909e-06	31360
2.60789e-06	31370
2.59674e-06	31380
2.58564e-06	31390
2.57459e-06	31400
2.56358e-06	31410
2.55262e-06	31420
2.54171e-06	31430
2.53084e-06	31440
2.52002e-06	31450
2.50925e-06	31460
2.49852e-06	31470
2.48784e-06	31480
2.47721e-06	31490
2.46662e-06	31500
2.45607e-06	31510
2.44557e-06	31520
2.43512e-06	31530
2.42471e-06	31540
2.41434e-06	31550
2.40402e-06	31560
2.39374e-06	31570
2.38351e-06	31580
2.37332e-06	31590
2.36317e-06	31600
2.35307e-06	31610
2.34301e-06	31620
2.333e-06	31630
2.32302e-06	31640
2.31309e-06	31650
2.3032e-06	31660
2.29336e-06	31670
2.28355e-06	31680
2.27379e-06	31690
2.26407e-06	31700
2.25439e-06	31710
2.24475e-06	31720
2.23516e-06	31730
2.2256e-06	31740
2.21609e-06	31750
2.20661e-06	31760
2.19718e-06	31770
2.18779e-06	31780
2.17843e-06	31790
2.16912e-06	31800
2.15985e-06	31810
2.15061e-06	31820
2.14142e-06	31830
2.13226e-06	31840
2.12315e-06	31850
2.11407e-06	31860
2.10503e-06	31870
2.09603e-06	31880
2.08707e-06	31890
2.07815e-06	31900
2.06927e-06	31910
2.06042e-06	31920
2.05161e-06	31930
2.04284e-06	31940
2.03411e-06	31950
2.02541e-06	31960
2.01675e-06	31970
2.00813e-06	31980
1.99955e-06	31990
1.991e-06	32000
1.98249e-06	32010
1.97401e-06	32020
1.96557e-06	32030
1.95717e-06	32040
1.9488e-06	32050
1.94047e-06	32060
1.93218e-06	32070
1.92392e-06	32080
1.91569e-06	32090
1.9075e-06	32100
1.89935e-06	32110
1.89123e-06	32120
1.88314e-06	32130
1.87509e-06	32140
1.86708e-06	32150
1.85909e-06	32160
1.85115e-06	32170
1.84323e-06	32180
1.83535e-06	32190
1.82751e-06	32200
1.81969e-06	32210
1.81191e-06	32220
1.80417e-06	32230
1.79646e-06	32240
1.78878e-06	32250
1.78113e-06	32260
1.77351e-06	32270
1.76593e-06	32280
1.75838e-06	32290
1.75087e-06	32300
1.74338e-06	32310
1.73593e-06	32320
1.72851e-06	32330
1.72112e-06	32340
1.71376e-06	32350
1.70643e-06	32360
1.69914e-06	32370
1.69187e-06	32380
1.68464e-06	32390
1.67744e-06	32400
1.67027e-06	32410
1.66313e-06	32420
1.65602e-06	32430
1.64894e-06	32440
1.64189e-06	32450
1.63487e-06	32460
1.62788e-06	32470
1.62092e-06	32480
1.61399e-06	32490
1.60709e-06	32500
1.60022e-06	32510
1.59338e-06	32520
1.58657e-06	32530
1.57979e-06	32540
1.57303e-06	32550
1.56631e-06	32560
1.55961e-06	32570
1.55294e-06	32580
1.5463e-06	32590
1.53969e-06	32600
1.53311e-06	32610
1.52656e-06	32620
1.52003e-06	32630
1.51353e-06	32640
1.50706e-06	32650
1.50062e-06	32660
1.4942e-06	32670
1.48782e-06	32680
1.48146e-06	32690
1.47512e-06	32700
1.46882e-06	32710
1.46254e-06	32720
1.45629e-06	32730
1.45006e-06	32740
1.44386e-06	32750
1.43769e-06	32760
1.43154e-06	32770
1.42542e-06	32780
1.41933e-06	32790
1.41326e-06	32800
1.40722e-06	32810
1.4012e-06	32820
1.39521e-06	32830
1.38925e-06	32840
1.38331e-06	32850
1.3774e-06	32860
1.37151e-06	32870
1.36564e-06	32880
1.35981e-06	32890
1.35399e-06	32900
1.3482e-06	32910
1.34244e-06	32920
1.3367e-06	32930
1.33099e-06	32940
1.3253e-06	32950
1.31963e-06	32960
1.31399e-06	32970
1.30837e-06	32980
1.30278e-06	32990
1.29721e-06	33000
1.29166e-06	33010
1.28614e-06	33020
1.28064e-06	33030
1.27517e-06	33040
1.26972e-06	33050
1.26429e-06	33060
1.25888e-06	33070
1.2535e-06	33080
1.24814e-06	33090
1.24281e-06	33100
1.23749e-06	33110
1.2322e-06	33120
1.22694e-06	33130
1.22169e-06	33140
1.21647e-06	33150
1.21127e-06	33160
1.20609e-06	33170
1.20093e-06	33180
1.1958e-06	33190
1.19069e-06	33200
1.1856e-06	33210
1.18053e-06	33220
1.17548e-06	33230
1.17046e-06	33240
1.16545e-06	33250
1.16047e-06	33260
1.15551e-06	33270
1.15057e-06	33280
1.14565e-06	33290
1.14075e-06	33300
1.13588e-06	33310
1.13102e-06	33320
1.12619e-06	33330
1.12137e-06	33340
1.11658e-06	33350
1.1118e-06	33360
1.10705e-06	33370
1.10232e-06	33380
1.09761e-06	33390
1.09291e-06	33400
1.08824e-06	33410
1.08359e-06	33420
1.07896e-06	33430
1.07434e-06	33440
1.06975e-06	33450
1.06518e-06	33460
1.06062e-06	33470
1.05609e-06	33480
1.05157e-06	33490
1.04708e-06	33500
1.0426e-06	33510
1.03815e-06	33520
1.03371e-06	33530
1.02929e-06	33540
1.02489e-06	33550
1.02051e-06	33560
1.01614e-06	33570
1.0118e-06	33580
1.00747e-06	33590
1.00317e-06	33600
9.98878e-07	33610
