3.36611	0
3.11593	10
2.98651	20
2.88624	30
2.80141	40
2.72671	50
2.6595	60
2.59828	70
2.54208	80
2.49023	90
2.44223	100
2.39764	110
2.35614	120
2.31742	130
2.28123	140
2.24734	150
2.21556	160
2.1857	170
2.15759	180
2.13111	190
2.1061	200
2.08246	210
2.06007	220
2.03884	230
2.01867	240
1.99949	250
1.98122	260
1.96379	270
1.94715	280
1.93122	290
1.91597	300
1.90135	310
1.8873	320
1.87379	330
1.86078	340
1.84825	350
1.83615	360
1.82446	370
1.81315	380
1.8022	390
1.79158	400
1.78128	410
1.77128	420
1.76155	430
1.75208	440
1.74286	450
1.73387	460
1.7251	470
1.71654	480
1.70817	490
1.69999	500
1.69198	510
1.68414	520
1.67646	530
1.66892	540
1.66153	550
1.65428	560
1.64715	570
1.64015	580
1.63326	590
1.62648	600
1.61982	610
1.61325	620
1.60679	630
1.60041	640
1.59413	650
1.58794	660
1.58183	670
1.57579	680
1.56984	690
1.56396	700
1.55815	710
1.55241	720
1.54673	730
1.54112	740
1.53557	750
1.53008	760
1.52465	770
1.51927	780
1.51395	790
1.50868	800
1.50346	810
1.49829	820
1.49317	830
1.48809	840
1.48306	850
1.47807	860
1.47313	870
1.46823	880
1.46336	890
1.45854	900
1.45375	910
1.449	920
1.44429	930
1.43961	940
1.43497	950
1.43036	960
1.42578	970
1.42123	980
1.41672	990
1.41223	1000
1.40778	1010
1.40336	1020
1.39896	1030
1.39459	1040
1.39025	1050
1.38594	1060
1.38165	1070
1.37739	1080
1.37315	1090
1.36894	1100
1.36475	1110
1.36058	1120
1.35644	1130
1.35233	1140
1.34823	1150
1.34416	1160
1.34011	1170
1.33608	1180
1.33207	1190
1.32808	1200
1.32411	1210
1.32016	1220
1.31623	1230
1.31232	1240
1.30843	1250
1.30456	1260
1.30071	1270
1.29688	1280
1.29306	1290
1.28926	1300
1.28548	1310
1.28171	1320
1.27797	1330
1.27424	1340
1.27052	1350
1.26682	1360
1.26314	1370
1.25948	1380
1.25583	1390
1.25219	1400
1.24857	1410
1.24497	1420
1.24138	1430
1.23781	1440
1.23425	1450
1.2307	1460
1.22717	1470
1.22366	1480
1.22015	1490
1.21666	1500
1.21319	1510
1.20973	1520
1.20628	1530
1.20284	1540
1.19942	1550
1.19601	1560
1.19262	1570
1.18923	1580
1.18586	1590
1.18251	1600
1.17916	1610
1.17583	1620
1.17251	1630
1.1692	1640
1.1659	1650
1.16262	1660
1.15934	1670
1.15608	1680
1.15283	1690
1.14959	1700
1.14637	1710
1.14315	1720
1.13995	1730
1.13675	1740
1.13357	1750
1.1304	1760
1.12724	1770
1.12409	1780
1.12095	1790
1.11782	1800
1.11471	1810
1.1116	1820
1.1085	1830
1.10542	1840
1.10234	1850
1.09927	1860
1.09622	1870
1.09317	1880
1.09014	1890
1.08711	1900
1.0841	1910
1.08109	1920
1.0781	1930
1.07511	1940
1.07213	1950
1.06917	1960
1.06621	1970
1.06326	1980
1.06032	1990
1.05739	2000
1.05447	2010
1.05156	2020
1.04866	2030
1.04577	2040
1.04288	2050
1.04001	2060
1.03714	2070
1.03429	2080
1.03144	2090
1.0286	2100
1.02577	2110
1.02295	2120
1.02014	2130
1.01734	2140
1.01454	2150
1.01176	2160
1.00898	2170
1.00621	2180
1.00345	2190
1.0007	2200
0.997952	2210
0.995216	2220
0.992489	2230
0.98977	2240
0.987059	2250
0.984357	2260
0.981662	2270
0.978976	2280
0.976298	2290
0.973627	2300
0.970965	2310
0.968311	2320
0.965665	2330
0.963026	2340
0.960396	2350
0.957773	2360
0.955158	2370
0.95255	2380
0.949951	2390
0.947359	2400
0.944775	2410
0.942198	2420
0.939629	2430
0.937068	2440
0.934514	2450
0.931968	2460
0.929429	2470
0.926897	2480
0.924373	2490
0.921856	2500
0.919347	2510
0.916845	2520
0.91435	2530
0.911862	2540
0.909382	2550
0.906909	2560
0.904443	2570
0.901984	2580
0.899533	2590
0.897088	2600
0.894651	2610
0.89222	2620
0.889797	2630
0.88738	2640
0.88497	2650
0.882568	2660
0.880172	2670
0.877783	2680
0.875401	2690
0.873026	2700
0.870658	2710
0.868296	2720
0.865941	2730
0.863593	2740
0.861252	2750
0.858917	2760
0.856589	2770
0.854267	2780
0.851953	2790
0.849644	2800
0.847343	2810
0.845047	2820
0.842759	2830
0.840477	2840
0.838201	2850
0.835932	2860
0.833669	2870
0.831412	2880
0.829162	2890
0.826919	2900
0.824681	2910
0.82245	2920
0.820225	2930
0.818007	2940
0.815795	2950
0.813589	2960
0.811389	2970
0.809195	2980
0.807008	2990
0.804827	3000
0.802651	3010
0.800482	3020
0.798319	3030
0.796162	3040
0.794011	3050
0.791867	3060
0.789728	3070
0.787595	3080
0.785468	3090
0.783347	3100
0.781232	3110
0.779123	3120
0.777019	3130
0.774922	3140
0.77283	3150
0.770745	3160
0.768665	3170
0.766591	3180
0.764522	3190
0.76246	3200
0.760403	3210
0.758352	3220
0.756306	3230
0.754266	3240
0.752232	3250
0.750204	3260
0.748181	3270
0.746164	3280
0.744152	3290
0.742146	3300
0.740146	3310
0.738151	3320
0.736161	3330
0.734177	3340
0.732199	3350
0.730226	3360
0.728258	3370
0.726296	3380
0.72434	3390
0.722388	3400
0.720443	3410
0.718502	3420
0.716567	3430
0.714637	3440
0.712713	3450
0.710794	3460
0.70888	3470
0.706971	3480
0.705068	3490
0.70317	3500
0.701277	3510
0.699389	3520
0.697507	3530
0.695629	3540
0.693757	3550
0.69189	3560
0.690028	3570
0.688172	3580
0.68632	3590
0.684473	3600
0.682632	3610
0.680795	3620
0.678964	3630
0.677138	3640
0.675316	3650
0.6735	3660
0.671688	3670
0.669882	3680
0.668081	3690
0.666284	3700
0.664492	3710
0.662706	3720
0.660924	3730
0.659147	3740
0.657375	3750
0.655608	3760
0.653845	3770
0.652088	3780
0.650335	3790
0.648587	3800
0.646844	3810
0.645105	3820
0.643371	3830
0.641642	3840
0.639918	3850
0.638199	3860
0.636484	3870
0.634774	3880
0.633068	3890
0.631367	3900
0.629671	3910
0.62798	3920
0.626293	3930
0.62461	3940
0.622932	3950
0.621259	3960
0.619591	3970
0.617926	3980
0.616267	3990
0.614612	4000
0.612961	4010
0.611315	4020
0.609674	4030
0.608037	4040
0.606404	4050
0.604776	4060
0.603152	4070
0.601533	4080
0.599918	4090
0.598307	4100
0.596701	4110
0.595099	4120
0.593502	4130
0.591909	4140
0.59032	4150
0.588735	4160
0.587155	4170
0.585579	4180
0.584008	4190
0.58244	4200
0.580877	4210
0.579318	4220
0.577764	4230
0.576213	4240
0.574667	4250
0.573125	4260
0.571587	4270
0.570054	4280
0.568524	4290
0.566999	4300
0.565478	4310
0.563961	4320
0.562448	4330
0.560939	4340
0.559434	4350
0.557933	4360
0.556437	4370
0.554944	4380
0.553456	4390
0.551971	4400
0.550491	4410
0.549014	4420
0.547542	4430
0.546073	4440
0.544609	4450
0.543148	4460
0.541692	4470
0.540239	4480
0.53879	4490
0.537346	4500
0.535905	4510
0.534468	4520
0.533035	4530
0.531605	4540
0.53018	4550
0.528759	4560
0.527341	4570
0.525927	4580
0.524517	4590
0.523111	4600
0.521708	4610
0.52031	4620
0.518915	4630
0.517524	4640
0.516137	4650
0.514753	4660
0.513373	4670
0.511997	4680
0.510625	4690
0.509256	4700
0.507891	4710
0.50653	4720
0.505172	4730
0.503818	4740
0.502468	4750
0.501122	4760
0.499779	4770
0.498439	4780
0.497103	4790
0.495771	4800
0.494443	4810
0.493118	4820
0.491796	4830
0.490478	4840
0.489164	4850
0.487853	4860
0.486546	4870
0.485242	4880
0.483942	4890
0.482646	4900
0.481352	4910
0.480063	4920
0.478777	4930
0.477494	4940
0.476215	4950
0.474939	4960
0.473666	4970
0.472397	4980
0.471132	4990
0.46987	5000
0.468611	5010
0.467356	5020
0.466104	5030
0.464855	5040
0.46361	5050
0.462368	5060
0.46113	5070
0.459894	5080
0.458662	5090
0.457434	5100
0.456209	5110
0.454987	5120
0.453768	5130
0.452553	5140
0.451341	5150
0.450132	5160
0.448926	5170
0.447724	5180
0.446525	5190
0.445329	5200
0.444136	5210
0.442947	5220
0.441761	5230
0.440578	5240
0.439398	5250
0.438221	5260
0.437048	5270
0.435877	5280
0.43471	5290
0.433546	5300
0.432385	5310
0.431227	5320
0.430072	5330
0.428921	5340
0.427772	5350
0.426627	5360
0.425485	5370
0.424345	5380
0.423209	5390
0.422076	5400
0.420946	5410
0.419819	5420
0.418695	5430
0.417574	5440
0.416456	5450
0.415341	5460
0.414229	5470
0.41312	5480
0.412014	5490
0.410911	5500
0.409811	5510
0.408713	5520
0.407619	5530
0.406528	5540
0.40544	5550
0.404354	5560
0.403272	5570
0.402192	5580
0.401116	5590
0.400042	5600
0.398971	5610
0.397903	5620
0.396838	5630
0.395776	5640
0.394716	5650
0.39366	5660
0.392606	5670
0.391555	5680
0.390507	5690
0.389461	5700
0.388419	5710
0.387379	5720
0.386342	5730
0.385308	5740
0.384277	5750
0.383249	5760
0.382223	5770
0.3812	5780
0.380179	5790
0.379162	5800
0.378147	5810
0.377135	5820
0.376126	5830
0.375119	5840
0.374115	5850
0.373114	5860
0.372115	5870
0.371119	5880
0.370126	5890
0.369135	5900
0.368148	5910
0.367162	5920
0.36618	5930
0.3652	5940
0.364222	5950
0.363248	5960
0.362275	5970
0.361306	5980
0.360339	5990
0.359375	6000
0.358413	6010
0.357454	6020
0.356497	6030
0.355543	6040
0.354592	6050
0.353643	6060
0.352697	6070
0.351753	6080
0.350812	6090
0.349873	6100
0.348937	6110
0.348003	6120
0.347072	6130
0.346143	6140
0.345217	6150
0.344293	6160
0.343372	6170
0.342453	6180
0.341537	6190
0.340623	6200
0.339711	6210
0.338802	6220
0.337896	6230
0.336992	6240
0.33609	6250
0.335191	6260
0.334294	6270
0.3334	6280
0.332508	6290
0.331618	6300
0.330731	6310
0.329846	6320
0.328963	6330
0.328083	6340
0.327205	6350
0.32633	6360
0.325457	6370
0.324586	6380
0.323717	6390
0.322851	6400
0.321988	6410
0.321126	6420
0.320267	6430
0.31941	6440
0.318556	6450
0.317703	6460
0.316853	6470
0.316006	6480
0.31516	6490
0.314317	6500
0.313476	6510
0.312638	6520
0.311801	6530
0.310967	6540
0.310135	6550
0.309305	6560
0.308478	6570
0.307653	6580
0.30683	6590
0.306009	6600
0.30519	6610
0.304374	6620
0.303559	6630
0.302747	6640
0.301937	6650
0.30113	6660
0.300324	6670
0.299521	6680
0.298719	6690
0.29792	6700
0.297123	6710
0.296329	6720
0.295536	6730
0.294745	6740
0.293957	6750
0.29317	6760
0.292386	6770
0.291604	6780
0.290824	6790
0.290046	6800
0.28927	6810
0.288496	6820
0.287725	6830
0.286955	6840
0.286187	6850
0.285422	6860
0.284658	6870
0.283897	6880
0.283137	6890
0.28238	6900
0.281625	6910
0.280871	6920
0.28012	6930
0.279371	6940
0.278624	6950
0.277878	6960
0.277135	6970
0.276394	6980
0.275654	6990
0.274917	7000
0.274182	7010
0.273448	7020
0.272717	7030
0.271987	7040
0.27126	7050
0.270534	7060
0.269811	7070
0.269089	7080
0.268369	7090
0.267651	7100
0.266936	7110
0.266222	7120
0.265509	7130
0.264799	7140
0.264091	7150
0.263385	7160
0.26268	7170
0.261978	7180
0.261277	7190
0.260578	7200
0.259881	7210
0.259186	7220
0.258493	7230
0.257801	7240
0.257112	7250
0.256424	7260
0.255738	7270
0.255054	7280
0.254372	7290
0.253692	7300
0.253013	7310
0.252336	7320
0.251662	7330
0.250988	7340
0.250317	7350
0.249648	7360
0.24898	7370
0.248314	7380
0.24765	7390
0.246988	7400
0.246327	7410
0.245668	7420
0.245011	7430
0.244356	7440
0.243702	7450
0.243051	7460
0.2424	7470
0.241752	7480
0.241106	7490
0.240461	7500
0.239818	7510
0.239176	7520
0.238537	7530
0.237899	7540
0.237262	7550
0.236628	7560
0.235995	7570
0.235364	7580
0.234734	7590
0.234107	7600
0.23348	7610
0.232856	7620
0.232233	7630
0.231612	7640
0.230993	7650
0.230375	7660
0.229759	7670
0.229144	7680
0.228532	7690
0.22792	7700
0.227311	7710
0.226703	7720
0.226097	7730
0.225492	7740
0.224889	7750
0.224287	7760
0.223688	7770
0.223089	7780
0.222493	7790
0.221898	7800
0.221304	7810
0.220712	7820
0.220122	7830
0.219533	7840
0.218946	7850
0.218361	7860
0.217777	7870
0.217194	7880
0.216614	7890
0.216034	7900
0.215457	7910
0.21488	7920
0.214306	7930
0.213733	7940
0.213161	7950
0.212591	7960
0.212022	7970
0.211455	7980
0.21089	7990
0.210326	8000
0.209763	8010
0.209202	8020
0.208643	8030
0.208085	8040
0.207529	8050
0.206974	8060
0.20642	8070
0.205868	8080
0.205317	8090
0.204768	8100
0.204221	8110
0.203675	8120
0.20313	8130
0.202587	8140
0.202045	8150
0.201505	8160
0.200966	8170
0.200428	8180
0.199892	8190
0.199358	8200
0.198825	8210
0.198293	8220
0.197763	8230
0.197234	8240
0.196706	8250
0.19618	8260
0.195656	8270
0.195133	8280
0.194611	8290
0.19409	8300
0.193571	8310
0.193054	8320
0.192537	8330
0.192022	8340
0.191509	8350
0.190997	8360
0.190486	8370
0.189977	8380
0.189469	8390
0.188962	8400
0.188457	8410
0.187953	8420
0.18745	8430
0.186949	8440
0.186449	8450
0.18595	8460
0.185453	8470
0.184957	8480
0.184463	8490
0.183969	8500
0.183477	8510
0.182987	8520
0.182497	8530
0.182009	8540
0.181523	8550
0.181037	8560
0.180553	8570
0.18007	8580
0.179589	8590
0.179108	8600
0.17863	8610
0.178152	8620
0.177675	8630
0.1772	8640
0.176726	8650
0.176254	8660
0.175783	8670
0.175312	8680
0.174844	8690
0.174376	8700
0.17391	8710
0.173445	8720
0.172981	8730
0.172518	8740
0.172057	8750
0.171597	8760
0.171138	8770
0.17068	8780
0.170224	8790
0.169769	8800
0.169315	8810
0.168862	8820
0.168411	8830
0.16796	8840
0.167511	8850
0.167063	8860
0.166616	8870
0.166171	8880
0.165727	8890
0.165283	8900
0.164841	8910
0.164401	8920
0.163961	8930
0.163523	8940
0.163085	8950
0.162649	8960
0.162214	8970
0.161781	8980
0.161348	8990
0.160916	9000
0.160486	9010
0.160057	9020
0.159629	9030
0.159202	9040
0.158776	9050
0.158352	9060
0.157928	9070
0.157506	9080
0.157085	9090
0.156665	9100
0.156246	9110
0.155828	9120
0.155411	9130
0.154996	9140
0.154581	9150
0.154168	9160
0.153756	9170
0.153345	9180
0.152935	9190
0.152526	9200
0.152118	9210
0.151711	9220
0.151305	9230
0.150901	9240
0.150497	9250
0.150095	9260
0.149694	9270
0.149293	9280
0.148894	9290
0.148496	9300
0.148099	9310
0.147703	9320
0.147308	9330
0.146914	9340
0.146521	9350
0.146129	9360
0.145739	9370
0.145349	9380
0.14496	9390
0.144573	9400
0.144186	9410
0.1438	9420
0.143416	9430
0.143032	9440
0.14265	9450
0.142269	9460
0.141888	9470
0.141509	9480
0.14113	9490
0.140753	9500
0.140377	9510
0.140001	9520
0.139627	9530
0.139253	9540
0.138881	9550
0.13851	9560
0.138139	9570
0.13777	9580
0.137402	9590
0.137034	9600
0.136668	9610
0.136302	9620
0.135938	9630
0.135574	9640
0.135212	9650
0.13485	9660
0.13449	9670
0.13413	9680
0.133771	9690
0.133414	9700
0.133057	9710
0.132701	9720
0.132346	9730
0.131992	9740
0.13164	9750
0.131288	9760
0.130936	9770
0.130586	9780
0.130237	9790
0.129889	9800
0.129542	9810
0.129195	9820
0.12885	9830
0.128505	9840
0.128162	9850
0.127819	9860
0.127477	9870
0.127136	9880
0.126796	9890
0.126457	9900
0.126119	9910
0.125782	9920
0.125446	9930
0.12511	9940
0.124776	9950
0.124442	9960
0.124109	9970
0.123777	9980
0.123446	9990
0.123116	10000
0.122787	10010
0.122459	10020
0.122131	10030
0.121805	10040
0.121479	10050
0.121154	10060
0.12083	10070
0.120507	10080
0.120185	10090
0.119864	10100
0.119543	10110
0.119223	10120
0.118905	10130
0.118587	10140
0.11827	10150
0.117953	10160
0.117638	10170
0.117323	10180
0.11701	10190
0.116697	10200
0.116385	10210
0.116074	10220
0.115763	10230
0.115454	10240
0.115145	10250
0.114837	10260
0.11453	10270
0.114224	10280
0.113918	10290
0.113614	10300
0.11331	10310
0.113007	10320
0.112705	10330
0.112403	10340
0.112103	10350
0.111803	10360
0.111504	10370
0.111206	10380
0.110909	10390
0.110612	10400
0.110316	10410
0.110021	10420
0.109727	10430
0.109434	10440
0.109141	10450
0.108849	10460
0.108558	10470
0.108268	10480
0.107978	10490
0.10769	10500
0.107402	10510
0.107115	10520
0.106828	10530
0.106543	10540
0.106258	10550
0.105974	10560
0.10569	10570
0.105408	10580
0.105126	10590
0.104845	10600
0.104564	10610
0.104285	10620
0.104006	10630
0.103728	10640
0.10345	10650
0.103174	10660
0.102898	10670
0.102623	10680
0.102348	10690
0.102075	10700
0.101802	10710
0.10153	10720
0.101258	10730
0.100987	10740
0.100717	10750
0.100448	10760
0.100179	10770
0.0999115	10780
0.0996444	10790
0.099378	10800
0.0991122	10810
0.0988472	10820
0.0985829	10830
0.0983193	10840
0.0980564	10850
0.0977942	10860
0.0975327	10870
0.0972719	10880
0.0970118	10890
0.0967525	10900
0.0964937	10910
0.0962357	10920
0.0959784	10930
0.0957218	10940
0.0954658	10950
0.0952106	10960
0.094956	10970
0.0947021	10980
0.0944489	10990
0.0941963	11000
0.0939444	11010
0.0936932	11020
0.0934427	11030
0.0931929	11040
0.0929437	11050
0.0926952	11060
0.0924473	11070
0.0922001	11080
0.0919536	11090
0.0917077	11100
0.0914625	11110
0.0912179	11120
0.090974	11130
0.0907308	11140
0.0904882	11150
0.0902462	11160
0.0900049	11170
0.0897642	11180
0.0895242	11190
0.0892849	11200
0.0890461	11210
0.088808	11220
0.0885706	11230
0.0883337	11240
0.0880975	11250
0.087862	11260
0.087627	11270
0.0873927	11280
0.0871591	11290
0.086926	11300
0.0866936	11310
0.0864618	11320
0.0862306	11330
0.086	11340
0.0857701	11350
0.0855407	11360
0.085312	11370
0.0850839	11380
0.0848564	11390
0.0846295	11400
0.0844032	11410
0.0841775	11420
0.0839524	11430
0.083728	11440
0.0835041	11450
0.0832808	11460
0.0830581	11470
0.082836	11480
0.0826145	11490
0.0823936	11500
0.0821733	11510
0.0819536	11520
0.0817345	11530
0.0815159	11540
0.081298	11550
0.0810806	11560
0.0808638	11570
0.0806476	11580
0.0804319	11590
0.0802169	11600
0.0800024	11610
0.0797885	11620
0.0795751	11630
0.0793623	11640
0.0791501	11650
0.0789385	11660
0.0787274	11670
0.0785169	11680
0.078307	11690
0.0780976	11700
0.0778888	11710
0.0776805	11720
0.0774728	11730
0.0772657	11740
0.0770591	11750
0.076853	11760
0.0766475	11770
0.0764426	11780
0.0762382	11790
0.0760343	11800
0.075831	11810
0.0756283	11820
0.075426	11830
0.0752244	11840
0.0750232	11850
0.0748226	11860
0.0746226	11870
0.074423	11880
0.074224	11890
0.0740256	11900
0.0738276	11910
0.0736302	11920
0.0734334	11930
0.073237	11940
0.0730412	11950
0.0728459	11960
0.0726511	11970
0.0724568	11980
0.0722631	11990
0.0720699	12000
0.0718772	12010
0.071685	12020
0.0714933	12030
0.0713021	12040
0.0711115	12050
0.0709214	12060
0.0707317	12070
0.0705426	12080
0.070354	12090
0.0701659	12100
0.0699782	12110
0.0697911	12120
0.0696045	12130
0.0694184	12140
0.0692328	12150
0.0690477	12160
0.068863	12170
0.0686789	12180
0.0684953	12190
0.0683121	12200
0.0681295	12210
0.0679473	12220
0.0677656	12230
0.0675844	12240
0.0674037	12250
0.0672235	12260
0.0670437	12270
0.0668645	12280
0.0666857	12290
0.0665074	12300
0.0663296	12310
0.0661522	12320
0.0659753	12330
0.0657989	12340
0.065623	12350
0.0654475	12360
0.0652725	12370
0.065098	12380
0.0649239	12390
0.0647503	12400
0.0645772	12410
0.0644045	12420
0.0642323	12430
0.0640606	12440
0.0638893	12450
0.0637184	12460
0.0635481	12470
0.0633782	12480
0.0632087	12490
0.0630397	12500
0.0628711	12510
0.062703	12520
0.0625354	12530
0.0623681	12540
0.0622014	12550
0.0620351	12560
0.0618692	12570
0.0617038	12580
0.0615388	12590
0.0613742	12600
0.0612101	12610
0.0610465	12620
0.0608832	12630
0.0607204	12640
0.0605581	12650
0.0603962	12660
0.0602347	12670
0.0600736	12680
0.059913	12690
0.0597528	12700
0.059593	12710
0.0594337	12720
0.0592748	12730
0.0591163	12740
0.0589582	12750
0.0588005	12760
0.0586433	12770
0.0584865	12780
0.0583301	12790
0.0581742	12800
0.0580186	12810
0.0578635	12820
0.0577088	12830
0.0575545	12840
0.0574006	12850
0.0572471	12860
0.057094	12870
0.0569414	12880
0.0567891	12890
0.0566373	12900
0.0564858	12910
0.0563348	12920
0.0561842	12930
0.0560339	12940
0.0558841	12950
0.0557347	12960
0.0555857	12970
0.055437	12980
0.0552888	12990
0.055141	13000
0.0549935	13010
0.0548465	13020
0.0546998	13030
0.0545536	13040
0.0544077	13050
0.0542622	13060
0.0541171	13070
0.0539724	13080
0.0538281	13090
0.0536842	13100
0.0535406	13110
0.0533975	13120
0.0532547	13130
0.0531123	13140
0.0529703	13150
0.0528287	13160
0.0526874	13170
0.0525465	13180
0.052406	13190
0.0522659	13200
0.0521262	13210
0.0519868	13220
0.0518478	13230
0.0517091	13240
0.0515709	13250
0.051433	13260
0.0512955	13270
0.0511583	13280
0.0510215	13290
0.0508851	13300
0.050749	13310
0.0506133	13320
0.050478	13330
0.050343	13340
0.0502084	13350
0.0500742	13360
0.0499403	13370
0.0498068	13380
0.0496736	13390
0.0495408	13400
0.0494083	13410
0.0492762	13420
0.0491444	13430
0.049013	13440
0.048882	13450
0.0487513	13460
0.0486209	13470
0.0484909	13480
0.0483612	13490
0.0482319	13500
0.048103	13510
0.0479744	13520
0.0478461	13530
0.0477181	13540
0.0475906	13550
0.0474633	13560
0.0473364	13570
0.0472098	13580
0.0470836	13590
0.0469577	13600
0.0468321	13610
0.0467069	13620
0.046582	13630
0.0464575	13640
0.0463333	13650
0.0462094	13660
0.0460858	13670
0.0459626	13680
0.0458397	13690
0.0457171	13700
0.0455949	13710
0.045473	13720
0.0453514	13730
0.0452301	13740
0.0451092	13750
0.0449886	13760
0.0448683	13770
0.0447483	13780
0.0446287	13790
0.0445093	13800
0.0443903	13810
0.0442716	13820
0.0441532	13830
0.0440352	13840
0.0439174	13850
0.0438	13860
0.0436829	13870
0.0435661	13880
0.0434496	13890
0.0433334	13900
0.0432176	13910
0.043102	13920
0.0429868	13930
0.0428718	13940
0.0427572	13950
0.0426429	13960
0.0425288	13970
0.0424151	13980
0.0423017	13990
0.0421886	14000
0.0420758	14010
0.0419633	14020
0.0418511	14030
0.0417392	14040
0.0416276	14050
0.0415163	14060
0.0414053	14070
0.0412946	14080
0.0411841	14090
0.041074	14100
0.0409642	14110
0.0408547	14120
0.0407454	14130
0.0406365	14140
0.0405278	14150
0.0404195	14160
0.0403114	14170
0.0402036	14180
0.0400961	14190
0.0399889	14200
0.039882	14210
0.0397753	14220
0.039669	14230
0.0395629	14240
0.0394571	14250
0.0393516	14260
0.0392464	14270
0.0391415	14280
0.0390368	14290
0.0389324	14300
0.0388283	14310
0.0387245	14320
0.038621	14330
0.0385177	14340
0.0384147	14350
0.038312	14360
0.0382095	14370
0.0381074	14380
0.0380055	14390
0.0379039	14400
0.0378025	14410
0.0377014	14420
0.0376006	14430
0.0375001	14440
0.0373998	14450
0.0372998	14460
0.0372001	14470
0.0371006	14480
0.0370014	14490
0.0369025	14500
0.0368038	14510
0.0367054	14520
0.0366073	14530
0.0365094	14540
0.0364118	14550
0.0363144	14560
0.0362173	14570
0.0361205	14580
0.0360239	14590
0.0359276	14600
0.0358315	14610
0.0357357	14620
0.0356401	14630
0.0355448	14640
0.0354498	14650
0.035355	14660
0.0352605	14670
0.0351662	14680
0.0350722	14690
0.0349784	14700
0.0348849	14710
0.0347916	14720
0.0346986	14730
0.0346058	14740
0.0345133	14750
0.034421	14760
0.0343289	14770
0.0342371	14780
0.0341456	14790
0.0340543	14800
0.0339632	14810
0.0338724	14820
0.0337819	14830
0.0336915	14840
0.0336014	14850
0.0335116	14860
0.033422	14870
0.0333326	14880
0.0332435	14890
0.0331546	14900
0.033066	14910
0.0329776	14920
0.0328894	14930
0.0328014	14940
0.0327137	14950
0.0326263	14960
0.032539	14970
0.032452	14980
0.0323652	14990
0.0322787	15000
0.0321924	15010
0.0321063	15020
0.0320205	15030
0.0319349	15040
0.0318495	15050
0.0317643	15060
0.0316794	15070
0.0315947	15080
0.0315102	15090
0.0314259	15100
0.0313419	15110
0.0312581	15120
0.0311745	15130
0.0310912	15140
0.031008	15150
0.0309251	15160
0.0308424	15170
0.03076	15180
0.0306777	15190
0.0305957	15200
0.0305139	15210
0.0304323	15220
0.0303509	15230
0.0302698	15240
0.0301888	15250
0.0301081	15260
0.0300276	15270
0.0299473	15280
0.0298672	15290
0.0297874	15300
0.0297077	15310
0.0296283	15320
0.0295491	15330
0.0294701	15340
0.0293913	15350
0.0293127	15360
0.0292343	15370
0.0291561	15380
0.0290782	15390
0.0290004	15400
0.0289229	15410
0.0288456	15420
0.0287684	15430
0.0286915	15440
0.0286148	15450
0.0285383	15460
0.028462	15470
0.0283859	15480
0.02831	15490
0.0282343	15500
0.0281588	15510
0.0280835	15520
0.0280084	15530
0.0279335	15540
0.0278588	15550
0.0277843	15560
0.02771	15570
0.0276359	15580
0.0275621	15590
0.0274884	15600
0.0274149	15610
0.0273416	15620
0.0272684	15630
0.0271955	15640
0.0271228	15650
0.0270503	15660
0.026978	15670
0.0269058	15680
0.0268339	15690
0.0267621	15700
0.0266906	15710
0.0266192	15720
0.026548	15730
0.0264771	15740
0.0264063	15750
0.0263357	15760
0.0262652	15770
0.026195	15780
0.026125	15790
0.0260551	15800
0.0259854	15810
0.025916	15820
0.0258467	15830
0.0257776	15840
0.0257086	15850
0.0256399	15860
0.0255713	15870
0.025503	15880
0.0254348	15890
0.0253668	15900
0.0252989	15910
0.0252313	15920
0.0251638	15930
0.0250965	15940
0.0250294	15950
0.0249625	15960
0.0248958	15970
0.0248292	15980
0.0247628	15990
0.0246966	16000
0.0246306	16010
0.0245647	16020
0.024499	16030
0.0244335	16040
0.0243682	16050
0.024303	16060
0.024238	16070
0.0241732	16080
0.0241086	16090
0.0240441	16100
0.0239799	16110
0.0239157	16120
0.0238518	16130
0.023788	16140
0.0237244	16150
0.023661	16160
0.0235977	16170
0.0235346	16180
0.0234717	16190
0.0234089	16200
0.0233463	16210
0.0232839	16220
0.0232216	16230
0.0231596	16240
0.0230976	16250
0.0230359	16260
0.0229743	16270
0.0229128	16280
0.0228516	16290
0.0227905	16300
0.0227295	16310
0.0226688	16320
0.0226082	16330
0.0225477	16340
0.0224874	16350
0.0224273	16360
0.0223673	16370
0.0223075	16380
0.0222479	16390
0.0221884	16400
0.0221291	16410
0.0220699	16420
0.0220109	16430
0.021952	16440
0.0218933	16450
0.0218348	16460
0.0217764	16470
0.0217182	16480
0.0216601	16490
0.0216022	16500
0.0215444	16510
0.0214868	16520
0.0214294	16530
0.0213721	16540
0.0213149	16550
0.0212579	16560
0.0212011	16570
0.0211444	16580
0.0210879	16590
0.0210315	16600
0.0209752	16610
0.0209192	16620
0.0208632	16630
0.0208074	16640
0.0207518	16650
0.0206963	16660
0.020641	16670
0.0205858	16680
0.0205307	16690
0.0204758	16700
0.0204211	16710
0.0203665	16720
0.020312	16730
0.0202577	16740
0.0202036	16750
0.0201495	16760
0.0200957	16770
0.0200419	16780
0.0199883	16790
0.0199349	16800
0.0198816	16810
0.0198284	16820
0.0197754	16830
0.0197225	16840
0.0196698	16850
0.0196172	16860
0.0195648	16870
0.0195124	16880
0.0194603	16890
0.0194082	16900
0.0193563	16910
0.0193046	16920
0.019253	16930
0.0192015	16940
0.0191502	16950
0.0190989	16960
0.0190479	16970
0.0189969	16980
0.0189462	16990
0.0188955	17000
0.018845	17010
0.0187946	17020
0.0187443	17030
0.0186942	17040
0.0186442	17050
0.0185944	17060
0.0185447	17070
0.0184951	17080
0.0184456	17090
0.0183963	17100
0.0183471	17110
0.018298	17120
0.0182491	17130
0.0182003	17140
0.0181517	17150
0.0181031	17160
0.0180547	17170
0.0180064	17180
0.0179583	17190
0.0179103	17200
0.0178624	17210
0.0178146	17220
0.017767	17230
0.0177195	17240
0.0176721	17250
0.0176249	17260
0.0175777	17270
0.0175307	17280
0.0174839	17290
0.0174371	17300
0.0173905	17310
0.017344	17320
0.0172976	17330
0.0172514	17340
0.0172052	17350
0.0171592	17360
0.0171133	17370
0.0170676	17380
0.017022	17390
0.0169764	17400
0.016931	17410
0.0168858	17420
0.0168406	17430
0.0167956	17440
0.0167507	17450
0.0167059	17460
0.0166612	17470
0.0166167	17480
0.0165723	17490
0.0165279	17500
0.0164837	17510
0.0164397	17520
0.0163957	17530
0.0163519	17540
0.0163082	17550
0.0162645	17560
0.0162211	17570
0.0161777	17580
0.0161344	17590
0.0160913	17600
0.0160483	17610
0.0160054	17620
0.0159626	17630
0.0159199	17640
0.0158773	17650
0.0158349	17660
0.0157925	17670
0.0157503	17680
0.0157082	17690
0.0156662	17700
0.0156243	17710
0.0155825	17720
0.0155408	17730
0.0154993	17740
0.0154578	17750
0.0154165	17760
0.0153753	17770
0.0153342	17780
0.0152932	17790
0.0152523	17800
0.0152115	17810
0.0151708	17820
0.0151303	17830
0.0150898	17840
0.0150495	17850
0.0150092	17860
0.0149691	17870
0.0149291	17880
0.0148892	17890
0.0148493	17900
0.0148096	17910
0.01477	17920
0.0147305	17930
0.0146912	17940
0.0146519	17950
0.0146127	17960
0.0145736	17970
0.0145347	17980
0.0144958	17990
0.014457	18000
0.0144184	18010
0.0143798	18020
0.0143414	18030
0.014303	18040
0.0142648	18050
0.0142266	18060
0.0141886	18070
0.0141507	18080
0.0141128	18090
0.0140751	18100
0.0140375	18110
0.0139999	18120
0.0139625	18130
0.0139252	18140
0.0138879	18150
0.0138508	18160
0.0138138	18170
0.0137768	18180
0.01374	18190
0.0137032	18200
0.0136666	18210
0.0136301	18220
0.0135936	18230
0.0135573	18240
0.013521	18250
0.0134849	18260
0.0134488	18270
0.0134129	18280
0.013377	18290
0.0133412	18300
0.0133056	18310
0.01327	18320
0.0132345	18330
0.0131991	18340
0.0131638	18350
0.0131286	18360
0.0130935	18370
0.0130585	18380
0.0130236	18390
0.0129888	18400
0.012954	18410
0.0129194	18420
0.0128849	18430
0.0128504	18440
0.012816	18450
0.0127818	18460
0.0127476	18470
0.0127135	18480
0.0126795	18490
0.0126456	18500
0.0126118	18510
0.0125781	18520
0.0125444	18530
0.0125109	18540
0.0124775	18550
0.0124441	18560
0.0124108	18570
0.0123776	18580
0.0123445	18590
0.0123115	18600
0.0122786	18610
0.0122458	18620
0.012213	18630
0.0121804	18640
0.0121478	18650
0.0121153	18660
0.0120829	18670
0.0120506	18680
0.0120184	18690
0.0119863	18700
0.0119542	18710
0.0119223	18720
0.0118904	18730
0.0118586	18740
0.0118269	18750
0.0117953	18760
0.0117637	18770
0.0117323	18780
0.0117009	18790
0.0116696	18800
0.0116384	18810
0.0116073	18820
0.0115762	18830
0.0115453	18840
0.0115144	18850
0.0114836	18860
0.0114529	18870
0.0114223	18880
0.0113918	18890
0.0113613	18900
0.0113309	18910
0.0113006	18920
0.0112704	18930
0.0112403	18940
0.0112102	18950
0.0111803	18960
0.0111504	18970
0.0111205	18980
0.0110908	18990
0.0110612	19000
0.0110316	19010
0.0110021	19020
0.0109727	19030
0.0109433	19040
0.0109141	19050
0.0108849	19060
0.0108558	19070
0.0108267	19080
0.0107978	19090
0.0107689	19100
0.0107401	19110
0.0107114	19120
0.0106828	19130
0.0106542	19140
0.0106257	19150
0.0105973	19160
0.010569	19170
0.0105407	19180
0.0105125	19190
0.0104844	19200
0.0104564	19210
0.0104284	19220
0.0104005	19230
0.0103727	19240
0.010345	19250
0.0103173	19260
0.0102898	19270
0.0102622	19280
0.0102348	19290
0.0102074	19300
0.0101801	19310
0.0101529	19320
0.0101258	19330
0.0100987	19340
0.0100717	19350
0.0100448	19360
0.0100179	19370
0.00999113	19380
0.00996441	19390
0.00993777	19400
0.0099112	19410
0.00988469	19420
0.00985826	19430
0.0098319	19440
0.00980562	19450
0.0097794	19460
0.00975325	19470
0.00972717	19480
0.00970116	19490
0.00967522	19500
0.00964935	19510
0.00962355	19520
0.00959782	19530
0.00957216	19540
0.00954656	19550
0.00952104	19560
0.00949558	19570
0.00947019	19580
0.00944487	19590
0.00941961	19600
0.00939443	19610
0.00936931	19620
0.00934425	19630
0.00931927	19640
0.00929435	19650
0.0092695	19660
0.00924471	19670
0.00922	19680
0.00919534	19690
0.00917076	19700
0.00914623	19710
0.00912178	19720
0.00909739	19730
0.00907306	19740
0.0090488	19750
0.00902461	19760
0.00900048	19770
0.00897641	19780
0.00895241	19790
0.00892847	19800
0.0089046	19810
0.00888079	19820
0.00885705	19830
0.00883336	19840
0.00880974	19850
0.00878619	19860
0.0087627	19870
0.00873927	19880
0.0087159	19890
0.00869259	19900
0.00866935	19910
0.00864617	19920
0.00862305	19930
0.0086	19940
0.008577	19950
0.00855407	19960
0.00853119	19970
0.00850838	19980
0.00848563	19990
0.00846294	20000
0.00844032	20010
0.00841775	20020
0.00839524	20030
0.00837279	20040
0.0083504	20050
0.00832808	20060
0.00830581	20070
0.0082836	20080
0.00826145	20090
0.00823936	20100
0.00821733	20110
0.00819536	20120
0.00817345	20130
0.00815159	20140
0.0081298	20150
0.00810806	20160
0.00808638	20170
0.00806476	20180
0.00804319	20190
0.00802169	20200
0.00800024	20210
0.00797885	20220
0.00795751	20230
0.00793624	20240
0.00791501	20250
0.00789385	20260
0.00787274	20270
0.00785169	20280
0.0078307	20290
0.00780976	20300
0.00778888	20310
0.00776805	20320
0.00774728	20330
0.00772657	20340
0.00770591	20350
0.0076853	20360
0.00766475	20370
0.00764426	20380
0.00762382	20390
0.00760344	20400
0.00758311	20410
0.00756283	20420
0.00754261	20430
0.00752244	20440
0.00750233	20450
0.00748227	20460
0.00746226	20470
0.00744231	20480
0.00742241	20490
0.00740256	20500
0.00738277	20510
0.00736303	20520
0.00734334	20530
0.00732371	20540
0.00730412	20550
0.00728459	20560
0.00726511	20570
0.00724569	20580
0.00722632	20590
0.00720699	20600
0.00718772	20610
0.0071685	20620
0.00714934	20630
0.00713022	20640
0.00711116	20650
0.00709214	20660
0.00707318	20670
0.00705427	20680
0.0070354	20690
0.00701659	20700
0.00699783	20710
0.00697912	20720
0.00696046	20730
0.00694185	20740
0.00692329	20750
0.00690477	20760
0.00688631	20770
0.0068679	20780
0.00684954	20790
0.00683122	20800
0.00681296	20810
0.00679474	20820
0.00677657	20830
0.00675845	20840
0.00674038	20850
0.00672236	20860
0.00670438	20870
0.00668646	20880
0.00666858	20890
0.00665075	20900
0.00663296	20910
0.00661523	20920
0.00659754	20930
0.0065799	20940
0.00656231	20950
0.00654476	20960
0.00652726	20970
0.00650981	20980
0.0064924	20990
0.00647504	21000
0.00645773	21010
0.00644046	21020
0.00642324	21030
0.00640607	21040
0.00638894	21050
0.00637185	21060
0.00635482	21070
0.00633782	21080
0.00632088	21090
0.00630398	21100
0.00628712	21110
0.00627031	21120
0.00625355	21130
0.00623682	21140
0.00622015	21150
0.00620352	21160
0.00618693	21170
0.00617039	21180
0.00615389	21190
0.00613743	21200
0.00612102	21210
0.00610466	21220
0.00608833	21230
0.00607205	21240
0.00605582	21250
0.00603963	21260
0.00602348	21270
0.00600737	21280
0.00599131	21290
0.00597529	21300
0.00595931	21310
0.00594338	21320
0.00592749	21330
0.00591164	21340
0.00589583	21350
0.00588007	21360
0.00586434	21370
0.00584866	21380
0.00583302	21390
0.00581743	21400
0.00580187	21410
0.00578636	21420
0.00577089	21430
0.00575546	21440
0.00574007	21450
0.00572472	21460
0.00570941	21470
0.00569415	21480
0.00567892	21490
0.00566374	21500
0.00564859	21510
0.00563349	21520
0.00561843	21530
0.0056034	21540
0.00558842	21550
0.00557348	21560
0.00555858	21570
0.00554371	21580
0.00552889	21590
0.00551411	21600
0.00549936	21610
0.00548466	21620
0.00546999	21630
0.00545537	21640
0.00544078	21650
0.00542623	21660
0.00541172	21670
0.00539725	21680
0.00538282	21690
0.00536843	21700
0.00535408	21710
0.00533976	21720
0.00532548	21730
0.00531124	21740
0.00529704	21750
0.00528288	21760
0.00526875	21770
0.00525466	21780
0.00524061	21790
0.0052266	21800
0.00521263	21810
0.00519869	21820
0.00518479	21830
0.00517093	21840
0.0051571	21850
0.00514331	21860
0.00512956	21870
0.00511584	21880
0.00510216	21890
0.00508852	21900
0.00507491	21910
0.00506135	21920
0.00504781	21930
0.00503431	21940
0.00502085	21950
0.00500743	21960
0.00499404	21970
0.00498069	21980
0.00496737	21990
0.00495409	22000
0.00494084	22010
0.00492763	22020
0.00491445	22030
0.00490131	22040
0.00488821	22050
0.00487514	22060
0.0048621	22070
0.0048491	22080
0.00483614	22090
0.00482321	22100
0.00481031	22110
0.00479745	22120
0.00478462	22130
0.00477183	22140
0.00475907	22150
0.00474634	22160
0.00473365	22170
0.00472099	22180
0.00470837	22190
0.00469578	22200
0.00468323	22210
0.0046707	22220
0.00465821	22230
0.00464576	22240
0.00463334	22250
0.00462095	22260
0.00460859	22270
0.00459627	22280
0.00458398	22290
0.00457172	22300
0.0045595	22310
0.00454731	22320
0.00453515	22330
0.00452302	22340
0.00451093	22350
0.00449887	22360
0.00448684	22370
0.00447484	22380
0.00446288	22390
0.00445094	22400
0.00443904	22410
0.00442717	22420
0.00441534	22430
0.00440353	22440
0.00439176	22450
0.00438001	22460
0.0043683	22470
0.00435662	22480
0.00434497	22490
0.00433335	22500
0.00432177	22510
0.00431021	22520
0.00429869	22530
0.00428719	22540
0.00427573	22550
0.0042643	22560
0.00425289	22570
0.00424152	22580
0.00423018	22590
0.00421887	22600
0.00420759	22610
0.00419634	22620
0.00418512	22630
0.00417393	22640
0.00416277	22650
0.00415164	22660
0.00414054	22670
0.00412947	22680
0.00411843	22690
0.00410741	22700
0.00409643	22710
0.00408548	22720
0.00407455	22730
0.00406366	22740
0.00405279	22750
0.00404196	22760
0.00403115	22770
0.00402037	22780
0.00400962	22790
0.0039989	22800
0.00398821	22810
0.00397754	22820
0.00396691	22830
0.0039563	22840
0.00394572	22850
0.00393517	22860
0.00392465	22870
0.00391416	22880
0.00390369	22890
0.00389325	22900
0.00388284	22910
0.00387246	22920
0.00386211	22930
0.00385178	22940
0.00384148	22950
0.00383121	22960
0.00382097	22970
0.00381075	22980
0.00380056	22990
0.0037904	23000
0.00378026	23010
0.00377015	23020
0.00376007	23030
0.00375002	23040
0.00373999	23050
0.00372999	23060
0.00372002	23070
0.00371007	23080
0.00370015	23090
0.00369026	23100
0.00368039	23110
0.00367055	23120
0.00366074	23130
0.00365095	23140
0.00364119	23150
0.00363145	23160
0.00362174	23170
0.00361206	23180
0.0036024	23190
0.00359277	23200
0.00358316	23210
0.00357358	23220
0.00356402	23230
0.00355449	23240
0.00354499	23250
0.00353551	23260
0.00352606	23270
0.00351663	23280
0.00350723	23290
0.00349785	23300
0.0034885	23310
0.00347917	23320
0.00346987	23330
0.00346059	23340
0.00345133	23350
0.00344211	23360
0.0034329	23370
0.00342372	23380
0.00341457	23390
0.00340544	23400
0.00339633	23410
0.00338725	23420
0.0033782	23430
0.00336916	23440
0.00336015	23450
0.00335117	23460
0.00334221	23470
0.00333327	23480
0.00332436	23490
0.00331547	23500
0.00330661	23510
0.00329776	23520
0.00328895	23530
0.00328015	23540
0.00327138	23550
0.00326264	23560
0.00325391	23570
0.00324521	23580
0.00323653	23590
0.00322788	23600
0.00321925	23610
0.00321064	23620
0.00320206	23630
0.00319349	23640
0.00318496	23650
0.00317644	23660
0.00316795	23670
0.00315948	23680
0.00315103	23690
0.0031426	23700
0.0031342	23710
0.00312582	23720
0.00311746	23730
0.00310913	23740
0.00310081	23750
0.00309252	23760
0.00308425	23770
0.00307601	23780
0.00306778	23790
0.00305958	23800
0.0030514	23810
0.00304324	23820
0.0030351	23830
0.00302699	23840
0.00301889	23850
0.00301082	23860
0.00300277	23870
0.00299474	23880
0.00298673	23890
0.00297875	23900
0.00297078	23910
0.00296284	23920
0.00295492	23930
0.00294702	23940
0.00293914	23950
0.00293128	23960
0.00292344	23970
0.00291562	23980
0.00290783	23990
0.00290005	24000
0.0028923	24010
0.00288456	24020
0.00287685	24030
0.00286916	24040
0.00286149	24050
0.00285384	24060
0.00284621	24070
0.0028386	24080
0.00283101	24090
0.00282344	24100
0.00281589	24110
0.00280836	24120
0.00280085	24130
0.00279336	24140
0.00278589	24150
0.00277844	24160
0.00277101	24170
0.0027636	24180
0.00275621	24190
0.00274884	24200
0.00274149	24210
0.00273416	24220
0.00272685	24230
0.00271956	24240
0.00271229	24250
0.00270504	24260
0.0026978	24270
0.00269059	24280
0.0026834	24290
0.00267622	24300
0.00266907	24310
0.00266193	24320
0.00265481	24330
0.00264771	24340
0.00264063	24350
0.00263357	24360
0.00262653	24370
0.00261951	24380
0.0026125	24390
0.00260552	24400
0.00259855	24410
0.0025916	24420
0.00258467	24430
0.00257776	24440
0.00257087	24450
0.002564	24460
0.00255714	24470
0.0025503	24480
0.00254348	24490
0.00253668	24500
0.0025299	24510
0.00252314	24520
0.00251639	24530
0.00250966	24540
0.00250295	24550
0.00249626	24560
0.00248958	24570
0.00248293	24580
0.00247629	24590
0.00246967	24600
0.00246306	24610
0.00245648	24620
0.00244991	24630
0.00244336	24640
0.00243683	24650
0.00243031	24660
0.00242381	24670
0.00241733	24680
0.00241087	24690
0.00240442	24700
0.00239799	24710
0.00239158	24720
0.00238519	24730
0.00237881	24740
0.00237245	24750
0.0023661	24760
0.00235978	24770
0.00235347	24780
0.00234717	24790
0.0023409	24800
0.00233464	24810
0.0023284	24820
0.00232217	24830
0.00231596	24840
0.00230977	24850
0.00230359	24860
0.00229743	24870
0.00229129	24880
0.00228516	24890
0.00227905	24900
0.00227296	24910
0.00226688	24920
0.00226082	24930
0.00225478	24940
0.00224875	24950
0.00224274	24960
0.00223674	24970
0.00223076	24980
0.00222479	24990
0.00221884	25000
0.00221291	25010
0.00220699	25020
0.00220109	25030
0.00219521	25040
0.00218934	25050
0.00218348	25060
0.00217765	25070
0.00217182	25080
0.00216602	25090
0.00216023	25100
0.00215445	25110
0.00214869	25120
0.00214294	25130
0.00213721	25140
0.0021315	25150
0.0021258	25160
0.00212012	25170
0.00211445	25180
0.00210879	25190
0.00210315	25200
0.00209753	25210
0.00209192	25220
0.00208633	25230
0.00208075	25240
0.00207519	25250
0.00206964	25260
0.0020641	25270
0.00205858	25280
0.00205308	25290
0.00204759	25300
0.00204212	25310
0.00203666	25320
0.00203121	25330
0.00202578	25340
0.00202036	25350
0.00201496	25360
0.00200957	25370
0.0020042	25380
0.00199884	25390
0.0019935	25400
0.00198817	25410
0.00198285	25420
0.00197755	25430
0.00197226	25440
0.00196699	25450
0.00196173	25460
0.00195648	25470
0.00195125	25480
0.00194603	25490
0.00194083	25500
0.00193564	25510
0.00193046	25520
0.0019253	25530
0.00192015	25540
0.00191502	25550
0.0019099	25560
0.00190479	25570
0.0018997	25580
0.00189462	25590
0.00188955	25600
0.0018845	25610
0.00187946	25620
0.00187444	25630
0.00186943	25640
0.00186443	25650
0.00185944	25660
0.00185447	25670
0.00184951	25680
0.00184457	25690
0.00183963	25700
0.00183472	25710
0.00182981	25720
0.00182492	25730
0.00182004	25740
0.00181517	25750
0.00181032	25760
0.00180548	25770
0.00180065	25780
0.00179584	25790
0.00179103	25800
0.00178624	25810
0.00178147	25820
0.00177671	25830
0.00177195	25840
0.00176722	25850
0.00176249	25860
0.00175778	25870
0.00175308	25880
0.00174839	25890
0.00174372	25900
0.00173905	25910
0.0017344	25920
0.00172977	25930
0.00172514	25940
0.00172053	25950
0.00171593	25960
0.00171134	25970
0.00170676	25980
0.0017022	25990
0.00169765	26000
0.00169311	26010
0.00168858	26020
0.00168407	26030
0.00167956	26040
0.00167507	26050
0.0016706	26060
0.00166613	26070
0.00166167	26080
0.00165723	26090
0.0016528	26100
0.00164838	26110
0.00164397	26120
0.00163958	26130
0.00163519	26140
0.00163082	26150
0.00162646	26160
0.00162211	26170
0.00161777	26180
0.00161345	26190
0.00160913	26200
0.00160483	26210
0.00160054	26220
0.00159626	26230
0.00159199	26240
0.00158774	26250
0.00158349	26260
0.00157926	26270
0.00157503	26280
0.00157082	26290
0.00156662	26300
0.00156243	26310
0.00155826	26320
0.00155409	26330
0.00154993	26340
0.00154579	26350
0.00154166	26360
0.00153753	26370
0.00153342	26380
0.00152932	26390
0.00152523	26400
0.00152116	26410
0.00151709	26420
0.00151303	26430
0.00150899	26440
0.00150495	26450
0.00150093	26460
0.00149691	26470
0.00149291	26480
0.00148892	26490
0.00148494	26500
0.00148097	26510
0.00147701	26520
0.00147306	26530
0.00146912	26540
0.00146519	26550
0.00146127	26560
0.00145737	26570
0.00145347	26580
0.00144958	26590
0.00144571	26600
0.00144184	26610
0.00143799	26620
0.00143414	26630
0.00143031	26640
0.00142648	26650
0.00142267	26660
0.00141887	26670
0.00141507	26680
0.00141129	26690
0.00140751	26700
0.00140375	26710
0.0014	26720
0.00139625	26730
0.00139252	26740
0.0013888	26750
0.00138508	26760
0.00138138	26770
0.00137769	26780
0.001374	26790
0.00137033	26800
0.00136666	26810
0.00136301	26820
0.00135937	26830
0.00135573	26840
0.00135211	26850
0.00134849	26860
0.00134489	26870
0.00134129	26880
0.0013377	26890
0.00133413	26900
0.00133056	26910
0.001327	26920
0.00132345	26930
0.00131991	26940
0.00131639	26950
0.00131287	26960
0.00130936	26970
0.00130585	26980
0.00130236	26990
0.00129888	27000
0.00129541	27010
0.00129194	27020
0.00128849	27030
0.00128504	27040
0.00128161	27050
0.00127818	27060
0.00127476	27070
0.00127135	27080
0.00126796	27090
0.00126456	27100
0.00126118	27110
0.00125781	27120
0.00125445	27130
0.00125109	27140
0.00124775	27150
0.00124441	27160
0.00124109	27170
0.00123777	27180
0.00123446	27190
0.00123116	27200
0.00122786	27210
0.00122458	27220
0.00122131	27230
0.00121804	27240
0.00121478	27250
0.00121154	27260
0.0012083	27270
0.00120507	27280
0.00120184	27290
0.00119863	27300
0.00119543	27310
0.00119223	27320
0.00118904	27330
0.00118586	27340
0.00118269	27350
0.00117953	27360
0.00117638	27370
0.00117323	27380
0.00117009	27390
0.00116696	27400
0.00116384	27410
0.00116073	27420
0.00115763	27430
0.00115453	27440
0.00115145	27450
0.00114837	27460
0.0011453	27470
0.00114223	27480
0.00113918	27490
0.00113613	27500
0.0011331	27510
0.00113007	27520
0.00112704	27530
0.00112403	27540
0.00112103	27550
0.00111803	27560
0.00111504	27570
0.00111206	27580
0.00110908	27590
0.00110612	27600
0.00110316	27610
0.00110021	27620
0.00109727	27630
0.00109434	27640
0.00109141	27650
0.00108849	27660
0.00108558	27670
0.00108268	27680
0.00107978	27690
0.0010769	27700
0.00107402	27710
0.00107114	27720
0.00106828	27730
0.00106542	27740
0.00106258	27750
0.00105973	27760
0.0010569	27770
0.00105407	27780
0.00105126	27790
0.00104845	27800
0.00104564	27810
0.00104285	27820
0.00104006	27830
0.00103728	27840
0.0010345	27850
0.00103174	27860
0.00102898	27870
0.00102623	27880
0.00102348	27890
0.00102075	27900
0.00101802	27910
0.0010153	27920
0.00101258	27930
0.00100987	27940
0.00100717	27950
0.00100448	27960
0.00100179	27970
0.000999116	27980
0.000996444	27990
0.00099378	28000
0.000991123	28010
0.000988472	28020
0.000985829	28030
0.000983193	28040
0.000980565	28050
0.000977943	28060
0.000975328	28070
0.00097272	28080
0.000970119	28090
0.000967525	28100
0.000964938	28110
0.000962358	28120
0.000959785	28130
0.000957218	28140
0.000954659	28150
0.000952106	28160
0.000949561	28170
0.000947022	28180
0.000944489	28190
0.000941964	28200
0.000939445	28210
0.000936933	28220
0.000934428	28230
0.00093193	28240
0.000929438	28250
0.000926953	28260
0.000924474	28270
0.000922002	28280
0.000919537	28290
0.000917078	28300
0.000914626	28310
0.000912181	28320
0.000909742	28330
0.000907309	28340
0.000904883	28350
0.000902464	28360
0.000900051	28370
0.000897644	28380
0.000895244	28390
0.00089285	28400
0.000890463	28410
0.000888082	28420
0.000885707	28430
0.000883339	28440
0.000880977	28450
0.000878621	28460
0.000876272	28470
0.000873929	28480
0.000871592	28490
0.000869262	28500
0.000866938	28510
0.00086462	28520
0.000862308	28530
0.000860002	28540
0.000857703	28550
0.000855409	28560
0.000853122	28570
0.000850841	28580
0.000848566	28590
0.000846297	28600
0.000844034	28610
0.000841777	28620
0.000839527	28630
0.000837282	28640
0.000835043	28650
0.00083281	28660
0.000830583	28670
0.000828363	28680
0.000826148	28690
0.000823939	28700
0.000821736	28710
0.000819538	28720
0.000817347	28730
0.000815162	28740
0.000812982	28750
0.000810808	28760
0.00080864	28770
0.000806478	28780
0.000804322	28790
0.000802171	28800
0.000800026	28810
0.000797887	28820
0.000795754	28830
0.000793626	28840
0.000791504	28850
0.000789388	28860
0.000787277	28870
0.000785172	28880
0.000783072	28890
0.000780979	28900
0.00077889	28910
0.000776808	28920
0.000774731	28930
0.000772659	28940
0.000770593	28950
0.000768533	28960
0.000766478	28970
0.000764428	28980
0.000762384	28990
0.000760346	29000
0.000758313	29010
0.000756285	29020
0.000754263	29030
0.000752246	29040
0.000750235	29050
0.000748229	29060
0.000746228	29070
0.000744233	29080
0.000742243	29090
0.000740258	29100
0.000738279	29110
0.000736305	29120
0.000734336	29130
0.000732373	29140
0.000730414	29150
0.000728461	29160
0.000726514	29170
0.000724571	29180
0.000722634	29190
0.000720702	29200
0.000718774	29210
0.000716853	29220
0.000714936	29230
0.000713024	29240
0.000711118	29250
0.000709216	29260
0.00070732	29270
0.000705429	29280
0.000703542	29290
0.000701661	29300
0.000699785	29310
0.000697914	29320
0.000696048	29330
0.000694187	29340
0.000692331	29350
0.00069048	29360
0.000688633	29370
0.000686792	29380
0.000684956	29390
0.000683124	29400
0.000681298	29410
0.000679476	29420
0.000677659	29430
0.000675847	29440
0.00067404	29450
0.000672238	29460
0.00067044	29470
0.000668648	29480
0.00066686	29490
0.000665077	29500
0.000663298	29510
0.000661525	29520
0.000659756	29530
0.000657992	29540
0.000656233	29550
0.000654478	29560
0.000652728	29570
0.000650983	29580
0.000649242	29590
0.000647506	29600
0.000645775	29610
0.000644048	29620
0.000642326	29630
0.000640609	29640
0.000638896	29650
0.000637187	29660
0.000635484	29670
0.000633784	29680
0.00063209	29690
0.0006304	29700
0.000628714	29710
0.000627033	29720
0.000625356	29730
0.000623684	29740
0.000622017	29750
0.000620353	29760
0.000618695	29770
0.00061704	29780
0.000615391	29790
0.000613745	29800
0.000612104	29810
0.000610467	29820
0.000608835	29830
0.000607207	29840
0.000605584	29850
0.000603964	29860
0.000602349	29870
0.000600739	29880
0.000599133	29890
0.000597531	29900
0.000595933	29910
0.00059434	29920
0.00059275	29930
0.000591165	29940
0.000589585	29950
0.000588008	29960
0.000586436	29970
0.000584868	29980
0.000583304	29990
0.000581745	30000
0.000580189	30010
0.000578638	30020
0.000577091	30030
0.000575547	30040
0.000574009	30050
0.000572474	30060
0.000570943	30070
0.000569416	30080
0.000567894	30090
0.000566375	30100
0.000564861	30110
0.000563351	30120
0.000561844	30130
0.000560342	30140
0.000558844	30150
0.00055735	30160
0.000555859	30170
0.000554373	30180
0.000552891	30190
0.000551412	30200
0.000549938	30210
0.000548468	30220
0.000547001	30230
0.000545538	30240
0.00054408	30250
0.000542625	30260
0.000541174	30270
0.000539727	30280
0.000538284	30290
0.000536845	30300
0.000535409	30310
0.000533978	30320
0.00053255	30330
0.000531126	30340
0.000529706	30350
0.000528289	30360
0.000526877	30370
0.000525468	30380
0.000524063	30390
0.000522662	30400
0.000521264	30410
0.00051987	30420
0.00051848	30430
0.000517094	30440
0.000515711	30450
0.000514333	30460
0.000512957	30470
0.000511586	30480
0.000510218	30490
0.000508854	30500
0.000507493	30510
0.000506136	30520
0.000504783	30530
0.000503433	30540
0.000502087	30550
0.000500744	30560
0.000499405	30570
0.00049807	30580
0.000496738	30590
0.00049541	30600
0.000494086	30610
0.000492764	30620
0.000491447	30630
0.000490133	30640
0.000488822	30650
0.000487515	30660
0.000486212	30670
0.000484912	30680
0.000483615	30690
0.000482322	30700
0.000481032	30710
0.000479746	30720
0.000478463	30730
0.000477184	30740
0.000475908	30750
0.000474636	30760
0.000473367	30770
0.000472101	30780
0.000470838	30790
0.00046958	30800
0.000468324	30810
0.000467072	30820
0.000465823	30830
0.000464577	30840
0.000463335	30850
0.000462096	30860
0.000460861	30870
0.000459628	30880
0.000458399	30890
0.000457174	30900
0.000455951	30910
0.000454732	30920
0.000453516	30930
0.000452304	30940
0.000451094	30950
0.000449888	30960
0.000448685	30970
0.000447485	30980
0.000446289	30990
0.000445096	31000
0.000443906	31010
0.000442719	31020
0.000441535	31030
0.000440354	31040
0.000439177	31050
0.000438003	31060
0.000436831	31070
0.000435663	31080
0.000434498	31090
0.000433337	31100
0.000432178	31110
0.000431022	31120
0.00042987	31130
0.000428721	31140
0.000427574	31150
0.000426431	31160
0.000425291	31170
0.000424154	31180
0.000423019	31190
0.000421888	31200
0.00042076	31210
0.000419635	31220
0.000418513	31230
0.000417394	31240
0.000416278	31250
0.000415165	31260
0.000414055	31270
0.000412948	31280
0.000411844	31290
0.000410743	31300
0.000409644	31310
0.000408549	31320
0.000407457	31330
0.000406367	31340
0.000405281	31350
0.000404197	31360
0.000403116	31370
0.000402038	31380
0.000400963	31390
0.000399891	31400
0.000398822	31410
0.000397756	31420
0.000396692	31430
0.000395631	31440
0.000394573	31450
0.000393518	31460
0.000392466	31470
0.000391417	31480
0.00039037	31490
0.000389326	31500
0.000388285	31510
0.000387247	31520
0.000386212	31530
0.000385179	31540
0.000384149	31550
0.000383122	31560
0.000382098	31570
0.000381076	31580
0.000380057	31590
0.000379041	31600
0.000378027	31610
0.000377017	31620
0.000376008	31630
0.000375003	31640
0.000374	31650
0.000373	31660
0.000372003	31670
0.000371008	31680
0.000370016	31690
0.000369027	31700
0.00036804	31710
0.000367056	31720
0.000366075	31730
0.000365096	31740
0.00036412	31750
0.000363146	31760
0.000362175	31770
0.000361207	31780
0.000360241	31790
0.000359278	31800
0.000358317	31810
0.000357359	31820
0.000356403	31830
0.00035545	31840
0.0003545	31850
0.000353552	31860
0.000352607	31870
0.000351664	31880
0.000350724	31890
0.000349786	31900
0.000348851	31910
0.000347918	31920
0.000346988	31930
0.00034606	31940
0.000345135	31950
0.000344212	31960
0.000343291	31970
0.000342373	31980
0.000341458	31990
0.000340545	32000
0.000339634	32010
0.000338726	32020
0.000337821	32030
0.000336917	32040
0.000336016	32050
0.000335118	32060
0.000334222	32070
0.000333328	32080
0.000332437	32090
0.000331548	32100
0.000330662	32110
0.000329777	32120
0.000328896	32130
0.000328016	32140
0.000327139	32150
0.000326265	32160
0.000325392	32170
0.000324522	32180
0.000323654	32190
0.000322789	32200
0.000321926	32210
0.000321065	32220
0.000320207	32230
0.00031935	32240
0.000318497	32250
0.000317645	32260
0.000316796	32270
0.000315949	32280
0.000315104	32290
0.000314261	32300
0.000313421	32310
0.000312583	32320
0.000311747	32330
0.000310914	32340
0.000310082	32350
0.000309253	32360
0.000308426	32370
0.000307602	32380
0.000306779	32390
0.000305959	32400
0.000305141	32410
0.000304325	32420
0.000303511	32430
0.0003027	32440
0.00030189	32450
0.000301083	32460
0.000300278	32470
0.000299475	32480
0.000298674	32490
0.000297876	32500
0.000297079	32510
0.000296285	32520
0.000295493	32530
0.000294703	32540
0.000293915	32550
0.000293129	32560
0.000292345	32570
0.000291563	32580
0.000290784	32590
0.000290006	32600
0.000289231	32610
0.000288457	32620
0.000287686	32630
0.000286917	32640
0.00028615	32650
0.000285384	32660
0.000284621	32670
0.00028386	32680
0.000283101	32690
0.000282344	32700
0.000281589	32710
0.000280837	32720
0.000280086	32730
0.000279337	32740
0.00027859	32750
0.000277845	32760
0.000277102	32770
0.000276361	32780
0.000275622	32790
0.000274885	32800
0.00027415	32810
0.000273417	32820
0.000272686	32830
0.000271957	32840
0.00027123	32850
0.000270505	32860
0.000269781	32870
0.00026906	32880
0.00026834	32890
0.000267623	32900
0.000266907	32910
0.000266194	32920
0.000265482	32930
0.000264772	32940
0.000264064	32950
0.000263358	32960
0.000262654	32970
0.000261952	32980
0.000261251	32990
0.000260553	33000
0.000259856	33010
0.000259161	33020
0.000258468	33030
0.000257777	33040
0.000257088	33050
0.0002564	33060
0.000255715	33070
0.000255031	33080
0.000254349	33090
0.000253669	33100
0.000252991	33110
0.000252314	33120
0.00025164	33130
0.000250967	33140
0.000250296	33150
0.000249627	33160
0.000248959	33170
0.000248293	33180
0.00024763	33190
0.000246967	33200
0.000246307	33210
0.000245649	33220
0.000244992	33230
0.000244337	33240
0.000243683	33250
0.000243032	33260
0.000242382	33270
0.000241734	33280
0.000241087	33290
0.000240443	33300
0.0002398	33310
0.000239159	33320
0.000238519	33330
0.000237882	33340
0.000237245	33350
0.000236611	33360
0.000235978	33370
0.000235347	33380
0.000234718	33390
0.000234091	33400
0.000233465	33410
0.00023284	33420
0.000232218	33430
0.000231597	33440
0.000230978	33450
0.00023036	33460
0.000229744	33470
0.00022913	33480
0.000228517	33490
0.000227906	33500
0.000227297	33510
0.000226689	33520
0.000226083	33530
0.000225478	33540
0.000224875	33550
0.000224274	33560
0.000223675	33570
0.000223076	33580
0.00022248	33590
0.000221885	33600
0.000221292	33610
0.0002207	33620
0.00022011	33630
0.000219521	33640
0.000218935	33650
0.000218349	33660
0.000217765	33670
0.000217183	33680
0.000216602	33690
0.000216023	33700
0.000215446	33710
0.000214869	33720
0.000214295	33730
0.000213722	33740
0.00021315	33750
0.000212581	33760
0.000212012	33770
0.000211445	33780
0.00021088	33790
0.000210316	33800
0.000209754	33810
0.000209193	33820
0.000208633	33830
0.000208076	33840
0.000207519	33850
0.000206964	33860
0.000206411	33870
0.000205859	33880
0.000205309	33890
0.00020476	33900
0.000204212	33910
0.000203666	33920
0.000203122	33930
0.000202579	33940
0.000202037	33950
0.000201497	33960
0.000200958	33970
0.000200421	33980
0.000199885	33990
0.00019935	34000
0.000198817	34010
0.000198286	34020
0.000197755	34030
0.000197227	34040
0.000196699	34050
0.000196173	34060
0.000195649	34070
0.000195126	34080
0.000194604	34090
0.000194084	34100
0.000193565	34110
0.000193047	34120
0.000192531	34130
0.000192016	34140
0.000191503	34150
0.000190991	34160
0.00019048	34170
0.000189971	34180
0.000189463	34190
0.000188956	34200
0.000188451	34210
0.000187947	34220
0.000187444	34230
0.000186943	34240
0.000186443	34250
0.000185945	34260
0.000185448	34270
0.000184952	34280
0.000184457	34290
0.000183964	34300
0.000183472	34310
0.000182982	34320
0.000182492	34330
0.000182004	34340
0.000181518	34350
0.000181032	34360
0.000180548	34370
0.000180066	34380
0.000179584	34390
0.000179104	34400
0.000178625	34410
0.000178147	34420
0.000177671	34430
0.000177196	34440
0.000176722	34450
0.00017625	34460
0.000175778	34470
0.000175308	34480
0.00017484	34490
0.000174372	34500
0.000173906	34510
0.000173441	34520
0.000172977	34530
0.000172515	34540
0.000172053	34550
0.000171593	34560
0.000171135	34570
0.000170677	34580
0.000170221	34590
0.000169765	34600
0.000169312	34610
0.000168859	34620
0.000168407	34630
0.000167957	34640
0.000167508	34650
0.00016706	34660
0.000166613	34670
0.000166168	34680
0.000165724	34690
0.00016528	34700
0.000164838	34710
0.000164398	34720
0.000163958	34730
0.00016352	34740
0.000163083	34750
0.000162646	34760
0.000162212	34770
0.000161778	34780
0.000161345	34790
0.000160914	34800
0.000160484	34810
0.000160055	34820
0.000159627	34830
0.0001592	34840
0.000158774	34850
0.00015835	34860
0.000157926	34870
0.000157504	34880
0.000157083	34890
0.000156663	34900
0.000156244	34910
0.000155826	34920
0.000155409	34930
0.000154994	34940
0.000154579	34950
0.000154166	34960
0.000153754	34970
0.000153343	34980
0.000152933	34990
0.000152524	35000
0.000152116	35010
0.000151709	35020
0.000151304	35030
0.000150899	35040
0.000150496	35050
0.000150093	35060
0.000149692	35070
0.000149292	35080
0.000148892	35090
0.000148494	35100
0.000148097	35110
0.000147701	35120
0.000147306	35130
0.000146912	35140
0.00014652	35150
0.000146128	35160
0.000145737	35170
0.000145347	35180
0.000144959	35190
0.000144571	35200
0.000144185	35210
0.000143799	35220
0.000143415	35230
0.000143031	35240
0.000142649	35250
0.000142267	35260
0.000141887	35270
0.000141508	35280
0.000141129	35290
0.000140752	35300
0.000140375	35310
0.00014	35320
0.000139626	35330
0.000139252	35340
0.00013888	35350
0.000138509	35360
0.000138138	35370
0.000137769	35380
0.000137401	35390
0.000137033	35400
0.000136667	35410
0.000136301	35420
0.000135937	35430
0.000135574	35440
0.000135211	35450
0.00013485	35460
0.000134489	35470
0.000134129	35480
0.000133771	35490
0.000133413	35500
0.000133056	35510
0.000132701	35520
0.000132346	35530
0.000131992	35540
0.000131639	35550
0.000131287	35560
0.000130936	35570
0.000130586	35580
0.000130237	35590
0.000129888	35600
0.000129541	35610
0.000129195	35620
0.000128849	35630
0.000128505	35640
0.000128161	35650
0.000127818	35660
0.000127477	35670
0.000127136	35680
0.000126796	35690
0.000126457	35700
0.000126119	35710
0.000125782	35720
0.000125445	35730
0.00012511	35740
0.000124775	35750
0.000124442	35760
0.000124109	35770
0.000123777	35780
0.000123446	35790
0.000123116	35800
0.000122787	35810
0.000122459	35820
0.000122131	35830
0.000121805	35840
0.000121479	35850
0.000121154	35860
0.00012083	35870
0.000120507	35880
0.000120185	35890
0.000119863	35900
0.000119543	35910
0.000119223	35920
0.000118905	35930
0.000118587	35940
0.000118269	35950
0.000117953	35960
0.000117638	35970
0.000117323	35980
0.00011701	35990
0.000116697	36000
0.000116385	36010
0.000116074	36020
0.000115763	36030
0.000115454	36040
0.000115145	36050
0.000114837	36060
0.00011453	36070
0.000114224	36080
0.000113918	36090
0.000113614	36100
0.00011331	36110
0.000113007	36120
0.000112705	36130
0.000112403	36140
0.000112103	36150
0.000111803	36160
0.000111504	36170
0.000111206	36180
0.000110909	36190
0.000110612	36200
0.000110316	36210
0.000110021	36220
0.000109727	36230
0.000109434	36240
0.000109141	36250
0.000108849	36260
0.000108558	36270
0.000108268	36280
0.000107979	36290
0.00010769	36300
0.000107402	36310
0.000107115	36320
0.000106828	36330
0.000106543	36340
0.000106258	36350
0.000105974	36360
0.00010569	36370
0.000105408	36380
0.000105126	36390
0.000104845	36400
0.000104565	36410
0.000104285	36420
0.000104006	36430
0.000103728	36440
0.000103451	36450
0.000103174	36460
0.000102898	36470
0.000102623	36480
0.000102349	36490
0.000102075	36500
0.000101802	36510
0.00010153	36520
0.000101258	36530
0.000100988	36540
0.000100718	36550
0.000100448	36560
0.00010018	36570
9.99119e-05	36580
9.96447e-05	36590
9.93783e-05	36600
9.91126e-05	36610
9.88475e-05	36620
9.85832e-05	36630
9.83196e-05	36640
9.80567e-05	36650
9.77946e-05	36660
9.75331e-05	36670
9.72723e-05	36680
9.70122e-05	36690
9.67528e-05	36700
9.64941e-05	36710
9.62361e-05	36720
9.59788e-05	36730
9.57221e-05	36740
9.54662e-05	36750
9.52109e-05	36760
9.49564e-05	36770
9.47025e-05	36780
9.44492e-05	36790
9.41967e-05	36800
9.39448e-05	36810
9.36936e-05	36820
9.34431e-05	36830
9.31933e-05	36840
9.29441e-05	36850
9.26956e-05	36860
9.24477e-05	36870
9.22005e-05	36880
9.1954e-05	36890
9.17081e-05	36900
9.14629e-05	36910
9.12183e-05	36920
9.09744e-05	36930
9.07312e-05	36940
9.04886e-05	36950
9.02466e-05	36960
9.00053e-05	36970
8.97647e-05	36980
8.95247e-05	36990
8.92853e-05	37000
8.90465e-05	37010
8.88085e-05	37020
8.8571e-05	37030
8.83342e-05	37040
8.8098e-05	37050
8.78624e-05	37060
8.76275e-05	37070
8.73932e-05	37080
8.71595e-05	37090
8.69265e-05	37100
8.6694e-05	37110
8.64622e-05	37120
8.6231e-05	37130
8.60005e-05	37140
8.57705e-05	37150
8.55412e-05	37160
8.53125e-05	37170
8.50843e-05	37180
8.48568e-05	37190
8.463e-05	37200
8.44037e-05	37210
8.4178e-05	37220
8.39529e-05	37230
8.37284e-05	37240
8.35046e-05	37250
8.32813e-05	37260
8.30586e-05	37270
8.28365e-05	37280
8.2615e-05	37290
8.23941e-05	37300
8.21738e-05	37310
8.19541e-05	37320
8.1735e-05	37330
8.15164e-05	37340
8.12984e-05	37350
8.10811e-05	37360
8.08643e-05	37370
8.06481e-05	37380
8.04324e-05	37390
8.02173e-05	37400
8.00029e-05	37410
7.97889e-05	37420
7.95756e-05	37430
7.93628e-05	37440
7.91506e-05	37450
7.8939e-05	37460
7.87279e-05	37470
7.85174e-05	37480
7.83075e-05	37490
7.80981e-05	37500
7.78893e-05	37510
7.7681e-05	37520
7.74733e-05	37530
7.72661e-05	37540
7.70595e-05	37550
7.68535e-05	37560
7.6648e-05	37570
7.64431e-05	37580
7.62387e-05	37590
7.60348e-05	37600
7.58315e-05	37610
7.56288e-05	37620
7.54265e-05	37630
7.52249e-05	37640
7.50237e-05	37650
7.48231e-05	37660
7.46231e-05	37670
7.44235e-05	37680
7.42245e-05	37690
7.40261e-05	37700
7.38281e-05	37710
7.36307e-05	37720
7.34338e-05	37730
7.32375e-05	37740
7.30417e-05	37750
7.28464e-05	37760
7.26516e-05	37770
7.24573e-05	37780
7.22636e-05	37790
7.20704e-05	37800
7.18777e-05	37810
7.16855e-05	37820
7.14938e-05	37830
7.13026e-05	37840
7.1112e-05	37850
7.09218e-05	37860
7.07322e-05	37870
7.05431e-05	37880
7.03545e-05	37890
7.01663e-05	37900
6.99787e-05	37910
6.97916e-05	37920
6.9605e-05	37930
6.94189e-05	37940
6.92333e-05	37950
6.90482e-05	37960
6.88635e-05	37970
6.86794e-05	37980
6.84958e-05	37990
6.83126e-05	38000
6.813e-05	38010
6.79478e-05	38020
6.77661e-05	38030
6.75849e-05	38040
6.74042e-05	38050
6.7224e-05	38060
6.70442e-05	38070
6.6865e-05	38080
6.66862e-05	38090
6.65079e-05	38100
6.633e-05	38110
6.61527e-05	38120
6.59758e-05	38130
6.57994e-05	38140
6.56235e-05	38150
6.5448e-05	38160
6.5273e-05	38170
6.50985e-05	38180
6.49244e-05	38190
6.47508e-05	38200
6.45777e-05	38210
6.4405e-05	38220
6.42328e-05	38230
6.4061e-05	38240
6.38898e-05	38250
6.37189e-05	38260
6.35486e-05	38270
6.33786e-05	38280
6.32092e-05	38290
6.30402e-05	38300
6.28716e-05	38310
6.27035e-05	38320
6.25358e-05	38330
6.23686e-05	38340
6.22019e-05	38350
6.20355e-05	38360
6.18697e-05	38370
6.17042e-05	38380
6.15392e-05	38390
6.13747e-05	38400
6.12106e-05	38410
6.10469e-05	38420
6.08837e-05	38430
6.07209e-05	38440
6.05585e-05	38450
6.03966e-05	38460
6.02351e-05	38470
6.00741e-05	38480
5.99134e-05	38490
5.97532e-05	38500
5.95935e-05	38510
5.94341e-05	38520
5.92752e-05	38530
5.91167e-05	38540
5.89587e-05	38550
5.8801e-05	38560
5.86438e-05	38570
5.8487e-05	38580
5.83306e-05	38590
5.81746e-05	38600
5.80191e-05	38610
5.78639e-05	38620
5.77092e-05	38630
5.75549e-05	38640
5.7401e-05	38650
5.72475e-05	38660
5.70945e-05	38670
5.69418e-05	38680
5.67896e-05	38690
5.66377e-05	38700
5.64863e-05	38710
5.63352e-05	38720
5.61846e-05	38730
5.60344e-05	38740
5.58846e-05	38750
5.57351e-05	38760
5.55861e-05	38770
5.54375e-05	38780
5.52892e-05	38790
5.51414e-05	38800
5.4994e-05	38810
5.48469e-05	38820
5.47003e-05	38830
5.4554e-05	38840
5.44081e-05	38850
5.42627e-05	38860
5.41176e-05	38870
5.39729e-05	38880
5.38286e-05	38890
5.36846e-05	38900
5.35411e-05	38910
5.33979e-05	38920
5.32551e-05	38930
5.31127e-05	38940
5.29707e-05	38950
5.28291e-05	38960
5.26878e-05	38970
5.2547e-05	38980
5.24065e-05	38990
5.22663e-05	39000
5.21266e-05	39010
5.19872e-05	39020
5.18482e-05	39030
5.17096e-05	39040
5.15713e-05	39050
5.14334e-05	39060
5.12959e-05	39070
5.11587e-05	39080
5.10219e-05	39090
5.08855e-05	39100
5.07495e-05	39110
5.06138e-05	39120
5.04784e-05	39130
5.03435e-05	39140
5.02088e-05	39150
5.00746e-05	39160
4.99407e-05	39170
4.98072e-05	39180
4.9674e-05	39190
4.95412e-05	39200
4.94087e-05	39210
4.92766e-05	39220
4.91448e-05	39230
4.90134e-05	39240
4.88824e-05	39250
4.87517e-05	39260
4.86213e-05	39270
4.84913e-05	39280
4.83617e-05	39290
4.82323e-05	39300
4.81034e-05	39310
4.79748e-05	39320
4.78465e-05	39330
4.77185e-05	39340
4.7591e-05	39350
4.74637e-05	39360
4.73368e-05	39370
4.72102e-05	39380
4.7084e-05	39390
4.69581e-05	39400
4.68325e-05	39410
4.67073e-05	39420
4.65824e-05	39430
4.64579e-05	39440
4.63337e-05	39450
4.62098e-05	39460
4.60862e-05	39470
4.5963e-05	39480
4.58401e-05	39490
4.57175e-05	39500
4.55953e-05	39510
4.54734e-05	39520
4.53518e-05	39530
4.52305e-05	39540
4.51096e-05	39550
4.49889e-05	39560
4.48687e-05	39570
4.47487e-05	39580
4.4629e-05	39590
4.45097e-05	39600
4.43907e-05	39610
4.4272e-05	39620
4.41536e-05	39630
4.40356e-05	39640
4.39178e-05	39650
4.38004e-05	39660
4.36833e-05	39670
4.35665e-05	39680
4.345e-05	39690
4.33338e-05	39700
4.32179e-05	39710
4.31024e-05	39720
4.29871e-05	39730
4.28722e-05	39740
4.27576e-05	39750
4.26432e-05	39760
4.25292e-05	39770
4.24155e-05	39780
4.23021e-05	39790
4.2189e-05	39800
4.20762e-05	39810
4.19637e-05	39820
4.18515e-05	39830
4.17395e-05	39840
4.16279e-05	39850
4.15166e-05	39860
4.14056e-05	39870
4.12949e-05	39880
4.11845e-05	39890
4.10744e-05	39900
4.09646e-05	39910
4.0855e-05	39920
4.07458e-05	39930
4.06368e-05	39940
4.05282e-05	39950
4.04198e-05	39960
4.03117e-05	39970
4.02039e-05	39980
4.00964e-05	39990
3.99892e-05	40000
3.98823e-05	40010
3.97757e-05	40020
3.96693e-05	40030
3.95633e-05	40040
3.94575e-05	40050
3.9352e-05	40060
3.92467e-05	40070
3.91418e-05	40080
3.90371e-05	40090
3.89328e-05	40100
3.88287e-05	40110
3.87248e-05	40120
3.86213e-05	40130
3.8518e-05	40140
3.8415e-05	40150
3.83123e-05	40160
3.82099e-05	40170
3.81077e-05	40180
3.80058e-05	40190
3.79042e-05	40200
3.78029e-05	40210
3.77018e-05	40220
3.7601e-05	40230
3.75004e-05	40240
3.74002e-05	40250
3.73002e-05	40260
3.72004e-05	40270
3.71009e-05	40280
3.70017e-05	40290
3.69028e-05	40300
3.68041e-05	40310
3.67057e-05	40320
3.66076e-05	40330
3.65097e-05	40340
3.64121e-05	40350
3.63147e-05	40360
3.62176e-05	40370
3.61208e-05	40380
3.60242e-05	40390
3.59279e-05	40400
3.58318e-05	40410
3.5736e-05	40420
3.56405e-05	40430
3.55452e-05	40440
3.54501e-05	40450
3.53553e-05	40460
3.52608e-05	40470
3.51665e-05	40480
3.50725e-05	40490
3.49787e-05	40500
3.48852e-05	40510
3.47919e-05	40520
3.46989e-05	40530
3.46061e-05	40540
3.45136e-05	40550
3.44213e-05	40560
3.43292e-05	40570
3.42374e-05	40580
3.41459e-05	40590
3.40546e-05	40600
3.39635e-05	40610
3.38727e-05	40620
3.37822e-05	40630
3.36918e-05	40640
3.36017e-05	40650
3.35119e-05	40660
3.34223e-05	40670
3.33329e-05	40680
3.32438e-05	40690
3.31549e-05	40700
3.30663e-05	40710
3.29778e-05	40720
3.28897e-05	40730
3.28017e-05	40740
3.2714e-05	40750
3.26265e-05	40760
3.25393e-05	40770
3.24523e-05	40780
3.23655e-05	40790
3.2279e-05	40800
3.21927e-05	40810
3.21066e-05	40820
3.20208e-05	40830
3.19351e-05	40840
3.18498e-05	40850
3.17646e-05	40860
3.16797e-05	40870
3.1595e-05	40880
3.15105e-05	40890
3.14262e-05	40900
3.13422e-05	40910
3.12584e-05	40920
3.11748e-05	40930
3.10914e-05	40940
3.10083e-05	40950
3.09254e-05	40960
3.08427e-05	40970
3.07602e-05	40980
3.0678e-05	40990
3.0596e-05	41000
3.05142e-05	41010
3.04326e-05	41020
3.03512e-05	41030
3.027e-05	41040
3.01891e-05	41050
3.01084e-05	41060
3.00279e-05	41070
2.99476e-05	41080
2.98675e-05	41090
2.97877e-05	41100
2.9708e-05	41110
2.96286e-05	41120
2.95494e-05	41130
2.94703e-05	41140
2.93915e-05	41150
2.9313e-05	41160
2.92346e-05	41170
2.91564e-05	41180
2.90784e-05	41190
2.90007e-05	41200
2.89232e-05	41210
2.88458e-05	41220
2.87687e-05	41230
2.86918e-05	41240
2.8615e-05	41250
2.85385e-05	41260
2.84622e-05	41270
2.83861e-05	41280
2.83102e-05	41290
2.82345e-05	41300
2.8159e-05	41310
2.80837e-05	41320
2.80086e-05	41330
2.79338e-05	41340
2.78591e-05	41350
2.77846e-05	41360
2.77103e-05	41370
2.76362e-05	41380
2.75623e-05	41390
2.74886e-05	41400
2.74151e-05	41410
2.73418e-05	41420
2.72687e-05	41430
2.71958e-05	41440
2.71231e-05	41450
2.70505e-05	41460
2.69782e-05	41470
2.69061e-05	41480
2.68341e-05	41490
2.67624e-05	41500
2.66908e-05	41510
2.66195e-05	41520
2.65483e-05	41530
2.64773e-05	41540
2.64065e-05	41550
2.63359e-05	41560
2.62655e-05	41570
2.61952e-05	41580
2.61252e-05	41590
2.60553e-05	41600
2.59857e-05	41610
2.59162e-05	41620
2.58469e-05	41630
2.57778e-05	41640
2.57089e-05	41650
2.56401e-05	41660
2.55716e-05	41670
2.55032e-05	41680
2.5435e-05	41690
2.5367e-05	41700
2.52992e-05	41710
2.52315e-05	41720
2.51641e-05	41730
2.50968e-05	41740
2.50297e-05	41750
2.49627e-05	41760
2.4896e-05	41770
2.48294e-05	41780
2.4763e-05	41790
2.46968e-05	41800
2.46308e-05	41810
2.45649e-05	41820
2.44992e-05	41830
2.44337e-05	41840
2.43684e-05	41850
2.43032e-05	41860
2.42383e-05	41870
2.41735e-05	41880
2.41088e-05	41890
2.40444e-05	41900
2.39801e-05	41910
2.39159e-05	41920
2.3852e-05	41930
2.37882e-05	41940
2.37246e-05	41950
2.36612e-05	41960
2.35979e-05	41970
2.35348e-05	41980
2.34719e-05	41990
2.34091e-05	42000
2.33465e-05	42010
2.32841e-05	42020
2.32219e-05	42030
2.31598e-05	42040
2.30978e-05	42050
2.30361e-05	42060
2.29745e-05	42070
2.29131e-05	42080
2.28518e-05	42090
2.27907e-05	42100
2.27297e-05	42110
2.2669e-05	42120
2.26084e-05	42130
2.25479e-05	42140
2.24876e-05	42150
2.24275e-05	42160
2.23675e-05	42170
2.23077e-05	42180
2.22481e-05	42190
2.21886e-05	42200
2.21293e-05	42210
2.20701e-05	42220
2.20111e-05	42230
2.19522e-05	42240
2.18935e-05	42250
2.1835e-05	42260
2.17766e-05	42270
2.17184e-05	42280
2.16603e-05	42290
2.16024e-05	42300
2.15446e-05	42310
2.1487e-05	42320
2.14296e-05	42330
2.13723e-05	42340
2.13151e-05	42350
2.12581e-05	42360
2.12013e-05	42370
2.11446e-05	42380
2.10881e-05	42390
2.10317e-05	42400
2.09754e-05	42410
2.09193e-05	42420
2.08634e-05	42430
2.08076e-05	42440
2.0752e-05	42450
2.06965e-05	42460
2.06412e-05	42470
2.0586e-05	42480
2.05309e-05	42490
2.0476e-05	42500
2.04213e-05	42510
2.03667e-05	42520
2.03122e-05	42530
2.02579e-05	42540
2.02037e-05	42550
2.01497e-05	42560
2.00958e-05	42570
2.00421e-05	42580
1.99885e-05	42590
1.99351e-05	42600
1.98818e-05	42610
1.98286e-05	42620
1.97756e-05	42630
1.97227e-05	42640
1.967e-05	42650
1.96174e-05	42660
1.95649e-05	42670
1.95126e-05	42680
1.94604e-05	42690
1.94084e-05	42700
1.93565e-05	42710
1.93048e-05	42720
1.92531e-05	42730
1.92017e-05	42740
1.91503e-05	42750
1.90991e-05	42760
1.9048e-05	42770
1.89971e-05	42780
1.89463e-05	42790
1.88957e-05	42800
1.88451e-05	42810
1.87948e-05	42820
1.87445e-05	42830
1.86944e-05	42840
1.86444e-05	42850
1.85945e-05	42860
1.85448e-05	42870
1.84952e-05	42880
1.84458e-05	42890
1.83965e-05	42900
1.83473e-05	42910
1.82982e-05	42920
1.82493e-05	42930
1.82005e-05	42940
1.81518e-05	42950
1.81033e-05	42960
1.80549e-05	42970
1.80066e-05	42980
1.79585e-05	42990
1.79104e-05	43000
1.78626e-05	43010
1.78148e-05	43020
1.77672e-05	43030
1.77197e-05	43040
1.76723e-05	43050
1.7625e-05	43060
1.75779e-05	43070
1.75309e-05	43080
1.7484e-05	43090
1.74373e-05	43100
1.73906e-05	43110
1.73441e-05	43120
1.72978e-05	43130
1.72515e-05	43140
1.72054e-05	43150
1.71594e-05	43160
1.71135e-05	43170
1.70677e-05	43180
1.70221e-05	43190
1.69766e-05	43200
1.69312e-05	43210
1.68859e-05	43220
1.68408e-05	43230
1.67958e-05	43240
1.67508e-05	43250
1.67061e-05	43260
1.66614e-05	43270
1.66168e-05	43280
1.65724e-05	43290
1.65281e-05	43300
1.64839e-05	43310
1.64398e-05	43320
1.63959e-05	43330
1.6352e-05	43340
1.63083e-05	43350
1.62647e-05	43360
1.62212e-05	43370
1.61778e-05	43380
1.61346e-05	43390
1.60914e-05	43400
1.60484e-05	43410
1.60055e-05	43420
1.59627e-05	43430
1.592e-05	43440
1.58775e-05	43450
1.5835e-05	43460
1.57927e-05	43470
1.57504e-05	43480
1.57083e-05	43490
1.56663e-05	43500
1.56244e-05	43510
1.55827e-05	43520
1.5541e-05	43530
1.54994e-05	43540
1.5458e-05	43550
1.54167e-05	43560
1.53754e-05	43570
1.53343e-05	43580
1.52933e-05	43590
1.52524e-05	43600
1.52116e-05	43610
1.5171e-05	43620
1.51304e-05	43630
1.509e-05	43640
1.50496e-05	43650
1.50094e-05	43660
1.49692e-05	43670
1.49292e-05	43680
1.48893e-05	43690
1.48495e-05	43700
1.48098e-05	43710
1.47702e-05	43720
1.47307e-05	43730
1.46913e-05	43740
1.4652e-05	43750
1.46128e-05	43760
1.45738e-05	43770
1.45348e-05	43780
1.44959e-05	43790
1.44572e-05	43800
1.44185e-05	43810
1.438e-05	43820
1.43415e-05	43830
1.43032e-05	43840
1.42649e-05	43850
1.42268e-05	43860
1.41887e-05	43870
1.41508e-05	43880
1.4113e-05	43890
1.40752e-05	43900
1.40376e-05	43910
1.40001e-05	43920
1.39626e-05	43930
1.39253e-05	43940
1.38881e-05	43950
1.38509e-05	43960
1.38139e-05	43970
1.37769e-05	43980
1.37401e-05	43990
1.37034e-05	44000
1.36667e-05	44010
1.36302e-05	44020
1.35937e-05	44030
1.35574e-05	44040
1.35211e-05	44050
1.3485e-05	44060
1.34489e-05	44070
1.3413e-05	44080
1.33771e-05	44090
1.33413e-05	44100
1.33057e-05	44110
1.32701e-05	44120
1.32346e-05	44130
1.31992e-05	44140
1.31639e-05	44150
1.31287e-05	44160
1.30936e-05	44170
1.30586e-05	44180
1.30237e-05	44190
1.29889e-05	44200
1.29541e-05	44210
1.29195e-05	44220
1.2885e-05	44230
1.28505e-05	44240
1.28162e-05	44250
1.27819e-05	44260
1.27477e-05	44270
1.27136e-05	44280
1.26796e-05	44290
1.26457e-05	44300
1.26119e-05	44310
1.25782e-05	44320
1.25446e-05	44330
1.2511e-05	44340
1.24776e-05	44350
1.24442e-05	44360
1.24109e-05	44370
1.23777e-05	44380
1.23446e-05	44390
1.23116e-05	44400
1.22787e-05	44410
1.22459e-05	44420
1.22131e-05	44430
1.21805e-05	44440
1.21479e-05	44450
1.21154e-05	44460
1.2083e-05	44470
1.20507e-05	44480
1.20185e-05	44490
1.19864e-05	44500
1.19543e-05	44510
1.19224e-05	44520
1.18905e-05	44530
1.18587e-05	44540
1.1827e-05	44550
1.17954e-05	44560
1.17638e-05	44570
1.17324e-05	44580
1.1701e-05	44590
1.16697e-05	44600
1.16385e-05	44610
1.16074e-05	44620
1.15764e-05	44630
1.15454e-05	44640
1.15145e-05	44650
1.14837e-05	44660
1.1453e-05	44670
1.14224e-05	44680
1.13919e-05	44690
1.13614e-05	44700
1.1331e-05	44710
1.13007e-05	44720
1.12705e-05	44730
1.12404e-05	44740
1.12103e-05	44750
1.11804e-05	44760
1.11505e-05	44770
1.11206e-05	44780
1.10909e-05	44790
1.10613e-05	44800
1.10317e-05	44810
1.10022e-05	44820
1.09728e-05	44830
1.09434e-05	44840
1.09142e-05	44850
1.0885e-05	44860
1.08559e-05	44870
1.08268e-05	44880
1.07979e-05	44890
1.0769e-05	44900
1.07402e-05	44910
1.07115e-05	44920
1.06829e-05	44930
1.06543e-05	44940
1.06258e-05	44950
1.05974e-05	44960
1.05691e-05	44970
1.05408e-05	44980
1.05126e-05	44990
1.04845e-05	45000
1.04565e-05	45010
1.04285e-05	45020
1.04006e-05	45030
1.03728e-05	45040
1.03451e-05	45050
1.03174e-05	45060
1.02898e-05	45070
1.02623e-05	45080
1.02349e-05	45090
1.02075e-05	45100
1.01802e-05	45110
1.0153e-05	45120
1.01259e-05	45130
1.00988e-05	45140
1.00718e-05	45150
1.00449e-05	45160
1.0018e-05	45170
9.99122e-06	45180
9.9645e-06	45190
9.93786e-06	45200
9.91128e-06	45210
9.88478e-06	45220
9.85835e-06	45230
9.83199e-06	45240
9.8057e-06	45250
9.77949e-06	45260
9.75334e-06	45270
9.72726e-06	45280
9.70125e-06	45290
9.67531e-06	45300
9.64944e-06	45310
9.62364e-06	45320
9.59791e-06	45330
9.57224e-06	45340
9.54665e-06	45350
9.52112e-06	45360
9.49566e-06	45370
9.47027e-06	45380
9.44495e-06	45390
9.4197e-06	45400
9.39451e-06	45410
9.36939e-06	45420
9.34434e-06	45430
9.31935e-06	45440
9.29444e-06	45450
9.26958e-06	45460
9.2448e-06	45470
9.22008e-06	45480
9.19543e-06	45490
9.17084e-06	45500
9.14632e-06	45510
9.12186e-06	45520
9.09747e-06	45530
9.07315e-06	45540
9.04889e-06	45550
9.02469e-06	45560
9.00056e-06	45570
8.97649e-06	45580
8.95249e-06	45590
8.92856e-06	45600
8.90468e-06	45610
8.88087e-06	45620
8.85713e-06	45630
8.83344e-06	45640
8.80982e-06	45650
8.78627e-06	45660
8.76277e-06	45670
8.73934e-06	45680
8.71598e-06	45690
8.69267e-06	45700
8.66943e-06	45710
8.64625e-06	45720
8.62313e-06	45730
8.60007e-06	45740
8.57708e-06	45750
8.55414e-06	45760
8.53127e-06	45770
8.50846e-06	45780
8.48571e-06	45790
8.46302e-06	45800
8.44039e-06	45810
8.41782e-06	45820
8.39532e-06	45830
8.37287e-06	45840
8.35048e-06	45850
8.32815e-06	45860
8.30588e-06	45870
8.28368e-06	45880
8.26153e-06	45890
8.23944e-06	45900
8.21741e-06	45910
8.19543e-06	45920
8.17352e-06	45930
8.15167e-06	45940
8.12987e-06	45950
8.10813e-06	45960
8.08645e-06	45970
8.06483e-06	45980
8.04327e-06	45990
8.02176e-06	46000
8.00031e-06	46010
7.97892e-06	46020
7.95758e-06	46030
7.93631e-06	46040
7.91509e-06	46050
7.89392e-06	46060
7.87282e-06	46070
7.85177e-06	46080
7.83077e-06	46090
7.80983e-06	46100
7.78895e-06	46110
7.76812e-06	46120
7.74735e-06	46130
7.72664e-06	46140
7.70598e-06	46150
7.68537e-06	46160
7.66482e-06	46170
7.64433e-06	46180
7.62389e-06	46190
7.6035e-06	46200
7.58317e-06	46210
7.5629e-06	46220
7.54268e-06	46230
7.52251e-06	46240
7.50239e-06	46250
7.48233e-06	46260
7.46233e-06	46270
7.44237e-06	46280
7.42247e-06	46290
7.40263e-06	46300
7.38283e-06	46310
7.36309e-06	46320
7.34341e-06	46330
7.32377e-06	46340
7.30419e-06	46350
7.28466e-06	46360
7.26518e-06	46370
7.24575e-06	46380
7.22638e-06	46390
7.20706e-06	46400
7.18779e-06	46410
7.16857e-06	46420
7.1494e-06	46430
7.13029e-06	46440
7.11122e-06	46450
7.09221e-06	46460
7.07324e-06	46470
7.05433e-06	46480
7.03547e-06	46490
7.01666e-06	46500
6.99789e-06	46510
6.97918e-06	46520
6.96052e-06	46530
6.94191e-06	46540
6.92335e-06	46550
6.90484e-06	46560
6.88637e-06	46570
6.86796e-06	46580
6.8496e-06	46590
6.83128e-06	46600
6.81302e-06	46610
6.7948e-06	46620
6.77663e-06	46630
6.75851e-06	46640
6.74044e-06	46650
6.72242e-06	46660
6.70444e-06	46670
6.68652e-06	46680
6.66864e-06	46690
6.65081e-06	46700
6.63302e-06	46710
6.61529e-06	46720
6.5976e-06	46730
6.57996e-06	46740
6.56237e-06	46750
6.54482e-06	46760
6.52732e-06	46770
6.50987e-06	46780
6.49246e-06	46790
6.4751e-06	46800
6.45779e-06	46810
6.44052e-06	46820
6.4233e-06	46830
6.40612e-06	46840
6.38899e-06	46850
6.37191e-06	46860
6.35487e-06	46870
6.33788e-06	46880
6.32094e-06	46890
6.30403e-06	46900
6.28718e-06	46910
6.27037e-06	46920
6.2536e-06	46930
6.23688e-06	46940
6.2202e-06	46950
6.20357e-06	46960
6.18699e-06	46970
6.17044e-06	46980
6.15394e-06	46990
6.13749e-06	47000
6.12108e-06	47010
6.10471e-06	47020
6.08839e-06	47030
6.07211e-06	47040
6.05587e-06	47050
6.03968e-06	47060
6.02353e-06	47070
6.00743e-06	47080
5.99136e-06	47090
5.97534e-06	47100
5.95937e-06	47110
5.94343e-06	47120
5.92754e-06	47130
5.91169e-06	47140
5.89588e-06	47150
5.88012e-06	47160
5.8644e-06	47170
5.84872e-06	47180
5.83308e-06	47190
5.81748e-06	47200
5.80193e-06	47210
5.78641e-06	47220
5.77094e-06	47230
5.75551e-06	47240
5.74012e-06	47250
5.72477e-06	47260
5.70946e-06	47270
5.6942e-06	47280
5.67897e-06	47290
5.66379e-06	47300
5.64864e-06	47310
5.63354e-06	47320
5.61848e-06	47330
5.60345e-06	47340
5.58847e-06	47350
5.57353e-06	47360
5.55863e-06	47370
5.54376e-06	47380
5.52894e-06	47390
5.51416e-06	47400
5.49941e-06	47410
5.48471e-06	47420
5.47004e-06	47430
5.45542e-06	47440
5.44083e-06	47450
5.42628e-06	47460
5.41177e-06	47470
5.3973e-06	47480
5.38287e-06	47490
5.36848e-06	47500
5.35412e-06	47510
5.33981e-06	47520
5.32553e-06	47530
5.31129e-06	47540
5.29709e-06	47550
5.28293e-06	47560
5.2688e-06	47570
5.25471e-06	47580
5.24066e-06	47590
5.22665e-06	47600
5.21267e-06	47610
5.19874e-06	47620
5.18484e-06	47630
5.17097e-06	47640
5.15715e-06	47650
5.14336e-06	47660
5.1296e-06	47670
5.11589e-06	47680
5.10221e-06	47690
5.08857e-06	47700
5.07496e-06	47710
5.06139e-06	47720
5.04786e-06	47730
5.03436e-06	47740
5.0209e-06	47750
5.00747e-06	47760
4.99409e-06	47770
4.98073e-06	47780
4.96741e-06	47790
4.95413e-06	47800
4.94089e-06	47810
4.92767e-06	47820
4.9145e-06	47830
4.90136e-06	47840
4.88825e-06	47850
4.87518e-06	47860
4.86215e-06	47870
4.84915e-06	47880
4.83618e-06	47890
4.82325e-06	47900
4.81035e-06	47910
4.79749e-06	47920
4.78466e-06	47930
4.77187e-06	47940
4.75911e-06	47950
4.74638e-06	47960
4.73369e-06	47970
4.72104e-06	47980
4.70841e-06	47990
4.69582e-06	48000
4.68327e-06	48010
4.67075e-06	48020
4.65826e-06	48030
4.6458e-06	48040
4.63338e-06	48050
4.62099e-06	48060
4.60863e-06	48070
4.59631e-06	48080
4.58402e-06	48090
4.57176e-06	48100
4.55954e-06	48110
4.54735e-06	48120
4.53519e-06	48130
4.52306e-06	48140
4.51097e-06	48150
4.49891e-06	48160
4.48688e-06	48170
4.47488e-06	48180
4.46292e-06	48190
4.45098e-06	48200
4.43908e-06	48210
4.42721e-06	48220
4.41538e-06	48230
4.40357e-06	48240
4.39179e-06	48250
4.38005e-06	48260
4.36834e-06	48270
4.35666e-06	48280
4.34501e-06	48290
4.33339e-06	48300
4.32181e-06	48310
4.31025e-06	48320
4.29873e-06	48330
4.28723e-06	48340
4.27577e-06	48350
4.26434e-06	48360
4.25293e-06	48370
4.24156e-06	48380
4.23022e-06	48390
4.21891e-06	48400
4.20763e-06	48410
4.19638e-06	48420
4.18516e-06	48430
4.17397e-06	48440
4.16281e-06	48450
4.15168e-06	48460
4.14058e-06	48470
4.1295e-06	48480
4.11846e-06	48490
4.10745e-06	48500
4.09647e-06	48510
4.08551e-06	48520
4.07459e-06	48530
4.0637e-06	48540
4.05283e-06	48550
4.04199e-06	48560
4.03119e-06	48570
4.02041e-06	48580
4.00966e-06	48590
3.99894e-06	48600
3.98824e-06	48610
3.97758e-06	48620
3.96694e-06	48630
3.95634e-06	48640
3.94576e-06	48650
3.93521e-06	48660
3.92469e-06	48670
3.91419e-06	48680
3.90373e-06	48690
3.89329e-06	48700
3.88288e-06	48710
3.8725e-06	48720
3.86214e-06	48730
3.85181e-06	48740
3.84152e-06	48750
3.83124e-06	48760
3.821e-06	48770
3.81078e-06	48780
3.80059e-06	48790
3.79043e-06	48800
3.7803e-06	48810
3.77019e-06	48820
3.76011e-06	48830
3.75005e-06	48840
3.74003e-06	48850
3.73003e-06	48860
3.72005e-06	48870
3.71011e-06	48880
3.70019e-06	48890
3.69029e-06	48900
3.68042e-06	48910
3.67058e-06	48920
3.66077e-06	48930
3.65098e-06	48940
3.64122e-06	48950
3.63148e-06	48960
3.62177e-06	48970
3.61209e-06	48980
3.60243e-06	48990
3.5928e-06	49000
3.58319e-06	49010
3.57361e-06	49020
3.56406e-06	49030
3.55453e-06	49040
3.54502e-06	49050
3.53554e-06	49060
3.52609e-06	49070
3.51666e-06	49080
3.50726e-06	49090
3.49788e-06	49100
3.48853e-06	49110
3.4792e-06	49120
3.4699e-06	49130
3.46062e-06	49140
3.45137e-06	49150
3.44214e-06	49160
3.43293e-06	49170
3.42375e-06	49180
3.4146e-06	49190
3.40547e-06	49200
3.39636e-06	49210
3.38728e-06	49220
3.37823e-06	49230
3.36919e-06	49240
3.36018e-06	49250
3.3512e-06	49260
3.34224e-06	49270
3.3333e-06	49280
3.32439e-06	49290
3.3155e-06	49300
3.30664e-06	49310
3.29779e-06	49320
3.28898e-06	49330
3.28018e-06	49340
3.27141e-06	49350
3.26266e-06	49360
3.25394e-06	49370
3.24524e-06	49380
3.23656e-06	49390
3.22791e-06	49400
3.21928e-06	49410
3.21067e-06	49420
3.20209e-06	49430
3.19352e-06	49440
3.18498e-06	49450
3.17647e-06	49460
3.16798e-06	49470
3.1595e-06	49480
3.15106e-06	49490
3.14263e-06	49500
3.13423e-06	49510
3.12585e-06	49520
3.11749e-06	49530
3.10915e-06	49540
3.10084e-06	49550
3.09255e-06	49560
3.08428e-06	49570
3.07603e-06	49580
3.06781e-06	49590
3.05961e-06	49600
3.05143e-06	49610
3.04327e-06	49620
3.03513e-06	49630
3.02701e-06	49640
3.01892e-06	49650
3.01085e-06	49660
3.0028e-06	49670
2.99477e-06	49680
2.98676e-06	49690
2.97877e-06	49700
2.97081e-06	49710
2.96287e-06	49720
2.95494e-06	49730
2.94704e-06	49740
2.93916e-06	49750
2.9313e-06	49760
2.92347e-06	49770
2.91565e-06	49780
2.90785e-06	49790
2.90008e-06	49800
2.89232e-06	49810
2.88459e-06	49820
2.87688e-06	49830
2.86919e-06	49840
2.86151e-06	49850
2.85386e-06	49860
2.84623e-06	49870
2.83862e-06	49880
2.83103e-06	49890
2.82346e-06	49900
2.81591e-06	49910
2.80838e-06	49920
2.80087e-06	49930
2.79338e-06	49940
2.78592e-06	49950
2.77847e-06	49960
2.77104e-06	49970
2.76363e-06	49980
2.75624e-06	49990
2.74887e-06	50000
2.74152e-06	50010
2.73419e-06	50020
2.72688e-06	50030
2.71959e-06	50040
2.71231e-06	50050
2.70506e-06	50060
2.69783e-06	50070
2.69062e-06	50080
2.68342e-06	50090
2.67625e-06	50100
2.66909e-06	50110
2.66195e-06	50120
2.65484e-06	50130
2.64774e-06	50140
2.64066e-06	50150
2.6336e-06	50160
2.62656e-06	50170
2.61953e-06	50180
2.61253e-06	50190
2.60554e-06	50200
2.59858e-06	50210
2.59163e-06	50220
2.5847e-06	50230
2.57779e-06	50240
2.57089e-06	50250
2.56402e-06	50260
2.55716e-06	50270
2.55033e-06	50280
2.54351e-06	50290
2.53671e-06	50300
2.52992e-06	50310
2.52316e-06	50320
2.51641e-06	50330
2.50968e-06	50340
2.50297e-06	50350
2.49628e-06	50360
2.48961e-06	50370
2.48295e-06	50380
2.47631e-06	50390
2.46969e-06	50400
2.46309e-06	50410
2.4565e-06	50420
2.44993e-06	50430
2.44338e-06	50440
2.43685e-06	50450
2.43033e-06	50460
2.42383e-06	50470
2.41735e-06	50480
2.41089e-06	50490
2.40444e-06	50500
2.39801e-06	50510
2.3916e-06	50520
2.38521e-06	50530
2.37883e-06	50540
2.37247e-06	50550
2.36613e-06	50560
2.3598e-06	50570
2.35349e-06	50580
2.3472e-06	50590
2.34092e-06	50600
2.33466e-06	50610
2.32842e-06	50620
2.32219e-06	50630
2.31598e-06	50640
2.30979e-06	50650
2.30361e-06	50660
2.29746e-06	50670
2.29131e-06	50680
2.28519e-06	50690
2.27908e-06	50700
2.27298e-06	50710
2.2669e-06	50720
2.26084e-06	50730
2.2548e-06	50740
2.24877e-06	50750
2.24276e-06	50760
2.23676e-06	50770
2.23078e-06	50780
2.22481e-06	50790
2.21886e-06	50800
2.21293e-06	50810
2.20701e-06	50820
2.20111e-06	50830
2.19523e-06	50840
2.18936e-06	50850
2.1835e-06	50860
2.17767e-06	50870
2.17184e-06	50880
2.16604e-06	50890
2.16024e-06	50900
2.15447e-06	50910
2.14871e-06	50920
2.14296e-06	50930
2.13723e-06	50940
2.13152e-06	50950
2.12582e-06	50960
2.12013e-06	50970
2.11447e-06	50980
2.10881e-06	50990
2.10317e-06	51000
2.09755e-06	51010
2.09194e-06	51020
2.08635e-06	51030
2.08077e-06	51040
2.07521e-06	51050
2.06966e-06	51060
2.06412e-06	51070
2.0586e-06	51080
2.0531e-06	51090
2.04761e-06	51100
2.04213e-06	51110
2.03667e-06	51120
2.03123e-06	51130
2.0258e-06	51140
2.02038e-06	51150
2.01498e-06	51160
2.00959e-06	51170
2.00422e-06	51180
1.99886e-06	51190
1.99351e-06	51200
1.98818e-06	51210
1.98287e-06	51220
1.97757e-06	51230
1.97228e-06	51240
1.967e-06	51250
1.96174e-06	51260
1.9565e-06	51270
1.95127e-06	51280
1.94605e-06	51290
1.94085e-06	51300
1.93566e-06	51310
1.93048e-06	51320
1.92532e-06	51330
1.92017e-06	51340
1.91504e-06	51350
1.90992e-06	51360
1.90481e-06	51370
1.89972e-06	51380
1.89464e-06	51390
1.88957e-06	51400
1.88452e-06	51410
1.87948e-06	51420
1.87446e-06	51430
1.86944e-06	51440
1.86444e-06	51450
1.85946e-06	51460
1.85449e-06	51470
1.84953e-06	51480
1.84458e-06	51490
1.83965e-06	51500
1.83473e-06	51510
1.82983e-06	51520
1.82493e-06	51530
1.82005e-06	51540
1.81519e-06	51550
1.81033e-06	51560
1.80549e-06	51570
1.80067e-06	51580
1.79585e-06	51590
1.79105e-06	51600
1.78626e-06	51610
1.78148e-06	51620
1.77672e-06	51630
1.77197e-06	51640
1.76723e-06	51650
1.76251e-06	51660
1.75779e-06	51670
1.75309e-06	51680
1.74841e-06	51690
1.74373e-06	51700
1.73907e-06	51710
1.73442e-06	51720
1.72978e-06	51730
1.72516e-06	51740
1.72054e-06	51750
1.71594e-06	51760
1.71136e-06	51770
1.70678e-06	51780
1.70222e-06	51790
1.69766e-06	51800
1.69313e-06	51810
1.6886e-06	51820
1.68408e-06	51830
1.67958e-06	51840
1.67509e-06	51850
1.67061e-06	51860
1.66614e-06	51870
1.66169e-06	51880
1.65725e-06	51890
1.65281e-06	51900
1.64839e-06	51910
1.64399e-06	51920
1.63959e-06	51930
1.63521e-06	51940
1.63084e-06	51950
1.62647e-06	51960
1.62213e-06	51970
1.61779e-06	51980
1.61346e-06	51990
1.60915e-06	52000
1.60485e-06	52010
1.60055e-06	52020
1.59628e-06	52030
1.59201e-06	52040
1.58775e-06	52050
1.5835e-06	52060
1.57927e-06	52070
1.57505e-06	52080
1.57084e-06	52090
1.56664e-06	52100
1.56245e-06	52110
1.55827e-06	52120
1.5541e-06	52130
1.54995e-06	52140
1.5458e-06	52150
1.54167e-06	52160
1.53755e-06	52170
1.53344e-06	52180
1.52934e-06	52190
1.52525e-06	52200
1.52117e-06	52210
1.5171e-06	52220
1.51305e-06	52230
1.509e-06	52240
1.50496e-06	52250
1.50094e-06	52260
1.49693e-06	52270
1.49293e-06	52280
1.48893e-06	52290
1.48495e-06	52300
1.48098e-06	52310
1.47702e-06	52320
1.47307e-06	52330
1.46913e-06	52340
1.46521e-06	52350
1.46129e-06	52360
1.45738e-06	52370
1.45348e-06	52380
1.4496e-06	52390
1.44572e-06	52400
1.44186e-06	52410
1.438e-06	52420
1.43416e-06	52430
1.43032e-06	52440
1.4265e-06	52450
1.42268e-06	52460
1.41888e-06	52470
1.41508e-06	52480
1.4113e-06	52490
1.40753e-06	52500
1.40376e-06	52510
1.40001e-06	52520
1.39627e-06	52530
1.39253e-06	52540
1.38881e-06	52550
1.3851e-06	52560
1.38139e-06	52570
1.3777e-06	52580
1.37402e-06	52590
1.37034e-06	52600
1.36668e-06	52610
1.36302e-06	52620
1.35938e-06	52630
1.35574e-06	52640
1.35212e-06	52650
1.3485e-06	52660
1.3449e-06	52670
1.3413e-06	52680
1.33772e-06	52690
1.33414e-06	52700
1.33057e-06	52710
1.32701e-06	52720
1.32347e-06	52730
1.31993e-06	52740
1.3164e-06	52750
1.31288e-06	52760
1.30937e-06	52770
1.30587e-06	52780
1.30237e-06	52790
1.29889e-06	52800
1.29542e-06	52810
1.29196e-06	52820
1.2885e-06	52830
1.28506e-06	52840
1.28162e-06	52850
1.27819e-06	52860
1.27477e-06	52870
1.27137e-06	52880
1.26797e-06	52890
1.26458e-06	52900
1.2612e-06	52910
1.25782e-06	52920
1.25446e-06	52930
1.25111e-06	52940
1.24776e-06	52950
1.24442e-06	52960
1.2411e-06	52970
1.23778e-06	52980
1.23447e-06	52990
1.23117e-06	53000
1.22788e-06	53010
1.22459e-06	53020
1.22132e-06	53030
1.21805e-06	53040
1.2148e-06	53050
1.21155e-06	53060
1.20831e-06	53070
1.20508e-06	53080
1.20186e-06	53090
1.19864e-06	53100
1.19544e-06	53110
1.19224e-06	53120
1.18905e-06	53130
1.18587e-06	53140
1.1827e-06	53150
1.17954e-06	53160
1.17639e-06	53170
1.17324e-06	53180
1.1701e-06	53190
1.16697e-06	53200
1.16385e-06	53210
1.16074e-06	53220
1.15764e-06	53230
1.15454e-06	53240
1.15146e-06	53250
1.14838e-06	53260
1.14531e-06	53270
1.14224e-06	53280
1.13919e-06	53290
1.13614e-06	53300
1.13311e-06	53310
1.13008e-06	53320
1.12706e-06	53330
1.12404e-06	53340
1.12104e-06	53350
1.11804e-06	53360
1.11505e-06	53370
1.11207e-06	53380
1.10909e-06	53390
1.10613e-06	53400
1.10317e-06	53410
1.10022e-06	53420
1.09728e-06	53430
1.09435e-06	53440
1.09142e-06	53450
1.0885e-06	53460
1.08559e-06	53470
1.08269e-06	53480
1.07979e-06	53490
1.07691e-06	53500
1.07403e-06	53510
1.07115e-06	53520
1.06829e-06	53530
1.06543e-06	53540
1.06259e-06	53550
1.05974e-06	53560
1.05691e-06	53570
1.05408e-06	53580
1.05127e-06	53590
1.04846e-06	53600
1.04565e-06	53610
1.04286e-06	53620
1.04007e-06	53630
1.03729e-06	53640
1.03451e-06	53650
1.03175e-06	53660
1.02899e-06	53670
1.02624e-06	53680
1.02349e-06	53690
1.02076e-06	53700
1.01803e-06	53710
1.0153e-06	53720
1.01259e-06	53730
1.00988e-06	53740
1.00718e-06	53750
1.00449e-06	53760
1.0018e-06	53770
9.99125e-07	53780
