0.000000000000000000e+00 0.000000000000000000e+00 0.000000000000000000e+00 0.000000000000000000e+00 0.000000000000000000e+00 0.000000000000000000e+00 0.000000000000000000e+00 0.000000000000000000e+00 0.000000000000000000e+00 0.000000000000000000e+00 0.000000000000000000e+00 0.000000000000000000e+00 0.000000000000000000e+00 0.000000000000000000e+00 0.000000000000000000e+00 0.000000000000000000e+00 0.000000000000000000e+00 0.000000000000000000e+00 0.000000000000000000e+00 0.000000000000000000e+00 0.000000000000000000e+00
6.351774911002994184e-02 6.355777416277355596e-02 6.368062112271144493e-02 6.389044769240422028e-02 6.419454243593768206e-02 6.460386231703674209e-02 6.513385074814979914e-02 6.580560461960828500e-02 6.664748319542943000e-02 6.769727879033526907e-02 6.900509819738674666e-02 7.063713362568110887e-02 7.268053038356751816e-02 7.524958295920508577e-02 7.849350827156481580e-02 8.260605132793065464e-02 8.783717133065079008e-02 9.450703335413689066e-02 1.030224914480711296e-01 1.138961946487958982e-01 0.000000000000000000e+00
1.235495911240906408e-01 1.236308552038299369e-01 1.238791212671059155e-01 1.243011000500055530e-01 1.249082630836061136e-01 1.257171978813220459e-01 1.267500565078772956e-01 1.280350273805788697e-01 1.296067096900892224e-01 1.315061935788396086e-01 1.337805390458908783e-01 1.364811940214344932e-01 1.396606893623997536e-01 1.433666897420346198e-01 1.476321619670141749e-01 1.524600483460929190e-01 1.578004103846837314e-01 1.635175515819443093e-01 1.693441575393990761e-01 1.748190313418131470e-01 0.000000000000000000e+00
1.795209273852303444e-01 1.796329286268438796e-01 1.799730387306467949e-01 1.805474172650824161e-01 1.813662369797007234e-01 1.824434545963453669e-01 1.837963697434609189e-01 1.854448472823637672e-01 1.874100408606249046e-01 1.897124270426597537e-01 1.923689544211022728e-01 1.953891542674468795e-01 1.987701830565878902e-01 2.024910193766260580e-01 2.065064773735919568e-01 2.107423955382086156e-01 2.150943894674932633e-01 2.194339969914619326e-01 2.236279635758874340e-01 2.275788699209761179e-01 0.000000000000000000e+00
2.312719033627153031e-01 2.314017712865035492e-01 2.317938847218148635e-01 2.324520081645689296e-01 2.333820135887061109e-01 2.345912398829212431e-01 2.360875203114295440e-01 2.378778238801044220e-01 2.399664739433300109e-01 2.423529557530820500e-01 2.450294141292243266e-01 2.479780797586513541e-01 2.511690448192376857e-01 2.545590136691976979e-01 2.580918290337483323e-01 2.617016197187725379e-01 2.653191732327032648e-01 2.688813730628104026e-01 2.723419405745114985e-01 2.756788860335039337e-01 0.000000000000000000e+00
2.788919558706611790e-01 2.790292724010591807e-01 2.794418916618401916e-01 2.801308181573846090e-01 2.810972215242238392e-01 2.823417064990618175e-01 2.838633006366874656e-01 2.856581964135268548e-01 2.877183285579232863e-01 2.900299308802712361e-01 2.925722935712318784e-01 2.953170162654276121e-01 2.982280963699929233e-01 3.012631667363748766e-01 3.043760566811695156e-01 3.075205605907448403e-01 3.106548620978448194e-01 3.137455641792453731e-01 3.167699429605208561e-01 3.197153168019325475e-01 0.000000000000000000e+00
3.225757965063367760e-01 3.227136109149552623e-01 3.231261671099588395e-01 3.238121345450695743e-01 3.247688473600877090e-01 3.259916993632677173e-01 3.274733690062754943e-01 3.292029612390507398e-01 3.311651915016303738e-01 3.333397741743137077e-01 3.357012011866026824e-01 3.382190890763582258e-01 3.408592164583043593e-01 3.435852567397775781e-01 3.463610380118496423e-01 3.491529665935864113e-01 3.519321006561527687e-01 3.546753502823668525e-01 3.573654956800403903e-01 3.599901532675073290e-01 0.000000000000000000e+00
3.625402772993490674e-01 3.626745237201328687e-01 3.630752432832564103e-01 3.637394064398779547e-01 3.646616428896118367e-01 3.658338395992418723e-01 3.672446733802188223e-01 3.688791728621772514e-01 3.707184249977880652e-01 3.727395477279613623e-01 3.749160340196752150e-01 3.772185256763637695e-01 3.796159969146689628e-01 3.820772278342660089e-01 3.845723510231806586e-01 3.870741969073648869e-01 3.895591820982942100e-01 3.920075976904157100e-01 3.944033366471149660e-01 3.967332741661028783e-01 0.000000000000000000e+00
3.989865827136691578e-01 3.991151985618375808e-01 3.994982711467768843e-01 4.001316380291379815e-01 4.010081765915647356e-01 4.021175987918348405e-01 4.034462541266209956e-01 4.049770198863190673e-01 4.066893620218556826e-01 4.085596374728440727e-01 4.105616764556277998e-01 4.126676322482369375e-01 4.148490245226680306e-01 4.170778457140565387e-01 4.193275682051074149e-01 4.215739006296087554e-01 4.237951995801428340e-01 4.259725337162392211e-01 4.280894868249932594e-01 4.301318364111372805e-01 0.000000000000000000e+00
4.320872372380559212e-01 4.322094493948095417e-01 4.325728326303957538e-01 4.331725070928026944e-01 4.340002688830194022e-01 4.350445407930000341e-01 4.362903748967884576e-01 4.377195627484105067e-01 4.393109034121526202e-01 4.410406598260143696e-01 4.428832013514624744e-01 4.448117903256916250e-01 4.467994328219478395e-01 4.488196907380541112e-01 4.508473540128080659e-01 4.528589014513551003e-01 4.548327289284203045e-01 4.567491776065796261e-01 4.585904331626744490e-01 4.603403810059332191e-01 0.000000000000000000e+00
4.619845026518798470e-01 4.621003550060248655e-01 4.624443642468236138e-01 4.630112086418211592e-01 4.637920319162124327e-01 4.647745031117613834e-01 4.659429496957164796e-01 4.672785973399525838e-01 4.687599398899128245e-01 4.703632431368138800e-01 4.720631595230331268e-01 4.738334041918861317e-01 4.756474238755240558e-01 4.774789862391993767e-01 4.793026317469387676e-01 4.810939596234105053e-01 4.828297540202785565e-01 4.844879834886273162e-01 4.860477219458290143e-01 4.874890614080849560e-01 0.000000000000000000e+00
4.887931609764598617e-01 4.889032308829605045e-01 4.892297151050421511e-01 4.897670253965743514e-01 4.905059165077204630e-01 4.914336140726412450e-01 4.925340221309941202e-01 4.937880251581071023e-01 4.951738883584025919e-01 4.966677427291448788e-01 4.982441219485441719e-01 4.998765020195297115e-01 5.015377875526597640e-01 5.032006945269787979e-01 5.048379978426802417e-01 5.064226351533942516e-01 5.079276708347904012e-01 5.093261143131202484e-01 5.105905859375886591e-01 5.116929529773289742e-01 0.000000000000000000e+00
5.126044942028701312e-01 5.127097283480409606e-01 5.130216058206384933e-01 5.135343891762901292e-01 5.142386165630273842e-01 5.151212662363285899e-01 5.161659972625890491e-01 5.173534662140256701e-01 5.186617083946982731e-01 5.200665574576113226e-01 5.215420625970456081e-01 5.230608523253782449e-01 5.245943934013191923e-01 5.261131069743757438e-01 5.275863269702542047e-01 5.289820897122547994e-01 5.302666739136550067e-01 5.314036558574062319e-01 5.323522334529832145e-01 5.330653378790047858e-01 0.000000000000000000e+00
5.334901900625323989e-01 5.335918050954510106e-01 5.338927884699673498e-01 5.343873475997215072e-01 5.350659456591480012e-01 5.359154829705243817e-01 5.369195455394597527e-01 5.380587075307248224e-01 5.393108625837658154e-01 5.406515442730948084e-01 5.420541802014134936e-01 5.434902118618756273e-01 5.449290173847176622e-01 5.463376145979306209e-01 5.476801727985216584e-01 5.489172688108162612e-01 5.500043218138885859e-01 5.508878057340409473e-01 5.514980399992084337e-01 5.517415803510345995e-01 0.000000000000000000e+00
5.515057715934601479e-01 5.516051840805562545e-01 5.518995857692436946e-01 5.523832230006209265e-01 5.530466362324609753e-01 5.538768532815915302e-01 5.548576404959405517e-01 5.559697870327651170e-01 5.571913842875713119e-01 5.584980426534639220e-01 5.598629528705300062e-01 5.612566597901886833e-01 5.626464465185869734e-01 5.639954314574322503e-01 5.652617087400753082e-01 5.663972571411720613e-01 5.673436592241519749e-01 5.680178862832340192e-01 5.682839900556151402e-01 5.679281750532316764e-01 0.000000000000000000e+00
5.666935010268797646e-01 5.667922679363981420e-01 5.670848267858603631e-01 5.675655647566264506e-01 5.682252789232017376e-01 5.690513958528451433e-01 5.700282480606828628e-01 5.711373748450322418e-01 5.723578080621272157e-01 5.736662710976069279e-01 5.750370932632663523e-01 5.764414601926558523e-01 5.778458057832842609e-01 5.792102932069949084e-01 5.804895491975281541e-01 5.816346125553053525e-01 5.825820312991006888e-01 5.832007465480874009e-01 5.831872220591312050e-01 5.820022531123457687e-01 0.000000000000000000e+00
5.790848244387826194e-01 5.791845890725946244e-01 5.794802999933122978e-01 5.799665827298575715e-01 5.806346802019203279e-01 5.814727377164372601e-01 5.824661600333066458e-01 5.835980103417036657e-01 5.848494804595379959e-01 5.862004351608627317e-01 5.876294915850519551e-01 5.891121636247834692e-01 5.906165684814219663e-01 5.921021874452216949e-01 5.935333392329862345e-01 5.949031358770513478e-01 5.962043588593389787e-01 5.972283804046877309e-01 5.971950503123319987e-01 5.946726216813487120e-01 0.000000000000000000e+00
5.887024363213975153e-01 5.888048859421413095e-01 5.891088485880050518e-01 5.896092449344378927e-01 5.902979036413007474e-01 5.911639823253656001e-01 5.921944780776621231e-01 5.933747851941527651e-01 5.946897197098239829e-01 5.961256816539548531e-01 5.976722001604530821e-01 5.993162473842325033e-01 6.010271054719995565e-01 6.027588244096551140e-01 6.045260510299386159e-01 6.065331650005397757e-01 6.090802699787881691e-01 6.117945467155361250e-01 6.123870338471082420e-01 6.070192880962307358e-01 0.000000000000000000e+00
5.955620147453792868e-01 5.956688651167578730e-01 5.959861962929029477e-01 5.965091783668273751e-01 5.972302074992275056e-01 5.981396086275257984e-01 5.992263390531578082e-01 6.004783004760075871e-01 6.018843540001790338e-01 6.034426469888646283e-01 6.051692094983793790e-01 6.070761977023351186e-01 6.091072940843906824e-01 6.111519470666331166e-01 6.133839473642994644e-01 6.168200333224200804e-01 6.229381408226463135e-01 6.307446093780405549e-01 6.328266108695982384e-01 6.191938049282204037e-01 0.000000000000000000e+00
5.996736380321610049e-01 5.997866659505198816e-01 6.001225414443096540e-01 6.006764521216005903e-01 6.014409865694628765e-01 6.024076131457299921e-01 6.035676432145040682e-01 6.049094272319677223e-01 6.064201556819334149e-01 6.081171796474923452e-01 6.100890278983525095e-01 6.124081323664193333e-01 6.148472934051496530e-01 6.169165021586585640e-01 6.192334950500901769e-01 6.256848047833935000e-01 6.416786720762926999e-01 6.631128993250745562e-01 6.646755368909186279e-01 6.222501626034159239e-01 0.000000000000000000e+00
6.010428630952513451e-01 6.011640042048285171e-01 6.015239070503141106e-01 6.021172909068389645e-01 6.029356462251167503e-01 6.039716187348446175e-01 6.052218003527538581e-01 6.066676219999296293e-01 6.082634187522835134e-01 6.100529579756439613e-01 6.123571502043543280e-01 6.154369415801584919e-01 6.182924336473318849e-01 6.186873169715981780e-01 6.183196681022293806e-01 6.302798439353862747e-01 6.699710641453888726e-01 7.114111415520500969e-01 6.462081609549014116e-01 3.632009161884519610e-01 0.000000000000000000e+00
