0	0	0
0.00625	0	0
0.0125	0	0
0.01875	0	0
0.025	0	0
0.03125	0	0
0.0375	0	0
0.04375	0	0
0.05	0	0
0.05625	0	0
0.0625	0	0
0.06875	0	0
0.075	0	0
0.08125	0	0
0.0875	0	0
0.09375	0	0
0.1	0	0
0.10625	0	0
0.1125	0	0
0.11875	0	0
0.125	0	0
0.13125	0	0
0.1375	0	0
0.14375	0	0
0.15	0	0
0.15625	0	0
0.1625	0	0
0.16875	0	0
0.175	0	0
0.18125	0	0
0.1875	0	0
0.19375	0	0
0.2	0	0
0.20625	0	0
0.2125	0	0
0.21875	0	0
0.225	0	0
0.23125	0	0
0.2375	0	0
0.24375	0	0
0.25	0	0
0	0.025	0.00969315
0.00671875	0.025	0.0096906
0.0134375	0.025	0.00968277
0.0201562	0.025	0.00966966
0.026875	0.025	0.00965123
0.0335937	0.025	0.0096274
0.0403125	0.025	0.00959812
0.0470312	0.025	0.00956328
0.05375	0.025	0.00952278
0.0604688	0.025	0.00947647
0.0671875	0.025	0.00942421
0.0739063	0.025	0.00936581
0.080625	0.025	0.00930105
0.0873437	0.025	0.0092297
0.0940625	0.025	0.00915148
0.100781	0.025	0.00906606
0.1075	0.025	0.00897309
0.114219	0.025	0.00887215
0.120938	0.025	0.00876274
0.127656	0.025	0.00864433
0.134375	0.025	0.00851626
0.141094	0.025	0.00837778
0.147813	0.025	0.00822803
0.154531	0.025	0.00806598
0.16125	0.025	0.0078904
0.167969	0.025	0.00769987
0.174687	0.025	0.00749264
0.181406	0.025	0.00726664
0.188125	0.025	0.00701935
0.194844	0.025	0.00674768
0.201562	0.025	0.00644786
0.208281	0.025	0.00611523
0.215	0.025	0.00574403
0.221719	0.025	0.00532707
0.228437	0.025	0.00485541
0.235156	0.025	0.00431781
0.241875	0.025	0.0037002
0.248594	0.025	0.0029849
0.255312	0.025	0.00214964
0.262031	0.025	0.00116642
0.26875	0.025	0
0	0.05	0.0188349
0.0071875	0.05	0.0188291
0.014375	0.05	0.0188116
0.0215625	0.05	0.0187822
0.02875	0.05	0.0187408
0.0359375	0.05	0.0186873
0.043125	0.05	0.0186216
0.0503125	0.05	0.0185434
0.0575	0.05	0.0184524
0.0646875	0.05	0.0183483
0.071875	0.05	0.0182307
0.0790625	0.05	0.0180992
0.08625	0.05	0.0179533
0.0934375	0.05	0.0177924
0.100625	0.05	0.0176158
0.107812	0.05	0.0174227
0.115	0.05	0.0172123
0.122187	0.05	0.0169837
0.129375	0.05	0.0167355
0.136562	0.05	0.0164667
0.14375	0.05	0.0161756
0.150938	0.05	0.0158605
0.158125	0.05	0.0155195
0.165312	0.05	0.0151504
0.1725	0.05	0.0147505
0.179688	0.05	0.0143169
0.186875	0.05	0.0138461
0.194062	0.05	0.0133341
0.20125	0.05	0.0127764
0.208437	0.05	0.0121678
0.215625	0.05	0.0115024
0.222812	0.05	0.0107735
0.23	0.05	0.00997365
0.237187	0.05	0.00909458
0.244375	0.05	0.00812744
0.251562	0.05	0.00706294
0.25875	0.05	0.00589174
0.265937	0.05	0.00460514
0.273125	0.05	0.00319607
0.280312	0.05	0.00166057
0.2875	0.05	0
0	0.075	0.0274955
0.00765625	0.075	0.027486
0.0153125	0.075	0.0274571
0.0229687	0.075	0.0274087
0.030625	0.075	0.0273406
0.0382813	0.075	0.0272526
0.0459375	0.075	0.0271444
0.0535938	0.075	0.0270156
0.06125	0.075	0.0268658
0.0689063	0.075	0.0266943
0.0765625	0.075	0.0265007
0.0842188	0.075	0.0262841
0.091875	0.075	0.0260437
0.0995313	0.075	0.0257786
0.107188	0.075	0.0254877
0.114844	0.075	0.0251696
0.1225	0.075	0.0248232
0.130156	0.075	0.0244467
0.137813	0.075	0.0240384
0.145469	0.075	0.0235963
0.153125	0.075	0.0231182
0.160781	0.075	0.0226016
0.168438	0.075	0.0220437
0.176094	0.075	0.0214414
0.18375	0.075	0.0207911
0.191406	0.075	0.0200891
0.199063	0.075	0.0193312
0.206719	0.075	0.0185127
0.214375	0.075	0.0176287
0.222031	0.075	0.0166738
0.229688	0.075	0.0156424
0.237344	0.075	0.0145287
0.245	0.075	0.0133268
0.252656	0.075	0.0120311
0.260313	0.075	0.0106361
0.267969	0.075	0.00913716
0.275625	0.075	0.00753052
0.283281	0.075	0.00581372
0.290938	0.075	0.00398577
0.298594	0.075	0.00204726
0.30625	0.075	0
0	0.1	0.0357394
0.008125	0.1	0.0357258
0.01625	0.1	0.0356843
0.024375	0.1	0.0356148
0.0325	0.1	0.0355171
0.040625	0.1	0.0353908
0.04875	0.1	0.0352355
0.056875	0.1	0.0350507
0.065	0.1	0.0348358
0.073125	0.1	0.0345899
0.08125	0.1	0.0343123
0.089375	0.1	0.0340019
0.0975	0.1	0.0336576
0.105625	0.1	0.0332781
0.11375	0.1	0.0328619
0.121875	0.1	0.0324074
0.13	0.1	0.0319128
0.138125	0.1	0.0313761
0.14625	0.1	0.0307951
0.154375	0.1	0.0301673
0.1625	0.1	0.02949
0.170625	0.1	0.0287603
0.17875	0.1	0.027975
0.186875	0.1	0.0271306
0.195	0.1	0.0262235
0.203125	0.1	0.0252497
0.21125	0.1	0.024205
0.219375	0.1	0.0230853
0.2275	0.1	0.0218861
0.235625	0.1	0.0206029
0.24375	0.1	0.0192315
0.251875	0.1	0.0177678
0.26	0.1	0.0162078
0.268125	0.1	0.0145482
0.27625	0.1	0.0127862
0.284375	0.1	0.0109198
0.2925	0.1	0.00894763
0.300625	0.1	0.00686911
0.30875	0.1	0.00468444
0.316875	0.1	0.00239436
0.325	0.1	0
0	0.125	0.0436238
0.00859375	0.125	0.0436057
0.0171875	0.125	0.0435507
0.0257812	0.125	0.0434586
0.034375	0.125	0.0433292
0.0429688	0.125	0.043162
0.0515625	0.125	0.0429565
0.0601562	0.125	0.042712
0.06875	0.125	0.0424277
0.0773438	0.125	0.0421028
0.0859375	0.125	0.041736
0.0945313	0.125	0.0413263
0.103125	0.125	0.0408723
0.111719	0.125	0.0403723
0.120312	0.125	0.0398247
0.128906	0.125	0.0392276
0.1375	0.125	0.0385788
0.146094	0.125	0.0378763
0.154688	0.125	0.0371173
0.163281	0.125	0.0362994
0.171875	0.125	0.0354196
0.180469	0.125	0.0344749
0.189063	0.125	0.0334621
0.197656	0.125	0.0323778
0.20625	0.125	0.0312185
0.214844	0.125	0.0299807
0.223438	0.125	0.0286607
0.232031	0.125	0.027255
0.240625	0.125	0.02576
0.249219	0.125	0.0241724
0.257812	0.125	0.0224892
0.266406	0.125	0.0207074
0.275	0.125	0.0188248
0.283594	0.125	0.0168394
0.292187	0.125	0.0147498
0.300781	0.125	0.0125549
0.309375	0.125	0.0102543
0.317969	0.125	0.00784806
0.326562	0.125	0.00533646
0.335156	0.125	0.00272015
0.34375	0.125	0
0	0.15	0.0511972
0.0090625	0.15	0.0511744
0.018125	0.15	0.0511054
0.0271875	0.15	0.0509898
0.03625	0.15	0.0508274
0.0453125	0.15	0.0506177
0.054375	0.15	0.05036
0.0634375	0.15	0.0500536
0.0725	0.15	0.0496976
0.0815625	0.15	0.0492909
0.090625	0.15	0.0488323
0.0996875	0.15	0.0483205
0.10875	0.15	0.0477538
0.117813	0.15	0.0471306
0.126875	0.15	0.0464491
0.135937	0.15	0.0457072
0.145	0.15	0.0449027
0.154062	0.15	0.0440332
0.163125	0.15	0.0430962
0.172187	0.15	0.042089
0.18125	0.15	0.0410088
0.190312	0.15	0.0398528
0.199375	0.15	0.0386179
0.208437	0.15	0.0373009
0.2175	0.15	0.0358989
0.226562	0.15	0.0344088
0.235625	0.15	0.0328276
0.244688	0.15	0.0311524
0.25375	0.15	0.0293805
0.262813	0.15	0.0275095
0.271875	0.15	0.0255371
0.280938	0.15	0.0234615
0.29	0.15	0.0212812
0.299062	0.15	0.0189951
0.308125	0.15	0.0166022
0.317188	0.15	0.0141022
0.32625	0.15	0.011495
0.335313	0.15	0.00878066
0.344375	0.15	0.00595962
0.353437	0.15	0.00303249
0.3625	0.15	0
0	0.175	0.0584999
0.00953125	0.175	0.0584724
0.0190625	0.175	0.058389
0.0285937	0.175	0.0582495
0.038125	0.175	0.0580535
0.0476562	0.175	0.0578004
0.0571875	0.175	0.0574897
0.0667187	0.175	0.0571204
0.07625	0.175	0.0566916
0.0857813	0.175	0.0562021
0.0953125	0.175	0.0556506
0.104844	0.175	0.0550358
0.114375	0.175	0.0543559
0.123906	0.175	0.0536092
0.133437	0.175	0.0527938
0.142969	0.175	0.0519076
0.1525	0.175	0.0509484
0.162031	0.175	0.0499139
0.171563	0.175	0.0488016
0.181094	0.175	0.047609
0.190625	0.175	0.0463334
0.200156	0.175	0.0449721
0.209687	0.175	0.0435225
0.219219	0.175	0.0419819
0.22875	0.175	0.0403476
0.238281	0.175	0.038617
0.247812	0.175	0.0367878
0.257344	0.175	0.0348577
0.266875	0.175	0.0328246
0.276406	0.175	0.0306867
0.285937	0.175	0.0284424
0.295469	0.175	0.0260905
0.305	0.175	0.0236299
0.314531	0.175	0.0210599
0.324062	0.175	0.0183802
0.333594	0.175	0.0155904
0.343125	0.175	0.0126907
0.352656	0.175	0.00968132
0.362187	0.175	0.00656267
0.371719	0.175	0.00333533
0.38125	0.175	0
0	0.2	0.0655642
0.01	0.2	0.065532
0.02	0.2	0.0654342
0.03	0.2	0.0652706
0.04	0.2	0.0650408
0.05	0.2	0.0647442
0.06	0.2	0.0643802
0.07	0.2	0.0639479
0.08	0.2	0.0634463
0.09	0.2	0.0628741
0.1	0.2	0.0622301
0.11	0.2	0.0615127
0.12	0.2	0.0607204
0.13	0.2	0.0598514
0.14	0.2	0.0589038
0.15	0.2	0.0578755
0.16	0.2	0.0567644
0.17	0.2	0.0555683
0.18	0.2	0.054285
0.19	0.2	0.0529119
0.2	0.2	0.0514468
0.21	0.2	0.0498873
0.22	0.2	0.0482309
0.23	0.2	0.0464754
0.24	0.2	0.0446186
0.25	0.2	0.0426582
0.26	0.2	0.0405925
0.27	0.2	0.0384195
0.28	0.2	0.0361378
0.29	0.2	0.0337459
0.3	0.2	0.0312427
0.31	0.2	0.0286273
0.32	0.2	0.0258992
0.33	0.2	0.0230577
0.34	0.2	0.0201027
0.35	0.2	0.0170343
0.36	0.2	0.0138524
0.37	0.2	0.0105576
0.38	0.2	0.00715017
0.39	0.2	0.00363075
0.4	0.2	0
0	0.225	0.0724155
0.0104688	0.225	0.0723785
0.0209375	0.225	0.0722663
0.0314062	0.225	0.0720787
0.041875	0.225	0.0718153
0.0523438	0.225	0.0714755
0.0628125	0.225	0.0710586
0.0732812	0.225	0.0705638
0.08375	0.225	0.06999
0.0942188	0.225	0.069336
0.104688	0.225	0.0686005
0.115156	0.225	0.067782
0.125625	0.225	0.066879
0.136094	0.225	0.0658898
0.146562	0.225	0.0648124
0.157031	0.225	0.0636451
0.1675	0.225	0.0623857
0.177969	0.225	0.0610322
0.188438	0.225	0.0595826
0.198906	0.225	0.0580346
0.209375	0.225	0.0563861
0.219844	0.225	0.0546351
0.230313	0.225	0.0527794
0.240781	0.225	0.0508172
0.25125	0.225	0.0487465
0.261719	0.225	0.0465656
0.272188	0.225	0.0442729
0.282656	0.225	0.0418671
0.293125	0.225	0.0393469
0.303594	0.225	0.0367113
0.314063	0.225	0.0339594
0.324531	0.225	0.0310907
0.335	0.225	0.0281048
0.345469	0.225	0.0250013
0.355938	0.225	0.0217802
0.366406	0.225	0.0184417
0.376875	0.225	0.014986
0.387344	0.225	0.0114134
0.397813	0.225	0.00772448
0.408281	0.225	0.00391979
0.41875	0.225	0
0	0.25	0.0790726
0.0109375	0.25	0.0790309
0.021875	0.25	0.0789045
0.0328125	0.25	0.0786932
0.04375	0.25	0.0783966
0.0546875	0.25	0.0780141
0.065625	0.25	0.0775451
0.0765625	0.25	0.0769886
0.0875	0.25	0.0763437
0.0984375	0.25	0.0756092
0.109375	0.25	0.0747838
0.120313	0.25	0.0738661
0.13125	0.25	0.0728546
0.142187	0.25	0.0717477
0.153125	0.25	0.0705437
0.164062	0.25	0.0692407
0.175	0.25	0.0678369
0.185938	0.25	0.0663304
0.196875	0.25	0.0647194
0.207812	0.25	0.0630018
0.21875	0.25	0.0611759
0.229688	0.25	0.0592398
0.240625	0.25	0.0571917
0.251562	0.25	0.0550299
0.2625	0.25	0.052753
0.273438	0.25	0.0503595
0.284375	0.25	0.0478481
0.295313	0.25	0.0452178
0.30625	0.25	0.0424676
0.317188	0.25	0.0395967
0.328125	0.25	0.0366046
0.339062	0.25	0.0334908
0.35	0.25	0.0302551
0.360937	0.25	0.0268975
0.371875	0.25	0.023418
0.382812	0.25	0.0198168
0.39375	0.25	0.0160942
0.404688	0.25	0.0122506
0.415625	0.25	0.00828667
0.426563	0.25	0.0042029
0.4375	0.25	0
0	0.275	0.0855494
0.0114063	0.275	0.085503
0.0228125	0.275	0.0853627
0.0342187	0.275	0.0851281
0.045625	0.275	0.0847988
0.0570313	0.275	0.0843744
0.0684375	0.275	0.0838541
0.0798438	0.275	0.083237
0.09125	0.275	0.0825224
0.102656	0.275	0.0817089
0.114063	0.275	0.0807955
0.125469	0.275	0.0797807
0.136875	0.275	0.0786633
0.148281	0.275	0.0774415
0.159688	0.275	0.0761139
0.171094	0.275	0.0746789
0.1825	0.275	0.0731346
0.193906	0.275	0.0714795
0.205313	0.275	0.0697117
0.216719	0.275	0.0678297
0.228125	0.275	0.0658318
0.239531	0.275	0.0637165
0.250938	0.275	0.0614821
0.262344	0.275	0.0591274
0.27375	0.275	0.056651
0.285156	0.275	0.0540519
0.296563	0.275	0.0513289
0.307969	0.275	0.0484813
0.319375	0.275	0.0455083
0.330781	0.275	0.0424094
0.342188	0.275	0.0391843
0.353594	0.275	0.0358326
0.365	0.275	0.0323544
0.376406	0.275	0.0287495
0.387813	0.275	0.0250183
0.399219	0.275	0.021161
0.410625	0.275	0.017178
0.422031	0.275	0.0130698
0.433438	0.275	0.00883695
0.444844	0.275	0.00448012
0.45625	0.275	0
0	0.3	0.0918552
0.011875	0.3	0.0918043
0.02375	0.3	0.0916502
0.035625	0.3	0.0913927
0.0475	0.3	0.0910315
0.059375	0.3	0.0905659
0.07125	0.3	0.0899953
0.083125	0.3	0.089319
0.095	0.3	0.088536
0.106875	0.3	0.0876454
0.11875	0.3	0.0866459
0.130625	0.3	0.0855363
0.1425	0.3	0.0843154
0.154375	0.3	0.0829817
0.16625	0.3	0.0815337
0.178125	0.3	0.0799701
0.19	0.3	0.0782891
0.201875	0.3	0.0764895
0.21375	0.3	0.0745696
0.225625	0.3	0.072528
0.2375	0.3	0.0703632
0.249375	0.3	0.068074
0.26125	0.3	0.065659
0.273125	0.3	0.0631172
0.285	0.3	0.0604474
0.296875	0.3	0.0576488
0.30875	0.3	0.0547206
0.320625	0.3	0.0516622
0.3325	0.3	0.048473
0.344375	0.3	0.0451527
0.35625	0.3	0.041701
0.368125	0.3	0.038118
0.38	0.3	0.0344036
0.391875	0.3	0.030558
0.40375	0.3	0.0265814
0.415625	0.3	0.0224744
0.4275	0.3	0.0182372
0.439375	0.3	0.0138705
0.45125	0.3	0.00937499
0.463125	0.3	0.00475123
0.475	0.3	0
0	0.325	0.0979958
0.0123438	0.325	0.0979405
0.0246875	0.325	0.097773
0.0370313	0.325	0.097493
0.049375	0.325	0.0971004
0.0617188	0.325	0.0965945
0.0740625	0.325	0.0959748
0.0864063	0.325	0.0952405
0.09875	0.325	0.0943907
0.111094	0.325	0.0934246
0.123438	0.325	0.0923411
0.135781	0.325	0.091139
0.148125	0.325	0.0898172
0.160469	0.325	0.0883743
0.172813	0.325	0.0868091
0.185156	0.325	0.0851202
0.1975	0.325	0.0833063
0.209844	0.325	0.0813661
0.222188	0.325	0.0792982
0.234531	0.325	0.0771014
0.246875	0.325	0.0747746
0.259219	0.325	0.0723165
0.271563	0.325	0.0697261
0.283906	0.325	0.0670026
0.29625	0.325	0.064145
0.308594	0.325	0.0611527
0.320938	0.325	0.0580251
0.333281	0.325	0.0547617
0.345625	0.325	0.0513623
0.357969	0.325	0.0478266
0.370313	0.325	0.0441546
0.382656	0.325	0.0403464
0.395	0.325	0.036402
0.407344	0.325	0.0323219
0.419687	0.325	0.0281063
0.432031	0.325	0.0237557
0.444375	0.325	0.0192707
0.456719	0.325	0.0146519
0.469062	0.325	0.00990004
0.481406	0.325	0.00501581
0.49375	0.325	0
0	0.35	0.103974
0.0128125	0.35	0.103914
0.025625	0.35	0.103734
0.0384375	0.35	0.103432
0.05125	0.35	0.103008
0.0640625	0.35	0.102463
0.076875	0.35	0.101795
0.0896875	0.35	0.101004
0.1025	0.35	0.100089
0.115312	0.35	0.0990496
0.128125	0.35	0.097884
0.140937	0.35	0.0965916
0.15375	0.35	0.0951713
0.166563	0.35	0.0936219
0.179375	0.35	0.0919424
0.192187	0.35	0.0901315
0.205	0.35	0.0881882
0.217812	0.35	0.0861111
0.230625	0.35	0.0838993
0.243437	0.35	0.0815516
0.25625	0.35	0.079067
0.269062	0.35	0.0764447
0.281875	0.35	0.0736838
0.294687	0.35	0.0707836
0.3075	0.35	0.0677434
0.320312	0.35	0.0645627
0.333125	0.35	0.0612412
0.345938	0.35	0.0577786
0.35875	0.35	0.0541747
0.371562	0.35	0.0504295
0.384375	0.35	0.0465431
0.397187	0.35	0.0425156
0.41	0.35	0.0383475
0.422812	0.35	0.0340389
0.435625	0.35	0.0295906
0.448437	0.35	0.0250029
0.46125	0.35	0.0202767
0.474062	0.35	0.0154124
0.486875	0.35	0.0104111
0.499687	0.35	0.00527329
0.5125	0.35	0
0	0.375	0.10979
0.0132813	0.375	0.109726
0.0265625	0.375	0.109533
0.0398437	0.375	0.109209
0.053125	0.375	0.108756
0.0664062	0.375	0.108172
0.0796875	0.375	0.107457
0.0929687	0.375	0.106611
0.10625	0.375	0.105632
0.119531	0.375	0.10452
0.132812	0.375	0.103275
0.146094	0.375	0.101894
0.159375	0.375	0.100378
0.172656	0.375	0.0987245
0.185937	0.375	0.0969336
0.199219	0.375	0.0950038
0.2125	0.375	0.0929342
0.225781	0.375	0.0907239
0.239063	0.375	0.0883718
0.252344	0.375	0.0858772
0.265625	0.375	0.0832391
0.278906	0.375	0.080457
0.292188	0.375	0.0775301
0.305469	0.375	0.074458
0.31875	0.375	0.0712401
0.332031	0.375	0.0678763
0.345313	0.375	0.0643661
0.358594	0.375	0.0607097
0.371875	0.375	0.0569069
0.385156	0.375	0.0529579
0.398438	0.375	0.0488629
0.411719	0.375	0.0446223
0.425	0.375	0.0402365
0.438281	0.375	0.0357061
0.451562	0.375	0.0310315
0.464844	0.375	0.0262135
0.478125	0.375	0.0212528
0.491406	0.375	0.0161503
0.504687	0.375	0.0109067
0.517969	0.375	0.00552297
0.53125	0.375	0
0	0.4	0.115443
0.01375	0.4	0.115375
0.0275	0.4	0.115169
0.04125	0.4	0.114825
0.055	0.4	0.114342
0.06875	0.4	0.11372
0.0825	0.4	0.112959
0.09625	0.4	0.112059
0.11	0.4	0.111018
0.12375	0.4	0.109835
0.1375	0.4	0.108511
0.15125	0.4	0.107045
0.165	0.4	0.105434
0.17875	0.4	0.10368
0.1925	0.4	0.10178
0.20625	0.4	0.0997344
0.22	0.4	0.0975418
0.23375	0.4	0.0952015
0.2475	0.4	0.0927127
0.26125	0.4	0.0900749
0.275	0.4	0.0872874
0.28875	0.4	0.0843497
0.3025	0.4	0.0812612
0.31625	0.4	0.0780217
0.33	0.4	0.074631
0.34375	0.4	0.0710889
0.3575	0.4	0.0673953
0.37125	0.4	0.0635503
0.385	0.4	0.0595542
0.39875	0.4	0.0554072
0.4125	0.4	0.0511097
0.42625	0.4	0.0466621
0.44	0.4	0.0420651
0.45375	0.4	0.0373193
0.4675	0.4	0.0324254
0.48125	0.4	0.0273842
0.495	0.4	0.0221965
0.50875	0.4	0.0168633
0.5225	0.4	0.0113855
0.53625	0.4	0.00576404
0.55	0.4	0
0	0.425	0.12093
0.0142188	0.425	0.120858
0.0284375	0.425	0.120639
0.0426562	0.425	0.120274
0.056875	0.425	0.119763
0.0710937	0.425	0.119104
0.0853125	0.425	0.118298
0.0995312	0.425	0.117345
0.11375	0.425	0.116242
0.127969	0.425	0.114991
0.142187	0.425	0.113591
0.156406	0.425	0.11204
0.170625	0.425	0.110338
0.184844	0.425	0.108484
0.199062	0.425	0.106478
0.213281	0.425	0.104319
0.2275	0.425	0.102007
0.241719	0.425	0.0995395
0.255937	0.425	0.0969175
0.270156	0.425	0.0941401
0.284375	0.425	0.0912069
0.298594	0.425	0.0881175
0.312812	0.425	0.0848717
0.327031	0.425	0.0814694
0.34125	0.425	0.0779104
0.355469	0.425	0.0741949
0.369688	0.425	0.070323
0.383906	0.425	0.0662949
0.398125	0.425	0.0621111
0.412344	0.425	0.0577719
0.426562	0.425	0.0532779
0.440781	0.425	0.0486298
0.455	0.425	0.0438282
0.469219	0.425	0.038874
0.483437	0.425	0.033768
0.497656	0.425	0.0285112
0.511875	0.425	0.0231045
0.526094	0.425	0.0175489
0.540312	0.425	0.0118456
0.554531	0.425	0.00599559
0.56875	0.425	0
0	0.45	0.126246
0.0146875	0.45	0.12617
0.029375	0.45	0.125939
0.0440625	0.45	0.125554
0.05875	0.45	0.125014
0.0734375	0.45	0.12432
0.088125	0.45	0.12347
0.102813	0.45	0.122464
0.1175	0.45	0.121302
0.132188	0.45	0.119984
0.146875	0.45	0.118508
0.161563	0.45	0.116875
0.17625	0.45	0.115083
0.190938	0.45	0.113133
0.205625	0.45	0.111023
0.220313	0.45	0.108753
0.235	0.45	0.106323
0.249688	0.45	0.103732
0.264375	0.45	0.10098
0.279062	0.45	0.0980665
0.29375	0.45	0.0949912
0.308438	0.45	0.0917541
0.323125	0.45	0.0883551
0.337812	0.45	0.0847943
0.3525	0.45	0.0810717
0.367188	0.45	0.0771877
0.381875	0.45	0.0731426
0.396563	0.45	0.0689368
0.41125	0.45	0.0645709
0.425938	0.45	0.0600455
0.440625	0.45	0.0553613
0.455313	0.45	0.0505193
0.47	0.45	0.0455201
0.484687	0.45	0.0403649
0.499375	0.45	0.0350546
0.514062	0.45	0.0295904
0.52875	0.45	0.0239733
0.543438	0.45	0.0182044
0.558125	0.45	0.0122851
0.572813	0.45	0.00621658
0.5875	0.45	0
0	0.475	0.131387
0.0151562	0.475	0.131307
0.0303125	0.475	0.131065
0.0454687	0.475	0.13066
0.060625	0.475	0.130092
0.0757812	0.475	0.129362
0.0909375	0.475	0.128469
0.106094	0.475	0.127412
0.12125	0.475	0.126191
0.136406	0.475	0.124807
0.151562	0.475	0.123258
0.166719	0.475	0.121543
0.181875	0.475	0.119664
0.197031	0.475	0.117619
0.212187	0.475	0.115407
0.227344	0.475	0.113029
0.2425	0.475	0.110484
0.257656	0.475	0.107773
0.272813	0.475	0.104894
0.287969	0.475	0.101847
0.303125	0.475	0.0986333
0.318281	0.475	0.0952522
0.333437	0.475	0.091704
0.348594	0.475	0.0879889
0.36375	0.475	0.0841073
0.378906	0.475	0.0800596
0.394062	0.475	0.0758464
0.409219	0.475	0.0714684
0.424375	0.475	0.0669262
0.439531	0.475	0.0622208
0.454687	0.475	0.0573531
0.469844	0.475	0.052324
0.485	0.475	0.0471347
0.500156	0.475	0.0417863
0.515312	0.475	0.03628
0.530469	0.475	0.0306171
0.545625	0.475	0.0247989
0.560781	0.475	0.0188267
0.575937	0.475	0.0127019
0.591094	0.475	0.00642588
0.60625	0.475	0
0	0.5	0.136347
0.015625	0.5	0.136263
0.03125	0.5	0.136009
0.046875	0.5	0.135585
0.0625	0.5	0.13499
0.078125	0.5	0.134225
0.09375	0.5	0.133289
0.109375	0.5	0.132182
0.125	0.5	0.130904
0.140625	0.5	0.129454
0.15625	0.5	0.127833
0.171875	0.5	0.12604
0.1875	0.5	0.124074
0.203125	0.5	0.121936
0.21875	0.5	0.119625
0.234375	0.5	0.117141
0.25	0.5	0.114484
0.265625	0.5	0.111653
0.28125	0.5	0.10865
0.296875	0.5	0.105474
0.3125	0.5	0.102125
0.328125	0.5	0.0986036
0.34375	0.5	0.09491
0.359375	0.5	0.0910449
0.375	0.5	0.0870087
0.390625	0.5	0.0828022
0.40625	0.5	0.0784261
0.421875	0.5	0.0738813
0.4375	0.5	0.0691689
0.453125	0.5	0.0642898
0.46875	0.5	0.0592453
0.484375	0.5	0.0540366
0.5	0.5	0.0486649
0.515625	0.5	0.0431317
0.53125	0.5	0.0374383
0.546875	0.5	0.0315863
0.5625	0.5	0.0255771
0.578125	0.5	0.0194124
0.59375	0.5	0.0130935
0.609375	0.5	0.00662223
0.625	0.5	0
0	0.525	0.14112
0.0160938	0.525	0.141032
0.0321875	0.525	0.140767
0.0482813	0.525	0.140323
0.064375	0.525	0.139702
0.0804688	0.525	0.138902
0.0965625	0.525	0.137924
0.112656	0.525	0.136768
0.12875	0.525	0.135433
0.144844	0.525	0.13392
0.160938	0.525	0.132227
0.177031	0.525	0.130356
0.193125	0.525	0.128306
0.209219	0.525	0.126076
0.225312	0.525	0.123667
0.241406	0.525	0.121079
0.2575	0.525	0.118312
0.273594	0.525	0.115366
0.289688	0.525	0.112241
0.305781	0.525	0.108938
0.321875	0.525	0.105458
0.337969	0.525	0.101799
0.354063	0.525	0.0979641
0.370156	0.525	0.093953
0.38625	0.525	0.0897667
0.402344	0.525	0.0854062
0.418438	0.525	0.0808725
0.434531	0.525	0.0761667
0.450625	0.525	0.07129
0.466719	0.525	0.0662439
0.482813	0.525	0.0610297
0.498906	0.525	0.055649
0.515	0.525	0.0501032
0.531094	0.525	0.044394
0.547188	0.525	0.0385231
0.563281	0.525	0.0324923
0.579375	0.525	0.0263032
0.595469	0.525	0.0199576
0.611563	0.525	0.0134573
0.627656	0.525	0.00680422
0.64375	0.525	0
0	0.55	0.1457
0.0165625	0.55	0.145608
0.033125	0.55	0.145331
0.0496875	0.55	0.144869
0.06625	0.55	0.144221
0.0828125	0.55	0.143387
0.099375	0.55	0.142368
0.115938	0.55	0.141163
0.1325	0.55	0.139772
0.149063	0.55	0.138195
0.165625	0.55	0.136433
0.182188	0.55	0.134485
0.19875	0.55	0.132351
0.215313	0.55	0.130032
0.231875	0.55	0.127527
0.248438	0.55	0.124837
0.265	0.55	0.121962
0.281563	0.55	0.118902
0.298125	0.55	0.115658
0.314688	0.55	0.112231
0.33125	0.55	0.108621
0.347813	0.55	0.10483
0.364375	0.55	0.100857
0.380938	0.55	0.0967036
0.3975	0.55	0.0923715
0.414063	0.55	0.0878618
0.430625	0.55	0.0831756
0.447188	0.55	0.0783145
0.46375	0.55	0.0732799
0.480313	0.55	0.0680736
0.496875	0.55	0.0626971
0.513438	0.55	0.0571524
0.53	0.55	0.0514412
0.546563	0.55	0.0455656
0.563125	0.55	0.0395274
0.579688	0.55	0.0333288
0.59625	0.55	0.0269717
0.612813	0.55	0.0204582
0.629375	0.55	0.0137904
0.645938	0.55	0.00697031
0.6625	0.55	0
0	0.575	0.15008
0.0170312	0.575	0.149984
0.0340625	0.575	0.149696
0.0510937	0.575	0.149214
0.068125	0.575	0.14854
0.0851562	0.575	0.147673
0.102187	0.575	0.146612
0.119219	0.575	0.145359
0.13625	0.575	0.143913
0.153281	0.575	0.142274
0.170312	0.575	0.140443
0.187344	0.575	0.138419
0.204375	0.575	0.136203
0.221406	0.575	0.133795
0.238437	0.575	0.131195
0.255469	0.575	0.128404
0.2725	0.575	0.125423
0.289531	0.575	0.122252
0.306562	0.575	0.118891
0.323594	0.575	0.115343
0.340625	0.575	0.111607
0.357656	0.575	0.107684
0.374688	0.575	0.103577
0.391719	0.575	0.0992859
0.40875	0.575	0.0948125
0.425781	0.575	0.0901582
0.442812	0.575	0.0853249
0.459844	0.575	0.0803142
0.476875	0.575	0.0751281
0.493906	0.575	0.0697685
0.510937	0.575	0.0642375
0.527969	0.575	0.0585373
0.545	0.575	0.05267
0.562031	0.575	0.0466379
0.579062	0.575	0.0404435
0.596094	0.575	0.034089
0.613125	0.575	0.0275769
0.630156	0.575	0.0209096
0.647187	0.575	0.0140894
0.664219	0.575	0.00711875
0.68125	0.575	0
0	0.6	0.154252
0.0175	0.6	0.154153
0.035	0.6	0.153854
0.0525	0.6	0.153354
0.07	0.6	0.152653
0.0875	0.6	0.151752
0.105	0.6	0.150651
0.1225	0.6	0.14935
0.14	0.6	0.147849
0.1575	0.6	0.146148
0.175	0.6	0.144248
0.1925	0.6	0.142149
0.21	0.6	0.139851
0.2275	0.6	0.137356
0.245	0.6	0.134663
0.2625	0.6	0.131773
0.28	0.6	0.128687
0.2975	0.6	0.125405
0.315	0.6	0.12193
0.3325	0.6	0.118262
0.35	0.6	0.114403
0.3675	0.6	0.110353
0.385	0.6	0.106114
0.4025	0.6	0.101689
0.42	0.6	0.0970782
0.4375	0.6	0.0922842
0.455	0.6	0.0873089
0.4725	0.6	0.0821545
0.49	0.6	0.0768233
0.5075	0.6	0.0713176
0.525	0.6	0.0656401
0.5425	0.6	0.0597931
0.56	0.6	0.0537794
0.5775	0.6	0.0476017
0.595	0.6	0.0412628
0.6125	0.6	0.0347654
0.63	0.6	0.0281123
0.6475	0.6	0.0213065
0.665	0.6	0.0143507
0.6825	0.6	0.00724759
0.7	0.6	0
0	0.625	0.158212
0.0179688	0.625	0.158109
0.0359375	0.625	0.157798
0.0539062	0.625	0.157279
0.071875	0.625	0.156553
0.0898438	0.625	0.155618
0.107812	0.625	0.154477
0.125781	0.625	0.153128
0.14375	0.625	0.151572
0.161719	0.625	0.14981
0.179688	0.625	0.147842
0.197656	0.625	0.145668
0.215625	0.625	0.143289
0.233594	0.625	0.140706
0.251562	0.625	0.13792
0.269531	0.625	0.134932
0.2875	0.625	0.131743
0.305469	0.625	0.128353
0.323437	0.625	0.124765
0.341406	0.625	0.12098
0.359375	0.625	0.116999
0.377344	0.625	0.112824
0.395313	0.625	0.108457
0.413281	0.625	0.103901
0.43125	0.625	0.0991567
0.449219	0.625	0.0942274
0.467188	0.625	0.0891152
0.485156	0.625	0.0838229
0.503125	0.625	0.0783532
0.521094	0.625	0.0727089
0.539062	0.625	0.0668929
0.557031	0.625	0.0609085
0.575	0.625	0.0547587
0.592969	0.625	0.0484467
0.610938	0.625	0.0419758
0.628906	0.625	0.0353494
0.646875	0.625	0.0285707
0.664844	0.625	0.0216432
0.682812	0.625	0.0145701
0.700781	0.625	0.00735463
0.71875	0.625	0
0	0.65	0.161951
0.0184375	0.65	0.161844
0.036875	0.65	0.161522
0.0553125	0.65	0.160985
0.07375	0.65	0.160232
0.0921875	0.65	0.159265
0.110625	0.65	0.158082
0.129062	0.65	0.156686
0.1475	0.65	0.155075
0.165938	0.65	0.153251
0.184375	0.65	0.151215
0.202813	0.65	0.148966
0.22125	0.65	0.146507
0.239688	0.65	0.143838
0.258125	0.65	0.140959
0.276563	0.65	0.137873
0.295	0.65	0.134581
0.313438	0.65	0.131084
0.331875	0.65	0.127384
0.350313	0.65	0.123483
0.36875	0.65	0.119382
0.387188	0.65	0.115085
0.405625	0.65	0.110593
0.424063	0.65	0.105909
0.4425	0.65	0.101035
0.460938	0.65	0.0959748
0.479375	0.65	0.0907308
0.497813	0.65	0.0853063
0.51625	0.65	0.0797046
0.534687	0.65	0.0739291
0.553125	0.65	0.0679833
0.571563	0.65	0.0618708
0.59	0.65	0.0555956
0.608437	0.65	0.0491614
0.626875	0.65	0.042572
0.645313	0.65	0.0358316
0.66375	0.65	0.0289439
0.682188	0.65	0.0219131
0.700625	0.65	0.0147429
0.719063	0.65	0.00743733
0.7375	0.65	0
0	0.675	0.165464
0.0189063	0.675	0.165353
0.0378125	0.675	0.16502
0.0567188	0.675	0.164464
0.075625	0.675	0.163685
0.0945313	0.675	0.162683
0.113438	0.675	0.16146
0.132344	0.675	0.160016
0.15125	0.675	0.15835
0.170156	0.675	0.156464
0.189063	0.675	0.15436
0.207969	0.675	0.152037
0.226875	0.675	0.149496
0.245781	0.675	0.14674
0.264688	0.675	0.14377
0.283594	0.675	0.140586
0.3025	0.675	0.137192
0.321406	0.675	0.133588
0.340313	0.675	0.129777
0.359219	0.675	0.125761
0.378125	0.675	0.121542
0.397031	0.675	0.117124
0.415938	0.675	0.112509
0.434844	0.675	0.1077
0.45375	0.675	0.1027
0.472656	0.675	0.0975126
0.491563	0.675	0.0921415
0.510469	0.675	0.0865904
0.529375	0.675	0.0808632
0.548281	0.675	0.0749639
0.567188	0.675	0.0688968
0.586094	0.675	0.0626663
0.605	0.675	0.0562769
0.623906	0.675	0.0497331
0.642813	0.675	0.0430397
0.661719	0.675	0.0362013
0.680625	0.675	0.0292227
0.699531	0.675	0.0221087
0.718438	0.675	0.0148638
0.737344	0.675	0.00749281
0.75625	0.675	0
0	0.7	0.168743
0.019375	0.7	0.168629
0.03875	0.7	0.168285
0.058125	0.7	0.167709
0.0775	0.7	0.166904
0.096875	0.7	0.165869
0.11625	0.7	0.164604
0.135625	0.7	0.163111
0.155	0.7	0.16139
0.174375	0.7	0.159442
0.19375	0.7	0.157268
0.213125	0.7	0.15487
0.2325	0.7	0.152248
0.251875	0.7	0.149405
0.27125	0.7	0.146342
0.290625	0.7	0.143061
0.31	0.7	0.139563
0.329375	0.7	0.135853
0.34875	0.7	0.131931
0.368125	0.7	0.127801
0.3875	0.7	0.123466
0.406875	0.7	0.118928
0.42625	0.7	0.114191
0.445625	0.7	0.10926
0.465	0.7	0.104136
0.484375	0.7	0.0988258
0.50375	0.7	0.0933321
0.523125	0.7	0.0876597
0.5425	0.7	0.0818133
0.561875	0.7	0.0757978
0.58125	0.7	0.0696182
0.600625	0.7	0.0632797
0.62	0.7	0.0567877
0.639375	0.7	0.0501478
0.65875	0.7	0.0433655
0.678125	0.7	0.0364465
0.6975	0.7	0.0293966
0.716875	0.7	0.0222214
0.73625	0.7	0.0149266
0.755625	0.7	0.00751769
0.775	0.7	0
0	0.725	0.171785
0.0198438	0.725	0.171667
0.0396875	0.725	0.17131
0.0595312	0.725	0.170716
0.079375	0.725	0.169883
0.0992187	0.725	0.168813
0.119062	0.725	0.167507
0.138906	0.725	0.165965
0.15875	0.725	0.164187
0.178594	0.725	0.162176
0.198437	0.725	0.159932
0.218281	0.725	0.157458
0.238125	0.725	0.154754
0.257969	0.725	0.151822
0.277812	0.725	0.148666
0.297656	0.725	0.145286
0.3175	0.725	0.141686
0.337344	0.725	0.137868
0.357187	0.725	0.133835
0.377031	0.725	0.129591
0.396875	0.725	0.125139
0.416719	0.725	0.120483
0.436563	0.725	0.115626
0.456406	0.725	0.110573
0.47625	0.725	0.105329
0.496094	0.725	0.0998986
0.515937	0.725	0.0942862
0.535781	0.725	0.0884975
0.555625	0.725	0.082538
0.575469	0.725	0.0764135
0.595312	0.725	0.0701301
0.615156	0.725	0.0636939
0.635	0.725	0.0571115
0.654844	0.725	0.0503894
0.674687	0.725	0.0435344
0.694531	0.725	0.0365535
0.714375	0.725	0.0294534
0.734219	0.725	0.0222413
0.754062	0.725	0.0149239
0.773906	0.725	0.007508
0.79375	0.725	0
0	0.75	0.174582
0.0203125	0.75	0.17446
0.040625	0.75	0.174091
0.0609375	0.75	0.173477
0.08125	0.75	0.172617
0.101562	0.75	0.171512
0.121875	0.75	0.170163
0.142187	0.75	0.16857
0.1625	0.75	0.166735
0.182813	0.75	0.164659
0.203125	0.75	0.162345
0.223438	0.75	0.159792
0.24375	0.75	0.157005
0.264063	0.75	0.153984
0.284375	0.75	0.150732
0.304688	0.75	0.147253
0.325	0.75	0.143548
0.345312	0.75	0.139622
0.365625	0.75	0.135477
0.385937	0.75	0.131118
0.40625	0.75	0.126549
0.426563	0.75	0.121774
0.446875	0.75	0.116798
0.467187	0.75	0.111626
0.4875	0.75	0.106262
0.507812	0.75	0.100714
0.528125	0.75	0.0949863
0.548438	0.75	0.0890858
0.56875	0.75	0.0830188
0.589062	0.75	0.0767924
0.609375	0.75	0.0704137
0.629688	0.75	0.0638901
0.65	0.75	0.0572295
0.670312	0.75	0.0504398
0.690625	0.75	0.0435293
0.710938	0.75	0.0365063
0.73125	0.75	0.0293792
0.751563	0.75	0.0221567
0.771875	0.75	0.0148472
0.792187	0.75	0.00745899
0.8125	0.75	0
0	0.775	0.177129
0.0207813	0.775	0.177003
0.0415625	0.775	0.176622
0.0623438	0.775	0.175988
0.083125	0.775	0.175099
0.103906	0.775	0.173958
0.124688	0.775	0.172565
0.145469	0.775	0.17092
0.16625	0.775	0.169027
0.187031	0.775	0.166885
0.207813	0.775	0.164497
0.228594	0.775	0.161865
0.249375	0.775	0.158992
0.270156	0.775	0.155879
0.290938	0.775	0.152531
0.311719	0.775	0.148949
0.3325	0.775	0.145139
0.353281	0.775	0.141102
0.374063	0.775	0.136844
0.394844	0.775	0.132369
0.415625	0.775	0.127682
0.436406	0.775	0.122787
0.457188	0.775	0.117691
0.477969	0.775	0.112399
0.49875	0.775	0.106918
0.519531	0.775	0.101254
0.540313	0.775	0.0954134
0.561094	0.775	0.0894047
0.581875	0.775	0.0832354
0.602656	0.775	0.0769135
0.623438	0.775	0.0704478
0.644219	0.775	0.063847
0.665	0.775	0.0571207
0.685781	0.775	0.0502784
0.706562	0.775	0.0433302
0.727344	0.775	0.0362864
0.748125	0.775	0.0291574
0.768906	0.775	0.0219538
0.789687	0.775	0.0146862
0.810469	0.775	0.00736491
0.83125	0.775	0
0	0.8	0.179422
0.02125	0.8	0.179292
0.0425	0.8	0.178898
0.06375	0.8	0.178243
0.085	0.8	0.177325
0.10625	0.8	0.176146
0.1275	0.8	0.174708
0.14875	0.8	0.17301
0.17	0.8	0.171055
0.19125	0.8	0.168846
0.2125	0.8	0.166383
0.23375	0.8	0.163669
0.255	0.8	0.160707
0.27625	0.8	0.157501
0.2975	0.8	0.154052
0.31875	0.8	0.150366
0.34	0.8	0.146446
0.36125	0.8	0.142297
0.3825	0.8	0.137923
0.40375	0.8	0.133329
0.425	0.8	0.128522
0.44625	0.8	0.123506
0.4675	0.8	0.118289
0.48875	0.8	0.112877
0.51	0.8	0.107277
0.53125	0.8	0.101498
0.5525	0.8	0.0955469
0.57375	0.8	0.089433
0.595	0.8	0.0831655
0.61625	0.8	0.076754
0.6375	0.8	0.0702089
0.65875	0.8	0.0635408
0.68	0.8	0.0567611
0.70125	0.8	0.0498815
0.7225	0.8	0.0429143
0.74375	0.8	0.0358722
0.765	0.8	0.0287682
0.78625	0.8	0.0216157
0.8075	0.8	0.0144281
0.82875	0.8	0.00721862
0.85	0.8	0
0	0.825	0.181456
0.0217187	0.825	0.181321
0.0434375	0.825	0.180915
0.0651562	0.825	0.180238
0.086875	0.825	0.17929
0.108594	0.825	0.178072
0.130312	0.825	0.176586
0.152031	0.825	0.174833
0.17375	0.825	0.172816
0.195469	0.825	0.170535
0.217187	0.825	0.167994
0.238906	0.825	0.165195
0.260625	0.825	0.162142
0.282344	0.825	0.158838
0.304062	0.825	0.155287
0.325781	0.825	0.151493
0.3475	0.825	0.14746
0.369219	0.825	0.143194
0.390937	0.825	0.138701
0.412656	0.825	0.133986
0.434375	0.825	0.129055
0.456094	0.825	0.123915
0.477812	0.825	0.118574
0.499531	0.825	0.11304
0.52125	0.825	0.107321
0.542969	0.825	0.101426
0.564688	0.825	0.0953647
0.586406	0.825	0.0891473
0.608125	0.825	0.0827847
0.629844	0.825	0.0762884
0.651562	0.825	0.0696706
0.673281	0.825	0.0629443
0.695	0.825	0.0561231
0.716719	0.825	0.0492214
0.738437	0.825	0.0422544
0.760156	0.825	0.0352377
0.781875	0.825	0.028188
0.803594	0.825	0.0211221
0.825312	0.825	0.0140573
0.847031	0.825	0.00701102
0.86875	0.825	0
0	0.85	0.183227
0.0221875	0.85	0.183088
0.044375	0.85	0.182668
0.0665625	0.85	0.181968
0.08875	0.85	0.180988
0.110937	0.85	0.17973
0.133125	0.85	0.178195
0.155312	0.85	0.176384
0.1775	0.85	0.174301
0.199687	0.85	0.171947
0.221875	0.85	0.169324
0.244063	0.85	0.166437
0.26625	0.85	0.163289
0.288438	0.85	0.159883
0.310625	0.85	0.156225
0.332812	0.85	0.152318
0.355	0.85	0.148169
0.377187	0.85	0.143782
0.399375	0.85	0.139165
0.421562	0.85	0.134323
0.44375	0.85	0.129264
0.465938	0.85	0.123997
0.488125	0.85	0.118529
0.510312	0.85	0.112869
0.5325	0.85	0.107028
0.554688	0.85	0.101015
0.576875	0.85	0.0948429
0.599063	0.85	0.0885222
0.62125	0.85	0.0820662
0.643437	0.85	0.0754884
0.665625	0.85	0.0688035
0.687812	0.85	0.0620269
0.71	0.85	0.0551753
0.732187	0.85	0.0482662
0.754375	0.85	0.0413185
0.776562	0.85	0.0343519
0.79875	0.85	0.0273874
0.820937	0.85	0.020447
0.843125	0.85	0.0135535
0.865312	0.85	0.00673019
0.8875	0.85	0
0	0.875	0.184731
0.0226563	0.875	0.184587
0.0453125	0.875	0.184153
0.0679687	0.875	0.183429
0.090625	0.875	0.182416
0.113281	0.875	0.181116
0.135937	0.875	0.179529
0.158594	0.875	0.177659
0.18125	0.875	0.175506
0.203906	0.875	0.173075
0.226562	0.875	0.170367
0.249219	0.875	0.167388
0.271875	0.875	0.16414
0.294531	0.875	0.160628
0.317187	0.875	0.156857
0.339844	0.875	0.152832
0.3625	0.875	0.14856
0.385156	0.875	0.144047
0.407813	0.875	0.1393
0.430469	0.875	0.134326
0.453125	0.875	0.129135
0.475781	0.875	0.123734
0.498438	0.875	0.118133
0.521094	0.875	0.112343
0.54375	0.875	0.106376
0.566406	0.875	0.100242
0.589063	0.875	0.0939556
0.611719	0.875	0.08753
0.634375	0.875	0.0809802
0.657031	0.875	0.0743224
0.679688	0.875	0.0675739
0.702344	0.875	0.0607534
0.725	0.875	0.0538809
0.747656	0.875	0.046978
0.770312	0.875	0.0400681
0.792969	0.875	0.0331763
0.815625	0.875	0.0263297
0.838281	0.875	0.0195572
0.860937	0.875	0.0128898
0.883594	0.875	0.00635986
0.90625	0.875	0
0	0.9	0.185966
0.023125	0.9	0.185817
0.04625	0.9	0.185368
0.069375	0.9	0.184619
0.0925	0.9	0.183572
0.115625	0.9	0.182227
0.13875	0.9	0.180586
0.161875	0.9	0.178652
0.185	0.9	0.176427
0.208125	0.9	0.173914
0.23125	0.9	0.171117
0.254375	0.9	0.16804
0.2775	0.9	0.164687
0.300625	0.9	0.161063
0.32375	0.9	0.157174
0.346875	0.9	0.153025
0.37	0.9	0.148624
0.393125	0.9	0.143978
0.41625	0.9	0.139094
0.439375	0.9	0.133981
0.4625	0.9	0.128649
0.485625	0.9	0.123108
0.50875	0.9	0.117368
0.531875	0.9	0.111441
0.555	0.9	0.105341
0.578125	0.9	0.0990806
0.60125	0.9	0.092675
0.624375	0.9	0.0861405
0.6475	0.9	0.0794943
0.670625	0.9	0.0727554
0.69375	0.9	0.0659444
0.716875	0.9	0.0590835
0.74	0.9	0.0521971
0.763125	0.9	0.0453117
0.78625	0.9	0.0384564
0.809375	0.9	0.0316633
0.8325	0.9	0.0249677
0.855625	0.9	0.0184087
0.87875	0.9	0.0120294
0.901875	0.9	0.00587678
0.925	0.9	0
0	0.925	0.18693
0.0235938	0.925	0.186775
0.0471875	0.925	0.18631
0.0707813	0.925	0.185535
0.094375	0.925	0.184451
0.117969	0.925	0.183058
0.141563	0.925	0.18136
0.165156	0.925	0.179359
0.18875	0.925	0.177058
0.212344	0.925	0.174459
0.235938	0.925	0.171568
0.259531	0.925	0.168387
0.283125	0.925	0.164923
0.306719	0.925	0.161181
0.330313	0.925	0.157166
0.353906	0.925	0.152886
0.3775	0.925	0.148349
0.401094	0.925	0.143561
0.424688	0.925	0.138532
0.448281	0.925	0.133272
0.471875	0.925	0.127791
0.495469	0.925	0.1221
0.519063	0.925	0.116212
0.542656	0.925	0.11014
0.56625	0.925	0.103899
0.589844	0.925	0.0975033
0.613438	0.925	0.0909712
0.637031	0.925	0.0843209
0.660625	0.925	0.0775726
0.684219	0.925	0.0707484
0.707813	0.925	0.0638723
0.731406	0.925	0.0569711
0.755	0.925	0.0500739
0.778594	0.925	0.0432134
0.802188	0.925	0.0364258
0.825781	0.925	0.0297523
0.849375	0.925	0.0232393
0.872969	0.925	0.0169407
0.896563	0.925	0.0109189
0.920156	0.925	0.00524582
0.94375	0.925	0
0	0.95	0.187619
0.0240625	0.95	0.187459
0.048125	0.95	0.186977
0.0721875	0.95	0.186174
0.09625	0.95	0.185051
0.120312	0.95	0.183609
0.144375	0.95	0.18185
0.168437	0.95	0.179778
0.1925	0.95	0.177395
0.216562	0.95	0.174706
0.240625	0.95	0.171714
0.264688	0.95	0.168424
0.28875	0.95	0.164842
0.312812	0.95	0.160974
0.336875	0.95	0.156826
0.360937	0.95	0.152406
0.385	0.95	0.147723
0.409062	0.95	0.142785
0.433125	0.95	0.137601
0.457187	0.95	0.132183
0.48125	0.95	0.126543
0.505312	0.95	0.120692
0.529375	0.95	0.114645
0.553437	0.95	0.108416
0.5775	0.95	0.102023
0.601562	0.95	0.0954814
0.625625	0.95	0.0888121
0.649687	0.95	0.0820359
0.67375	0.95	0.075176
0.697812	0.95	0.0682578
0.721875	0.95	0.0613097
0.745937	0.95	0.0543628
0.77	0.95	0.0474524
0.794062	0.95	0.040618
0.818125	0.95	0.0339046
0.842187	0.95	0.0273645
0.86625	0.95	0.0210596
0.890312	0.95	0.0150656
0.914375	0.95	0.00947692
0.938437	0.95	0.00441065
0.9625	0.95	0
0	0.975	0.188033
0.0245313	0.975	0.187867
0.0490625	0.975	0.187368
0.0735937	0.975	0.186535
0.098125	0.975	0.18537
0.122656	0.975	0.183875
0.147187	0.975	0.182052
0.171719	0.975	0.179905
0.19625	0.975	0.177436
0.220781	0.975	0.17465
0.245312	0.975	0.171551
0.269844	0.975	0.168144
0.294375	0.975	0.164437
0.318906	0.975	0.160434
0.343437	0.975	0.156144
0.367969	0.975	0.151575
0.3925	0.975	0.146736
0.417031	0.975	0.141636
0.441562	0.975	0.136287
0.466094	0.975	0.1307
0.490625	0.975	0.124887
0.515156	0.975	0.118864
0.539687	0.975	0.112644
0.564219	0.975	0.106245
0.58875	0.975	0.0996856
0.613281	0.975	0.0929845
0.637813	0.975	0.0861638
0.662344	0.975	0.0792475
0.686875	0.975	0.0722618
0.711406	0.975	0.065236
0.735937	0.975	0.0582025
0.760469	0.975	0.051198
0.785	0.975	0.0442637
0.809531	0.975	0.0374468
0.834062	0.975	0.0308021
0.858594	0.975	0.0243954
0.883125	0.975	0.0183088
0.907656	0.975	0.012651
0.932187	0.975	0.00757214
0.956719	0.975	0.00327597
0.98125	0.975	0
0	1	0.188171
0.025	1	0.187999
0.05	1	0.18748
0.075	1	0.186616
0.1	1	0.185407
0.125	1	0.183856
0.15	1	0.181965
0.175	1	0.179737
0.2	1	0.177177
0.225	1	0.174287
0.25	1	0.171074
0.275	1	0.167544
0.3	1	0.163702
0.325	1	0.159556
0.35	1	0.155114
0.375	1	0.150385
0.4	1	0.145378
0.425	1	0.140104
0.45	1	0.134576
0.475	1	0.128805
0.5	1	0.122807
0.525	1	0.116595
0.55	1	0.110188
0.575	1	0.103603
0.6	1	0.0968596
0.625	1	0.0899808
0.65	1	0.0829904
0.675	1	0.075915
0.7	1	0.068784
0.725	1	0.0616304
0.75	1	0.0544911
0.775	1	0.0474076
0.8	1	0.0404273
0.825	1	0.0336047
0.85	1	0.0270037
0.875	1	0.0207035
0.9	1	0.0148106
0.925	1	0.00948487
0.95	1	0.00497945
0.975	1	0.00167378
1	1	0
