0	0	0
0.0125	0	0
0.025	0	0
0.0375	0	0
0.05	0	0
0.0625	0	0
0.075	0	0
0.0875	0	0
0.1	0	0
0.1125	0	0
0.125	0	0
0.1375	0	0
0.15	0	0
0.1625	0	0
0.175	0	0
0.1875	0	0
0.2	0	0
0.2125	0	0
0.225	0	0
0.2375	0	0
0.25	0	0
0.2625	0	0
0.275	0	0
0.2875	0	0
0.3	0	0
0.3125	0	0
0.325	0	0
0.3375	0	0
0.35	0	0
0.3625	0	0
0.375	0	0
0.3875	0	0
0.4	0	0
0.4125	0	0
0.425	0	0
0.4375	0	0
0.45	0	0
0.4625	0	0
0.475	0	0
0.4875	0	0
0.5	0	0
0	0.025	0.00867442
0.0125	0.025	0.00867131
0.025	0.025	0.00866082
0.0375	0.025	0.00864293
0.05	0.025	0.00861762
0.0625	0.025	0.00858482
0.075	0.025	0.00854449
0.0875	0.025	0.00849655
0.1	0.025	0.00844091
0.1125	0.025	0.00837746
0.125	0.025	0.0083061
0.1375	0.025	0.00822668
0.15	0.025	0.00813905
0.1625	0.025	0.00804304
0.175	0.025	0.00793844
0.1875	0.025	0.00782506
0.2	0.025	0.00770263
0.2125	0.025	0.0075709
0.225	0.025	0.00742956
0.2375	0.025	0.00727828
0.25	0.025	0.00711667
0.2625	0.025	0.00694433
0.275	0.025	0.00676078
0.2875	0.025	0.0065655
0.3	0.025	0.00635787
0.3125	0.025	0.00613724
0.325	0.025	0.0059028
0.3375	0.025	0.00565369
0.35	0.025	0.00538885
0.3625	0.025	0.00510707
0.375	0.025	0.00480691
0.3875	0.025	0.00448665
0.4	0.025	0.00414418
0.4125	0.025	0.00377688
0.425	0.025	0.00338142
0.4375	0.025	0.00295345
0.45	0.025	0.00248712
0.4625	0.025	0.00197423
0.475	0.025	0.00140281
0.4875	0.025	0.000754561
0.5	0.025	0
0	0.05	0.0167556
0.0125	0.05	0.0167494
0.025	0.05	0.0167285
0.0375	0.05	0.0166929
0.05	0.05	0.0166424
0.0625	0.05	0.016577
0.075	0.05	0.0164966
0.0875	0.05	0.0164011
0.1	0.05	0.0162902
0.1125	0.05	0.0161637
0.125	0.05	0.0160215
0.1375	0.05	0.0158632
0.15	0.05	0.0156886
0.1625	0.05	0.0154973
0.175	0.05	0.015289
0.1875	0.05	0.0150631
0.2	0.05	0.0148193
0.2125	0.05	0.014557
0.225	0.05	0.0142756
0.2375	0.05	0.0139744
0.25	0.05	0.0136528
0.2625	0.05	0.01331
0.275	0.05	0.0129449
0.2875	0.05	0.0125567
0.3	0.05	0.0121441
0.3125	0.05	0.0117058
0.325	0.05	0.0112405
0.3375	0.05	0.0107463
0.35	0.05	0.0102214
0.3625	0.05	0.00966351
0.375	0.05	0.00907003
0.3875	0.05	0.00843786
0.4	0.05	0.00776331
0.4125	0.05	0.00704194
0.425	0.05	0.00626832
0.4375	0.05	0.00543574
0.45	0.05	0.00453577
0.4625	0.05	0.00355776
0.475	0.05	0.00248808
0.4875	0.05	0.00130939
0.5	0.05	0
0	0.075	0.0242748
0.0125	0.075	0.0242656
0.025	0.075	0.0242344
0.0375	0.075	0.0241812
0.05	0.075	0.0241059
0.0625	0.075	0.0240084
0.075	0.075	0.0238885
0.0875	0.075	0.0237459
0.1	0.075	0.0235805
0.1125	0.075	0.0233919
0.125	0.075	0.0231798
0.1375	0.075	0.0229439
0.15	0.075	0.0226836
0.1625	0.075	0.0223984
0.175	0.075	0.0220879
0.1875	0.075	0.0217514
0.2	0.075	0.0213881
0.2125	0.075	0.0209975
0.225	0.075	0.0205785
0.2375	0.075	0.0201303
0.25	0.075	0.0196519
0.2625	0.075	0.019142
0.275	0.075	0.0185994
0.2875	0.075	0.0180227
0.3	0.075	0.0174101
0.3125	0.075	0.01676
0.325	0.075	0.0160703
0.3375	0.075	0.0153387
0.35	0.075	0.0145626
0.3625	0.075	0.0137389
0.375	0.075	0.0128644
0.3875	0.075	0.0119349
0.4	0.075	0.0109459
0.4125	0.075	0.00989197
0.425	0.075	0.00876691
0.4375	0.075	0.00756322
0.45	0.075	0.00627213
0.4625	0.075	0.0048833
0.475	0.075	0.00338459
0.4875	0.075	0.00176205
0.5	0.075	0
0	0.1	0.0312628
0.0125	0.1	0.0312506
0.025	0.1	0.0312093
0.0375	0.1	0.0311389
0.05	0.1	0.0310393
0.0625	0.1	0.0309103
0.075	0.1	0.0307516
0.0875	0.1	0.030563
0.1	0.1	0.0303442
0.1125	0.1	0.0300947
0.125	0.1	0.0298143
0.1375	0.1	0.0295022
0.15	0.1	0.0291581
0.1625	0.1	0.0287812
0.175	0.1	0.0283708
0.1875	0.1	0.0279262
0.2	0.1	0.0274465
0.2125	0.1	0.0269307
0.225	0.1	0.0263778
0.2375	0.1	0.0257866
0.25	0.1	0.0251557
0.2625	0.1	0.0244838
0.275	0.1	0.0237692
0.2875	0.1	0.0230102
0.3	0.1	0.0222048
0.3125	0.1	0.0213508
0.325	0.1	0.0204458
0.3375	0.1	0.019487
0.35	0.1	0.0184714
0.3625	0.1	0.0173954
0.375	0.1	0.0162554
0.3875	0.1	0.0150467
0.4	0.1	0.0137646
0.4125	0.1	0.0124032
0.425	0.1	0.0109562
0.4375	0.1	0.00941627
0.45	0.1	0.00777523
0.4625	0.1	0.00602381
0.475	0.1	0.00415175
0.4875	0.1	0.00214781
0.5	0.1	0
0	0.125	0.0377498
0.0125	0.125	0.0377347
0.025	0.125	0.0376836
0.0375	0.125	0.0375965
0.05	0.125	0.0374732
0.0625	0.125	0.0373134
0.075	0.125	0.037117
0.0875	0.125	0.0368836
0.1	0.125	0.0366128
0.1125	0.125	0.0363041
0.125	0.125	0.0359571
0.1375	0.125	0.0355711
0.15	0.125	0.0351454
0.1625	0.125	0.0346794
0.175	0.125	0.0341722
0.1875	0.125	0.0336229
0.2	0.125	0.0330303
0.2125	0.125	0.0323935
0.225	0.125	0.0317111
0.2375	0.125	0.0309818
0.25	0.125	0.0302041
0.2625	0.125	0.0293763
0.275	0.125	0.0284966
0.2875	0.125	0.027563
0.3	0.125	0.0265732
0.3125	0.125	0.0255248
0.325	0.125	0.0244151
0.3375	0.125	0.0232411
0.35	0.125	0.0219995
0.3625	0.125	0.0206866
0.375	0.125	0.0192984
0.3875	0.125	0.0178302
0.4	0.125	0.0162772
0.4125	0.125	0.0146337
0.425	0.125	0.0128936
0.4375	0.125	0.0110501
0.45	0.125	0.00909581
0.4625	0.125	0.00702259
0.475	0.125	0.00482178
0.4875	0.125	0.00248412
0.5	0.125	0
0	0.15	0.0437655
0.0125	0.15	0.0437476
0.025	0.15	0.043687
0.0375	0.15	0.0435836
0.05	0.15	0.0434373
0.0625	0.15	0.0432478
0.075	0.15	0.0430148
0.0875	0.15	0.042738
0.1	0.15	0.0424169
0.1125	0.15	0.0420509
0.125	0.15	0.0416396
0.1375	0.15	0.0411821
0.15	0.15	0.0406778
0.1625	0.15	0.0401259
0.175	0.15	0.0395253
0.1875	0.15	0.038875
0.2	0.15	0.0381739
0.2125	0.15	0.0374208
0.225	0.15	0.0366142
0.2375	0.15	0.0357526
0.25	0.15	0.0348344
0.2625	0.15	0.0338578
0.275	0.15	0.0328207
0.2875	0.15	0.031721
0.3	0.15	0.0305564
0.3125	0.15	0.0293241
0.325	0.15	0.0280214
0.3375	0.15	0.0266451
0.35	0.15	0.0251919
0.3625	0.15	0.0236579
0.375	0.15	0.0220392
0.3875	0.15	0.0203313
0.4	0.15	0.0185293
0.4125	0.15	0.016628
0.425	0.15	0.0146215
0.4375	0.15	0.0125038
0.45	0.15	0.0102682
0.4625	0.15	0.00790761
0.475	0.15	0.0054146
0.4875	0.15	0.0027814
0.5	0.15	0
0	0.175	0.0493384
0.0125	0.175	0.0493178
0.025	0.175	0.049248
0.0375	0.175	0.049129
0.05	0.175	0.0489606
0.0625	0.175	0.0487425
0.075	0.175	0.0484743
0.0875	0.175	0.0481557
0.1	0.175	0.0477862
0.1125	0.175	0.0473651
0.125	0.175	0.0468919
0.1375	0.175	0.0463658
0.15	0.175	0.0457861
0.1625	0.175	0.0451516
0.175	0.175	0.0444616
0.1875	0.175	0.0437147
0.2	0.175	0.0429099
0.2125	0.175	0.0420457
0.225	0.175	0.0411206
0.2375	0.175	0.0401331
0.25	0.175	0.0390813
0.2625	0.175	0.0379635
0.275	0.175	0.0367774
0.2875	0.175	0.0355208
0.3	0.175	0.0341912
0.3125	0.175	0.0327861
0.325	0.175	0.0313024
0.3375	0.175	0.0297371
0.35	0.175	0.0280868
0.3625	0.175	0.0263477
0.375	0.175	0.024516
0.3875	0.175	0.0225873
0.4	0.175	0.020557
0.4125	0.175	0.0184203
0.425	0.175	0.0161718
0.4375	0.175	0.013806
0.45	0.175	0.0113169
0.4625	0.175	0.00869828
0.475	0.175	0.00594375
0.4875	0.175	0.0030466
0.5	0.175	0
0	0.2	0.0544962
0.0125	0.2	0.054473
0.025	0.2	0.0543946
0.0375	0.2	0.0542606
0.05	0.2	0.054071
0.0625	0.2	0.0538254
0.075	0.2	0.0535235
0.0875	0.2	0.0531649
0.1	0.2	0.052749
0.1125	0.2	0.0522753
0.125	0.2	0.051743
0.1375	0.2	0.0511513
0.15	0.2	0.0504994
0.1625	0.2	0.0497864
0.175	0.2	0.049011
0.1875	0.2	0.0481723
0.2	0.2	0.0472687
0.2125	0.2	0.046299
0.225	0.2	0.0452616
0.2375	0.2	0.0441548
0.25	0.2	0.0429768
0.2625	0.2	0.0417256
0.275	0.2	0.0403992
0.2875	0.2	0.0389951
0.3	0.2	0.0375109
0.3125	0.2	0.0359441
0.325	0.2	0.0342916
0.3375	0.2	0.0325503
0.35	0.2	0.0307171
0.3625	0.2	0.0287883
0.375	0.2	0.0267602
0.3875	0.2	0.0246286
0.4	0.2	0.0223893
0.4125	0.2	0.0200378
0.425	0.2	0.0175691
0.4375	0.2	0.0149783
0.45	0.2	0.0122601
0.4625	0.2	0.00940885
0.475	0.2	0.00641901
0.4875	0.2	0.0032847
0.5	0.2	0
0	0.225	0.0592656
0.0125	0.225	0.05924
0.025	0.225	0.0591532
0.0375	0.225	0.0590049
0.05	0.225	0.0587951
0.0625	0.225	0.0585234
0.075	0.225	0.0581894
0.0875	0.225	0.0577927
0.1	0.225	0.0573326
0.1125	0.225	0.0568087
0.125	0.225	0.0562202
0.1375	0.225	0.0555662
0.15	0.225	0.0548458
0.1625	0.225	0.0540581
0.175	0.225	0.0532019
0.1875	0.225	0.052276
0.2	0.225	0.0512791
0.2125	0.225	0.0502096
0.225	0.225	0.0490662
0.2375	0.225	0.047847
0.25	0.225	0.0465501
0.2625	0.225	0.0451737
0.275	0.225	0.0437156
0.2875	0.225	0.0421735
0.3	0.225	0.040545
0.3125	0.225	0.0388273
0.325	0.225	0.0370178
0.3375	0.225	0.0351135
0.35	0.225	0.033111
0.3625	0.225	0.0310071
0.375	0.225	0.0287982
0.3875	0.225	0.0264804
0.4	0.225	0.0240498
0.4125	0.225	0.0215021
0.425	0.225	0.018833
0.4375	0.225	0.0160379
0.45	0.225	0.0131119
0.4625	0.225	0.0100503
0.475	0.225	0.00684782
0.4875	0.225	0.00349947
0.5	0.225	0
0	0.25	0.063672
0.0125	0.25	0.0636441
0.025	0.25	0.0635494
0.0375	0.25	0.0633876
0.05	0.25	0.0631586
0.0625	0.25	0.062862
0.075	0.25	0.0624976
0.0875	0.25	0.0620647
0.1	0.25	0.0615628
0.1125	0.25	0.0609914
0.125	0.25	0.0603495
0.1375	0.25	0.0596365
0.15	0.25	0.0588514
0.1625	0.25	0.0579931
0.175	0.25	0.0570605
0.1875	0.25	0.0560525
0.2	0.25	0.0549675
0.2125	0.25	0.0538043
0.225	0.25	0.0525611
0.2375	0.25	0.0512364
0.25	0.25	0.0498282
0.2625	0.25	0.0483346
0.275	0.25	0.0467535
0.2875	0.25	0.0450826
0.3	0.25	0.0433196
0.3125	0.25	0.0414619
0.325	0.25	0.0395068
0.3375	0.25	0.0374514
0.35	0.25	0.0352927
0.3625	0.25	0.0330275
0.375	0.25	0.0306524
0.3875	0.25	0.0281638
0.4	0.25	0.0255581
0.4125	0.25	0.0228313
0.425	0.25	0.0199794
0.4375	0.25	0.0169984
0.45	0.25	0.0138837
0.4625	0.25	0.0106311
0.475	0.25	0.00723605
0.4875	0.25	0.00369388
0.5	0.25	0
0	0.275	0.0677396
0.0125	0.275	0.0677096
0.025	0.275	0.0676074
0.0375	0.275	0.0674328
0.05	0.275	0.0671857
0.0625	0.275	0.0668657
0.075	0.275	0.0664724
0.0875	0.275	0.0660054
0.1	0.275	0.065464
0.1125	0.275	0.0648477
0.125	0.275	0.0641556
0.1375	0.275	0.0633869
0.15	0.275	0.0625408
0.1625	0.275	0.0616161
0.175	0.275	0.0606117
0.1875	0.275	0.0595264
0.2	0.275	0.0583589
0.2125	0.275	0.0571076
0.225	0.275	0.0557711
0.2375	0.275	0.0543476
0.25	0.275	0.0528353
0.2625	0.275	0.0512324
0.275	0.275	0.0495367
0.2875	0.275	0.0477461
0.3	0.275	0.0458583
0.3125	0.275	0.0438707
0.325	0.275	0.0417809
0.3375	0.275	0.0395861
0.35	0.275	0.0372833
0.3625	0.275	0.0348696
0.375	0.275	0.0323418
0.3875	0.275	0.0296966
0.4	0.275	0.0269305
0.4125	0.275	0.0240401
0.425	0.275	0.0210215
0.4375	0.275	0.017871
0.45	0.275	0.0145847
0.4625	0.275	0.0111585
0.475	0.275	0.00758844
0.4875	0.275	0.00387033
0.5	0.275	0
0	0.3	0.0714915
0.0125	0.3	0.0714595
0.025	0.3	0.0713502
0.0375	0.3	0.0711637
0.05	0.3	0.0708995
0.0625	0.3	0.0705574
0.075	0.3	0.070137
0.0875	0.3	0.0696378
0.1	0.3	0.0690593
0.1125	0.3	0.0684007
0.125	0.3	0.0676614
0.1375	0.3	0.0668405
0.15	0.3	0.0659371
0.1625	0.3	0.0649501
0.175	0.3	0.0638784
0.1875	0.3	0.0627208
0.2	0.3	0.0614759
0.2125	0.3	0.0601424
0.225	0.3	0.0587187
0.2375	0.3	0.0572031
0.25	0.3	0.0555939
0.2625	0.3	0.0538893
0.275	0.3	0.0520872
0.2875	0.3	0.0501854
0.3	0.3	0.0481819
0.3125	0.3	0.0460743
0.325	0.3	0.04386
0.3375	0.3	0.0415365
0.35	0.3	0.039101
0.3625	0.3	0.0365508
0.375	0.3	0.0338828
0.3875	0.3	0.031094
0.4	0.3	0.0281812
0.4125	0.3	0.0251411
0.425	0.3	0.0219702
0.4375	0.3	0.0186652
0.45	0.3	0.0152224
0.4625	0.3	0.0116382
0.475	0.3	0.00790893
0.4875	0.3	0.00403078
0.5	0.3	0
0	0.325	0.0749494
0.0125	0.325	0.0749155
0.025	0.325	0.0747997
0.0375	0.325	0.0746018
0.05	0.325	0.0743216
0.0625	0.325	0.0739588
0.075	0.325	0.073513
0.0875	0.325	0.0729837
0.1	0.325	0.0723703
0.1125	0.325	0.0716722
0.125	0.325	0.0708886
0.1375	0.325	0.0700188
0.15	0.325	0.0690618
0.1625	0.325	0.0680165
0.175	0.325	0.0668819
0.1875	0.325	0.0656568
0.2	0.325	0.0643398
0.2125	0.325	0.0629297
0.225	0.325	0.0614248
0.2375	0.325	0.0598235
0.25	0.325	0.0581243
0.2625	0.325	0.0563252
0.275	0.325	0.0544244
0.2875	0.325	0.0524198
0.3	0.325	0.0503093
0.3125	0.325	0.0480907
0.325	0.325	0.0457616
0.3375	0.325	0.0433195
0.35	0.325	0.040762
0.3625	0.325	0.0380863
0.375	0.325	0.0352897
0.3875	0.325	0.0323692
0.4	0.325	0.029322
0.4125	0.325	0.026145
0.425	0.325	0.0228351
0.4375	0.325	0.019389
0.45	0.325	0.0158035
0.4625	0.325	0.0120752
0.475	0.325	0.00820085
0.4875	0.325	0.00417691
0.5	0.325	0
0	0.35	0.0781337
0.0125	0.35	0.0780982
0.025	0.35	0.0779762
0.0375	0.35	0.0777678
0.05	0.35	0.0774726
0.0625	0.35	0.0770904
0.075	0.35	0.0766208
0.0875	0.35	0.0760633
0.1	0.35	0.0754174
0.1125	0.35	0.0746823
0.125	0.35	0.0738575
0.1375	0.35	0.072942
0.15	0.35	0.0719349
0.1625	0.35	0.0708353
0.175	0.35	0.0696421
0.1875	0.35	0.0683541
0.2	0.35	0.0669701
0.2125	0.35	0.0654886
0.225	0.35	0.0639083
0.2375	0.35	0.0622276
0.25	0.35	0.0604449
0.2625	0.35	0.0585583
0.275	0.35	0.0565662
0.2875	0.35	0.0544665
0.3	0.35	0.0522572
0.3125	0.35	0.0499362
0.325	0.35	0.0475013
0.3375	0.35	0.0449502
0.35	0.35	0.0422804
0.3625	0.35	0.0394895
0.375	0.35	0.0365748
0.3875	0.35	0.0335338
0.4	0.35	0.0303635
0.4125	0.35	0.0270613
0.425	0.35	0.0236242
0.4375	0.35	0.0200492
0.45	0.35	0.0163334
0.4625	0.35	0.0124737
0.475	0.35	0.00846701
0.4875	0.35	0.00431015
0.5	0.35	0
0	0.375	0.0810639
0.0125	0.375	0.0810267
0.025	0.375	0.0808991
0.0375	0.375	0.0806808
0.05	0.375	0.0803717
0.0625	0.375	0.0799714
0.075	0.375	0.0794797
0.0875	0.375	0.0788959
0.1	0.375	0.0782196
0.1125	0.375	0.0774501
0.125	0.375	0.0765868
0.1375	0.375	0.0756287
0.15	0.375	0.0745752
0.1625	0.375	0.0734251
0.175	0.375	0.0721774
0.1875	0.375	0.070831
0.2	0.375	0.0693847
0.2125	0.375	0.0678371
0.225	0.375	0.0661869
0.2375	0.375	0.0644326
0.25	0.375	0.0625725
0.2625	0.375	0.0606051
0.275	0.375	0.0585286
0.2875	0.375	0.0563411
0.3	0.375	0.0540408
0.3125	0.375	0.0516255
0.325	0.375	0.0490933
0.3375	0.375	0.0464418
0.35	0.375	0.0436689
0.3625	0.375	0.0407722
0.375	0.375	0.0377493
0.3875	0.375	0.0345977
0.4	0.375	0.0313148
0.4125	0.375	0.027898
0.425	0.375	0.0243446
0.4375	0.375	0.0206519
0.45	0.375	0.0168171
0.4625	0.375	0.0128374
0.475	0.375	0.00870987
0.4875	0.375	0.00443171
0.5	0.375	0
0	0.4	0.0837579
0.0125	0.4	0.0837192
0.025	0.4	0.0835863
0.0375	0.4	0.0833589
0.05	0.4	0.0830368
0.0625	0.4	0.0826198
0.075	0.4	0.0821074
0.0875	0.4	0.0814992
0.1	0.4	0.0807947
0.1125	0.4	0.0799932
0.125	0.4	0.0790941
0.1375	0.4	0.0780966
0.15	0.4	0.0769998
0.1625	0.4	0.0758028
0.175	0.4	0.0745046
0.1875	0.4	0.0731041
0.2	0.4	0.0716001
0.2125	0.4	0.0699913
0.225	0.4	0.0682765
0.2375	0.4	0.0664541
0.25	0.4	0.0645227
0.2625	0.4	0.0624806
0.275	0.4	0.0603263
0.2875	0.4	0.0580579
0.3	0.4	0.0556737
0.3125	0.4	0.0531716
0.325	0.4	0.0505498
0.3375	0.4	0.0478062
0.35	0.4	0.0449387
0.3625	0.4	0.041945
0.375	0.4	0.0388228
0.3875	0.4	0.0355699
0.4	0.4	0.0321839
0.4125	0.4	0.0286623
0.425	0.4	0.0250026
0.4375	0.4	0.0212022
0.45	0.4	0.0172587
0.4625	0.4	0.0131694
0.475	0.4	0.00893159
0.4875	0.4	0.00454269
0.5	0.4	0
0	0.425	0.0862326
0.0125	0.425	0.0861926
0.025	0.425	0.0860547
0.0375	0.425	0.0858189
0.05	0.425	0.0854847
0.0625	0.425	0.0850521
0.075	0.425	0.0845206
0.0875	0.425	0.0838898
0.1	0.425	0.0831591
0.1125	0.425	0.082328
0.125	0.425	0.0813957
0.1375	0.425	0.0803616
0.15	0.425	0.0792248
0.1625	0.425	0.0779845
0.175	0.425	0.0766395
0.1875	0.425	0.0751889
0.2	0.425	0.0736316
0.2125	0.425	0.0719663
0.225	0.425	0.0701917
0.2375	0.425	0.0683065
0.25	0.425	0.0663093
0.2625	0.425	0.0641984
0.275	0.425	0.0619724
0.2875	0.425	0.0596296
0.3	0.425	0.0571682
0.3125	0.425	0.0545864
0.325	0.425	0.0518824
0.3375	0.425	0.0490542
0.35	0.425	0.0460998
0.3625	0.425	0.0430171
0.375	0.425	0.0398041
0.3875	0.425	0.0364584
0.4	0.425	0.032978
0.4125	0.425	0.0293605
0.425	0.425	0.0256036
0.4375	0.425	0.0217049
0.45	0.425	0.017662
0.4625	0.425	0.0134726
0.475	0.425	0.00913404
0.4875	0.425	0.00464401
0.5	0.425	0
0	0.45	0.0885037
0.0125	0.45	0.0884625
0.025	0.45	0.0883201
0.0375	0.45	0.0880764
0.05	0.45	0.0877312
0.0625	0.45	0.0872841
0.075	0.45	0.0867349
0.0875	0.45	0.0860831
0.1	0.45	0.0853282
0.1125	0.45	0.0844697
0.125	0.45	0.0835068
0.1375	0.45	0.0824389
0.15	0.45	0.0812651
0.1625	0.45	0.0799847
0.175	0.45	0.0785965
0.1875	0.45	0.0770997
0.2	0.45	0.0754932
0.2125	0.45	0.0737757
0.225	0.45	0.0719461
0.2375	0.45	0.0700031
0.25	0.45	0.0679452
0.2625	0.45	0.0657711
0.275	0.45	0.0634791
0.2875	0.45	0.0610678
0.3	0.45	0.0585355
0.3125	0.45	0.0558805
0.325	0.45	0.0531011
0.3375	0.45	0.0501953
0.35	0.45	0.0471613
0.3625	0.45	0.0439971
0.375	0.45	0.0407008
0.3875	0.45	0.0372703
0.4	0.45	0.0337035
0.4125	0.45	0.0299983
0.425	0.45	0.0261525
0.4375	0.45	0.0221639
0.45	0.45	0.0180303
0.4625	0.45	0.0137494
0.475	0.45	0.0093189
0.4875	0.45	0.00473654
0.5	0.45	0
0	0.475	0.0905859
0.0125	0.475	0.0905436
0.025	0.475	0.090397
0.0375	0.475	0.0901461
0.05	0.475	0.0897906
0.0625	0.475	0.0893303
0.075	0.475	0.0887647
0.0875	0.475	0.0880936
0.1	0.475	0.0873164
0.1125	0.475	0.0864325
0.125	0.475	0.0854413
0.1375	0.475	0.0843422
0.15	0.475	0.0831343
0.1625	0.475	0.0818169
0.175	0.475	0.080389
0.1875	0.475	0.0788496
0.2	0.475	0.0771977
0.2125	0.475	0.0754323
0.225	0.475	0.073552
0.2375	0.475	0.0715557
0.25	0.475	0.0694421
0.2625	0.475	0.0672098
0.275	0.475	0.0648573
0.2875	0.475	0.0623832
0.3	0.475	0.0597859
0.3125	0.475	0.0570637
0.325	0.475	0.054215
0.3375	0.475	0.0512381
0.35	0.475	0.0481312
0.3625	0.475	0.0448925
0.375	0.475	0.04152
0.3875	0.475	0.0380119
0.4	0.475	0.0343661
0.4125	0.475	0.0305808
0.425	0.475	0.0266538
0.4375	0.475	0.0225831
0.45	0.475	0.0183666
0.4625	0.475	0.0140021
0.475	0.475	0.00948766
0.4875	0.475	0.004821
0.5	0.475	0
0	0.5	0.0924928
0.0125	0.5	0.0924495
0.025	0.5	0.0922991
0.0375	0.5	0.0920415
0.05	0.5	0.0916766
0.0625	0.5	0.091204
0.075	0.5	0.0906234
0.0875	0.5	0.0899344
0.1	0.5	0.0891366
0.1125	0.5	0.0882294
0.125	0.5	0.0872122
0.1375	0.5	0.0860843
0.15	0.5	0.0848451
0.1625	0.5	0.0834936
0.175	0.5	0.0820291
0.1875	0.5	0.0804506
0.2	0.5	0.0787571
0.2125	0.5	0.0769475
0.225	0.5	0.0750207
0.2375	0.5	0.0729755
0.25	0.5	0.0708108
0.2625	0.5	0.068525
0.275	0.5	0.066117
0.2875	0.5	0.0635853
0.3	0.5	0.0609283
0.3125	0.5	0.0581447
0.325	0.5	0.0552326
0.3375	0.5	0.0521907
0.35	0.5	0.0490171
0.3625	0.5	0.0457101
0.375	0.5	0.0422679
0.3875	0.5	0.0386889
0.4	0.5	0.034971
0.4125	0.5	0.0311124
0.425	0.5	0.0271113
0.4375	0.5	0.0229656
0.45	0.5	0.0186734
0.4625	0.5	0.0142328
0.475	0.5	0.00964165
0.4875	0.5	0.00489807
0.5	0.5	0
0	0.525	0.094237
0.0125	0.525	0.0941927
0.025	0.525	0.0940389
0.0375	0.525	0.0937752
0.05	0.525	0.0934016
0.0625	0.525	0.0929177
0.075	0.525	0.0923233
0.0875	0.525	0.0916179
0.1	0.525	0.0908012
0.1125	0.525	0.0898725
0.125	0.525	0.0888314
0.1375	0.525	0.0876772
0.15	0.525	0.0864091
0.1625	0.525	0.0850264
0.175	0.525	0.0835282
0.1875	0.525	0.0819138
0.2	0.525	0.080182
0.2125	0.525	0.0783319
0.225	0.525	0.0763625
0.2375	0.525	0.0742725
0.25	0.525	0.0720608
0.2625	0.525	0.0697262
0.275	0.525	0.0672673
0.2875	0.525	0.0646828
0.3	0.525	0.0619713
0.3125	0.525	0.0591314
0.325	0.525	0.0561614
0.3375	0.525	0.05306
0.35	0.525	0.0498254
0.3625	0.525	0.0464561
0.375	0.525	0.0429503
0.3875	0.525	0.0393064
0.4	0.525	0.0355227
0.4125	0.525	0.0315973
0.425	0.525	0.0275285
0.4375	0.525	0.0233144
0.45	0.525	0.0189532
0.4625	0.525	0.0144431
0.475	0.525	0.00978207
0.4875	0.525	0.00496835
0.5	0.525	0
0	0.55	0.0958301
0.0125	0.55	0.0957851
0.025	0.55	0.095628
0.0375	0.55	0.0953587
0.05	0.55	0.0949771
0.0625	0.55	0.0944829
0.075	0.55	0.0938758
0.0875	0.55	0.0931554
0.1	0.55	0.0923213
0.1125	0.55	0.091373
0.125	0.55	0.0903099
0.1375	0.55	0.0891315
0.15	0.55	0.087837
0.1625	0.55	0.0864256
0.175	0.55	0.0848967
0.1875	0.55	0.0832493
0.2	0.55	0.0814825
0.2125	0.55	0.0795953
0.225	0.55	0.0775868
0.2375	0.55	0.0754558
0.25	0.55	0.0732013
0.2625	0.55	0.0708219
0.275	0.55	0.0683165
0.2875	0.55	0.0656838
0.3	0.55	0.0629225
0.3125	0.55	0.0600311
0.325	0.55	0.0570082
0.3375	0.55	0.0538524
0.35	0.55	0.0505622
0.3625	0.55	0.047136
0.375	0.55	0.0435722
0.3875	0.55	0.0398693
0.4	0.55	0.0360255
0.4125	0.55	0.0320392
0.425	0.55	0.0279087
0.4375	0.55	0.0236323
0.45	0.55	0.0192082
0.4625	0.55	0.0146347
0.475	0.55	0.00991001
0.4875	0.55	0.00503237
0.5	0.55	0
0	0.575	0.0972829
0.0125	0.575	0.0972371
0.025	0.575	0.0970771
0.0375	0.575	0.0968027
0.05	0.575	0.0964138
0.0625	0.575	0.0959102
0.075	0.575	0.0952915
0.0875	0.575	0.0945574
0.1	0.575	0.0937074
0.1125	0.575	0.0927411
0.125	0.575	0.0916579
0.1375	0.575	0.0904573
0.15	0.575	0.0891386
0.1625	0.575	0.0877011
0.175	0.575	0.086144
0.1875	0.575	0.0844664
0.2	0.575	0.0826676
0.2125	0.575	0.0807466
0.225	0.575	0.0787024
0.2375	0.575	0.076534
0.25	0.575	0.0742402
0.2625	0.575	0.07182
0.275	0.575	0.0692722
0.2875	0.575	0.0665955
0.3	0.575	0.0637886
0.3125	0.575	0.0608503
0.325	0.575	0.0577793
0.3375	0.575	0.054574
0.35	0.575	0.051233
0.3625	0.575	0.047755
0.375	0.575	0.0441383
0.3875	0.575	0.0403815
0.4	0.575	0.0364831
0.4125	0.575	0.0324413
0.425	0.575	0.0282547
0.4375	0.575	0.0239215
0.45	0.575	0.0194402
0.4625	0.575	0.014809
0.475	0.575	0.0100264
0.4875	0.575	0.00509063
0.5	0.575	0
0	0.6	0.0986053
0.0125	0.6	0.0985588
0.025	0.6	0.0983962
0.0375	0.6	0.0981171
0.05	0.6	0.0977216
0.0625	0.6	0.0972093
0.075	0.6	0.09658
0.0875	0.6	0.0958333
0.1	0.6	0.0949689
0.1125	0.6	0.0939861
0.125	0.6	0.0928847
0.1375	0.6	0.0916638
0.15	0.6	0.090323
0.1625	0.6	0.0888616
0.175	0.6	0.0872788
0.1875	0.6	0.0855738
0.2	0.6	0.0837458
0.2125	0.6	0.0817939
0.225	0.6	0.0797172
0.2375	0.6	0.0775146
0.25	0.6	0.0751851
0.2625	0.6	0.0727277
0.275	0.6	0.0701412
0.2875	0.6	0.0674244
0.3	0.6	0.0645761
0.3125	0.6	0.0615952
0.325	0.6	0.0584802
0.3375	0.6	0.0552298
0.35	0.6	0.0518427
0.3625	0.6	0.0483175
0.375	0.6	0.0446528
0.3875	0.6	0.0408471
0.4	0.6	0.0368989
0.4125	0.6	0.0328067
0.425	0.6	0.028569
0.4375	0.6	0.0241843
0.45	0.6	0.019651
0.4625	0.6	0.0149675
0.475	0.6	0.0101322
0.4875	0.6	0.00514356
0.5	0.6	0
0	0.625	0.0998063
0.0125	0.625	0.0997593
0.025	0.625	0.0995942
0.0375	0.625	0.0993109
0.05	0.625	0.0989094
0.0625	0.625	0.0983892
0.075	0.625	0.0977503
0.0875	0.625	0.0969922
0.1	0.625	0.0961145
0.1125	0.625	0.0951168
0.125	0.625	0.0939986
0.1375	0.625	0.0927594
0.15	0.625	0.0913985
0.1625	0.625	0.0899154
0.175	0.625	0.0883092
0.1875	0.625	0.0865792
0.2	0.625	0.0847246
0.2125	0.625	0.0827446
0.225	0.625	0.0806383
0.2375	0.625	0.0784046
0.25	0.625	0.0760427
0.2625	0.625	0.0735514
0.275	0.625	0.0709298
0.2875	0.625	0.0681766
0.3	0.625	0.0652907
0.3125	0.625	0.062271
0.325	0.625	0.0591161
0.3375	0.625	0.0558248
0.35	0.625	0.0523958
0.3625	0.625	0.0488279
0.375	0.625	0.0451195
0.3875	0.625	0.0412694
0.4	0.625	0.037276
0.4125	0.625	0.0331381
0.425	0.625	0.0288541
0.4375	0.625	0.0244226
0.45	0.625	0.0198421
0.4625	0.625	0.0151111
0.475	0.625	0.0102281
0.4875	0.625	0.00519157
0.5	0.625	0
0	0.65	0.100894
0.0125	0.65	0.100847
0.025	0.65	0.100679
0.0375	0.65	0.100392
0.05	0.65	0.0999853
0.0625	0.65	0.0994581
0.075	0.65	0.0988104
0.0875	0.65	0.0980419
0.1	0.65	0.0971522
0.1125	0.65	0.096141
0.125	0.65	0.0950077
0.1375	0.65	0.0937517
0.15	0.65	0.0923726
0.1625	0.65	0.0908697
0.175	0.65	0.0892423
0.1875	0.65	0.0874896
0.2	0.65	0.0856109
0.2125	0.65	0.0836054
0.225	0.65	0.0814723
0.2375	0.65	0.0792105
0.25	0.65	0.0768191
0.2625	0.65	0.0742972
0.275	0.65	0.0716437
0.2875	0.65	0.0688575
0.3	0.65	0.0659375
0.3125	0.65	0.0628826
0.325	0.65	0.0596916
0.3375	0.65	0.0563633
0.35	0.65	0.0528964
0.3625	0.65	0.0492897
0.375	0.65	0.0455418
0.3875	0.65	0.0416514
0.4	0.65	0.0376173
0.4125	0.65	0.033438
0.425	0.65	0.0291121
0.4375	0.65	0.0246383
0.45	0.65	0.0200151
0.4625	0.65	0.0152411
0.475	0.65	0.0103149
0.4875	0.65	0.00523499
0.5	0.65	0
0	0.675	0.101877
0.0125	0.675	0.101829
0.025	0.675	0.10166
0.0375	0.675	0.101369
0.05	0.675	0.100957
0.0625	0.675	0.100423
0.075	0.675	0.0997677
0.0875	0.675	0.0989898
0.1	0.675	0.0980893
0.1125	0.675	0.0970658
0.125	0.675	0.0959188
0.1375	0.675	0.0946478
0.15	0.675	0.0932522
0.1625	0.675	0.0917314
0.175	0.675	0.0900848
0.1875	0.675	0.0883116
0.2	0.675	0.0864111
0.2125	0.675	0.0843826
0.225	0.675	0.0822251
0.2375	0.675	0.0799379
0.25	0.675	0.0775199
0.2625	0.675	0.0749703
0.275	0.675	0.072288
0.2875	0.675	0.069472
0.3	0.675	0.0665212
0.3125	0.675	0.0634346
0.325	0.675	0.060211
0.3375	0.675	0.0568492
0.35	0.675	0.0533481
0.3625	0.675	0.0497063
0.375	0.675	0.0459228
0.3875	0.675	0.0419962
0.4	0.675	0.0379252
0.4125	0.675	0.0337085
0.425	0.675	0.0293449
0.4375	0.675	0.0248328
0.45	0.675	0.0201711
0.4625	0.675	0.0153584
0.475	0.675	0.0103932
0.4875	0.675	0.00527417
0.5	0.675	0
0	0.7	0.102761
0.0125	0.7	0.102712
0.025	0.7	0.102541
0.0375	0.7	0.102248
0.05	0.7	0.101831
0.0625	0.7	0.101292
0.075	0.7	0.100629
0.0875	0.7	0.0998427
0.1	0.7	0.0989325
0.1125	0.7	0.0978979
0.125	0.7	0.0967385
0.1375	0.7	0.0954539
0.15	0.7	0.0940434
0.1625	0.7	0.0925065
0.175	0.7	0.0908426
0.1875	0.7	0.089051
0.2	0.7	0.0871309
0.2125	0.7	0.0850816
0.225	0.7	0.0829023
0.2375	0.7	0.0805921
0.25	0.7	0.0781502
0.2625	0.7	0.0755756
0.275	0.7	0.0728674
0.2875	0.7	0.0700246
0.3	0.7	0.0670461
0.3125	0.7	0.063931
0.325	0.7	0.060678
0.3375	0.7	0.0572861
0.35	0.7	0.0537541
0.3625	0.7	0.050081
0.375	0.7	0.0462654
0.3875	0.7	0.0423061
0.4	0.7	0.038202
0.4125	0.7	0.0339517
0.425	0.7	0.0295541
0.4375	0.7	0.0250077
0.45	0.7	0.0203114
0.4625	0.7	0.0154638
0.475	0.7	0.0104635
0.4875	0.7	0.00530939
0.5	0.7	0
0	0.725	0.103553
0.0125	0.725	0.103504
0.025	0.725	0.103331
0.0375	0.725	0.103035
0.05	0.725	0.102614
0.0625	0.725	0.10207
0.075	0.725	0.1014
0.0875	0.725	0.100607
0.1	0.725	0.0996875
0.1125	0.725	0.098643
0.125	0.725	0.0974726
0.1375	0.725	0.0961757
0.15	0.725	0.094752
0.1625	0.725	0.0932007
0.175	0.725	0.0915212
0.1875	0.725	0.089713
0.2	0.725	0.0877754
0.2125	0.725	0.0857075
0.225	0.725	0.0835086
0.2375	0.725	0.0811779
0.25	0.725	0.0787145
0.2625	0.725	0.0761176
0.275	0.725	0.0733862
0.2875	0.725	0.0705193
0.3	0.725	0.067516
0.3125	0.725	0.0643753
0.325	0.725	0.061096
0.3375	0.725	0.0576772
0.35	0.725	0.0541176
0.3625	0.725	0.0504163
0.375	0.725	0.046572
0.3875	0.725	0.0425835
0.4	0.725	0.0384497
0.4125	0.725	0.0341694
0.425	0.725	0.0297413
0.4375	0.725	0.0251642
0.45	0.725	0.0204369
0.4625	0.725	0.0155581
0.475	0.725	0.0105265
0.4875	0.725	0.00534091
0.5	0.725	0
0	0.75	0.104258
0.0125	0.75	0.104209
0.025	0.75	0.104035
0.0375	0.75	0.103736
0.05	0.75	0.103312
0.0625	0.75	0.102762
0.075	0.75	0.102087
0.0875	0.75	0.101287
0.1	0.75	0.10036
0.1125	0.75	0.0993066
0.125	0.75	0.0981263
0.1375	0.75	0.0968186
0.15	0.75	0.0953829
0.1625	0.75	0.0938188
0.175	0.75	0.0921255
0.1875	0.75	0.0903026
0.2	0.75	0.0883492
0.2125	0.75	0.0862647
0.225	0.75	0.0840484
0.2375	0.75	0.0816994
0.25	0.75	0.0792169
0.2625	0.75	0.0766001
0.275	0.75	0.073848
0.2875	0.75	0.0709597
0.3	0.75	0.0679343
0.3125	0.75	0.0647708
0.325	0.75	0.0614681
0.3375	0.75	0.0580253
0.35	0.75	0.0544412
0.3625	0.75	0.0507147
0.375	0.75	0.0468449
0.3875	0.75	0.0428304
0.4	0.75	0.0386702
0.4125	0.75	0.0343631
0.425	0.75	0.029908
0.4375	0.75	0.0253035
0.45	0.75	0.0205486
0.4625	0.75	0.0156421
0.475	0.75	0.0105826
0.4875	0.75	0.00536896
0.5	0.75	0
0	0.775	0.104881
0.0125	0.775	0.104832
0.025	0.775	0.104656
0.0375	0.775	0.104355
0.05	0.775	0.103928
0.0625	0.775	0.103375
0.075	0.775	0.102695
0.0875	0.775	0.101888
0.1	0.775	0.100954
0.1125	0.775	0.0998933
0.125	0.775	0.0987043
0.1375	0.775	0.0973869
0.15	0.775	0.0959408
0.1625	0.775	0.0943652
0.175	0.775	0.0926598
0.1875	0.775	0.0908238
0.2	0.775	0.0888565
0.2125	0.775	0.0867574
0.225	0.775	0.0845256
0.2375	0.775	0.0821604
0.25	0.775	0.079661
0.2625	0.775	0.0770266
0.275	0.775	0.0742562
0.2875	0.775	0.071349
0.3	0.775	0.068304
0.3125	0.775	0.0651204
0.325	0.775	0.061797
0.3375	0.775	0.058333
0.35	0.775	0.0547271
0.3625	0.775	0.0509785
0.375	0.775	0.0470861
0.3875	0.775	0.0430486
0.4	0.775	0.0388651
0.4125	0.775	0.0345344
0.425	0.775	0.0300553
0.4375	0.775	0.0254267
0.45	0.775	0.0206474
0.4625	0.775	0.0157163
0.475	0.775	0.0106321
0.4875	0.775	0.00539375
0.5	0.775	0
0	0.8	0.105427
0.0125	0.8	0.105378
0.025	0.8	0.105201
0.0375	0.8	0.104898
0.05	0.8	0.104468
0.0625	0.8	0.103911
0.075	0.8	0.103227
0.0875	0.8	0.102415
0.1	0.8	0.101475
0.1125	0.8	0.100407
0.125	0.8	0.0992107
0.1375	0.8	0.0978849
0.15	0.8	0.0964296
0.1625	0.8	0.0948441
0.175	0.8	0.0931279
0.1875	0.8	0.0912804
0.2	0.8	0.0893011
0.2125	0.8	0.0871891
0.225	0.8	0.0849437
0.2375	0.8	0.0825644
0.25	0.8	0.0800501
0.2625	0.8	0.0774002
0.275	0.8	0.0746138
0.2875	0.8	0.07169
0.3	0.8	0.068628
0.3125	0.8	0.0654266
0.325	0.8	0.0620851
0.3375	0.8	0.0586025
0.35	0.8	0.0549777
0.3625	0.8	0.0512096
0.375	0.8	0.0472974
0.3875	0.8	0.0432398
0.4	0.8	0.0390358
0.4125	0.8	0.0346843
0.425	0.8	0.0301843
0.4375	0.8	0.0255345
0.45	0.8	0.0207339
0.4625	0.8	0.0157812
0.475	0.8	0.0106755
0.4875	0.8	0.00541547
0.5	0.8	0
0	0.825	0.1059
0.0125	0.825	0.105851
0.025	0.825	0.105673
0.0375	0.825	0.105369
0.05	0.825	0.104936
0.0625	0.825	0.104376
0.075	0.825	0.103688
0.0875	0.825	0.102872
0.1	0.825	0.101927
0.1125	0.825	0.100853
0.125	0.825	0.0996493
0.1375	0.825	0.0983162
0.15	0.825	0.0968528
0.1625	0.825	0.0952587
0.175	0.825	0.0935332
0.1875	0.825	0.0916759
0.2	0.825	0.0896859
0.2125	0.825	0.0875628
0.225	0.825	0.0853058
0.2375	0.825	0.0829141
0.25	0.825	0.080387
0.2625	0.825	0.0777238
0.275	0.825	0.0749235
0.2875	0.825	0.0719853
0.3	0.825	0.0689084
0.3125	0.825	0.0656918
0.325	0.825	0.0623346
0.3375	0.825	0.0588358
0.35	0.825	0.0551945
0.3625	0.825	0.0514097
0.375	0.825	0.0474803
0.3875	0.825	0.0434052
0.4	0.825	0.0391836
0.4125	0.825	0.0348142
0.425	0.825	0.030296
0.4375	0.825	0.0256278
0.45	0.825	0.0208087
0.4625	0.825	0.0158375
0.475	0.825	0.0107131
0.4875	0.825	0.00543427
0.5	0.825	0
0	0.85	0.106304
0.0125	0.85	0.106254
0.025	0.85	0.106076
0.0375	0.85	0.105769
0.05	0.85	0.105335
0.0625	0.85	0.104772
0.075	0.85	0.104081
0.0875	0.85	0.103261
0.1	0.85	0.102311
0.1125	0.85	0.101232
0.125	0.85	0.100023
0.1375	0.85	0.0986838
0.15	0.85	0.0972137
0.1625	0.85	0.0956122
0.175	0.85	0.0938788
0.1875	0.85	0.0920129
0.2	0.85	0.090014
0.2125	0.85	0.0878814
0.225	0.85	0.0856144
0.2375	0.85	0.0832122
0.25	0.85	0.0806742
0.2625	0.85	0.0779996
0.275	0.85	0.0751874
0.2875	0.85	0.072237
0.3	0.85	0.0691474
0.3125	0.85	0.0659178
0.325	0.85	0.0625472
0.3375	0.85	0.0590347
0.35	0.85	0.0553794
0.3625	0.85	0.0515802
0.375	0.85	0.0476362
0.3875	0.85	0.0435463
0.4	0.85	0.0393095
0.4125	0.85	0.0349248
0.425	0.85	0.0303911
0.4375	0.85	0.0257074
0.45	0.85	0.0208725
0.4625	0.85	0.0158855
0.475	0.85	0.0107451
0.4875	0.85	0.00545029
0.5	0.85	0
0	0.875	0.10664
0.0125	0.875	0.10659
0.025	0.875	0.106411
0.0375	0.875	0.106104
0.05	0.875	0.105668
0.0625	0.875	0.105103
0.075	0.875	0.104409
0.0875	0.875	0.103585
0.1	0.875	0.102632
0.1125	0.875	0.101549
0.125	0.875	0.100335
0.1375	0.875	0.0989905
0.15	0.875	0.0975147
0.1625	0.875	0.095907
0.175	0.875	0.094167
0.1875	0.875	0.0922941
0.2	0.875	0.0902877
0.2125	0.875	0.0881472
0.225	0.875	0.0858718
0.2375	0.875	0.0834609
0.25	0.875	0.0809138
0.2625	0.875	0.0782296
0.275	0.875	0.0754076
0.2875	0.875	0.0724469
0.3	0.875	0.0693468
0.3125	0.875	0.0661063
0.325	0.875	0.0627246
0.3375	0.875	0.0592006
0.35	0.875	0.0555336
0.3625	0.875	0.0517224
0.375	0.875	0.0477662
0.3875	0.875	0.0436639
0.4	0.875	0.0394146
0.4125	0.875	0.0350171
0.425	0.875	0.0304705
0.4375	0.875	0.0257738
0.45	0.875	0.0209258
0.4625	0.875	0.0159255
0.475	0.875	0.0107718
0.4875	0.875	0.00546365
0.5	0.875	0
0	0.9	0.106912
0.0125	0.9	0.106862
0.025	0.9	0.106683
0.0375	0.9	0.106374
0.05	0.9	0.105937
0.0625	0.9	0.10537
0.075	0.9	0.104674
0.0875	0.9	0.103848
0.1	0.9	0.102891
0.1125	0.9	0.101805
0.125	0.9	0.100587
0.1375	0.9	0.0992384
0.15	0.9	0.097758
0.1625	0.9	0.0961454
0.175	0.9	0.0944
0.1875	0.9	0.0925214
0.2	0.9	0.090509
0.2125	0.9	0.088362
0.225	0.9	0.0860799
0.2375	0.9	0.0836619
0.25	0.9	0.0811074
0.2625	0.9	0.0784155
0.275	0.9	0.0755856
0.2875	0.9	0.0726166
0.3	0.9	0.069508
0.3125	0.9	0.0662587
0.325	0.9	0.0628679
0.3375	0.9	0.0593347
0.35	0.9	0.0556582
0.3625	0.9	0.0518374
0.375	0.9	0.0478713
0.3875	0.9	0.043759
0.4	0.9	0.0394995
0.4125	0.9	0.0350917
0.425	0.9	0.0305347
0.4375	0.9	0.0258274
0.45	0.9	0.0209688
0.4625	0.9	0.0159578
0.475	0.9	0.0107934
0.4875	0.9	0.00547445
0.5	0.9	0
0	0.925	0.107122
0.0125	0.925	0.107071
0.025	0.925	0.106892
0.0375	0.925	0.106583
0.05	0.925	0.106144
0.0625	0.925	0.105576
0.075	0.925	0.104878
0.0875	0.925	0.10405
0.1	0.925	0.103091
0.1125	0.925	0.102002
0.125	0.925	0.100781
0.1375	0.925	0.0994295
0.15	0.925	0.0979455
0.1625	0.925	0.096329
0.175	0.925	0.0945796
0.1875	0.925	0.0926966
0.2	0.925	0.0906794
0.2125	0.925	0.0885276
0.225	0.925	0.0862402
0.2375	0.925	0.0838168
0.25	0.925	0.0812566
0.2625	0.925	0.0785588
0.275	0.925	0.0757227
0.2875	0.925	0.0727474
0.3	0.925	0.0696322
0.3125	0.925	0.0663761
0.325	0.925	0.0629784
0.3375	0.925	0.059438
0.35	0.925	0.0557542
0.3625	0.925	0.0519259
0.375	0.925	0.0479523
0.3875	0.925	0.0438323
0.4	0.925	0.0395649
0.4125	0.925	0.0351492
0.425	0.925	0.0305841
0.4375	0.925	0.0258687
0.45	0.925	0.0210019
0.4625	0.925	0.0159827
0.475	0.925	0.01081
0.4875	0.925	0.00548277
0.5	0.925	0
0	0.95	0.10727
0.0125	0.95	0.10722
0.025	0.95	0.10704
0.0375	0.95	0.10673
0.05	0.95	0.106291
0.0625	0.95	0.105722
0.075	0.95	0.105023
0.0875	0.95	0.104193
0.1	0.95	0.103233
0.1125	0.95	0.102142
0.125	0.95	0.100919
0.1375	0.95	0.0995649
0.15	0.95	0.0980785
0.1625	0.95	0.0964593
0.175	0.95	0.0947069
0.1875	0.95	0.0928208
0.2	0.95	0.0908004
0.2125	0.95	0.088645
0.225	0.95	0.086354
0.2375	0.95	0.0839267
0.25	0.95	0.0813624
0.2625	0.95	0.0786604
0.275	0.95	0.0758199
0.2875	0.95	0.0728401
0.3	0.95	0.0697202
0.3125	0.95	0.0664594
0.325	0.95	0.0630567
0.3375	0.95	0.0595113
0.35	0.95	0.0558223
0.3625	0.95	0.0519887
0.375	0.95	0.0480097
0.3875	0.95	0.0438842
0.4	0.95	0.0396113
0.4125	0.95	0.03519
0.425	0.95	0.0306192
0.4375	0.95	0.025898
0.45	0.95	0.0210254
0.4625	0.95	0.0160004
0.475	0.95	0.0108218
0.4875	0.95	0.00548867
0.5	0.95	0
0	0.975	0.107359
0.0125	0.975	0.107309
0.025	0.975	0.107128
0.0375	0.975	0.106819
0.05	0.975	0.106379
0.0625	0.975	0.105809
0.075	0.975	0.105109
0.0875	0.975	0.104279
0.1	0.975	0.103318
0.1125	0.975	0.102225
0.125	0.975	0.101002
0.1375	0.975	0.0996459
0.15	0.975	0.0981579
0.1625	0.975	0.0965371
0.175	0.975	0.094783
0.1875	0.975	0.092895
0.2	0.975	0.0908726
0.2125	0.975	0.0887151
0.225	0.975	0.0864219
0.2375	0.975	0.0839923
0.25	0.975	0.0814256
0.2625	0.975	0.0787211
0.275	0.975	0.075878
0.2875	0.975	0.0728955
0.3	0.975	0.0697728
0.3125	0.975	0.0665091
0.325	0.975	0.0631035
0.3375	0.975	0.0595551
0.35	0.975	0.055863
0.3625	0.975	0.0520263
0.375	0.975	0.048044
0.3875	0.975	0.0439152
0.4	0.975	0.039639
0.4125	0.975	0.0352143
0.425	0.975	0.0306402
0.4375	0.975	0.0259155
0.45	0.975	0.0210395
0.4625	0.975	0.0160109
0.475	0.975	0.0108288
0.4875	0.975	0.0054922
0.5	0.975	0
0	1	0.107389
0.0125	1	0.107338
0.025	1	0.107158
0.0375	1	0.106848
0.05	1	0.106408
0.0625	1	0.105838
0.075	1	0.105138
0.0875	1	0.104307
0.1	1	0.103346
0.1125	1	0.102253
0.125	1	0.101029
0.1375	1	0.0996729
0.15	1	0.0981844
0.1625	1	0.096563
0.175	1	0.0948084
0.1875	1	0.0929197
0.2	1	0.0908967
0.2125	1	0.0887385
0.225	1	0.0864445
0.2375	1	0.0840142
0.25	1	0.0814467
0.2625	1	0.0787413
0.275	1	0.0758974
0.2875	1	0.072914
0.3	1	0.0697904
0.3125	1	0.0665257
0.325	1	0.0631191
0.3375	1	0.0595697
0.35	1	0.0558765
0.3625	1	0.0520388
0.375	1	0.0480554
0.3875	1	0.0439256
0.4	1	0.0396482
0.4125	1	0.0352224
0.425	1	0.0306471
0.4375	1	0.0259214
0.45	1	0.0210442
0.4625	1	0.0160144
0.475	1	0.0108312
0.4875	1	0.00549302
0.5	1	0
