0.000000000000000000e+00 0.000000000000000000e+00 0.000000000000000000e+00 0.000000000000000000e+00 0.000000000000000000e+00 0.000000000000000000e+00 0.000000000000000000e+00 0.000000000000000000e+00 0.000000000000000000e+00 0.000000000000000000e+00 0.000000000000000000e+00 0.000000000000000000e+00 0.000000000000000000e+00 0.000000000000000000e+00 0.000000000000000000e+00 0.000000000000000000e+00 0.000000000000000000e+00 0.000000000000000000e+00 0.000000000000000000e+00 0.000000000000000000e+00 0.000000000000000000e+00
5.640409849617154803e-02 5.642586579542260145e-02 5.649234231346238894e-02 5.660528998072086870e-02 5.676779780465913278e-02 5.698451087087631761e-02 5.726199709418672984e-02 5.760930933994402869e-02 5.803883931923214945e-02 5.856762510173058739e-02 5.921938851208094490e-02 6.002778481283375239e-02 6.104172872688987811e-02 6.233438595223445705e-02 6.401883129067288680e-02 6.627618890779789218e-02 6.940780411733435407e-02 7.393491746691363553e-02 8.079456412069850602e-02 9.173482687054183848e-02 0.000000000000000000e+00
1.101315984801289199e-01 1.101728947156901811e-01 1.102988000300499788e-01 1.105123393347225980e-01 1.108187746402027052e-01 1.112259291133797234e-01 1.117446900985858277e-01 1.123897477457648647e-01 1.131806554256229724e-01 1.141433396920534388e-01 1.153122454625521986e-01 1.167333791724541603e-01 1.184686042086260244e-01 1.206016194520934115e-01 1.232460134665995244e-01 1.265553474459499284e-01 1.307336156744974831e-01 1.360397017170049128e-01 1.427666638571631896e-01 1.511436183021086510e-01 0.000000000000000000e+00
1.610245350069320069e-01 1.610814873207633002e-01 1.612547217853862458e-01 1.615478046854943728e-01 1.619668748049584717e-01 1.625209213077666581e-01 1.632221964550932547e-01 1.640867860208695128e-01 1.651353651857242477e-01 1.663941682661031207e-01 1.678961906554104766e-01 1.696826082269949909e-01 1.718043188611799998e-01 1.743233378677975232e-01 1.773134357831490926e-01 1.808587689873133453e-01 1.850481559758213046e-01 1.899609815764927157e-01 1.956387943744791191e-01 2.020365606941639247e-01 0.000000000000000000e+00
2.089569561760640792e-01 2.090249513226697109e-01 2.092312497987816045e-01 2.095793211588424521e-01 2.100750694363376914e-01 2.107269989240801722e-01 2.115464451378021027e-01 2.125478658996598491e-01 2.137491792837289406e-01 2.151721196044391604e-01 2.168425551191599243e-01 2.187906650311336465e-01 2.210508000240036519e-01 2.236607406485657812e-01 2.266599169444477868e-01 2.300859753913014893e-01 2.339689418284912059e-01 2.383223126467206021e-01 2.431311108050017711e-01 2.483389864373581335e-01 0.000000000000000000e+00
2.538407017777623564e-01 2.539152020065508220e-01 2.541406862763818109e-01 2.545201299624536562e-01 2.550585392267277762e-01 2.557630096364758576e-01 2.566427956279673239e-01 2.577093752896052470e-01 2.589764856351692290e-01 2.604600901667331048e-01 2.621782219938972869e-01 2.641506215116873890e-01 2.663980586600588341e-01 2.689412007440546426e-01 2.717988695018596634e-01 2.749855498339456306e-01 2.785081101570019979e-01 2.823619343567414508e-01 2.865271173392234805e-01 2.909660533483598988e-01 0.000000000000000000e+00
2.956244440525505612e-01 2.957015165262618650e-01 2.959342850890187004e-01 2.963250764532556203e-01 2.968777644352212919e-01 2.975977580218977514e-01 2.984919714375467437e-01 2.995687619438461846e-01 3.008378152426103291e-01 3.023099515466259324e-01 3.039968181061311614e-01 3.059104274699154802e-01 3.080624975536165322e-01 3.104635541443062086e-01 3.131217757621475029e-01 3.160416043127087793e-01 3.192222229787805010e-01 3.226561209357921012e-01 3.263281117668277442e-01 3.302153014791445740e-01 0.000000000000000000e+00
3.342885071909907913e-01 3.343650466897906126e-01 3.345957926957353057e-01 3.349824364731429638e-01 3.355277672248713206e-01 3.362356270914295120e-01 3.371108388845247550e-01 3.381590974282282502e-01 3.393868128290452035e-01 3.408008919045603102e-01 3.424084430012494518e-01 3.442163905484765252e-01 3.462309904192193977e-01 3.484572474359513561e-01 3.508982542915559666e-01 3.535544983294299781e-01 3.564232186367994881e-01 3.594979360187468553e-01 3.627683106693072035e-01 3.662204856118115304e-01 0.000000000000000000e+00
3.698380208261263791e-01 3.699117508247390385e-01 3.701337092166006038e-01 3.705050485957467887e-01 3.710276535552017307e-01 3.717040884548125090e-01 3.725375193290689224e-01 3.735316054841560929e-01 3.746903557166875176e-01 3.760179441777980469e-01 3.775184820942165675e-01 3.791957443329730393e-01 3.810528547008660838e-01 3.830919413721060041e-01 3.853137840918869350e-01 3.877174872681695694e-01 3.903002259965071552e-01 3.930571220272496280e-01 3.959813084040109676e-01 3.990642286572364528e-01 0.000000000000000000e+00
4.022961841508829739e-01 4.023655413866903396e-01 4.025741017883273098e-01 4.029225983971164160e-01 4.034122201249087381e-01 4.040445659196132411e-01 4.048215786502909475e-01 4.057454572303068052e-01 4.068185456900138552e-01 4.080431986298038161e-01 4.094216238978317102e-01 4.109557056009229825e-01 4.126468137691237104e-01 4.144956111140974397e-01 4.165018720662111429e-01 4.186643339986894086e-01 4.209806041465953830e-01 4.234471466516765426e-01 4.260593706328577035e-01 4.288118307409750640e-01 0.000000000000000000e+00
4.316985360725222876e-01 4.317625192853229432e-01 4.319547495314457475e-01 4.322756477224721228e-01 4.327258904269667417e-01 4.333063756405211020e-01 4.340181745741603647e-01 4.348624694576925798e-01 4.358404777430084365e-01 4.369533637688588490e-01 4.382021399611928381e-01 4.395875610084351015e-01 4.411100161302889400e-01 4.427694264275302549e-01 4.445651561190751000e-01 4.464959478674982440e-01 4.485598928679834785e-01 4.507544453717038380e-01 4.530764883539610266e-01 4.555224519309954423e-01 0.000000000000000000e+00
4.580884792223059443e-01 4.581465090506666171e-01 4.583207254949495102e-01 4.586113189939557966e-01 4.590185906927849446e-01 4.595429304810889626e-01 4.601847866984580815e-01 4.609446280779443406e-01 4.618228988338662910e-01 4.628199682419790184e-01 4.639360766049211438e-01 4.651712801175013623e-01 4.665253977899045390e-01 4.679979641637495025e-01 4.695881919444261920e-01 4.712949487280607141e-01 4.731167515764320153e-01 4.750517821775829264e-01 4.770979236959555503e-01 4.792528182639111400e-01 0.000000000000000000e+00
4.815139416470941014e-01 4.815657523523209638e-01 4.817211932395601970e-01 4.819802774661486322e-01 4.823430186007036657e-01 4.828094196053955844e-01 4.833794581742881791e-01 4.840530691924539997e-01 4.848301253159607027e-01 4.857104168957813162e-01 4.866936326500976295e-01 4.877793425872745114e-01 4.889669846437532108e-01 4.902558562726414548e-01 4.916451117579457852e-01 4.931337653296767320e-01 4.947206992737612774e-01 4.964046753145745505e-01 4.981843468396190966e-01 5.000582693359172382e-01 0.000000000000000000e+00
5.020249069671506303e-01 5.020704749259259358e-01 5.022070876267734629e-01 5.024346083064752388e-01 5.027528070280750105e-01 5.031613584728995558e-01 5.036598398530246490e-01 5.042477298856006263e-01 5.049244099727990820e-01 5.056891688516013117e-01 5.065412119638316168e-01 5.074796765798408327e-01 5.085036532079634242e-01 5.096122129558694480e-01 5.108044392257584665e-01 5.120794604418787976e-01 5.134364785841756262e-01 5.148747865146406921e-01 5.163937660982669264e-01 5.179928598681827756e-01 0.000000000000000000e+00
5.196715124212409886e-01 5.197110185312422415e-01 5.198293500985696758e-01 5.200262269792088610e-01 5.203011845625465925e-01 5.206535775992016113e-01 5.210825869219577466e-01 5.215872303602573368e-01 5.221663794632230848e-01 5.228187838737083926e-01 5.235431052624497372e-01 5.243379625239534825e-01 5.252019892930401834e-01 5.261339035511664042e-01 5.271325869086468385e-01 5.281971678493753153e-01 5.293270987419159690e-01 5.305222111020633236e-01 5.317827286117563501e-01 5.331092152678797991e-01 0.000000000000000000e+00
5.345024408507984548e-01 5.345362603072535412e-01 5.346374313171196047e-01 5.348055228411476847e-01 5.350398202837497452e-01 5.353393315810990316e-01 5.357027975287177446e-01 5.361287081762491358e-01 5.366153277235677921e-01 5.371607309827911569e-01 5.377628550700175314e-01 5.384195704377346958e-01 5.391287754219592498e-01 5.398885177490467813e-01 5.406971442585422061e-01 5.415534754496237335e-01 5.424569930292287845e-01 5.434080150913034313e-01 5.444078145395248036e-01 5.454586149603953826e-01 0.000000000000000000e+00
5.465633855817813025e-01 5.465920958696223186e-01 5.466778304790207432e-01 5.468199950287908617e-01 5.470176005859641588e-01 5.472692669619192429e-01 5.475732293358260838e-01 5.479273503930921496e-01 5.483291411362934964e-01 5.487757947798617142e-01 5.492642397556222189e-01 5.497912198854865151e-01 5.503534121794261269e-01 5.509475952172959712e-01 5.515708828820923282e-01 5.522210374957787771e-01 5.528968693866633810e-01 5.535987095359564680e-01 5.543288965766972609e-01 5.550921338508496561e-01 0.000000000000000000e+00
5.558954392802178957e-01 5.559198341457606274e-01 5.559925098794371578e-01 5.561127031868202675e-01 5.562791376130508114e-01 5.564900183509322584e-01 5.567430264094991310e-01 5.570353138661935377e-01 5.573635029475512148e-01 5.577236932481638432e-01 5.581114838248115717e-01 5.585220206769367923e-01 5.589500859611709060e-01 5.593902541778406068e-01 5.598371537100834683e-01 5.602858904331414758e-01 5.607327127104634323e-01 5.611760164148179575e-01 5.616177776802248056e-01 5.620653801204424926e-01 0.000000000000000000e+00
5.625333549056567017e-01 5.625544489493643496e-01 5.626171189850280863e-01 5.627204468694594341e-01 5.628628893935335720e-01 5.630422604572034029e-01 5.632557058906628722e-01 5.634996708406418975e-01 5.637698598817880713e-01 5.640611906123250696e-01 5.643677427920907874e-01 5.646827077399525496e-01 5.649983480131721691e-01 5.653059878760923196e-01 5.655960757748152989e-01 5.658584011534482094e-01 5.660826303261337067e-01 5.662594930494697643e-01 5.663832940845093811e-01 5.664571370100500713e-01 0.000000000000000000e+00
5.665037518054274468e-01 5.665227597851436592e-01 5.665790966955489560e-01 5.666717319935283825e-01 5.667989270156341686e-01 5.669582050843162691e-01 5.671463073057483317e-01 5.673591314504227157e-01 5.675916500584612390e-01 5.678378021795718045e-01 5.680903506869848796e-01 5.683406935015374861e-01 5.685786117063711398e-01 5.687919294311321039e-01 5.689660479199082355e-01 5.690832966975440943e-01 5.691220137392023481e-01 5.690552164373069433e-01 5.688486429267898270e-01 5.684578064203111847e-01 0.000000000000000000e+00
5.678234742642928046e-01 5.678417548981662399e-01 5.678958808557730276e-01 5.679847782210921681e-01 5.681066324514285615e-01 5.682588531004296728e-01 5.684380210278638934e-01 5.686398142067472516e-01 5.688589061828467353e-01 5.690888282016086652e-01 5.693217813533212324e-01 5.695483777019977323e-01 5.697572773198612550e-01 5.699346679301117158e-01 5.700634989095616501e-01 5.701223191855493422e-01 5.700834545264880093e-01 5.699100446596302438e-01 5.695510437529166525e-01 5.689324584287305253e-01 0.000000000000000000e+00
