0.000000000000000000e+00 0.000000000000000000e+00 0.000000000000000000e+00 0.000000000000000000e+00 0.000000000000000000e+00 0.000000000000000000e+00 0.000000000000000000e+00 0.000000000000000000e+00 0.000000000000000000e+00 0.000000000000000000e+00 0.000000000000000000e+00 0.000000000000000000e+00 0.000000000000000000e+00 0.000000000000000000e+00 0.000000000000000000e+00 0.000000000000000000e+00 0.000000000000000000e+00 0.000000000000000000e+00 0.000000000000000000e+00 0.000000000000000000e+00 0.000000000000000000e+00
6.446940687494001794e-04 6.558244304996492221e-04 6.626662286199480742e-04 6.652300897459876043e-04 6.635328649578568468e-04 6.575928721917852953e-04 6.474240307775155868e-04 6.330291838963989903e-04 6.143929242371843529e-04 5.914742298513661666e-04 5.641991872955444539e-04 5.324540354230670623e-04 4.960787133845598156e-04 4.548610469035333382e-04 4.085316621704915708e-04 3.567596792673034876e-04 2.991492078075823585e-04 2.352366462417063023e-04 1.644887721408314042e-04 8.630160255530026448e-05 0.000000000000000000e+00
2.502616999475692789e-03 2.544584411153787140e-03 2.570100528211388766e-03 2.579199705627195898e-03 2.571936975402533843e-03 2.548369694955802088e-03 2.508535201191723542e-03 2.452425595899822806e-03 2.379960860515443165e-03 2.290961468632287702e-03 2.185121555553478593e-03 2.061983544310424295e-03 1.920914945256401492e-03 1.761087864901722880e-03 1.581461595399255441e-03 1.380768518196796336e-03 1.157503447116089643e-03 9.099164565654440685e-04 6.360091862863497241e-04 3.335345803341057715e-04 0.000000000000000000e+00
5.419650258449876766e-03 5.507699467623093474e-03 5.560559082661529172e-03 5.578277891252514040e-03 5.560945040768935400e-03 5.508650300785755162e-03 5.421436281468581912e-03 5.299245050016884902e-03 5.141861741624073091e-03 4.948857699635444279e-03 4.719535449969176032e-03 4.452877478395623513e-03 4.147500395769312433e-03 3.801615694840270333e-03 3.412997956709407955e-03 2.978961073910072529e-03 2.496342826357445498e-03 1.961497972841536475e-03 1.370299895761785012e-03 7.181507493318181395e-04 0.000000000000000000e+00
9.225620043001276499e-03 9.370939882840437912e-03 9.457098107216871385e-03 9.484126819349118775e-03 9.452120818990224216e-03 9.361169802263443959e-03 9.211277813230514533e-03 9.002274150462400565e-03 8.733720190942342171e-03 8.404816488701605942e-03 8.014314118679279758e-03 7.560433670396141462e-03 7.040794651459603669e-03 6.452357419079774933e-03 5.791379173773518289e-03 5.053385052041567752e-03 4.233154951084164806e-03 3.324726400401080851e-03 2.321413545383357001e-03 1.215842106109989032e-03 0.000000000000000000e+00
1.375327666882994286e-02 1.396356124134632420e-02 1.408675122059220228e-02 1.412281186923387832e-02 1.407179358478145847e-02 1.393373044053299037e-02 1.370852101618299720e-02 1.339579789273820203e-02 1.299479256841469185e-02 1.250420239352051897e-02 1.192206554545417393e-02 1.124564922251121944e-02 1.047135527450189681e-02 9.594646527074484829e-03 8.609996172768792297e-03 7.510861833174183912e-03 6.289685248940837282e-03 4.937918011731141574e-03 3.446073286704164768e-03 1.803803054575916576e-03 0.000000000000000000e+00
1.884346506394196305e-02 1.912337634720659776e-02 1.928547445240352473e-02 1.932958972513248996e-02 1.925565834294842502e-02 1.906358256833418779e-02 1.875306839336775624e-02 1.832344951239656822e-02 1.777350707987630785e-02 1.710129448884043987e-02 1.630397560894251974e-02 1.537768375906146956e-02 1.431740735621115854e-02 1.311690683591460599e-02 1.176866617915434989e-02 1.026388125301099311e-02 8.592486178763613161e-03 6.743218057488172684e-03 4.703719571090510254e-03 2.460678197385754874e-03 0.000000000000000000e+00
2.434599521935332592e-02 2.469757076522664449e-02 2.489888426913453370e-02 2.494954674970060321e-02 2.484929341741813971e-02 2.459780190415385495e-02 2.419448331154480311e-02 2.363825796776872906e-02 2.292732845508125075e-02 2.205896217606420281e-02 2.102929467993833179e-02 1.983316343624259501e-02 1.846397997210733402e-02 1.691364647541693245e-02 1.517252123046752312e-02 1.322943564718267843e-02 1.107176416870029288e-02 8.685546962700714871e-03 6.055663975289969636e-03 3.166057613469796129e-03 0.000000000000000000e+00
3.011930889474374526e-02 3.054233683693967361e-02 3.078183633579393078e-02 3.083710139467512115e-02 3.070756731920408836e-02 3.039258406375828711e-02 2.989115836001158752e-02 2.920167988667396464e-02 2.832164757427307888e-02 2.724741175917443775e-02 2.597394656974047131e-02 2.449466496669142762e-02 2.280128657167800749e-02 2.088376603408149262e-02 1.873028734718433508e-02 1.632732728880898626e-02 1.365978902513254566e-02 1.071120484382228309e-02 7.464004932414328684e-03 3.899847064250456640e-03 0.000000000000000000e+00
3.602986663442783732e-02 3.652222703154916345e-02 3.679772355716718485e-02 3.685522663964661827e-02 3.669376707035805485e-02 3.631226250026029639e-02 3.570920940195992238e-02 3.488235959279260140e-02 3.382840141805542461e-02 3.254266521334830270e-02 3.101887100883829809e-02 2.924893398347586798e-02 2.722284027542235321e-02 2.492860267173760414e-02 2.235230259418672163e-02 1.947822173112525451e-02 1.628906363430771692e-02 1.276626257346859944e-02 8.890373900420694628e-03 4.641537134759614325e-03 0.000000000000000000e+00
4.195152573762161302e-02 4.250949256588919256e-02 4.281775418098764108e-02 4.287464730894129106e-02 4.267869573840396558e-02 4.222828893366426667e-02 4.152132371548374057e-02 4.055483248926964462e-02 3.932462268157479318e-02 3.782495144959379524e-02 3.604825770212275599e-02 3.398497044158702712e-02 3.162340880027370710e-02 2.894978519324122382e-02 2.594831891514668212e-02 2.260146333162357107e-02 1.889024555988586332e-02 1.479471319992145886e-02 1.029447832441935176e-02 5.369344681738752977e-03 0.000000000000000000e+00
4.776499309687177314e-02 4.838349352069837295e-02 4.872029780919807235e-02 4.877310103220991455e-02 4.853982806092102531e-02 4.801826426043071666e-02 4.720564804087320349e-02 4.609825380580578891e-02 4.469099521530488922e-02 4.297707795783196894e-02 4.094772877887514761e-02 3.859202381280137789e-02 3.589683473406842656e-02 3.284690619187197874e-02 2.942507258300465847e-02 2.561261650845032128e-02 2.138976529238515237e-02 1.673631586945632105e-02 1.163237247866841760e-02 6.059176194396777640e-03 0.000000000000000000e+00
5.335738330737942875e-02 5.403021391550706654e-02 5.439033568881652958e-02 5.443470204095643417e-02 5.416056604207236669e-02 5.356506421320462313e-02 5.264476256842728907e-02 5.139519938877983724e-02 4.981046083127853297e-02 4.788282462693796426e-02 4.560250420165167656e-02 4.295752105420427153e-02 3.993372758154405816e-02 3.651499603324949439e-02 3.268358201570846500e-02 2.842066301370427608e-02 2.370704404888821989e-02 1.852401464621095811e-02 1.285433470981375143e-02 6.683321338736339205e-03 0.000000000000000000e+00
5.862189446940046372e-02 5.934189621289336775e-02 5.971903225150190092e-02 5.974942780368450168e-02 5.942961809483419955e-02 5.875608729665470625e-02 5.772477233111221462e-02 5.633057322211901946e-02 5.456691362392475375e-02 5.242539420338556549e-02 4.989557810818578965e-02 4.696494230838872685e-02 4.361902152995484477e-02 3.984176290957650024e-02 3.561609930147006942e-02 3.092473766133154583e-02 2.575114781250284826e-02 2.008072940156344771e-02 1.390213262438420513e-02 7.208704000011682302e-03 0.000000000000000000e+00
6.345760518884446810e-02 6.421679973232329031e-02 6.460343415615900364e-02 6.461273751407561883e-02 6.424051463225020908e-02 6.348264286568934545e-02 6.233453949711804248e-02 6.079065057343253226e-02 5.884401439039373821e-02 5.648595184520859708e-02 5.370593191777351533e-02 5.049165407778163223e-02 4.682938046759399509e-02 4.270453856762715383e-02 3.810259911946999034e-02 3.301021672351901748e-02 2.741661005937338566e-02 2.131516577091047832e-02 1.470526962049140650e-02 7.594352709550497744e-03 0.000000000000000000e+00
6.776939016174833574e-02 6.855908053452050566e-02 6.894629538822422132e-02 6.892532323197715638e-02 6.849126485398390751e-02 6.763948992516181924e-02 6.636507453980562687e-02 6.466228267695217635e-02 6.252415760545290691e-02 5.994228837022216178e-02 5.690681241507237337e-02 5.340670840864596841e-02 4.943042162402438294e-02 4.496684366069043925e-02 4.000663814089428644e-02 3.454387904286864569e-02 2.857798386695566475e-02 2.211600463044671727e-02 1.517541891586819854e-02 7.787413588749583782e-03 0.000000000000000000e+00
7.146794736995777664e-02 7.227878533320077070e-02 7.265602097776280299e-02 7.259298763052206283e-02 7.208415242458286742e-02 7.112453101396895572e-02 6.970910011126008055e-02 6.783228800235430178e-02 6.548762669818582183e-02 6.266764898560196750e-02 5.936411166510369153e-02 5.556862181221426666e-02 5.127372509196014005e-02 4.647446703412023289e-02 4.117036732549533840e-02 3.536772993358262840e-02 2.908237708983601316e-02 2.234325031232897371e-02 1.519745935175565062e-02 7.716404894376865595e-03 0.000000000000000000e+00
7.446992743725010244e-02 7.529194878289714732e-02 7.564671720495705354e-02 7.552663621748709200e-02 7.492566113117124504e-02 7.383865971498551617e-02 7.226079797398705928e-02 7.018705589261588218e-02 6.761198019896220990e-02 6.452978255103800076e-02 6.093490191297918496e-02 5.682316080965088556e-02 5.219360424560252898e-02 4.705095791372872899e-02 4.140845487959939064e-02 3.529089731629864168e-02 2.873863598270564798e-02 2.181433581362230908e-02 1.461406066448699657e-02 7.279577250152152214e-03 0.000000000000000000e+00
7.669815545257660516e-02 7.752078213402337215e-02 7.783833240841694923e-02 7.764236604088535498e-02 7.692651495788287164e-02 7.568575437755803437e-02 7.391574572213410743e-02 7.161238978316558645e-02 6.877172173144788236e-02 6.539028701245698516e-02 6.146620256471702071e-02 5.700118045399931582e-02 5.200364244614399251e-02 4.649250765558798210e-02 4.050075116614090115e-02 3.407874875616533072e-02 2.730066808849624174e-02 2.028032515490322402e-02 1.319865211032028238e-02 6.326281011308544817e-03 0.000000000000000000e+00
7.808193812356035990e-02 7.889394183873589539e-02 7.915686913014648163e-02 7.886162665015779283e-02 7.800181010815708527e-02 7.657280426942512930e-02 7.457104504968985192e-02 7.199361773720611146e-02 6.883832144191148750e-02 6.510435697914934705e-02 6.079408349780284632e-02 5.591657574744106352e-02 5.049307632543545421e-02 4.456247065858896794e-02 3.818386553401337952e-02 3.143793929426424993e-02 2.444001497927957706e-02 1.738377483020974584e-02 1.061057875493822203e-02 4.634659774937413025e-03 0.000000000000000000e+00
7.855739472958156444e-02 7.934687100660951786e-02 7.953464413275061762e-02 7.911142173412301359e-02 7.807120977844946019e-02 7.641014786201914821e-02 7.412563490416988754e-02 7.121599460522831659e-02 6.768067841569631871e-02 6.352108581694358713e-02 5.874322198632526276e-02 5.336437165450048231e-02 4.742327426709492394e-02 4.098653156643011081e-02 3.414275426064274088e-02 2.699511287570766083e-02 1.969798556202089976e-02 1.258511411419878205e-02 6.333830706903856994e-03 1.913589806405633070e-03 0.000000000000000000e+00
