0.000000000000000000e+00 0.000000000000000000e+00 0.000000000000000000e+00 0.000000000000000000e+00 0.000000000000000000e+00 0.000000000000000000e+00 0.000000000000000000e+00 0.000000000000000000e+00 0.000000000000000000e+00 0.000000000000000000e+00 0.000000000000000000e+00 0.000000000000000000e+00 0.000000000000000000e+00 0.000000000000000000e+00 0.000000000000000000e+00 0.000000000000000000e+00 0.000000000000000000e+00 0.000000000000000000e+00 0.000000000000000000e+00 0.000000000000000000e+00 0.000000000000000000e+00
7.552631813260438781e-03 7.645959462433960831e-03 7.713794721389565651e-03 7.756791333022710830e-03 7.774963964288942285e-03 7.767707692249600088e-03 7.733766637868191851e-03 7.671151976131712971e-03 7.577004865481653390e-03 7.447395371965060198e-03 7.277044011071878531e-03 7.058947993460633515e-03 6.783889650472932006e-03 6.439799954507587076e-03 6.010945767259454932e-03 5.476905763800075932e-03 4.811297268887965682e-03 3.980214894171839150e-03 2.940342231691241582e-03 1.636700194034558650e-03 0.000000000000000000e+00
1.374234013664857486e-02 1.392357525718923225e-02 1.405128272518084247e-02 1.412537147444523945e-02 1.414478636864295938e-02 1.410741459674040403e-02 1.400995977278229367e-02 1.384777683022041239e-02 1.361466490201691110e-02 1.330261997020833024e-02 1.290155537855303992e-02 1.239900750241164189e-02 1.177985711373279350e-02 1.102611537096428486e-02 1.011684788171867896e-02 9.028341662016197561e-03 7.734658398559928275e-03 6.208763045439647660e-03 4.424468683145331080e-03 2.359495327346310730e-03 0.000000000000000000e+00
1.918183253691630244e-02 1.944525478710974406e-02 1.962606809313516623e-02 1.972320780300427720e-02 1.973438909229663363e-02 1.965597793978997657e-02 1.948284596164874538e-02 1.920821250571518729e-02 1.882348289683612522e-02 1.831809843910059410e-02 1.767942135900042039e-02 1.689268557500399337e-02 1.594105059138879038e-02 1.480579858829082773e-02 1.346671041672192932e-02 1.190263993303475668e-02 1.009227188178265025e-02 8.014989230697509848e-03 5.651683624584303775e-03 2.985209417540152579e-03 0.000000000000000000e+00
2.422423939374700186e-02 2.456527566399112003e-02 2.479504210989716406e-02 2.491153930987805021e-02 2.491138937531454586e-02 2.478971065596169421e-02 2.453999327245937057e-02 2.415398521572107576e-02 2.362160260995100486e-02 2.293088128099139700e-02 2.206798887140946214e-02 2.101731598871669701e-02 1.976165970053902696e-02 1.828250169976640069e-02 1.656036598180940511e-02 1.457521780557515141e-02 1.230684062212215879e-02 9.735108070891706697e-03 6.840066846671090557e-03 3.601782447635865862e-03 0.000000000000000000e+00
2.906532655467961718e-02 2.948041505647612873e-02 2.975671904869382073e-02 2.989138916356215425e-02 2.988010807943783029e-02 2.971697797571932337e-02 2.939441985538617658e-02 2.890309527027704051e-02 2.823186218404432138e-02 2.736777648484381778e-02 2.629614817747138317e-02 2.500065590504916765e-02 2.346351505884962732e-02 2.166568411388889934e-02 1.958708298027895742e-02 1.720678940548837216e-02 1.450317906410583321e-02 1.145398601736759107e-02 8.036284499867839271e-03 4.226426664073483844e-03 0.000000000000000000e+00
3.380510289279061581e-02 3.429123682071796159e-02 3.461244190895695211e-02 3.476508072348198641e-02 3.474398666951277609e-02 3.454235916371318355e-02 3.415167462197033627e-02 3.356162203544332118e-02 3.276007113712868513e-02 3.173307889398856163e-02 3.046493609968243740e-02 2.893825042898128322e-02 2.713405629474913497e-02 2.503193671613102023e-02 2.261014009716063797e-02 1.984567717631978076e-02 1.671439136569356429e-02 1.319100829891452914e-02 9.249184151695665282e-03 4.861581460129141621e-03 0.000000000000000000e+00
3.848509250827818889e-02 3.903939020671945426e-02 3.940398334189531421e-02 3.957447444398194680e-02 3.954487595075573819e-02 3.930750465238291164e-02 3.885289098492972215e-02 3.816971006137701017e-02 3.724473970068652162e-02 3.606284807032401202e-02 3.460701015092677857e-02 3.285834868696237837e-02 3.079619256009741290e-02 2.839814469934965821e-02 2.564015357055478977e-02 2.249658711200875835e-02 1.894031477246225018e-02 1.494281001983061366e-02 1.047428970080465163e-02 5.503905870029249942e-03 0.000000000000000000e+00
4.311062393243256241e-02 4.373000495560466078e-02 4.413620283962938623e-02 4.432406169395734091e-02 4.428676194425167773e-02 4.401570684387797611e-02 4.350042050783291953e-02 4.272846341078803678e-02 4.168536963131160705e-02 4.035460799017016875e-02 3.871756703742099820e-02 3.675356219127964841e-02 3.443986286500103078e-02 3.175173858793760989e-02 2.866252593187063741e-02 2.514372186782880270e-02 2.116511280269868858e-02 1.669495055207395953e-02 1.170018581631637918e-02 6.146766164863706576e-03 0.000000000000000000e+00
4.766406991880216965e-02 4.834503640884989240e-02 4.879055603150071752e-02 4.899469968031485573e-02 4.894978628085434880e-02 4.864625662040632931e-02 4.807255488342675187e-02 4.721502400735669985e-02 4.605781971096146316e-02 4.458284668986084442e-02 4.276971940336646988e-02 4.059574949801584426e-02 3.803596250612339968e-02 3.506314801575285273e-02 3.164794963793235438e-02 2.775900305151173669e-02 2.336313129174017941e-02 1.842560554837724407e-02 1.291047681923484548e-02 6.780979185610530764e-03 0.000000000000000000e+00
5.211274351012012279e-02 5.285124750987051784e-02 5.333316747435556254e-02 5.355177781457358399e-02 5.349850248133971448e-02 5.316277372984626326e-02 5.253189546295287948e-02 5.159091841260861344e-02 5.032253370149766120e-02 4.870699069170151413e-02 4.672204473903970173e-02 4.434294072038777457e-02 4.154243899366630299e-02 3.829089153752269353e-02 3.455637690516080024e-02 3.030490269133204878e-02 2.550068290444080024e-02 2.010649469149298346e-02 1.408411440435268155e-02 7.394827435628132176e-03 0.000000000000000000e+00
5.641369758934580703e-02 5.720507394435679627e-02 5.771974204535712527e-02 5.795015333208965169e-02 5.788680796773141429e-02 5.751809819239280669e-02 5.683015461115727140e-02 5.580670461907099450e-02 5.442895199471345369e-02 5.267548661057980947e-02 5.052223334330394749e-02 4.794244963120646713e-02 4.490678155397274940e-02 4.138338844470394046e-02 3.733814540825131090e-02 3.273493124157093870e-02 2.753600584612732327e-02 2.170247632449316677e-02 1.519484487443601047e-02 7.973624519096068550e-03 0.000000000000000000e+00
6.051676026863708757e-02 6.135570795907754199e-02 6.189866978885930765e-02 6.213724738689911653e-02 6.206099713551369024e-02 6.165725960989279497e-02 6.091099249565527785e-02 5.980461886700101648e-02 5.831790303093921379e-02 5.642786642470531966e-02 5.410875629786483093e-02 5.133207999148432787e-02 4.806671726311508713e-02 4.427912187982736836e-02 3.993362113522038598e-02 3.499281767634693924e-02 2.941809206780698904e-02 2.317019742523555512e-02 1.620992975680042233e-02 8.498847955718719788e-03 0.000000000000000000e+00
6.436658389312031880e-02 6.524718221361654191e-02 6.581311707916033538e-02 6.605511386539447694e-02 6.596177436013749007e-02 6.551939556771696482e-02 6.471179556320919013e-02 6.352016182065262084e-02 6.192293820880257621e-02 5.989576733772074973e-02 5.741150504088255585e-02 5.444032325610430323e-02 5.094991603334851626e-02 4.690582026818979067e-02 4.227185735748283102e-02 3.701069402625543209e-02 3.108451118819674161e-02 2.445576153928240293e-02 1.708799012321797831e-02 8.946676190807863194e-03 0.000000000000000000e+00
6.790415572660113419e-02 6.881990488178264809e-02 6.940256238766244479e-02 6.964195003090294100e-02 6.952571000830587433e-02 6.903911802026140021e-02 6.816491113969989912e-02 6.688315066467881431e-02 6.517114138199446571e-02 6.300342927966602613e-02 6.035189956431174368e-02 5.718599559112495789e-02 5.347307641393909267e-02 4.917892478912443133e-02 4.426840682128568155e-02 3.870626937826281838e-02 3.245804898760855373e-02 2.549106838708848494e-02 1.777550936219809627e-02 9.285508729076514048e-03 0.000000000000000000e+00
7.106802384830192276e-02 7.201190213307917531e-02 7.260403753469094057e-02 7.283331684641540515e-02 7.268641630757075034e-02 7.214761494869294245e-02 7.119863610038021373e-02 6.981854401583513503e-02 6.798372431151768203e-02 6.566797767614901415e-02 6.284275597264743496e-02 5.947756860051264804e-02 5.554058371215490203e-02 5.099943864375063030e-02 4.582224968876925236e-02 3.997877859345504159e-02 3.344171042441095032e-02 2.618807716634845989e-02 1.820097082952248577e-02 9.471503998455213513e-03 0.000000000000000000e+00
7.379537707035511984e-02 7.475990878700722320e-02 7.535321845895541493e-02 7.556321803948302940e-02 7.537559939939084130e-02 7.477365323001576580e-02 7.373813717663649236e-02 7.224722991749026046e-02 7.027661037184269877e-02 6.779970201834038812e-02 6.478812250394383465e-02 6.121238166532755320e-02 5.704287413275655610e-02 5.225119304281226201e-02 4.681171829032722276e-02 4.070334474805642477e-02 3.391130584941728920e-02 2.642951974079633601e-02 1.826437484973421344e-02 9.439882092036383857e-03 0.000000000000000000e+00
7.602305015947853628e-02 7.700037956521572913e-02 7.758543950169569103e-02 7.776511525979722117e-02 7.752407123046256565e-02 7.684457645060151221e-02 7.570641095792587927e-02 7.408690368129793036e-02 7.196115621014198549e-02 6.930250564458505236e-02 6.608328096457669054e-02 6.227593271898610588e-02 5.785465727096263111e-02 5.279758491034487744e-02 4.708932103265897617e-02 4.072334525777837611e-02 3.370438342153839195e-02 2.605307210550865046e-02 1.781695012706838513e-02 9.086684421763359734e-03 0.000000000000000000e+00
7.768848684731984033e-02 7.867045317246686154e-02 7.923666230449742665e-02 7.937291146851338519e-02 7.906275843139230763e-02 7.828734505582467251e-02 7.702534752799128359e-02 7.525312361266739414e-02 7.294513428196729155e-02 7.007469985441130977e-02 6.661514501502660557e-02 6.254150944088647524e-02 5.783322282796624775e-02 5.247794880563112774e-02 4.647561887345520032e-02 3.984067763071642149e-02 3.260367327764514267e-02 2.482255623717167375e-02 1.661880560905209386e-02 8.228864235592266846e-03 0.000000000000000000e+00
7.873067343535443408e-02 7.970887901302832479e-02 8.024440292910180184e-02 8.032190411883521897e-02 7.992371292882972933e-02 7.902963308518766439e-02 7.761692879656777178e-02 7.566060080102260388e-02 7.313407616417057222e-02 7.001032856948925798e-02 6.626336510441847849e-02 6.187053569579100548e-02 5.681713499735232403e-02 5.110392344571666745e-02 4.475316986349251597e-02 3.780531201844870154e-02 3.031255336879817505e-02 2.237153660449653705e-02 1.424558148015349184e-02 6.517410992048121125e-03 0.000000000000000000e+00
7.909107641176893466e-02 8.005690585127886449e-02 8.054860027068345973e-02 8.054968700365265633e-02 8.004110455222880616e-02 7.900096995617411633e-02 7.740456476339704905e-02 7.522474040532045603e-02 7.243303123658732801e-02 6.900122541414341337e-02 6.490260203692486962e-02 6.011415729084534920e-02 5.462549455154490363e-02 4.845635547570772972e-02 4.166406813037146217e-02 3.431057777951668913e-02 2.641951729427572532e-02 1.808431802639104760e-02 9.877881751823244100e-03 3.260888577574651281e-03 0.000000000000000000e+00
